#   1 NUMBER                 Running object number                                     
#   2 X_IMAGE                Object position along x                                    [pixel]
#   3 Y_IMAGE                Object position along y                                    [pixel]
#   4 ALPHA_J2000            Right ascension of barycenter (J2000)                      [deg]
#   5 DELTA_J2000            Declination of barycenter (J2000)                          [deg]
#   6 FWHM_IMAGE             FWHM assuming a gaussian core                              [pixel]
#   7 FWHM_WORLD             FWHM assuming a gaussian core                              [deg]
#   8 MAG_BEST               Best of MAG_AUTO and MAG_ISOCOR                            [mag]
#   9 MAG_APER               Fixed aperture magnitude vector                            [mag]
#  10 MAGERR_APER            RMS error vector for fixed aperture mag.                   [mag]
#  11 FLUX_APER              Flux vector within fixed circular aperture(s)              [count]
#  12 FLUXERR_APER           RMS error vector for aperture flux(es)                     [count]
#  13 BACKGROUND             Background at centroid position                            [count]
#  14 ELLIPTICITY            1 - B_IMAGE/A_IMAGE                                       
#  15 FLAGS                  Extraction flags                                          
         1      9.804     81.804 200.8943497 +36.1184862    60.69  0.006555923 -13.1335 -12.2598   0.0078     80153.51     574.3664     439.8602    0.620  24
         2    140.695     88.571 200.8767719 +36.1181424    29.72  0.003210119 -12.3436 -11.3067   0.0193     33317.04     592.2433     1024.058    0.629   2
         3    192.189     29.779 200.8699682 +36.1246183    28.45  0.003072753 -11.8721 -11.3630   0.0183     35090.27     592.7203     674.0556    0.207   1
         4    135.786     10.798 200.8775727 +36.1264956    85.12  0.009193932 -14.3003 -13.0379   0.0041     164124.4     618.3793     357.8604    0.746  24
         5    306.950     27.359 200.8545705 +36.1252125     4.04 0.0004368745  -9.9415  99.0000  99.0000    -41480.92     578.0737     833.1006    0.208   0
         6    394.318     83.173 200.8427455 +36.1194604     4.73 0.0005106446 -11.3097 -11.2166   0.0209     30664.81     591.0747     1102.322    0.054   0
         7     64.485    104.043 200.8869708 +36.1162544     7.02 0.0007579102 -10.5207  99.0000  99.0000    -9501.217     578.1064     752.2738    0.353   0
         8    556.288     90.633 200.8209957 +36.1191236     6.02 0.0006506958  -9.4802  -9.4055   0.1090     5783.877     580.5046     1124.703    0.062   0
         9    528.829    116.857 200.8246348 +36.1162235     3.93 0.0004248779  -8.4628  -8.4293   0.2672     2353.565     579.0906     1167.634    0.252   0
        10    746.872    199.457 200.7952324 +36.1079582     7.14   0.00077083  -9.4812 -10.0396   0.0610     10371.49     582.4769     1152.654    0.365   0
        11    325.563    258.360 200.8516591 +36.1004131     4.25  0.000458725 -12.7337 -12.7889   0.0053     130481.2     631.9589      1198.33    0.039   0
        12     76.648    244.767 200.8850803 +36.1011497     5.02 0.0005423358 -10.1201 -11.3267   0.0190     33936.27     592.4886     1100.293    0.171   0
        13    828.157    254.151 200.7842326 +36.1023035     1.27 0.0001371572  -7.3372  99.0000  99.0000     -2239.91      578.041     1131.881    0.223   0
        14     73.031    260.500 200.8855368 +36.0994463     5.18 0.0005591302 -10.0707 -11.2982   0.0195     33057.23     592.1815     1080.421    0.441   2
        15     76.990    276.245 200.8849768 +36.0977640     5.18 0.0005592024 -10.0977 -11.1839   0.0216     29756.19     590.6423     1100.554    0.592   0
        16     78.301    402.606 200.8845692 +36.0841727     6.25 0.0006747668 -10.5472 -11.2190   0.0209     30733.93       591.04     1097.386    0.373   0
        17    706.375    422.525 200.8002831 +36.0838432     3.97 0.0004291463 -10.0232 -10.1977   0.0528     11997.22     583.1904     1141.102    0.032   0
        18    347.133    436.214 200.8484478 +36.0813404     4.80 0.0005184312  -9.1803  -9.7817   0.0772     8178.975     581.5676     1191.544    0.124   0
        19     74.782    477.411 200.8849040 +36.0761142     3.45 0.0003726686  -9.2925 -11.1485   0.0223     28801.67       590.11     1077.586    0.410   0
        20    736.709    487.918 200.7961021 +36.0768937     3.88 0.0004193724 -11.3266 -11.4006   0.0177     36328.27     593.4971     1114.743    0.019   0
        21     93.191    518.631 200.8823595 +36.0717333     4.02 0.0004341415 -11.4725 -11.6482   0.0142     45633.48      597.214     1167.696    0.036   0
        22     75.795    513.187 200.8847026 +36.0722681     3.46 0.0003741073  -9.1658 -11.1085   0.0231     27759.25     589.6682     1080.237    0.656   0
        23     83.006    898.019 200.8830309 +36.0308854     4.13 0.0004456164  -9.7568 -11.2655   0.0200     32076.93      591.432     1018.066    0.421   0
        24    372.241   1005.469 200.8440678 +36.0201669     5.17 0.0005583751  -8.7164  -8.7801   0.1935     3251.264     579.3965     1057.272    0.033   0
        25    202.325    796.176 200.8672203 +36.0421915     4.60 0.0004965197  -8.7780  -9.3549   0.1142     5520.014     580.4072     1147.235    0.207   0
        26     84.160    786.480 200.8830803 +36.0428892     4.52 0.0004887708  -9.7667 -11.2212   0.0208     30794.49     591.1615     1065.508    0.840   0
        27     79.491    769.650 200.8837371 +36.0446863     4.20 0.0004537646  -9.7654 -11.2743   0.0199     32337.03     591.8774     1046.744    0.592   0
        28    690.837    769.162 200.8017713 +36.0465043     4.46 0.0004818195  -8.2544  -8.3785   0.2800     2245.929     579.0115     1044.037    0.199   0
        29     76.011    734.392 200.8842683 +36.0484694     5.72   0.00061768 -10.3372 -11.2551   0.0202     31772.42     591.3352      1043.95    0.467   0
        30     83.185    706.120 200.8833581 +36.0515322     5.36 0.0005788106 -10.0559 -11.2073   0.0211     30402.21     590.9476     1086.366    0.622   0
        31     79.645    673.336 200.8838928 +36.0550491    10.30  0.001112975 -11.6084 -11.3127   0.0192     33502.76     592.2579     1080.243    0.564   0
        32     81.008    830.010 200.8834232 +36.0381966     3.68 0.0003976723  -9.3397 -11.2120   0.0210     30535.72     590.8281     1036.148    0.038   0
        33    662.409    669.247 200.8057551 +36.0571732     3.42 0.0003699457  -7.9895  -8.8027   0.1895     3319.555     579.3934     1088.092    0.393   0
        34    653.548    876.968 200.8065849 +36.0347992     4.07 0.0004391385  -9.2200  -9.4332   0.1063     5933.244     580.6177     1017.113    0.119   0
        35     78.587    857.728 200.8836970 +36.0352074     8.42  0.000909001 -10.9151 -11.1612   0.0220     29138.94      590.493     1017.433    0.202   0
        36     81.988    758.244 200.8834231 +36.0459208     4.22 0.0004560078  -9.7098 -11.2733   0.0199     32310.11     591.7222     1065.562    0.557   2
        37    228.492    976.024 200.8633878 +36.0229180     3.73 0.0004027848  -7.9554  99.0000  99.0000    -336.2046     577.9756     1072.322    0.376   0
        38    613.780    856.720 200.8119512 +36.0368644     3.70 0.0004000915 -10.3070 -10.4593   0.0416     15265.46     584.5898     1040.896    0.096   0
        39    672.888    972.636 200.8038275 +36.0245613     3.82 0.0004121939 -10.6396 -10.7590   0.0317     20118.54     586.6132     971.7512    0.121   0
