#   1 NUMBER                 Running object number                                     
#   2 X_IMAGE                Object position along x                                    [pixel]
#   3 Y_IMAGE                Object position along y                                    [pixel]
#   4 ALPHA_J2000            Right ascension of barycenter (J2000)                      [deg]
#   5 DELTA_J2000            Declination of barycenter (J2000)                          [deg]
#   6 FWHM_IMAGE             FWHM assuming a gaussian core                              [pixel]
#   7 FWHM_WORLD             FWHM assuming a gaussian core                              [deg]
#   8 MAG_BEST               Best of MAG_AUTO and MAG_ISOCOR                            [mag]
#   9 MAG_APER               Fixed aperture magnitude vector                            [mag]
#  10 MAGERR_APER            RMS error vector for fixed aperture mag.                   [mag]
#  11 FLUX_APER              Flux vector within fixed circular aperture(s)              [count]
#  12 FLUXERR_APER           RMS error vector for aperture flux(es)                     [count]
#  13 BACKGROUND             Background at centroid position                            [count]
#  14 ELLIPTICITY            1 - B_IMAGE/A_IMAGE                                       
#  15 FLAGS                  Extraction flags                                          
         1      9.923     81.251 237.9941974 +32.9336355    60.84  0.006526148 -13.2013 -12.3305   0.0077     85547.24     605.5474     439.5689    0.611  24
         2    192.854     30.002 237.9707865 +32.9396013    29.84  0.003200837 -12.0044 -11.4770   0.0174     38977.35      625.255     698.7216    0.181   1
         3    136.522     10.800 237.9780529 +32.9414984    85.00  0.009118012 -14.3939 -13.1454   0.0039     181195.1     651.8909     343.1808    0.746  24
         4    143.551     86.781 237.9770266 +32.9334081    34.43  0.003693411 -12.6169 -11.5332   0.0166     41046.79     626.2162     1075.466    0.657   2
         5     64.133    109.861 237.9871884 +32.9307295    15.50   0.00166239  -9.4893  99.0000  99.0000    -10443.17     609.6092      809.342    0.624   2
         6    911.960     90.101 237.8783329 +32.9350948     6.25 0.0006705851 -12.1113 -12.0405   0.0105     65494.58     635.8353       1112.8    0.129   0
         7    417.934     93.001 237.9417776 +32.9334820     5.80 0.0006224106 -11.5603 -11.6463   0.0150     45554.45     627.8793     1227.902    0.059   0
         8    924.285     96.628 237.8767402 +32.9344302     5.28  0.000566278  -8.5469  -9.0292   0.1623     4089.594     611.2668      1150.87    0.500   0
         9    548.976    141.166 237.9248724 +32.9286901     5.09 0.0005458805 -11.0862 -10.9502   0.0280      23993.3     619.3197     1252.528    0.078   0
        10    151.984    131.008 237.9758717 +32.9287107     3.29 0.0003532375  -8.0515  99.0000  99.0000    -13183.94     609.3677     1248.715    0.010   0
        11    983.595    196.691 237.8689731 +32.9239047     5.42 0.0005813534 -14.7962 -14.8303   0.0011     855304.6     894.0104     1148.286    0.125   0
        12    976.248    180.897 237.8699403 +32.9255713     7.79 0.0008361956 -10.1242 -10.6376   0.0372     17989.61     616.9596     1151.281    0.122   0
        13    948.583    206.567 237.8734544 +32.9227597     6.30 0.0006761991  -9.0054  -9.9441   0.0701     9497.845     613.3547     1161.393    0.139   0
        14    379.432    227.732 237.9465084 +32.9189993     5.49 0.0005888363  -8.5950  -7.6388   0.5830     1136.387     610.0406     1275.351    0.479   0
        15     76.328    248.325 237.9853958 +32.9159845     4.44 0.0004765178  -9.9773 -11.4458   0.0179     37873.64     625.0322     1163.804    0.145   2
        16    177.849    257.564 237.9723451 +32.9152734     5.03 0.0005399842 -11.9361 -12.0025   0.0109     63239.58     635.0474     1284.122    0.069   0
        17    247.913    271.723 237.9633258 +32.9139512     5.51 0.0005905863  -9.5032  -9.7284   0.0855     7787.065     612.8972     1283.623    0.201   0
        18     76.157    269.546 237.9853831 +32.9137192     6.16 0.0006612663 -10.5869 -11.4000   0.0187     36309.28     624.3389     1163.426    0.237   0
        19    564.042    412.712 237.9225141 +32.8997482    22.69  0.002434298 -17.0109 -17.0186   0.0003      6418784     1892.363     1260.131    0.374   4
        20    881.557    310.959 237.8819041 +32.9114434     5.85 0.0006277665  -9.4138  -9.6230   0.0941     7066.295     612.5173     1167.181    0.186   0
        21    778.157    342.633 237.8951323 +32.9077922     4.66 0.0004999526 -12.1779 -12.2378   0.0089     78543.42     640.9781     1203.686    0.039   0
        22     82.731    374.936 237.9843668 +32.9024889     6.81 0.0007310121 -10.6214 -11.2262   0.0218     30936.39     622.1668     1198.663    0.615   0
        23     75.152    345.138 237.9853886 +32.9056486     3.76 0.0004035188  -9.7981 -11.2614   0.0212     31956.26     622.4583     1156.492    0.199   0
        24    430.001    354.011 237.9398153 +32.9056568     3.94 0.0004230207  -8.6090  -9.0541   0.1586      4184.34     611.0131     1272.862    0.010   0
        25    151.034    376.213 237.9755957 +32.9025376     4.72 0.0005065502 -12.8380 -12.8644   0.0052     139879.9     664.3599     1281.129    0.051   0
        26    435.165    364.238 237.9391361 +32.9045791     7.39 0.0007923202  -9.3107  -9.4873   0.1066     6236.128     612.1613     1272.264    0.339   0
        27    782.713    375.233 237.8944977 +32.9043249     6.12 0.0006569696  -9.0477  -9.1025   0.1518     4375.175     611.3664     1194.191    0.265   0
        28    334.527    377.663 237.9520354 +32.9028770     4.75 0.0005094561  -9.0044  -9.4635   0.1090     6100.738     612.1232     1274.692    0.240   0
        29    201.752    401.038 237.9690441 +32.9000251     4.65 0.0004985241 -11.8538 -11.9623   0.0113     60943.09     634.1261     1278.925    0.072   0
        30     79.850    436.223 237.9846365 +32.8959400     5.73 0.0006149481 -10.3882 -11.2529   0.0213     31707.53     622.4428     1174.755    0.432   0
        31     75.990    445.661 237.9851166 +32.8949223     4.87 0.0005226227 -10.0459 -11.3034   0.0204     33216.11     623.0484     1151.356    0.371   0
        32    368.273    459.796 237.9475724 +32.8942015     4.45 0.0004776803  -9.8154 -10.0797   0.0620     10761.75     613.9211     1268.573    0.033   0
        33    958.593    503.508 237.8717241 +32.8910932     4.66 0.0004996307 -12.6827 -12.7154   0.0059       121944     657.7038     1075.174    0.109   0
        34     73.384    490.181 237.9853784 +32.8901636     3.46 0.0003711912  -9.1658 -11.2505   0.0214     31638.19     622.1953     1130.867    0.430   0
        35     75.940    553.899 237.9849462 +32.8833700    24.40  0.002617977 -12.5530 -11.4808   0.0174     39113.87     625.4441     1143.983    0.506   0
        36    226.813    532.493 237.9656150 +32.8860627     4.69 0.0005033906  -9.3738  -9.5368   0.1019      6526.92     612.3143     1269.544    0.165   0
        37    226.887    944.111 237.9649428 +32.8421315     0.00            0  -7.6159  99.0000  99.0000    -325.0008     609.6264     1152.001    0.202   0
        38    118.609   1025.779 237.9787018 +32.8331227     3.42  0.000366476  -7.6467  99.0000  99.0000    -8228.978     493.7001     1110.262    0.397  16
        39    749.157    948.651 237.8979288 +32.8430361     4.73 0.0005072347 -12.6947 -12.7288   0.0058     123459.1     658.3114     991.6592    0.209   0
        40     84.269    950.810 237.9832294 +32.8410309     5.24 0.0005616727 -10.1567 -11.2320   0.0217      31104.2     622.2173     1058.928    0.387   0
        41     83.187    770.944 237.9836616 +32.8602248     7.66 0.0008217419 -10.9298 -11.3963   0.0187     36183.32     624.2715     1128.617    0.602   0
        42     88.556    910.957 237.9827444 +32.8452959     2.30 0.0002469537  -9.7615 -11.2173   0.0220     30684.91     622.1165     1099.595    0.354   0
        43    648.055   1008.190 237.9108084 +32.8364155     4.70 0.0005046213 -12.5519 -12.5778   0.0066     107425.6     652.1296     1017.683    0.217   0
        44    773.962    837.245 237.8949163 +32.8549915     4.25 0.0004559815 -10.7392 -10.7567   0.0334     20077.03      617.856     1031.356    0.164   0
        45    609.446    546.375 237.9164777 +32.8856027     4.47 0.0004796867  -8.9447  -9.1368   0.1470     4515.756     611.4239     1212.945    0.095   0
        46     82.545    815.481 237.9836714 +32.8554697    13.68  0.001467153 -12.0913 -11.3955   0.0188     36158.74     624.3291     1111.243    0.257   0
        47    892.550    628.003 237.8800145 +32.8776339     5.08 0.0005453572  -8.6289  -9.0830   0.1545     4297.497     611.2142     1056.193    0.012   0
        48    434.882    620.571 237.9387678 +32.8772201     4.10 0.0004401468 -12.6280 -12.6658   0.0061       116498     655.6465     1245.227    0.081   0
        49     80.516    842.904 237.9838870 +32.8525374     5.59 0.0005997868 -10.2932 -11.3411   0.0197     34390.22     623.6374     1089.943    0.540   0
        50    149.891    814.649 237.9750311 +32.8557409     3.83 0.0004110986 -11.8439 -11.8569   0.0124     55305.65     631.9496     1208.421    0.086   0
        51     79.044    656.959 237.9843794 +32.8723789    11.21  0.001202454 -11.7371 -11.4054   0.0186     36488.04     624.4272     1144.784    0.210   2
        52    398.546    786.319 237.9431691 +32.8594329     3.86 0.0004143484  -8.6137  -7.3563   0.7562     876.0605     610.0373     1198.267    0.040   0
        53     77.088    758.765 237.9844642 +32.8615081     5.26 0.0005638692 -10.2450 -11.3655   0.0193     35171.31     623.8156     1100.644    0.441   0
        54     78.807    743.729 237.9842681 +32.8631175     8.13 0.0008722278 -11.0837 -11.3906   0.0188     35994.71      624.095     1117.357    0.321   0
        55    704.131    675.437 237.9041253 +32.8720777     3.71 0.0003984744  -8.7670  -8.0514   0.3988     1661.709     610.2214     1132.913    0.184   0
        56     78.331    725.000 237.9843599 +32.8651152     4.92 0.0005282484 -10.1450 -11.3930   0.0188     36073.29     624.1096     1118.518    0.387   0
        57    683.743    696.196 237.9067101 +32.8698084     3.88 0.0004157328 -11.6692 -11.7161   0.0141        48576     629.0812     1133.633    0.051   0
        58     80.574    677.595 237.9841494 +32.8701807    11.99  0.001285996 -11.9796 -11.4325   0.0181     37410.02     624.4933     1150.947    0.344   2
        59    746.202    652.881 237.8987603 +32.8745957     4.17 0.0004470096  -9.6698  -9.6962   0.0880     7559.422     612.5984      1120.57    0.076   0
        60    529.061    670.753 237.9266015 +32.8721148     3.92 0.0004200165  -9.3849  -9.6583   0.0911     7299.665     612.5096     1205.045    0.124   0
        61     82.791    610.595 237.9839743 +32.8773375     3.46 0.0003708578  -9.4375 -11.2509   0.0214     31647.63     622.2329       1177.7    0.423   0
        62     77.228    599.981 237.9847055 +32.8784552     5.29 0.0005670795 -10.1636 -11.3068   0.0203      33321.7     622.9558     1144.413    0.724   0
        63     96.098    557.099 237.9823535 +32.8830831     5.59 0.0005995572  -9.5839 -10.0515   0.0636     10485.99     614.2026     1260.016    0.075   0
        64     32.900    959.580 237.9898054 +32.8399553     1.93 0.0002067426  -9.7923  99.0000  99.0000    -33368.48     609.6782     804.6386    0.166   0
        65    717.959    884.224 237.9020304 +32.8498304     4.26 0.0004569687 -11.9063 -11.9577   0.0113     60684.46     633.9578     1037.711    0.169   0
        66    309.176    582.282 237.9549632 +32.8809702     4.19 0.0004497049  -9.6699  -9.7083   0.0870     7644.211     612.6846     1261.657    0.096   0
        67    573.870    569.187 237.9210087 +32.8830737     6.82 0.0007321071  -9.6352  -9.7509   0.0837      7950.03     612.8608     1219.396    0.212   0
        68     83.416    994.754 237.9832671 +32.8363385     5.55 0.0005957823 -10.7117 -10.9420   0.0282      23811.9     619.2295     1040.681    0.129   0
        69    583.677    953.718 237.9191522 +32.8420590     4.33 0.0004649462 -10.0231 -10.1461   0.0583     11440.43     614.3343     1067.303    0.222   0
