#   1 NUMBER                 Running object number                                     
#   2 X_IMAGE                Object position along x                                    [pixel]
#   3 Y_IMAGE                Object position along y                                    [pixel]
#   4 ALPHA_J2000            Right ascension of barycenter (J2000)                      [deg]
#   5 DELTA_J2000            Declination of barycenter (J2000)                          [deg]
#   6 FWHM_IMAGE             FWHM assuming a gaussian core                              [pixel]
#   7 FWHM_WORLD             FWHM assuming a gaussian core                              [deg]
#   8 MAG_BEST               Best of MAG_AUTO and MAG_ISOCOR                            [mag]
#   9 MAG_APER               Fixed aperture magnitude vector                            [mag]
#  10 MAGERR_APER            RMS error vector for fixed aperture mag.                   [mag]
#  11 FLUX_APER              Flux vector within fixed circular aperture(s)              [count]
#  12 FLUXERR_APER           RMS error vector for aperture flux(es)                     [count]
#  13 BACKGROUND             Background at centroid position                            [count]
#  14 ELLIPTICITY            1 - B_IMAGE/A_IMAGE                                       
#  15 FLAGS                  Extraction flags                                          
         1    839.720     81.206 238.0187381 +32.9326072   143.51   0.01539092 -14.9456 -12.8156   0.0049     133735.5     599.6035     857.2067    0.599  16
         2    822.341      9.988 238.0210936 +32.9401649    83.37  0.008940739 -13.8940 -12.7371   0.0049     124406.2     563.9462     409.5857    0.773  24
         3    273.947     40.465 238.0913981 +32.9354215     0.18 1.922958e-05  -7.2518  99.0000  99.0000    -1286.918     540.9927     841.5719    0.308   0
         4    489.356     41.571 238.0637597 +32.9358931     5.63 0.0006033974  -9.3479  99.0000  99.0000    -7516.254     541.0234     887.6746    0.103   0
         5     62.442    112.220 238.1183981 +32.9271752     5.51 0.0005905798 -13.8210 -13.8594   0.0021     349739.3     683.7589     1014.705    0.055   0
         6    123.594     83.192 238.1106076 +32.9304443     3.46 0.0003707343  -9.0862 -11.0619   0.0226     26592.75     553.0703     973.5222    0.415   0
         7    161.093     93.110 238.1057784 +32.9294891     1.50 0.0001612204  -8.9196 -10.7451   0.0301      19863.5     550.2459     1022.375    0.039   0
         8    727.548    121.337 238.0330576 +32.9280211     5.48 0.0005872285 -10.0540  -7.9646   0.3835     1534.009     541.6859     1121.178    0.119   0
         9    749.119    126.143 238.0302819 +32.9275660     5.29 0.0005676491  -9.7912  99.0000  99.0000    -5378.695     541.1458     1119.959    0.178   0
        10    368.505    141.976 238.0790801 +32.9248425     5.64 0.0006050591  -9.3863  -9.6604   0.0808     7313.928     544.4078      1096.23    0.359   0
        11    698.545    189.459 238.0366568 +32.9206693     6.14 0.0006582626 -11.8954 -11.9476   0.0103     60122.29     568.1117     1121.943    0.119   0
        12    320.130    184.499 238.0852073 +32.9201695     5.97  0.000639841  -9.8212  -9.9739   0.0607     9762.197      545.622     1090.695    0.167   0
        13    475.447    181.275 238.0652899 +32.9209386     7.34 0.0007869391  -9.4401  -9.7378   0.0753     7854.671     544.7017     1109.708    0.313   0
        14    109.684    253.487 238.1120726 +32.9122229     5.32 0.0005700555 -13.7866 -13.8236   0.0022     338406.6     679.6271     1035.177    0.069   0
        15    759.718    274.244 238.0286591 +32.9117812     5.68  0.000609562 -12.2079 -12.2654   0.0078     80567.41      577.139     1121.946    0.140   0
        16    232.102    274.727 238.0963315 +32.9102935     6.17 0.0006613022  -9.6096 -10.1938   0.0497     11953.69     546.5797     1075.646    0.630   0
        17    578.756    325.103 238.0517783 +32.9058623     5.62 0.0006023842 -11.3022 -11.4043   0.0166     36450.21     557.6716     1111.433    0.149   0
        18      3.627    314.687 238.1255598 +32.9053936     5.50 0.0005900627  -8.3311  -6.1607   1.6043     291.2538     430.2466      996.368    0.262  16
        19    285.040    338.928 238.0894230 +32.9035843     5.40  0.000579465 -11.1320 -11.1720   0.0205     29430.83     554.4861     1085.912    0.093   0
        20     40.391    342.091 238.1207931 +32.9025700     6.06 0.0006495809  -9.1238  -9.2111   0.1220     4835.261     543.2988     1005.891    0.266   0
        21    448.344    379.713 238.0684047 +32.8996768     5.67  0.000608509 -10.9176 -11.0212   0.0234     25613.48     552.8073     1099.369    0.142   0
        22    508.939    430.608 238.0605413 +32.8944076     5.27 0.0005653208 -12.1572 -12.1965   0.0083     75610.66     574.9158     1100.212    0.111   0
        23    156.057    447.771 238.1057616 +32.8916071     5.48 0.0005880055  -9.9081  -9.9979   0.0594     9980.984     545.7374     1038.226    0.122   0
        24    267.622    489.885 238.0913775 +32.8874183     5.24 0.0005620322 -12.4515 -12.5153   0.0063     101420.3     586.0599     1069.266    0.118   0
        25     10.840    491.081 238.1243013 +32.8865798     5.67 0.0006085427 -10.3936 -10.2632   0.0443     12743.48     519.8284     982.3907    0.129  16
        26    437.875    497.461 238.0695324 +32.8870759     5.51 0.0005908882  -9.7370  -9.7205   0.0765     7730.512     544.6447     1092.526    0.099   0
        27    776.637    511.012 238.0260694 +32.8865460     5.41 0.0005802537  -8.5685  -8.7789   0.1814     3247.474     542.5067     1107.355    0.527   0
        28    882.147    891.987 238.0118716 +32.8461503     8.39 0.0009002324 -11.3257 -11.4023   0.0166     36384.33     557.6124     949.6481    0.573   2
        29    510.840   1021.770 238.0592264 +32.8312925     5.86 0.0006288004  -8.7211  -7.7530   0.4202     1262.453     488.5073     923.2339    0.305  16
        30    798.674   1015.264 238.0223524 +32.8327642     4.94 0.0005299485  -9.9452  -9.8411   0.0683     8638.779     543.1891      970.725    0.176  16
        31    877.470    902.924 238.0124517 +32.8449700     6.08  0.000652318 -10.5909 -11.4051   0.0166     36478.98     557.7291     958.2904    0.613   2
        32    808.572    863.282 238.0213523 +32.8490184     4.78 0.0005127224 -12.8191 -12.8634   0.0047       139755     602.1493     1028.137    0.098   0
        33    879.552    857.807 238.0122640 +32.8497929    10.96  0.001174993 -11.7562 -11.3709   0.0171     35346.38     557.1022     968.1021    0.638   2
        34    299.430    753.433 238.0868126 +32.8593660     5.16 0.0005537485 -10.8843 -10.9045   0.0260     23003.23     551.5655     1006.575    0.163   0
        35    879.668    738.929 238.0124578 +32.8624863     9.11 0.0009764695 -11.2984 -11.2766   0.0186     32406.53     555.9006     1007.481    0.520   2
        36    879.119    694.245 238.0126066 +32.8672559     4.52 0.0004847442  -9.7521 -11.1531   0.0208     28923.93     554.3173     1024.362    0.529   0
        37    857.679    787.863 238.0151906 +32.8572026     5.55 0.0005948146 -12.0575 -12.1352   0.0087     71460.09     573.1804     1038.935    0.148   0
        38    718.106    706.479 238.0332267 +32.8655179    10.66  0.001142776  -9.9713 -10.1116   0.0535     11082.97     546.1661     1077.584    0.358   0
        39    882.542    758.812 238.0120545 +32.8603710     7.69 0.0008241968 -10.9604 -11.2816   0.0185     32555.79     555.9081      992.543    0.707   2
        40    378.663    697.456 238.0767585 +32.8655600     4.96 0.0005317734 -12.7913 -12.8412   0.0048       136929     601.0024     1042.977    0.108   0
        41    906.230    620.534 238.0092600 +32.8751988     5.60 0.0006004759 -11.0598 -10.5871   0.0347     17172.46     548.9766      951.079    0.210   0
        42    883.612    611.425 238.0121759 +32.8761110     3.73  0.000399869 -10.2256 -10.9594   0.0248      24197.2     551.9113     1027.968    0.243   0
        43    629.733    778.713 238.0444263 +32.8575669     5.16 0.0005534818  -8.6043  -8.8925   0.1635     3605.826     542.7938     1045.042    0.220   0
        44    886.552    976.255 238.0111592 +32.8371644     5.34 0.0005730499 -10.1739 -11.2377   0.0193     31266.07     555.3279     912.1818    0.470   0
        45    879.238    829.515 238.0123539 +32.8528130     5.13 0.0005496401 -10.0706 -11.2718   0.0187     32264.56     555.7623     981.1495    0.406   0
        46    883.934    806.701 238.0117920 +32.8552614     9.42   0.00100998 -11.1257 -11.3080   0.0181     33359.18      556.314      975.103    0.543   0
        47    884.071    918.185 238.0115790 +32.8433582     9.94  0.001065757 -11.5811 -11.4002   0.0167     36316.07     557.6412     934.5826    0.462   2
        48    884.260    837.347 238.0116965 +32.8519901     5.44 0.0005836728 -10.3621 -11.3078   0.0181      33350.5      556.191     964.4946    0.526   2
        49    886.966    872.296 238.0112884 +32.8482657     7.41 0.0007948555 -10.9085 -11.3186   0.0179     33685.79     556.3566     943.8228    0.607   0
        50    127.826    628.874 238.1090428 +32.8721922     5.46 0.0005859103  -9.9548 -10.1529   0.0515     11512.37      546.393      998.153    0.190   0
        51    882.910    946.253 238.0116785 +32.8403582    14.77   0.00158414 -12.2241 -11.3962   0.0167     36180.28     557.5506     929.1929    0.170   2
        52    356.325   1002.089 238.0790630 +32.8329723     3.86 0.0004139359  -8.6826  -8.5074   0.2329     2529.002     542.2824     893.5634    0.259   0
