#   1 NUMBER                 Running object number                                     
#   2 X_IMAGE                Object position along x                                    [pixel]
#   3 Y_IMAGE                Object position along y                                    [pixel]
#   4 ALPHA_J2000            Right ascension of barycenter (J2000)                      [deg]
#   5 DELTA_J2000            Declination of barycenter (J2000)                          [deg]
#   6 FWHM_IMAGE             FWHM assuming a gaussian core                              [pixel]
#   7 FWHM_WORLD             FWHM assuming a gaussian core                              [deg]
#   8 MAG_BEST               Best of MAG_AUTO and MAG_ISOCOR                            [mag]
#   9 MAG_APER               Fixed aperture magnitude vector                            [mag]
#  10 MAGERR_APER            RMS error vector for fixed aperture mag.                   [mag]
#  11 FLUX_APER              Flux vector within fixed circular aperture(s)              [count]
#  12 FLUXERR_APER           RMS error vector for aperture flux(es)                     [count]
#  13 BACKGROUND             Background at centroid position                            [count]
#  14 ELLIPTICITY            1 - B_IMAGE/A_IMAGE                                       
#  15 FLAGS                  Extraction flags                                          
         1    841.409     80.551 238.0182088 +32.9327133   137.78   0.01476448 -14.6802 -12.5731   0.0055     106967.1      543.601     787.1959    0.608  16
         2    821.604      9.840 238.0208655 +32.9402008    80.76   0.00865384 -13.7234 -12.5137   0.0055     101273.8     510.7804     425.2842    0.771  24
         3    487.693     42.730 238.0636287 +32.9357626     6.20 0.0006641581  -9.1835  99.0000  99.0000    -3991.325     491.9955     813.9848    0.077   0
         4     60.812    113.007 238.1182418 +32.9270566     6.67 0.0007146307 -13.8137 -13.8353   0.0020       342080      642.579     915.5725    0.068   0
         5    242.597     68.202 238.0950124 +32.9323537     3.46 0.0003707393  -8.7849 -10.5214   0.0336     16164.29       499.95     860.5706    0.417   0
         6    725.868    122.254 238.0329545 +32.9279452     6.58 0.0007049672 -10.0074  -8.9890   0.1361     3941.047      493.897     1000.252    0.062   0
         7    747.857    126.828 238.0301274 +32.9275184     6.41 0.0006873242  -9.6390  99.0000  99.0000    -1808.239     492.0233     1000.626    0.053   0
         8    696.916    190.199 238.0365529 +32.9206176     7.34 0.0007865308 -11.8754 -11.8822   0.0100     56608.46     519.8599     1001.209    0.028   0
         9    318.425    185.201 238.0850866 +32.9200893     7.53 0.0008073554  -9.7601  -9.8188   0.0637      8462.72     496.0701     977.3845    0.172   0
        10    473.984    182.609 238.0651473 +32.9208043     5.86 0.0006282566  -9.0941  -9.6764   0.0725     7422.422     495.5455     990.8674    0.562   0
        11    108.056    254.282 238.1119349 +32.9121231     6.49 0.0006958318 -13.7753 -13.7986   0.0021     330703.8     638.3201     931.7477    0.063   0
        12    758.174    275.004 238.0285577 +32.9117421     6.50 0.0006966486 -12.2032 -12.2373   0.0073     78509.38     530.1583     1001.427    0.026   0
        13    229.697    273.898 238.0963070 +32.9103772     6.21 0.0006651593  -9.6236 -10.2827   0.0417     12974.75     498.7096     963.3231    0.668   0
        14    577.087    325.924 238.0516859 +32.9058068     6.63 0.0007109498 -11.3740 -11.4191   0.0150      36951.5     510.4803     992.3735    0.065   0
        15    283.462    339.599 238.0893005 +32.9035220     6.71 0.0007188935 -11.0813 -11.1259   0.0195     28206.78     506.0037     973.2856    0.023   0
        16     39.125    342.721 238.1206142 +32.9024928     6.49 0.0006957475  -9.0846  -9.2819   0.1041     5161.414     494.6528     908.5076    0.399   0
        17    446.636    380.518 238.0683144 +32.8996180     6.83 0.0007323921 -10.8733 -10.9353   0.0231     23666.14     503.8504     983.3471    0.016   0
        18    507.453    431.363 238.0604324 +32.8943656     6.20 0.0006641223 -12.1361 -12.1693   0.0078     73744.68      528.166     984.9471    0.019   0
        19    154.361    448.614 238.1056571 +32.8915274     7.14 0.0007656174 -10.0389 -10.0958   0.0495     10922.86     497.4185     934.3365    0.196   0
        20    266.110    490.656 238.0912616 +32.8873608     6.24 0.0006690791 -12.4372 -12.4751   0.0060     97734.55      539.389      959.884    0.041   0
        21      9.323    491.835 238.1241686 +32.8865027     6.96 0.0007461722 -10.3623 -10.3231   0.0372     13466.25       461.29     889.1289    0.104  16
        22    436.227    497.946 238.0694472 +32.8870637     6.10 0.0006540361  -9.5982  -9.7369   0.0686      7848.03     495.9811     977.9373    0.099   0
        23    885.205    941.426 238.0111766 +32.8410105     7.32 0.0007844996 -10.6309 -11.1361   0.0193     28473.94     506.0139     841.2922    0.482   0
        24    796.974   1015.764 238.0223552 +32.8328380     6.44 0.0006904195  -9.7707  -9.6208   0.0758     7051.969     491.9742     879.3226    0.126  16
        25    807.013    863.914 238.0213208 +32.8490625     6.01 0.0006445606 -12.7960 -12.8374   0.0044     136443.1     557.0042     926.1793    0.037   0
        26    856.063    788.563 238.0151615 +32.8572350     6.61 0.0007085105 -12.0252 -12.0342   0.0087     65112.95     524.0251     935.4219    0.047   0
        27    717.646    707.346 238.0330306 +32.8655149     6.82 0.0007308548  -9.7647 -10.0759   0.0504     10724.07     497.3736     964.6819    0.699   0
        28    297.938    754.175 238.0867253 +32.8593436     6.32 0.0006773284 -10.8343 -10.8888   0.0241      22672.7     503.3709     909.2336    0.063   0
        29    880.380    699.213 238.0121931 +32.8668324     3.46 0.0003712668  -8.9531 -10.9370   0.0231     23702.99     503.6648     918.1396    0.774   0
        30    126.075    629.465 238.1089637 +32.8721569     6.99 0.0007490966  -9.9992 -10.0875   0.0498     10839.36     497.4729     903.1077    0.120   0
        31    904.705    621.367 238.0092041 +32.8752027     5.98 0.0006406205 -11.0969 -10.9854   0.0221      24783.3     504.3909     865.4675    0.063   0
        32    881.820    825.809 238.0118004 +32.8533333     3.92 0.0004201657  -9.3260 -11.0784   0.0203     26998.96     505.2846     881.7139    0.270   0
        33    884.772    874.267 238.0113425 +32.8481727     8.45 0.0009054712 -11.0608 -11.1455   0.0191     28721.59     506.3661     859.5896    0.625   0
        34    377.135    698.169 238.0766753 +32.8655410     6.01 0.0006445032 -12.7800 -12.8129   0.0045     133397.3     555.6602     938.5172    0.023   0
        35    884.463    846.562 238.0114276 +32.8511269     9.53   0.00102167 -10.8772 -11.1026   0.0199     27607.71     505.8295     870.2947    0.588   0
        36    885.913    928.047 238.0111079 +32.8424395     6.21 0.0006656314 -10.4056 -11.1291   0.0194     28290.28     506.1938     841.5189    0.587   0
        37    878.593    885.198 238.0121160 +32.8469898     3.45 0.0003692679  -9.2830 -11.1601   0.0189     29110.24     506.4363     869.4869    0.416   0
        38    886.245    905.514 238.0111024 +32.8448438     8.25 0.0008844972 -10.9382 -11.1524   0.0190     28904.14     506.5239     847.9749    0.245   0
