#   1 NUMBER                 Running object number                                     
#   2 X_IMAGE                Object position along x                                    [pixel]
#   3 Y_IMAGE                Object position along y                                    [pixel]
#   4 ALPHA_J2000            Right ascension of barycenter (J2000)                      [deg]
#   5 DELTA_J2000            Declination of barycenter (J2000)                          [deg]
#   6 FWHM_IMAGE             FWHM assuming a gaussian core                              [pixel]
#   7 FWHM_WORLD             FWHM assuming a gaussian core                              [deg]
#   8 MAG_BEST               Best of MAG_AUTO and MAG_ISOCOR                            [mag]
#   9 MAG_APER               Fixed aperture magnitude vector                            [mag]
#  10 MAGERR_APER            RMS error vector for fixed aperture mag.                   [mag]
#  11 FLUX_APER              Flux vector within fixed circular aperture(s)              [count]
#  12 FLUXERR_APER           RMS error vector for aperture flux(es)                     [count]
#  13 BACKGROUND             Background at centroid position                            [count]
#  14 ELLIPTICITY            1 - B_IMAGE/A_IMAGE                                       
#  15 FLAGS                  Extraction flags                                          
         1    833.472    188.395 200.9195169 +36.2162906   202.94   0.02189384 -16.3076 -12.7570   0.0080     126708.3     934.6445     1613.108    0.901  16
         2    514.241     48.649 200.9625894 +36.2304293     5.97 0.0006443174  -9.7496  -9.6316   0.1376       7122.4     902.2939      1702.88    0.135   0
         3    107.300     71.820 201.0170877 +36.2267711     3.93 0.0004243241  -8.4805 -10.0427   0.0943     10401.46      903.202     1454.648    0.619   0
         4    466.492     89.634 200.9689048 +36.2258842     6.46 0.0006965051 -10.1982 -10.0926   0.0901     10890.49     903.1851     1732.231    0.215   0
         5    533.426    145.323 200.9598185 +36.2200823     6.47 0.0006977544  -9.4985  -9.5433   0.1492      6566.37     902.0636       1807.1    0.336   0
         6    602.202    165.610 200.9505589 +36.2180940     9.94  0.001072241 -10.8091 -10.8891   0.0434     22679.14     906.1893     1841.978    0.261   0
         7    261.011    293.996 200.9960158 +36.2033102     0.00            0  -8.9068  -9.7994   0.1179     8312.836     902.1409     1818.579    0.018   0
         8    183.059    330.530 201.0063836 +36.1991554     6.19 0.0006678756 -10.3043 -10.4279   0.0662     14830.45     904.3003     1801.794    0.061   0
         9    436.506    391.083 200.9722980 +36.1933660     7.42 0.0008006139  -9.9787 -10.6010   0.0565     17394.51     905.0342      1931.81    0.286   0
        10    438.553    503.433 200.9717905 +36.1812841     5.08 0.0005478087 -12.1851 -12.2181   0.0130     77131.49     921.3629     1957.541    0.078   0
        11    888.322    888.146 200.9107713 +36.1411558    55.67  0.006005988 -14.6820 -12.9975   0.0065     158129.4     943.2061     563.8445    0.143  17
        12    859.086    631.221 200.9151990 +36.1687175     5.11 0.0005512026 -12.2612 -12.1289   0.0141     71048.92      919.711     1853.324    0.078   0
        13    838.382    828.300 200.9175777 +36.1474560    79.75  0.008603156 -14.0848 -13.3774   0.0046     224364.3     960.6015     1496.974    0.252  16
        14    879.046    449.289 200.9128883 +36.1883474     4.92 0.0005305338 -11.6416  99.0000  99.0000    -14076.17     900.2419     1549.546    0.105   0
        15    163.480    543.461 201.0085542 +36.1761898     5.72  0.000617213 -10.5767 -10.7320   0.0501     19624.55     905.8019     1881.558    0.068   0
        16    425.751    543.887 200.9734215 +36.1768952     5.06 0.0005458728 -12.1262 -12.2046   0.0131      76178.8     921.1541     1956.609    0.060   0
        17    301.891    475.605 200.9901564 +36.1838881     5.52 0.0005959421 -10.5275 -10.5938   0.0569     17279.41     904.9771     1930.602    0.120   0
