#   1 NUMBER                 Running object number                                     
#   2 X_IMAGE                Object position along x                                    [pixel]
#   3 Y_IMAGE                Object position along y                                    [pixel]
#   4 ALPHA_J2000            Right ascension of barycenter (J2000)                      [deg]
#   5 DELTA_J2000            Declination of barycenter (J2000)                          [deg]
#   6 FWHM_IMAGE             FWHM assuming a gaussian core                              [pixel]
#   7 FWHM_WORLD             FWHM assuming a gaussian core                              [deg]
#   8 MAG_BEST               Best of MAG_AUTO and MAG_ISOCOR                            [mag]
#   9 MAG_APER               Fixed aperture magnitude vector                            [mag]
#  10 MAGERR_APER            RMS error vector for fixed aperture mag.                   [mag]
#  11 FLUX_APER              Flux vector within fixed circular aperture(s)              [count]
#  12 FLUXERR_APER           RMS error vector for aperture flux(es)                     [count]
#  13 BACKGROUND             Background at centroid position                            [count]
#  14 ELLIPTICITY            1 - B_IMAGE/A_IMAGE                                       
#  15 FLAGS                  Extraction flags                                          
         1    840.783     79.684 200.9201904 +36.1155108   133.50   0.01442912 -14.4997 -12.3906   0.0060     90411.16     500.8967       735.52    0.610  16
         2    821.592      9.545 200.9229110 +36.1230110    79.27   0.00856775 -13.5279 -12.2812   0.0062     81747.86     466.3606     441.1698    0.778  24
         3    699.089    174.504 200.9390003 +36.1048696     7.84 0.0008474983 -15.5029 -15.5318   0.0007      1632032     1010.819     915.3779    0.117   4
         4    786.214    172.104 200.9273182 +36.1053894     4.56 0.0004925007 -15.0242 -15.0589   0.0009      1055779     856.5073      916.522    0.093   0
         5    140.204    182.645 201.0139498 +36.1022899     4.06 0.0004393496 -13.2604 -13.3184   0.0029     212493.6      558.421     864.3474    0.046   0
         6    562.559    180.736 200.9573012 +36.1037865     5.34  0.000577526  -8.5547  -9.4525   0.0821     6039.556     456.8116      910.374    0.194   0
         7    755.160    193.367 200.9314394 +36.1030053     6.37 0.0006889811  -8.9139  -9.7037   0.0653       7611.6      457.722     916.6367    0.451   0
         8    351.863    244.714 200.9854245 +36.0962523     4.35 0.0004700108  -8.5575  -8.4798   0.2004     2465.584     454.9538     898.7218    0.164   0
         9    640.534    305.366 200.9465782 +36.0905930     4.29 0.0004633557 -10.8795 -11.0047   0.0201     25228.93     467.2576     911.5142    0.140   0
        10    280.573    351.443 200.9947536 +36.0845340     7.77  0.000839977  -9.4636  -9.5579   0.0746     6655.105     457.1356     888.9924    0.262   0
        11    217.397    413.335 201.0030899 +36.0776711     8.16  0.000882292  -9.1256  -9.2601   0.0979     5058.864     456.2491     874.6468    0.326   0
        12    802.401    426.239 200.9246173 +36.0780546     2.16  0.000233913  -7.6144  99.0000  99.0000    -379.3026     453.3531     907.6398    0.233   0
        13     46.231    462.305 201.0259329 +36.0718660     4.42 0.0004774356  -9.1695  -9.2987   0.0946     5241.655     456.4002     831.4941    0.117   0
        14    159.669    503.014 201.0106333 +36.0678305     3.94 0.0004261294 -12.9978 -13.0423   0.0035     164792.1     536.7491     857.9135    0.056   0
        15    882.355    949.347 200.9128143 +36.0219276     6.19 0.0006688384 -10.2365 -11.0431   0.0194     26137.17     467.7433     787.8643    0.463   0
        16    130.540    854.328 201.0137641 +36.0298868     7.92 0.0008563937  -8.9427  -8.9832   0.1262     3919.915     455.6884     775.2392    0.290   0
        17    868.431    673.745 200.9152503 +36.0515825     3.45 0.0003732329  -8.2962 -10.3531   0.0362     13843.86      461.126     878.0132    0.397   0
        18    479.582    635.748 200.9674564 +36.0545075     4.13 0.0004468785  -8.0998  -7.8167   0.3685      1338.69     454.2573     883.8412    0.526   0
        19    332.284    611.007 200.9872557 +36.0567244     4.18 0.0004521656  -7.8271  -8.8353   0.1446     3420.793     455.3634     872.6265    0.089   0
        20    913.168    871.855 200.9088450 +36.0303691     3.27 0.0003530305  -8.7057  99.0000  99.0000    -10645.23     453.5584     752.3713    0.088   0
        21    428.815    903.021 200.9736873 +36.0255546     3.94 0.0004255938  -8.1499  -8.8693   0.1401     3529.488     455.2952     807.1313    0.504   0
        22    241.884    692.617 200.9991961 +36.0476539     3.89 0.0004209576 -10.3414 -10.4597   0.0328     15271.61     461.8616     842.3606    0.109   0
        23     67.862    745.655 201.0224043 +36.0414025     5.33 0.0005757781  -8.7539  -9.0482   0.1189     4161.707     455.7955     794.0519    0.300   0
        24    551.475    698.169 200.9576861 +36.0479995     3.68 0.0003977111  -9.7569  -9.9680   0.0513     9709.891     458.8412     877.4834    0.065   0
        25    557.988    677.329 200.9568574 +36.0502647     5.52 0.0005966395 -10.2667 -10.3363   0.0367     13630.65     460.9851     882.7916    0.044   0
        26    785.539    569.812 200.9265788 +36.0625340     3.80 0.0004110739 -10.3454 -10.4341   0.0336     14915.67     461.6563     902.1465    0.098   0
        27    506.106    644.375 200.9638823 +36.0536583     3.64 0.0003929364 -10.1645 -10.2423   0.0400     12500.31     460.3338     884.4741    0.131   0
        28    723.661    536.363 200.9349449 +36.0659529     5.50 0.0005945811  -8.6397  -8.5505   0.1878      2631.52      454.981     902.9773    0.165   0
        29    883.107    659.020 200.9133135 +36.0532128     8.91 0.0009628104 -10.6050 -10.7641   0.0250     20213.69      464.554     849.0494    0.237   0
        30    890.581    961.204 200.9116875 +36.0206745     3.44 0.0003719568  -8.9955 -10.8744   0.0226     22375.31     465.4909     771.0272    0.409   0
