#   1 NUMBER                 Running object number                                     
#   2 X_IMAGE                Object position along x                                    [pixel]
#   3 Y_IMAGE                Object position along y                                    [pixel]
#   4 ALPHA_J2000            Right ascension of barycenter (J2000)                      [deg]
#   5 DELTA_J2000            Declination of barycenter (J2000)                          [deg]
#   6 FWHM_IMAGE             FWHM assuming a gaussian core                              [pixel]
#   7 FWHM_WORLD             FWHM assuming a gaussian core                              [deg]
#   8 MAG_BEST               Best of MAG_AUTO and MAG_ISOCOR                            [mag]
#   9 MAG_APER               Fixed aperture magnitude vector                            [mag]
#  10 MAGERR_APER            RMS error vector for fixed aperture mag.                   [mag]
#  11 FLUX_APER              Flux vector within fixed circular aperture(s)              [count]
#  12 FLUXERR_APER           RMS error vector for aperture flux(es)                     [count]
#  13 BACKGROUND             Background at centroid position                            [count]
#  14 ELLIPTICITY            1 - B_IMAGE/A_IMAGE                                       
#  15 FLAGS                  Extraction flags                                          
         1     10.750     80.460 200.8920832 +36.1193126    65.67  0.007077517 -13.7789 -12.9944   0.0060     157675.9     867.8978     381.6536    0.594  24
         2    143.083     87.422 200.8743773 +36.1189341    48.61  0.005239244 -13.5256 -12.1302   0.0135     71131.84     886.9229     1549.185    0.744   2
         3    192.638     30.712 200.8678714 +36.1251698    33.66  0.003628424 -13.0653 -12.1670   0.0131     73586.12     887.4948     866.6758    0.238  17
         4    136.008     11.081 200.8754839 +36.1271231    87.61   0.00944314 -15.0515 -13.8296   0.0029     340274.8      923.144     186.8254    0.745  24
         5    291.439     32.549 200.8546580 +36.1252461     3.91 0.0004211682  -9.6229  99.0000  99.0000     -74591.2     866.6899     1238.229    0.197   0
         6     75.404    252.290 200.8830760 +36.1010172    49.94  0.005382312 -14.1953 -12.1256   0.0136     70832.97     886.7668     1711.225    0.663   2
         7     65.517    109.867 200.8846993 +36.1163040    23.27  0.002508137  -9.5364  99.0000  99.0000    -3380.866     866.7144     1075.542    0.524   0
         8    378.750     87.988 200.8428704 +36.1195256     4.19 0.0004513364 -11.3239 -11.1934   0.0317      30017.1     875.2085     1797.351    0.045   0
         9     86.398    121.161 200.8818840 +36.1151479    27.89  0.003005933 -12.2280 -11.8942   0.0167     57237.23     882.6608     1404.555    0.664   0
        10    540.766     95.252 200.8211957 +36.1191882     5.92 0.0006380461  -9.6832  -9.6924   0.1253      7533.05     868.8356     1833.134    0.319   0
        11    846.022    113.961 200.7803491 +36.1180019     1.19 0.0001283036  -7.8784 -10.4750   0.0611     15488.61      870.951     1745.529    0.012   0
        12    730.625    203.200 200.7955980 +36.1080958     5.99 0.0006451092 -10.1744 -10.6944   0.0499     18956.03      871.702      1843.13    0.100   0
        13     76.910    367.043 200.8826320 +36.0886823    26.80  0.002888098 -13.7907 -11.9572   0.0158        60659     883.9179     1724.315    0.627   2
        14    309.996    263.195 200.8516986 +36.1004963     3.98 0.0004293509 -12.7043 -12.7607   0.0077       127143     902.2904     1938.636    0.018   0
        15     79.441    676.980 200.8816384 +36.0553624    86.06  0.009275462 -15.2942 -12.1520   0.0133     72574.25     887.1378     1684.232    0.915  18
        16     78.000    435.510 200.8823415 +36.0813232    25.24   0.00272046 -13.2450 -11.9714   0.0156     61454.44     883.9506     1721.768    0.206   2
        17    690.340    427.353 200.8005337 +36.0838839     3.81 0.0004108315  -9.9902 -10.1421   0.0829     11398.46      869.825     1822.504    0.062   0
        18    331.637    441.080 200.8484380 +36.0814284     4.81  0.000518584  -8.8851  -9.5962   0.1368     6893.842     868.6028      1925.07    0.254   0
        19   1025.613    444.127 200.7556983 +36.0829784     3.93 0.0004231686 -10.2254  -9.8271   0.0902     8527.474     708.6596     1545.368    0.048  24
        20     77.611    525.416 200.8822033 +36.0716547     7.87 0.0008481084 -13.4925 -12.3952   0.0107      90794.8     892.0672     1714.228    0.545   0
        21    720.674    492.606 200.7963498 +36.0769493     3.65 0.0003928657 -11.3230 -11.4224   0.0257     37065.61     877.1227     1765.477    0.040   0
        22    186.503    801.016 200.8670775 +36.0423234     2.97 0.0003197223  -8.7916  -9.9377   0.1000     9442.705     869.3361     1835.211    0.368   0
        23    356.231   1010.407 200.8439775 +36.0202772     3.41 0.0003676941  -8.1978  99.0000  99.0000     -463.315     866.2975     1657.387    0.383   0
        24    656.624    977.422 200.8039348 +36.0246442     3.76 0.0004050247 -10.6436 -10.8458   0.0435     21793.95     872.6373     1481.214    0.038   0
        25     83.420    912.561 200.8806094 +36.0300421    30.45  0.003281521 -13.1963 -12.0345   0.0148     65132.76     885.0623     1552.364    0.480   3
        26    597.517    861.450 200.8120611 +36.0369542     3.73 0.0004019743 -10.3725 -10.6143   0.0538     17608.49     871.7787      1624.29    0.054   0
        27    637.496    881.733 200.8066812 +36.0348817     3.45 0.0003713663  -9.1397  -9.3340   0.1741     5414.873      868.226     1576.595    0.034   0
        28     82.989    873.295 200.8807499 +36.0342630    27.04  0.002914459 -13.7516 -11.9538   0.0159     60464.75      883.887     1593.065    0.608   2
        29     84.560    943.616 200.8803916 +36.0267059    31.55   0.00340097 -13.7972 -12.0018   0.0152     63199.08     884.4919     1547.313    0.554   2
