#   1 NUMBER                 Running object number                                     
#   2 X_IMAGE                Object position along x                                    [pixel]
#   3 Y_IMAGE                Object position along y                                    [pixel]
#   4 ALPHA_J2000            Right ascension of barycenter (J2000)                      [deg]
#   5 DELTA_J2000            Declination of barycenter (J2000)                          [deg]
#   6 FWHM_IMAGE             FWHM assuming a gaussian core                              [pixel]
#   7 FWHM_WORLD             FWHM assuming a gaussian core                              [deg]
#   8 MAG_BEST               Best of MAG_AUTO and MAG_ISOCOR                            [mag]
#   9 MAG_APER               Fixed aperture magnitude vector                            [mag]
#  10 MAGERR_APER            RMS error vector for fixed aperture mag.                   [mag]
#  11 FLUX_APER              Flux vector within fixed circular aperture(s)              [count]
#  12 FLUXERR_APER           RMS error vector for aperture flux(es)                     [count]
#  13 BACKGROUND             Background at centroid position                            [count]
#  14 ELLIPTICITY            1 - B_IMAGE/A_IMAGE                                       
#  15 FLAGS                  Extraction flags                                          
         1      9.595     81.486 237.9939629 +32.9329195    59.66  0.006397241 -13.1193 -12.2448   0.0080     79055.26     579.9716     449.6771    0.625  24
         2    141.247     88.297 237.9770619 +32.9325476    33.61  0.003603815 -12.3360 -11.4322   0.0175     37401.15      602.994     1034.586    0.567   2
         3    191.595     29.762 237.9706917 +32.9389309    29.13  0.003123236 -11.9868 -11.4014   0.0180      36355.4     602.3659      687.015    0.234   1
         4    136.071     10.824 237.9778448 +32.9408033    84.85  0.009097687 -14.3151 -13.0685   0.0040     168816.7     628.5406     360.5968    0.743  24
         5    911.218     83.143 237.8782827 +32.9351296     7.91 0.0008483276 -11.9560 -11.7882   0.0127     51915.12     608.9337     1033.245    0.112   0
         6    417.223     86.269 237.9416580 +32.9335013     6.84 0.0007339473 -11.4519 -11.4586   0.0171     38321.73     603.4402     1138.301    0.112   0
         7     64.248    106.030 237.9869132 +32.9304473     9.84  0.001055478  -9.4429  99.0000  99.0000    -16029.71      587.233     774.3435    0.452   2
         8    548.364    134.279 237.9247622 +32.9287235     5.98  0.000640927 -11.0829 -10.9194   0.0278     23321.51     597.0954     1196.028    0.113   0
         9    151.783    124.386 237.9756549 +32.9287238     3.28  0.000351903  -8.0011  99.0000  99.0000     -10672.1     587.0502     1188.468    0.398   0
        10    982.913    189.692 237.8689346 +32.9239416     6.29  0.000674197 -14.8213 -14.8484   0.0011     869707.9     883.0485     1103.464    0.035   0
        11    946.998    199.512 237.8735282 +32.9228007     5.66  0.000606572  -9.2123 -10.0464   0.0616     10437.01     591.6102     1116.833    0.365   0
        12    455.250    200.251 237.9366101 +32.9214355     4.99 0.0005352403  -9.3147 -10.0361   0.0622     10337.77     591.6177     1213.477    0.609   0
        13     77.386    250.055 237.9850056 +32.9151095    10.41  0.001115881 -11.5651 -11.3802   0.0183     35650.12     602.2352     1122.187    0.268   2
        14    177.155    250.824 237.9722071 +32.9152959     5.90 0.0006329988 -11.9348 -11.9926   0.0106      62667.8     613.3323     1226.195    0.116   0
        15    247.249    264.843 237.9631948 +32.9139874     7.95 0.0008523894  -9.5597  -9.6958   0.0849     7556.798      590.524     1225.846    0.114   0
        16    563.407    405.707 237.9224343 +32.8997906    23.52  0.002522015 -17.0461 -17.0518   0.0003      6617964     1911.498     1205.697    0.247   4
        17    880.785    304.099 237.8818741 +32.9114656     6.68 0.0007161606  -9.5525  -9.6638   0.0874     7337.012     590.3649       1122.4    0.187   0
        18    777.531    335.753 237.8950729 +32.9078185     5.56 0.0005961012 -12.1970 -12.2469   0.0085     79203.41     619.9885     1154.741    0.028   0
        19    434.754    356.991 237.9390065 +32.9046507     7.41 0.0007950565  -9.5881  -9.7548   0.0804     7978.496     590.5704     1215.455    0.251   0
        20    150.330    369.473 237.9754664 +32.9025592     5.52 0.0005915302 -12.8494 -12.8786   0.0049     141721.7     644.8566     1224.099    0.104   0
        21    781.757    368.121 237.8944846 +32.9043745     5.02 0.0005382083  -9.1055  -9.6013   0.0925     6926.299     590.2075     1146.074    0.381   0
        22     81.945    369.112 237.9842375 +32.9024137     5.98 0.0006414196 -10.3488 -11.1758   0.0221     29532.74     599.7066     1142.906    0.563   0
        23    333.435    370.814 237.9519805 +32.9029060     5.78 0.0006197239  -8.9878  -9.2663   0.1258     5087.471     589.3453     1218.617    0.179   0
        24    201.124    394.227 237.9689143 +32.9000534     5.51 0.0005903604 -11.8420 -11.9409   0.0111        59752     612.1746     1222.499    0.107   0
        25     80.744    435.633 237.9842891 +32.8953100     4.61 0.0004945014  -9.8639 -11.1555   0.0225     28986.85      599.479     1131.786    0.415   0
        26    367.749    452.892 237.9474569 +32.8942363     6.14 0.0006580538  -9.8575 -10.0417   0.0618     10391.58     591.7064     1212.691    0.227   0
        27     77.986    457.500 237.9846091 +32.8929685     3.76  0.000402705  -9.4408 -11.1843   0.0219     29765.65     599.7712     1115.336    0.384   0
        28    957.893    496.407 237.8717135 +32.8911379     5.37 0.0005761704 -12.7102 -12.7452   0.0055     125340.1     638.3519     1039.364    0.047   0
        29     75.022    545.987 237.9848528 +32.8835154    24.39    0.0026155 -12.6254 -11.4208   0.0177     37010.45      602.573     1094.698    0.314   0
        30    225.914    525.360 237.9655360 +32.8861226     7.30 0.0007829328  -9.3026  -9.4299   0.1083     5915.318     589.7791      1213.23    0.248   0
        31     82.956    900.189 237.9832906 +32.8457292     7.56 0.0008103178 -10.9529 -11.3228   0.0193     33815.06     601.3756     1032.882    0.179   2
        32     83.012    940.797 237.9832209 +32.8413948     8.62 0.0009246022 -10.9364 -11.2843   0.0200     32636.78     600.7557     1016.476    0.580   2
        33    717.214    877.007 237.9020294 +32.8498871     4.94 0.0005301534 -11.9212 -11.9686   0.0109     61296.08     612.5818     1006.392    0.152   0
        34    745.430    645.999 237.8987445 +32.8746188     4.93 0.0005291303  -9.7791  -9.8477   0.0738     8691.574     590.7235     1080.698    0.112   0
        35     78.408    633.777 237.9842835 +32.8741538     3.45 0.0003694877  -9.4583 -11.2965   0.0198     33007.99     600.8776     1097.922    0.410   0
        36    891.893    620.357 237.8800020 +32.8777365     5.04 0.0005402187  -8.6814  -8.8627   0.1822     3508.303     588.7081     1023.165    0.286   0
        37    434.246    613.680 237.9386904 +32.8772502     4.99 0.0005346673 -12.6402 -12.6728   0.0059     117252.5     635.2534     1192.152    0.089   0
        38    647.297   1000.892 237.9108116 +32.8364804     5.37 0.0005761107 -12.5802 -12.6256   0.0061     112265.8     633.3958     986.4896    0.202   0
        39    398.188    779.186 237.9430670 +32.8594883     5.39 0.0005784433  -8.7241  -8.5880   0.2345     2723.879     588.2091     1150.149    0.234   0
        40     79.626    652.369 237.9840987 +32.8721725     9.42   0.00101042 -11.0463 -11.3236   0.0193     33840.18     601.4185     1104.228    0.687   0
        41    773.150    829.886 237.8949270 +32.8550627     4.97 0.0005330979 -10.8397 -10.8781   0.0289     22451.03     596.7635     999.9211    0.138   0
        42     82.138    664.260 237.9837584 +32.8709101     4.51   0.00048326  -9.8424 -11.3281   0.0192     33979.76     601.4765      1111.76    0.531   0
        43    528.417    663.560 237.9265427 +32.8721749     5.94 0.0006365991  -9.2612  -9.2100   0.1325     4830.572     589.1866     1157.258    0.154   0
        44     84.194    857.997 237.9831968 +32.8502361     3.79 0.0004064313  -9.4550 -11.2498   0.0206     31617.77     600.4452     1057.014    0.382   0
        45    149.250    807.696 237.9749349 +32.8557803     4.71 0.0005046428 -11.8698 -11.8991   0.0115     57498.26     611.2535     1159.584    0.126   0
        46     81.985    807.018 237.9835584 +32.8556716     3.76 0.0004035682  -9.6504 -11.3036   0.0196     33224.38     600.9839     1068.233    0.419   0
        47     82.300    767.005 237.9835795 +32.8599434     4.26 0.0004572155  -9.7906 -11.3106   0.0195     33439.29     601.2031     1081.739    0.073   0
        48     79.281    731.668 237.9840209 +32.8637072     7.43 0.0007966026 -10.9498 -11.3330   0.0191     34134.87     601.6545     1077.753    0.513   0
        49     79.415    722.592 237.9840177 +32.8646763     7.19 0.0007710069 -10.6941 -11.3474   0.0189     34589.16     601.5838     1080.283    0.664   0
        50    683.061    689.151 237.9066787 +32.8698496     4.76 0.0005107703 -11.8532 -11.9072   0.0115     57926.42     611.3328     1092.274    0.062   0
        51    609.000    539.407 237.9163921 +32.8856392     6.44 0.0006901444  -8.6726  -8.7078   0.2101     3041.759     588.3773     1165.509    0.207   0
        52     78.481    677.447 237.9842069 +32.8694926     7.09 0.0007604753 -11.0222 -11.4210   0.0177     37017.78     602.8674     1088.106    0.600   0
        53    703.394    668.266 237.9041020 +32.8721322     5.99 0.0006427408  -9.1086  -8.8364   0.1867     3424.179     588.7056     1091.177    0.282   0
        54     77.411    613.773 237.9844422 +32.8762863     3.45 0.0003699514  -9.3224 -11.2795   0.0201      32494.7     600.6803     1097.133    0.414   0
        55     95.921    550.262 237.9821666 +32.8831153     4.78 0.0005128125  -9.4471  -9.9372   0.0680     9437.627     591.3197     1205.934    0.197   0
        56    748.405    941.396 237.8979390 +32.8430955     5.40 0.0005790511 -12.7337 -12.7794   0.0054     129347.8     639.7823     962.8934    0.178   0
        57    308.467    575.323 237.9548751 +32.8810101     5.14 0.0005507029  -9.5431  -9.5366   0.0982      6525.94     590.0378     1206.906    0.096   0
        58    582.932    946.443 237.9191400 +32.8421234     5.06 0.0005422423 -10.0153 -10.1559   0.0557     11544.48      592.111     1032.384    0.166   0
        59    573.846    562.215 237.9208665 +32.8831123     8.88 0.0009517192  -9.5457  -9.6385   0.0894     7167.771     590.2105     1170.517    0.083   0
        60     82.604    987.531 237.9832014 +32.8364053     8.68 0.0009306946 -10.9044 -10.9350   0.0274     23658.91     597.1713     1005.854    0.180   0
        61     79.402    888.207 237.9837646 +32.8469986     7.48  0.000802219 -10.6191 -11.2911   0.0199     32842.35     600.9548     1020.076    0.730   2
