#   1 NUMBER                 Running object number                                     
#   2 X_IMAGE                Object position along x                                    [pixel]
#   3 Y_IMAGE                Object position along y                                    [pixel]
#   4 ALPHA_J2000            Right ascension of barycenter (J2000)                      [deg]
#   5 DELTA_J2000            Declination of barycenter (J2000)                          [deg]
#   6 FWHM_IMAGE             FWHM assuming a gaussian core                              [pixel]
#   7 FWHM_WORLD             FWHM assuming a gaussian core                              [deg]
#   8 MAG_BEST               Best of MAG_AUTO and MAG_ISOCOR                            [mag]
#   9 MAG_APER               Fixed aperture magnitude vector                            [mag]
#  10 MAGERR_APER            RMS error vector for fixed aperture mag.                   [mag]
#  11 FLUX_APER              Flux vector within fixed circular aperture(s)              [count]
#  12 FLUXERR_APER           RMS error vector for aperture flux(es)                     [count]
#  13 BACKGROUND             Background at centroid position                            [count]
#  14 ELLIPTICITY            1 - B_IMAGE/A_IMAGE                                       
#  15 FLAGS                  Extraction flags                                          
         1    839.945     78.548 327.8145369 +28.8485741   141.22   0.01525475 -14.8117 -12.6880   0.0053     118906.9     580.6808     813.5799    0.617  18
         2    752.442     55.436 327.8254033 +28.8508486     8.87 0.0009581834 -12.9650 -12.9728   0.0042     154570.6     595.9296     842.9186    0.372   3
         3    590.411     28.244 327.8454877 +28.8533761     7.17 0.0007750102 -12.8994 -12.7074   0.0052     121052.2     581.5767     818.9857    0.279   0
         4    821.311     10.017 327.8170052 +28.8559149    82.53  0.008915077 -13.8828 -12.6842   0.0050     118491.8     549.8404     401.8615    0.770  24
         5    478.324      9.403 327.8593821 +28.8551260     5.02 0.0005420365  -9.4267  99.0000  99.0000    -17017.95     487.1448     718.4229    0.439  16
         6    564.859     80.354 327.8485166 +28.8476953     6.54 0.0007067633 -12.8444 -12.9062   0.0044     145367.9       591.99     997.2459    0.088   0
         7    616.531     93.644 327.8421005 +28.8463920     6.39 0.0006901882 -13.1936 -13.2425   0.0034     198152.9     613.8639     1050.391    0.083   0
         8    355.794     63.395 327.8743861 +28.8489977     6.08 0.0006568856  -9.4405 -10.3266   0.0429     13509.96     533.2892     903.2496    0.097   0
         9    734.681    105.138 327.8274766 +28.8454473     6.50 0.0007018311 -12.4187 -12.4037   0.0068      91508.2     568.9007     1063.194    0.082   0
        10     32.622    114.227 327.9141820 +28.8426964     6.59 0.0007123437  -9.7044  -8.6801   0.1935     2964.978     528.3525     962.3096    0.163   0
        11    511.419    133.405 327.8549878 +28.8418432     5.99 0.0006466242 -11.1488 -10.9689   0.0239     24410.25     538.2581     1054.335    0.079   0
        12      3.965    127.638 327.9176881 +28.8411775     7.31 0.0007900646  -8.7440  99.0000  99.0000     -3090.63     423.4881     956.9177    0.128  16
        13    415.888    139.710 327.8667732 +28.8409235     6.02 0.0006500565  -9.4204  -8.6249   0.2036     2818.142     528.4318     1048.327    0.098   0
        14    170.999    138.750 327.8970266 +28.8404067     7.71 0.0008328672  -9.0726  -7.6323   0.5070     1129.597     527.3939     999.8392    0.144   0
        15    695.888    190.085 327.8320616 +28.8361945     6.10 0.0006589665 -14.4536 -14.4855   0.0013     622566.8     767.4969     1066.132    0.060   0
        16    586.229    190.016 327.8456074 +28.8359285     6.02 0.0006506091 -14.7303 -14.7593   0.0011     801139.3     823.5077     1063.606    0.050   0
        17    359.390    150.993 327.8737244 +28.8395648     6.29 0.0006791039 -10.0433 -10.1102   0.0522     11068.65     532.0845     1041.696    0.110   0
        18    120.392    186.282 327.9031585 +28.8351543     5.96 0.0006434417 -12.2193 -12.2677   0.0076     80739.45     564.0232     991.6601    0.100   0
        19    204.039    168.282 327.8928713 +28.8373075     0.81 8.707512e-05  -7.6656  -7.9590   0.3756     1526.202     527.7904     1013.866    0.058   0
        20    349.935    176.890 327.8748281 +28.8367495     7.64 0.0008257141  -9.4441  -9.7276   0.0741     7781.317     530.7894     1042.373    0.293   0
        21    495.521    186.682 327.8568203 +28.8360606     6.82 0.0007368682  -9.8400 -10.1025   0.0526     10989.68     532.2984     1054.372    0.119   0
        22    169.694    197.124 327.8970415 +28.8341114     6.05 0.0006531689 -10.0576 -10.3421   0.0423     13703.38     533.5272     1005.982    0.083   0
        23    387.018    215.463 327.8701518 +28.8326854     5.82  0.000628272 -12.3815 -12.4336   0.0066     94067.64      569.914     1047.539    0.071   0
        24    175.065    215.601 327.8963318 +28.8321334     5.76 0.0006219205 -11.9321 -11.9807   0.0097      61984.3     555.6055     1007.239    0.110   0
        25    490.614    203.233 327.8573856 +28.8342643     7.37 0.0007961427  -9.2425  -9.6534   0.0793     7267.342     530.3843      1053.84    0.319   0
        26    440.374    204.750 327.8635876 +28.8339746     4.67  0.000504766  -8.6659  -9.3588   0.1038     5540.349     529.6587     1051.912    0.334   0
        27    768.430    214.749 327.8230408 +28.8337162     4.13 0.0004462011  -8.6701  -9.1588   0.1247     4607.942     529.2629     1066.007    0.533   0
        28     95.063    240.361 327.9061512 +28.8292607     5.94  0.000641629 -12.8305 -12.8681   0.0046     140357.1     589.8834     983.5297    0.108   0
        29    798.047    238.968 327.8193238 +28.8311790     6.43 0.0006946608 -10.6936 -10.6724   0.0313     18575.66     535.7761     1065.724    0.084   0
        30    759.584    260.675 327.8240218 +28.8287440     6.07 0.0006560622 -12.7149 -12.7643   0.0050     127556.9     584.4603     1065.861    0.055   0
        31     72.589    265.413 327.9088639 +28.8265028     5.95 0.0006427352 -11.7451 -11.7929   0.0115     52138.21     551.0432     974.1338    0.119   0
        32    806.914    258.460 327.8181812 +28.8291000     9.46  0.001021717 -10.1486 -10.0830   0.0535     10794.86     532.1921     1065.315    0.132   0
        33    775.741    273.031 327.8219963 +28.8274522     6.72 0.0007264206 -10.2345 -10.4271   0.0391     14819.83     534.1089     1065.681    0.096   0
        34    692.221    265.894 327.8323296 +28.8280141     4.92 0.0005311471  -8.4728  -7.9422   0.3814     1502.719      527.809     1065.982    0.383   0
        35    412.835    279.909 327.8668033 +28.8258040     5.82 0.0006289898 -11.5076 -11.5745   0.0139     42638.81     546.8746     1050.959    0.066   0
        36     65.845    281.070 327.9096574 +28.8247980     6.13 0.0006626514 -10.4379 -10.5654   0.0345      16833.5     534.9332     970.7607    0.105   0
        37    610.878    290.979 327.8423153 +28.8251074     6.08 0.0006568654 -10.5324 -10.6280   0.0326     17832.71     535.4586     1060.907    0.114   0
        38    438.069    288.467 327.8636654 +28.8249451     7.52 0.0008127339  -9.2212  -9.4888   0.0922     6245.017     530.0801     1051.836    0.088   0
        39    832.642    288.481 327.8149306 +28.8259276     5.84 0.0006306192  -8.4071  99.0000  99.0000    -8272.582     527.0968     1062.957    0.199   0
        40    472.522    291.783 327.8594018 +28.8246742     7.71 0.0008326765  -9.2560  -9.4042   0.0996     5776.654     529.7999     1052.411    0.030   0
        41    556.261    293.283 327.8490554 +28.8247226     4.79 0.0005169251  -8.6223  -8.7665   0.1788     3210.617     528.6769     1055.551    0.157   0
        42    746.654    309.167 327.8255010 +28.8234850     6.26 0.0006760728 -10.2244 -10.2940   0.0442     13109.57     533.2636      1064.27    0.068   0
        43    598.637    306.766 327.8437885 +28.8233753     6.21  0.000670562  -9.9859 -10.1332   0.0511     11304.88     532.3874     1058.488    0.050   0
        44    291.841    326.242 327.8816320 +28.8205043     5.64 0.0006088641 -11.9185 -11.9703   0.0098     61392.24     555.4522     1032.643    0.065   0
        45    251.906    310.381 327.8866038 +28.8221127     4.83 0.0005221718  -8.5827  -9.0701   0.1353     4246.529     529.0774     1024.717    0.286   0
        46    822.353    320.911 327.8161229 +28.8224066     6.80 0.0007342214  -9.5873  99.0000  99.0000    -77.11168     527.0968     1061.376    0.056   0
        47     88.764    350.512 327.9066520 +28.8173716     5.78 0.0006241935 -13.0179 -13.0529   0.0039     166400.5     600.7803      979.205    0.100   0
        48    391.070    343.742 327.8693333 +28.8188687     5.57 0.0006018954 -12.0902 -12.1473   0.0084      72263.1     560.2535     1044.827    0.044   0
        49    900.414    331.991 327.8064549 +28.8214050     6.15 0.0006646084  -8.9485  99.0000  99.0000    -12458.23     526.8731     933.7877    0.352   0
        50    149.437    336.416 327.8991941 +28.8190459     6.02 0.0006505741  -9.8784  -9.7631   0.0717      8039.87      530.778     997.9458    0.062   0
        51    329.940    349.362 327.8768691 +28.8181086     5.55 0.0005994336  -9.6129  -9.5483   0.0873     6596.897     530.2164     1039.326    0.011   0
        52    119.667    380.046 327.9027611 +28.8142672     5.87 0.0006339267 -12.3740 -12.4280   0.0066     93582.95       569.66     985.6606    0.080   0
        53    758.195    380.913 327.8239012 +28.8157802     5.79 0.0006252953 -12.0361 -12.1248   0.0086     70783.51     559.6069     1058.099    0.083   3
        54    756.372    393.363 327.8240960 +28.8144337     6.02 0.0006507916 -11.0014 -11.1530   0.0203     28920.59     540.5671      1056.89    0.121   3
        55    909.119    382.777 327.8052572 +28.8159523     5.07  0.000547402  -9.4798  99.0000  99.0000       -20072      527.067     903.1934    0.243   0
        56    593.815    398.203 327.8441598 +28.8135074     5.77 0.0006231304 -10.0217 -10.0794   0.0537     10758.82     531.8945     1052.215    0.055   0
        57     41.634    394.677 327.9123611 +28.8124907     4.02 0.0004339858  -8.4945  -8.8225   0.1698     3380.527     528.6383     956.8574    0.408   0
        58    561.160    400.316 327.8481874 +28.8131979     5.68 0.0006133796  -9.6101  -9.4467   0.0958     6007.562     529.9236     1051.228    0.132   0
        59    618.345    421.076 327.8410744 +28.8111032     5.52 0.0005958781 -12.5011 -12.5634   0.0059     106015.6     575.1586     1051.874    0.062   0
        60    445.542    422.015 327.8624124 +28.8105690     5.66 0.0006110182 -10.0501 -10.1317   0.0512      11289.5     532.3801     1044.487    0.046   0
        61    511.628    434.996 327.8542191 +28.8093358     5.48   0.00059165 -10.2068 -10.0645   0.0544     10611.65     531.8697     1047.085    0.076   0
        62    482.253    428.562 327.8578627 +28.8099556     6.19 0.0006688305  -9.0775  -8.5655   0.2151     2667.992     528.3755     1045.841    0.129   0
        63    284.490    442.830 327.8822494 +28.8079189     5.53 0.0005975658 -11.1360 -11.1908   0.0196     29944.51      541.084     1026.075    0.056   0
        64    315.562    439.567 327.8784205 +28.8083493     5.96  0.000643988  -9.2648  -9.4051   0.0995     5781.513     529.8022      1031.82    0.186   0
        65    877.057    464.570 327.8090194 +28.8070569     5.75 0.0006211834 -11.8680 -11.9491   0.0100     60206.38     554.9182     1013.197    0.073   0
        66    178.563    453.178 327.8953045 +28.8065346     5.69 0.0006148704 -10.4200 -10.4905   0.0369     15710.72     534.3934      997.663    0.090   0
        67    142.014    450.208 327.8998253 +28.8067617     3.87  0.000418173  -8.3265  -8.4344   0.2425     2364.662     527.9791     986.0489    0.389   0
        68    493.687    482.107 327.8563187 +28.8042128     5.30 0.0005725648 -12.3792 -12.4405   0.0065     94663.47     570.2167     1043.912    0.062   0
        69    330.085    480.669 327.8765249 +28.8039557     6.06 0.0006546883  -9.8562  -9.9439   0.0608      9496.39     531.5966      1032.14    0.061   0
        70    549.212    492.485 327.8494366 +28.8032333     5.32 0.0005747493 -11.6287 -11.6905   0.0126     47444.77     549.0673     1046.047    0.038   0
        71     81.418    490.668 327.9072064 +28.8022459     6.50 0.0007020254  -9.3162  -9.4332   0.0970     5933.285     529.8886     961.2936    0.062   0
        72    235.607    495.062 327.8881556 +28.8021650     5.82 0.0006285463  -9.7065  -9.7629   0.0717     8037.928     530.7918     1009.581    0.112   0
        73    413.182    562.997 327.8660599 +28.7952915     5.09 0.0005496684 -14.5118 -14.5468   0.0013     658730.6     779.0263     1033.822    0.026   0
        74    884.455    956.084 327.8069198 +28.7540953     7.53   0.00081307 -10.8295 -11.2699   0.0183     32207.69     542.1721     886.4992    0.286   0
        75    846.958   1022.822 327.8113866 +28.7468092     5.27 0.0005692965  -9.9706  -9.9931   0.0512     9936.513     468.8636      924.188    0.217  16
        76    852.477   1004.771 327.8107492 +28.7487685     4.92 0.0005317021 -10.9285 -11.0391   0.0225     26039.74     539.2622     925.1384    0.150   0
        77    457.091    987.937 327.8595897 +28.7495985     5.27 0.0005695711 -10.3946 -10.4947   0.0368     15772.28     534.5399     885.0263    0.076   0
        78    781.577    976.380 327.8195686 +28.7516535     4.89 0.0005279034 -14.6546 -14.6885   0.0012     750599.6     808.0192     938.5556    0.092   0
        79    365.663    978.848 327.8708963 +28.7503481     5.26 0.0005683286 -12.8467 -12.8968   0.0045     144117.9     591.3954     872.1541    0.105   0
        80    237.114    982.962 327.8867519 +28.7495794     6.30 0.0006802269 -10.3164 -10.2279   0.0469     12335.28      532.871     839.4882    0.191   0
        81    152.123    855.315 327.8975615 +28.7631221     3.75 0.0004046372  -8.6312  -8.9891   0.1458     3941.262     528.9628     884.9054    0.273   0
        82    724.517    854.012 327.8269089 +28.7647019     5.04 0.0005449431  -8.8758  -8.9898   0.1456     3943.786     528.8452     982.0656    0.174   0
        83    342.611    844.070 327.8740760 +28.7648173     5.19  0.000560416 -10.6362 -10.6881   0.0309     18847.41     535.9175     933.4725    0.067   0
        84    295.680    832.264 327.8798984 +28.7659712     5.61 0.0006060899  -8.6653  -8.4532   0.2385     2405.934     528.2664     930.6077    0.142   0
        85    851.415    825.786 327.8113127 +28.7680585     4.96 0.0005355916 -11.2993 -11.4422   0.0157     37745.96     544.4745     979.4962    0.112   0
        86    790.882    823.138 327.8187916 +28.7681943     4.80 0.0005179729 -10.6457 -10.6981   0.0306     19020.98     536.1011     994.3877    0.120   0
        87    912.029    880.940 327.8036973 +28.7622629     3.90  0.000421591  -8.8363  99.0000  99.0000    -15443.47     527.1266     842.7178    0.115   0
        88    113.306    862.125 327.9023358 +28.7622892     5.75  0.000621648 -11.1375 -11.1597   0.0202     29098.91     540.6931      868.967    0.174   0
        89    654.348    844.602 327.8355936 +28.7655417     4.69 0.0005071001 -13.3555 -13.4012   0.0030     229346.7     626.3512     978.3342    0.057   0
        90    882.341    887.195 327.8073468 +28.7615156     4.96  0.000535438  -8.2194 -11.1872   0.0197     29844.32     540.9505     912.9056    0.157   1
        91    114.858    837.504 327.9022060 +28.7649469     6.20 0.0006698429  -9.8540  -9.4292   0.0974     5911.228     529.8931     881.3104    0.196   0
        92    879.725    860.170 327.8077349 +28.7644222     4.66 0.0005031886  -9.8310 -11.2230   0.0191     30845.82     541.4712      926.636    0.660   0
        93    880.503    815.306 327.8077472 +28.7692599     5.22 0.0005633628 -10.0896 -11.2511   0.0186     31654.05     541.9893     936.9313    0.426   0
        94    882.486    834.975 327.8074550 +28.7671446     2.26 0.0002441981  -9.4717 -11.2100   0.0193     30477.88     541.3158     928.7111    0.381   0
        95    322.871    791.104 327.8766443 +28.7704764     4.94 0.0005332482 -12.1912 -12.2369   0.0078     78480.34     563.0629     953.6124    0.046   0
        96    287.878    877.310 327.8807494 +28.7610960     5.33  0.000576142 -10.5739 -10.6121   0.0331      17572.9     535.3961     907.7213    0.102   0
        97    764.173    904.481 327.8218912 +28.7593603     3.83 0.0004134073  -8.7690  -8.6780   0.1939     2959.392     528.4094     965.4972    0.150   0
        98    303.050    795.431 327.8790803 +28.7699599     5.13 0.0005543788 -10.6023 -10.7341   0.0296     19663.06     536.2979     948.2914    0.047   0
        99    600.400    800.748 327.8423604 +28.7701342     4.79 0.0005176924 -10.2442 -10.2388   0.0464     12459.67     532.7966     987.7197    0.073   0
       100     53.155    790.598 327.9099407 +28.7698451     5.86 0.0006334254 -10.2582 -10.3644   0.0414     13987.71     533.4984     878.5612    0.203   0
       101    884.780    800.233 327.8072555 +28.7708951     3.83 0.0004134868  -9.3862 -11.2191   0.0191      30736.1      541.348     930.2717    0.517   2
       102    467.483    887.225 327.8585553 +28.7604801     4.96 0.0005355232 -10.7425 -10.7513   0.0292     19977.08     536.4442     935.6055    0.038   0
       103    706.965    765.018 327.8292923 +28.7742509     4.97 0.0005366384 -10.6375 -10.7084   0.0303     19201.86     536.0095     1009.786    0.036   0
       104    885.009    779.958 327.8072762 +28.7730812     7.30 0.0007888362 -10.8499 -11.1962   0.0195     30095.28     541.0519     936.5328    0.560   0
       105    647.621    780.974 327.8365794 +28.7723834     4.89  0.000528109 -10.5663 -10.5636   0.0346     16805.44     534.8466       1000.9    0.043   0
       106    883.362    760.300 327.8075270 +28.7751960     6.86 0.0007405723 -10.6386 -11.1278   0.0208     28255.41     540.2593     948.4232    0.514   0
       107    580.490    910.477 327.8445493 +28.7582569     5.65 0.0006099582  -8.5944  -8.8755   0.1618     3549.862     528.8076     939.7949    0.006   0
       108    884.501    931.010 327.8069745 +28.7567981     5.93 0.0006401535 -10.3379 -11.2047   0.0194     30330.78     541.2188     890.9038    0.468   0
       109    510.255    762.977 327.8535814 +28.7739799     5.43 0.0005866017  -9.0036  -8.7540   0.1809      3173.97     528.5703     989.9963    0.215   0
       110    495.098    728.039 327.8555387 +28.7777078     5.30 0.0005730023  -9.8294  -9.8359   0.0671     8597.505     531.0701     1001.182    0.053   0
       111    628.949    735.874 327.8389948 +28.7771981     4.76 0.0005143475 -12.3790 -12.4243   0.0066     93267.89     569.5493      1014.35    0.065   0
       112    883.278    713.399 327.8076505 +28.7802512     4.41 0.0004767999  -9.6509 -11.0695   0.0219     26779.27     539.5322     960.6854    0.729   0
       113     81.310    726.151 327.9066272 +28.7768636     6.03 0.0006514083 -10.6825 -10.8079   0.0277     21046.22     537.0008     914.2253    0.098   0
       114    687.415    913.793 327.8313431 +28.7581661     4.77 0.0005157028 -11.3636 -11.4538   0.0155     38151.17     544.6606     953.0886    0.084   0
       115    778.165    695.311 327.8206716 +28.7819412     5.66 0.0006115377  -9.6629  -9.8090   0.0688     8386.494     530.9856     1031.335    0.120   0
       116    234.611    711.249 327.8877389 +28.7788602     5.37 0.0005802674 -11.1802 -11.2346   0.0189     31178.68     541.6539     960.7522    0.044   0
       117    603.426    639.923 327.8423807 +28.7874768     5.34 0.0005764656  -9.5474  -9.5549   0.0868     6636.714     530.2204     1035.471    0.074   0
       118    409.338    681.831 327.8662404 +28.7824729     4.95  0.000535226 -14.0540 -14.0886   0.0018     431962.9     702.7291     1010.396    0.006   0
       119    579.727    705.640 327.8451456 +28.7803340     5.24 0.0005664654  -9.3104  -9.4424   0.0962     5983.387     529.8975     1017.439    0.102   0
       120    304.037    637.241 327.8793519 +28.7870134     5.53 0.0005976217  -9.8583 -10.0825   0.0536     10789.51     532.1896     998.9013    0.049   0
       121    524.866    922.384 327.8513858 +28.7568343     5.33 0.0005762227  -8.6783  -9.0326   0.1400     4102.526     529.0093     927.5168    0.300   0
       122     22.690    554.998 327.9142960 +28.7951617     6.28 0.0006787885 -10.4587 -10.5265   0.0358     16240.87     534.6414     933.0715    0.142   0
       123    879.717    898.739 327.8076428 +28.7602648     5.57 0.0006020298 -10.1416 -11.1898   0.0196     29917.67     541.1587     913.6393    0.404   0
       124     87.434    645.599 327.9060738 +28.7855618     5.84 0.0006309316 -10.4798 -10.5640   0.0345     16810.97     534.8051     938.3684    0.155   0
       125    462.240    655.721 327.8597736 +28.7854203     5.48 0.0005923455  -9.7015  -9.8739   0.0648     8903.146     531.2584     1020.653    0.065   0
       126    389.956    667.969 327.8686677 +28.7839182     5.89  0.000636007  -9.3938  -9.6172   0.0819     7028.767     530.3608     1011.055    0.037   0
       127    784.894    653.655 327.8199418 +28.7864478     5.03 0.0005435596  -9.9378 -10.1110   0.0522     11076.41     532.3244     1040.293    0.109   0
       128    437.205    651.106 327.8628759 +28.7858548     4.96 0.0005354615 -12.9591 -13.0001   0.0041       158502     597.4451     1021.138    0.023   0
       129    635.345    877.906 327.8378580 +28.7619046     4.80 0.0005187922  -8.9341  -9.1382   0.1271     4521.667     529.2371     961.7853    0.138   0
       130    298.379    582.220 327.8801874 +28.7929296     5.21 0.0005630844 -12.5064 -12.5695   0.0059     106606.8     575.2242     1010.523    0.018   0
       131    890.675    962.778 327.8061358 +28.7533891     7.33 0.0007915912 -10.6872 -11.1403   0.0205     28583.71     540.4548     867.3947    0.410   2
       132    268.753    968.928 327.8828820 +28.7511723     6.17 0.0006670216  -9.4479  -9.5351   0.0883     6517.029     530.0898     855.3098    0.193   0
       133    758.741    560.383 327.8233975 +28.7964367     4.70 0.0005075026  -8.4068  -8.7724   0.1778     3228.207     528.5514     1050.268    0.350   0
       134    537.183    598.489 327.8506613 +28.7917772     5.04  0.000544374 -12.8910 -12.9512   0.0043     151523.9     594.6368     1041.074    0.052   0
       135    548.297    614.527 327.8492497 +28.7900764     5.04 0.0005439849 -11.0820 -11.1802   0.0198     29653.58     540.9495     1040.089    0.058   0
       136    691.225    595.226 327.8316494 +28.7925134     5.27 0.0005697974 -10.6718 -10.7394   0.0295     19758.92     536.2839     1047.588    0.084   0
       137    872.902   1002.018 327.8082349 +28.7491157     7.78 0.0008402416 -10.1467 -10.7594   0.0290     20126.71     536.5726     903.4897    0.285   0
       138    835.429    549.974 327.8139533 +28.7977485     7.14 0.0007712127  -8.9120  99.0000  99.0000    -4036.717     526.9775     1048.973    0.142   0
       139    450.063    538.688 327.8615659 +28.7980044     5.77 0.0006231836  -8.7396  -9.1599   0.1246     4612.818      529.295     1039.475    0.222   0
       140    178.886    924.615 327.8940845 +28.7557206     6.02 0.0006499129 -10.2167 -10.2690   0.0452     12811.26     533.0648     853.6554    0.142   0
       141    625.608    973.345 327.8388265 +28.7515931     4.88  0.000526913 -11.1525 -11.2478   0.0186      31559.9     541.7573     918.2505    0.063   0
       142    901.381    955.212 327.8048327 +28.7542310     3.44 0.0003718574  -8.4588  -9.5910   0.0839     6861.129     530.1039     845.2384    0.418   0
