#   1 NUMBER                 Running object number                                     
#   2 X_IMAGE                Object position along x                                    [pixel]
#   3 Y_IMAGE                Object position along y                                    [pixel]
#   4 ALPHA_J2000            Right ascension of barycenter (J2000)                      [deg]
#   5 DELTA_J2000            Declination of barycenter (J2000)                          [deg]
#   6 FWHM_IMAGE             FWHM assuming a gaussian core                              [pixel]
#   7 FWHM_WORLD             FWHM assuming a gaussian core                              [deg]
#   8 MAG_BEST               Best of MAG_AUTO and MAG_ISOCOR                            [mag]
#   9 MAG_APER               Fixed aperture magnitude vector                            [mag]
#  10 MAGERR_APER            RMS error vector for fixed aperture mag.                   [mag]
#  11 FLUX_APER              Flux vector within fixed circular aperture(s)              [count]
#  12 FLUXERR_APER           RMS error vector for aperture flux(es)                     [count]
#  13 BACKGROUND             Background at centroid position                            [count]
#  14 ELLIPTICITY            1 - B_IMAGE/A_IMAGE                                       
#  15 FLAGS                  Extraction flags                                          
         1    839.694     79.971 200.9174299 +36.1190236   139.34   0.01503298 -14.8506 -12.8014   0.0049     132001.5     594.8068     840.0577    0.605  16
         2    827.644      9.849 200.9191723 +36.1265202    91.71  0.009894292 -13.7785 -12.7057   0.0050       120856     557.3383     394.8142    0.816  24
         3    681.032    206.900 200.9384811 +36.1049500     6.10 0.0006585803 -15.4445 -15.4753   0.0007      1549178     1030.728     1107.185    0.089   4
         4    768.207    204.484 200.9267939 +36.1054535     4.75 0.0005122825 -14.9725 -15.0071   0.0010      1006529       889.36     1108.523    0.058   0
         5    218.789    171.781 201.0005403 +36.1074080     1.15 0.0001235841  -7.3274  -8.3790   0.2597      2247.01     537.2684     1053.531    0.230   0
         6    121.352    215.802 201.0135233 +36.1024000     4.47 0.0004818078 -13.1904 -13.2402   0.0034     197733.5     621.6637      1023.56    0.086   0
         7    544.385    213.472 200.9567950 +36.1038594     4.85 0.0005237036  -8.5412  -8.9494   0.1538     3799.787     538.2477     1099.088    0.139   0
         8    333.355    277.676 200.9849753 +36.0963651     3.34 0.0003603898  -8.6189  -8.6482   0.2028     2879.331     537.7897         1077    0.155   0
         9    622.324    338.019 200.9461140 +36.0907048     4.42 0.0004771948 -10.8419 -10.9415   0.0250     23801.31     547.4441      1097.04    0.103   0
        10    262.257    384.401 200.9943065 +36.0847009     6.24 0.0006732043  -9.1689  -9.1566   0.1272      4598.77     538.4372     1059.326    0.225   0
        11    798.632    407.041 200.9223485 +36.0837869     2.22 0.0002393154  -7.9290  -7.9282   0.3932     1483.539     537.1253     1094.696    0.333   0
        12    198.251    446.912 201.0027687 +36.0778044     6.25 0.0006738257  -8.9329  -9.0595   0.1390     4205.277     538.4208     1034.436    0.319   0
        13     26.567    495.965 201.0256901 +36.0720406     6.17 0.0006655631  -9.2151  -9.3104   0.1104     5298.554     538.8678     965.2027    0.250   0
        14    140.364    536.835 201.0103566 +36.0679813     4.55 0.0004909433 -12.9265 -12.9654   0.0043     153518.9     603.7424     1005.487    0.167   0
        15    894.446    905.910 200.9086126 +36.0304822     3.84 0.0004139947 -11.2730 -11.1911   0.0199     29953.61     550.2465     897.9161    0.433   2
        16    881.188    888.386 200.9104203 +36.0323272    15.05   0.00162364 -11.0290 -11.4102   0.0164      36651.3     553.0751     937.8268    0.364   3
        17    110.520    889.189 201.0136785 +36.0300582     5.15 0.0005561149  -8.7999  -8.9701   0.1509     3873.014     538.2061     853.4526    0.266   0
        18    881.597    825.732 200.9104772 +36.0390565     8.90 0.0009606671 -11.2822 -11.3147   0.0179     33563.44     551.7956     958.8332    0.506   2
        19    882.208    800.347 200.9104406 +36.0417841     9.24 0.0009970552 -11.1551 -11.3083   0.0180     33365.87     551.7504     968.5722    0.537   0
        20    885.388    782.769 200.9100459 +36.0436805     9.80  0.001057631 -11.3817 -11.2905   0.0182     32823.29     551.3125     965.3148    0.303   2
        21     47.803    780.257 201.0222925 +36.0415740     5.35 0.0005767418  -8.5253  -8.2894   0.2820      2069.04     537.2917     898.9459    0.434   0
        22    532.441    731.936 200.9574379 +36.0481507     3.51 0.0003787295  -9.6656  -9.9442   0.0618     9499.118      540.813     1032.446    0.082   0
        23    222.393    726.847 200.9989986 +36.0478133     4.49 0.0004844705 -10.2524 -10.2899   0.0451     13060.72      542.427     977.0997    0.205   0
        24    883.550    717.851 200.9104080 +36.0506467     9.04 0.0009751763 -11.1537 -11.2179   0.0195     30701.32     550.5417      987.205    0.332   0
        25    539.105    711.048 200.9565834 +36.0504125     4.84 0.0005221259 -10.1212 -10.3478   0.0428     13776.46     542.8467     1040.187    0.045   0
        26    487.321    678.009 200.9635847 +36.0538138     3.71 0.0004002844 -10.1428 -10.1396   0.0517     11372.55     541.6784     1046.518    0.117   0
        27    880.138    663.705 200.9109619 +36.0564518     4.62 0.0004989282  -9.7245 -11.2118   0.0196     30528.31     550.5075     1012.962    0.466   2
        28    886.920    896.391 200.9096379 +36.0314836    17.43  0.001880413  -9.9817 -11.2233   0.0194     30854.82     550.6114     919.3394    0.571   3
        29    883.057    872.726 200.9101977 +36.0340141    19.88   0.00214472 -12.2967 -11.4210   0.0162     37018.54     553.3882     938.4036    0.255   2
        30    882.979    854.682 200.9102403 +36.0359515    15.82  0.001706619 -12.2010 -11.4303   0.0161     37333.81     553.5894     945.2139    0.054   2
        31    882.292    811.853 200.9104088 +36.0405488     8.87 0.0009570397  -9.8266 -11.2676   0.0186     32138.83     551.2384     964.1117    0.577   3
        32    881.171    750.005 200.9106694 +36.0471872     3.93 0.0004239177  -9.5324 -11.2326   0.0192     31119.22     550.5688     987.1452    0.496   0
        33    883.433    680.282 200.9104907 +36.0546807     5.53 0.0005965745 -10.2886 -11.2175   0.0195     30690.85     550.5518     999.8261    0.734   2
        34    881.296    632.104 200.9108631 +36.0598484     4.85 0.0005232573  -9.9622 -11.1244   0.0212     28167.86     549.5679     1017.261    0.284   0
        35    767.130    602.884 200.9262184 +36.0626683     3.73 0.0004028562 -10.2664 -10.4103   0.0404     14592.04     543.2522     1084.937    0.146   0
        36    864.852    692.831 200.9129586 +36.0532816     3.91 0.0004221426  -8.7228 -10.4954   0.0374     15782.22     543.7697     1051.167    0.263   0
        37    705.379    569.270 200.9345568 +36.0661053     5.94 0.0006406957  -8.4223  -9.1787   0.1246     4693.237     538.6776     1085.082    0.230   0
        38    885.372    950.721 200.9097485 +36.0256450    24.17  0.002607817 -12.8566 -11.4538   0.0158     38150.81     553.9142     906.4752    0.553   2
