#   1 NUMBER                 Running object number                                     
#   2 X_IMAGE                Object position along x                                    [pixel]
#   3 Y_IMAGE                Object position along y                                    [pixel]
#   4 ALPHA_J2000            Right ascension of barycenter (J2000)                      [deg]
#   5 DELTA_J2000            Declination of barycenter (J2000)                          [deg]
#   6 FWHM_IMAGE             FWHM assuming a gaussian core                              [pixel]
#   7 FWHM_WORLD             FWHM assuming a gaussian core                              [deg]
#   8 MAG_BEST               Best of MAG_AUTO and MAG_ISOCOR                            [mag]
#   9 MAG_APER               Fixed aperture magnitude vector                            [mag]
#  10 MAGERR_APER            RMS error vector for fixed aperture mag.                   [mag]
#  11 FLUX_APER              Flux vector within fixed circular aperture(s)              [count]
#  12 FLUXERR_APER           RMS error vector for aperture flux(es)                     [count]
#  13 BACKGROUND             Background at centroid position                            [count]
#  14 ELLIPTICITY            1 - B_IMAGE/A_IMAGE                                       
#  15 FLAGS                  Extraction flags                                          
         1    852.732     88.914 238.0170638 +32.9327603   105.52   0.01133488 -15.4165 -13.3212   0.0037     213055.7     727.3564     997.5364    0.468  19
         2    817.338     47.093 238.0216859 +32.9371418    82.13  0.008823187 -14.3081 -12.8726   0.0054     140947.7     702.1179     721.5647    0.754  19
         3    827.286     10.244 238.0204725 +32.9411091    93.66   0.01006135 -14.1370 -13.1604   0.0040     183713.2     681.6285     326.8343    0.808  24
         4    492.014     51.149 238.0634846 +32.9358564     3.79   0.00040756  -9.4771  99.0000  99.0000    -11866.55     649.9047     1085.453    0.073   0
         5    248.077     76.789 238.0947837 +32.9324665    12.81  0.001376448 -11.7707 -11.4282   0.0194     37263.73     664.0304     1171.837    0.297   0
         6    199.610     77.779 238.1010097 +32.9322309     3.45 0.0003711297  -9.2157 -11.3170   0.0214     33635.63     662.3925     1160.886    0.422   0
         7     79.009     81.496 238.1164996 +32.9315096     3.76 0.0004037767  -9.6327 -11.3754   0.0203     35493.93     663.3998     1131.264    0.384   0
         8    122.111     82.587 238.1109591 +32.9315088     6.92 0.0007431332 -10.8782 -11.4570   0.0189      38263.8     664.4787     1155.286    0.421   0
         9    341.355     84.471 238.0827834 +32.9318933     4.91 0.0005273109  -9.8753 -11.2377   0.0230     31265.58     661.7682     1239.325    0.382   0
        10     65.144    120.728 238.1182072 +32.9272760     3.96  0.000425416 -13.7280 -13.7679   0.0026     321490.7     763.6083     1217.187    0.009   0
        11    729.889    129.950 238.0327760 +32.9280518     3.85  0.000413299 -10.0976  99.0000  99.0000    -5049.592     649.9783     1379.992    0.091   0
        12    751.733    134.691 238.0299608 +32.9276015     3.80 0.0004082789  -9.7505  99.0000  99.0000    -13721.95     649.9966     1380.404    0.083   0
        13    624.385    139.834 238.0463148 +32.9267188     3.41 0.0003668492  -7.7502  99.0000  99.0000    -10105.92     649.7944     1376.723    0.412   0
        14    598.997    142.937 238.0495713 +32.9263203     3.40 0.0003651474  -7.4366  99.0000  99.0000    -7909.245     649.7944     1374.738    0.012   0
        15    371.334    150.993 238.0788090 +32.9248578     4.87  0.000522952  -9.4356  -9.9513   0.0742      9561.49     653.5907     1340.086    0.387   0
        16    700.850    198.027 238.0363857 +32.9206944     4.37 0.0004695225 -11.7440 -11.8623   0.0131     55582.08     670.9272      1379.71    0.054   0
        17    477.654    189.811 238.0650774 +32.9209872     3.96 0.0004255267  -9.2115  -9.8323   0.0828     8568.685     653.1926     1358.619    0.071   0
        18    322.798    193.115 238.0849675 +32.9202233     4.13 0.0004439712  -9.6833 -10.0053   0.0706      10049.3     653.6676     1329.573    0.056   0
        19    112.328    261.990 238.1118793 +32.9122936     3.87  0.000415628 -13.7073 -13.7578   0.0026     318511.9     762.6481     1242.401    0.008   0
        20    762.063    282.740 238.0283705 +32.9117929     3.91   0.00042055 -12.1147 -12.2009   0.0097     75920.23     678.4633     1380.232    0.062   0
        21    235.279    282.123 238.0960465 +32.9104697     4.87 0.0005232668  -9.6839 -10.2110   0.0585     12144.94     654.6877     1303.194    0.300   0
        22      6.022    323.467 238.1254198 +32.9054314     4.13  0.000443233  -8.7911  -7.1544   0.8291     727.3577     555.2988     1183.779    0.174  16
        23    581.162    333.642 238.0515189 +32.9058754     3.87 0.0004162175 -11.1998 -11.3089   0.0216     33386.57     662.6412     1360.787    0.055   0
        24    287.510    347.328 238.0892160 +32.9036346     3.74  0.000401977 -11.0636 -11.1338   0.0253     28413.52     660.8165     1316.912    0.006   0
        25     43.258    350.877 238.1205848 +32.9026002     4.39 0.0004720649  -9.0775  -9.0324   0.1725     4101.669     651.5173       1201.5    0.041   0
        26    450.653    388.232 238.0681846 +32.8996926     3.82 0.0004098837 -10.7598 -10.9436   0.0300     23846.86     659.0685     1340.123    0.036   0
        27    307.032    382.951 238.0866426 +32.8998763     0.00            0  -8.7890  -9.3295   0.1313     5392.458     651.9758     1318.775    0.028   0
        28     49.500    386.082 238.1197166 +32.8988515     1.48 0.0001586936  -7.5036  -7.0350   1.0836     651.6541     650.2289     1199.337    0.320   0
        29    511.311    439.144 238.0603005 +32.8944071     3.85 0.0004131503 -12.0725 -12.0686   0.0109     67213.02      675.318     1342.829    0.040   0
        30    158.581    456.461 238.1055737 +32.8916171     3.94 0.0004233208  -9.7951  -9.8099   0.0845     8393.605     653.1621     1248.312    0.140   0
        31    542.498    463.021 238.0562515 +32.8919352     3.74 0.0004021443  -8.6785  -9.4020   0.1229       5764.8     652.1735     1343.946    0.379   0
        32    270.065    498.380 238.0911773 +32.8874315     3.72 0.0003999214 -12.3601 -12.4153   0.0080      92492.3     684.5425     1293.094    0.036   0
        33     13.406    499.639 238.1241380 +32.8866081     3.98 0.0004276205 -10.3671 -10.2816   0.0540     12960.87     644.8128     1161.168    0.060  16
        34    440.170    505.896 238.0693163 +32.8870793     3.99 0.0004282896  -9.6596  -9.4836   0.1140     6215.062     652.2911     1329.037    0.146   0
        35    883.447    891.436 238.0117072 +32.8470006    62.83  0.006749415 -14.3564 -11.8443   0.0133     54664.88     670.6566     1120.719    0.786  18
        36    779.019    519.713 238.0257719 +32.8864900     4.20 0.0004513978  -8.0042  -7.1527   0.9724     726.2141     650.2391     1357.752    0.076   0
        37    883.615    667.103 238.0120794 +32.8709961    23.41  0.002514587 -12.9577 -11.5714   0.0170     42516.43     666.0768     1225.782    0.422   2
        38    301.828    761.946 238.0866113 +32.8593249     3.81 0.0004097892 -10.7770 -10.8630   0.0323     22141.39     658.4213     1194.942    0.055   0
        39    800.538   1023.937 238.0221166 +32.8326133     3.90 0.0004186398  -9.7712  -9.5656   0.0905     6702.394     558.5817     1146.867    0.137  16
        40    883.778    763.674 238.0118889 +32.8606671    46.73  0.005019847 -14.2716 -11.7262   0.0148     49030.82     668.5531     1183.588    0.801   2
        41    720.481    714.550 238.0329432 +32.8654975     7.73 0.0008307282  -9.8995  -9.9843   0.0720      9856.57      653.795     1305.319    0.390   0
        42    882.365    618.993 238.0123243 +32.8761388    18.89  0.002029216 -12.8656 -11.4785   0.0185     39030.23     664.5693     1250.324    0.784   2
        43    632.082    787.635 238.0441627 +32.8574492     5.26  0.000565368  -8.4943  -8.7530   0.2230     3170.963     651.1234       1254.9    0.284   0
        44    908.289    629.119 238.0089775 +32.8751227     3.60 0.0003869301 -10.9170  -7.5191   0.6939      1017.74      650.241     1123.518    0.053   0
        45    810.662    871.973 238.0210855 +32.8488939     3.76 0.0004042327 -12.7218 -12.7586   0.0060     126888.2     697.0767     1230.677    0.067   0
        46    882.942    605.927 238.0122733 +32.8775379     7.75 0.0008324109 -11.1007 -11.4196   0.0195     36968.87     663.9553     1249.315    0.180   0
        47    878.438    578.283 238.0129002 +32.8804831     4.63 0.0004971224  -9.8848 -11.2916   0.0219     32856.55     662.4412     1279.865    0.279   0
        48    380.891    705.990 238.0765627 +32.8655201     3.78 0.0004062162 -12.7049 -12.7700   0.0059     128236.5     697.4915     1249.579    0.042   0
        49    886.525   1002.070 238.0111180 +32.8351749    10.47  0.001124782 -11.5414 -11.5388   0.0175     41257.67      665.676     1058.835    0.672   0
        50    785.026    544.987 238.0249556 +32.8838023     0.00            0  -7.2422  99.0000  99.0000     -244.037     649.6656     1357.345    0.003   0
        51    130.372    637.572 238.1088576 +32.8721697     4.44 0.0004770916  -9.9391 -10.0792   0.0660     10756.48     653.9563     1183.376    0.091   0
        52    859.647    796.513 238.0149295 +32.8570922     4.35 0.0004673124 -11.9685 -12.1660   0.0100     73518.45     677.6306     1249.139    0.143   0
        53    358.926   1010.416 238.0788241 +32.8329002     4.13 0.0004434127  -8.5997  99.0000  99.0000    -83.95024     649.9599     1032.455    0.269   0
