#   1 NUMBER                 Running object number                                     
#   2 X_IMAGE                Object position along x                                    [pixel]
#   3 Y_IMAGE                Object position along y                                    [pixel]
#   4 ALPHA_J2000            Right ascension of barycenter (J2000)                      [deg]
#   5 DELTA_J2000            Declination of barycenter (J2000)                          [deg]
#   6 FWHM_IMAGE             FWHM assuming a gaussian core                              [pixel]
#   7 FWHM_WORLD             FWHM assuming a gaussian core                              [deg]
#   8 MAG_BEST               Best of MAG_AUTO and MAG_ISOCOR                            [mag]
#   9 MAG_APER               Fixed aperture magnitude vector                            [mag]
#  10 MAGERR_APER            RMS error vector for fixed aperture mag.                   [mag]
#  11 FLUX_APER              Flux vector within fixed circular aperture(s)              [count]
#  12 FLUXERR_APER           RMS error vector for aperture flux(es)                     [count]
#  13 BACKGROUND             Background at centroid position                            [count]
#  14 ELLIPTICITY            1 - B_IMAGE/A_IMAGE                                       
#  15 FLAGS                  Extraction flags                                          
         1    853.144     89.520 238.0167376 +32.9316011   120.13   0.01286593 -14.8413 -12.5971   0.0054     109355.5     540.2084     783.9228    0.494  19
         2    815.968     45.996 238.0215758 +32.9361337    72.27  0.007739921 -13.5059 -12.0574   0.0085     66522.09     519.7629     632.4984    0.772  19
         3    820.763      9.787 238.0210195 +32.9400042    79.41  0.008504346 -13.6842 -12.4829   0.0056     98441.69     504.7403     425.2414    0.766  24
         4    488.123     42.032 238.0636282 +32.9356332     5.93  0.000635444  -9.2045  99.0000  99.0000    -3011.242     486.9226     799.0765    0.048   0
         5     61.574    112.685 238.1182088 +32.9268855     7.05 0.0007554452 -13.8205 -13.8360   0.0020     342288.8     638.9246     901.6796    0.021   0
         6    184.961     82.984 238.1024375 +32.9304051     0.00            0  -9.0127 -10.6996   0.0283     19047.29     496.5247     883.5013    0.011   0
         7    726.416    121.824 238.0329370 +32.9278057     7.07 0.0007574731 -10.0544  -9.4782   0.0860     6183.982     489.9094     981.9891    0.114   0
         8    748.307    126.561 238.0301219 +32.9273625     7.10 0.0007603742  -9.6442  99.0000  99.0000     -675.379     486.8675     982.3462    0.222   0
         9    697.607    189.896 238.0365197 +32.9204736     7.71 0.0008258494 -11.9025 -11.8971   0.0098     57393.09     515.4443     984.1943    0.043   0
        10    319.090    185.189 238.0850634 +32.9199026     8.31 0.0008899819  -9.8303  -9.9336   0.0568     9406.587     491.7285     960.4227    0.120   0
        11    474.679    181.477 238.0651190 +32.9207411     5.70  0.000610857  -8.9936  -9.4578   0.0877      6069.31     490.0836     975.6318    0.241   0
        12    108.815    253.984 238.1119065 +32.9119706     6.79 0.0007271765 -13.7835 -13.8008   0.0021     331376.6     634.5031     917.1672    0.019   0
        13    758.801    274.655 238.0285350 +32.9116165     7.08 0.0007587646 -12.2125 -12.2420   0.0072     78847.12     525.7214     984.3041    0.083   0
        14    232.479    274.484 238.0960163 +32.9101428     5.74 0.0006148088  -9.5565 -10.2121   0.0441     12157.03     493.1385     948.0357    0.599   0
        15    577.762    325.509 238.0516624 +32.9056903     7.06 0.0007557915 -11.3360 -11.3894   0.0153     35953.77     505.0052     975.6428    0.062   0
        16    284.116    339.421 238.0892853 +32.9033735     6.87 0.0007353601 -11.1345 -11.1750   0.0185     29511.73     501.8594     956.1411    0.053   0
        17     39.961    342.420 238.1205806 +32.9023513     5.71 0.0006117907  -9.1367  -9.3871   0.0935     5686.558     489.7651     894.8693    0.187   0
        18    447.335    380.033 238.0682923 +32.8995129     7.13 0.0007635089 -10.9228 -10.9775   0.0220     24604.47     499.4089     966.3763    0.075   0
        19    508.023    431.040 238.0604273 +32.8942517     6.58 0.0007045916 -12.1585 -12.1912   0.0076      75248.8     524.0715     966.6353    0.056   0
        20    212.278    403.999 238.0983843 +32.8962887     0.97 0.0001038019  -7.5138  -3.5961  19.2669     27.44279     486.8678     937.8588    0.054   0
        21    154.965    448.216 238.1056551 +32.8914138     7.16 0.0007663633  -9.7898  -9.8713   0.0601     8882.574     491.3938     920.9609    0.053   0
        22    266.781    490.278 238.0912506 +32.8872544     6.60 0.0007068879 -12.4515 -12.4875   0.0059     98851.62     535.2751     944.9491    0.025   0
        23      9.923    491.450 238.1241715 +32.8863896     7.20 0.0007710892 -10.3498 -10.2942   0.0382     13111.94     461.7482     876.4641    0.033  16
        24    436.689    497.920 238.0694592 +32.8869251     8.04 0.0008610595  -9.6482  -9.6505   0.0735     7247.605      490.616     961.8801    0.285   0
        25    889.986    968.513 238.0105997 +32.8380711     3.73 0.0003997754  -9.2616 -10.9825   0.0219     24716.92     499.4249      813.305    0.376   0
        26    797.364   1015.272 238.0223896 +32.8328320     7.21 0.0007723574  -9.8191  -9.7368   0.0677     7847.174     489.2105     864.6565    0.161  16
        27    884.487    911.500 238.0113958 +32.8441289     3.76 0.0004025951  -9.2967 -11.1046   0.0197     27658.97     500.9758     838.1866    0.591   0
        28    888.608    864.195 238.0109438 +32.8491795     3.43 0.0003669222  -9.1221 -11.0233   0.0212     25662.58     499.7907     840.9158    0.411   0
        29    856.759    788.330 238.0151468 +32.8571722     7.15 0.0007656897 -12.0490 -12.0347   0.0087     65143.53     519.2803     920.4897    0.119   0
        30    883.632    732.637 238.0117929 +32.8631796     4.93 0.0005277654  -9.7227 -10.9582   0.0224     24169.75     499.1778     885.7844    0.650   0
        31    298.584    753.779 238.0867266 +32.8592769     6.84  0.000732029 -10.8386 -10.8724   0.0242     22333.72     498.0689     894.9702    0.082   0
        32    377.727    697.850 238.0766798 +32.8654604     6.54 0.0007000609 -12.7953 -12.8200   0.0045     134271.5     551.5213     923.3715    0.035   0
        33    126.762    629.418 238.1089577 +32.8720307     8.33 0.0008922123 -10.0167 -10.1399   0.0470     11374.76     492.6192     888.7319    0.121   0
        34    697.058    661.023 238.0358185 +32.8702865     3.46 0.0003701513  -6.9693  -7.6324   0.4687     1129.677      487.516     956.6788    0.010   0
        35    905.148    621.001 238.0092148 +32.8751312     6.82 0.0007305231 -11.0802 -10.9501   0.0226      23991.1     498.9136     852.1125    0.076   0
        36    883.413    961.788 238.0114526 +32.8387692     3.44 0.0003688831  -9.2593 -11.1628   0.0187     29182.14     501.4947     828.4551    0.415   0
        37    882.130    947.991 238.0116390 +32.8402353     5.09 0.0005453825  -9.9516 -11.1583   0.0187     29061.89     501.5952     833.3331    0.594   0
        38    716.641    706.776 238.0332342 +32.8654678     8.97 0.0009602454 -10.1641 -10.2686   0.0418     12806.48     493.4132     947.3004    0.417   0
        39    880.887    851.510 238.0119535 +32.8505093     3.90 0.0004174333  -9.8197 -11.0967   0.0198     27457.46     500.8485     862.0367    0.268   0
        40    884.228    881.545 238.0114772 +32.8473192     5.05 0.0005409923  -9.9110 -11.1307   0.0192     28331.99     501.2848     846.6254    0.770   0
        41    807.671    863.593 238.0213148 +32.8490180     6.57 0.0007037802 -12.8064 -12.8423   0.0044     137066.9     552.7748     911.0084    0.088   0
        42    885.398    931.189 238.0112474 +32.8420341     3.26 0.0003490651  -9.2533 -11.1035   0.0197     27630.84     500.7475     831.0375    0.413   0
