#   1 NUMBER                 Running object number                                     
#   2 X_IMAGE                Object position along x                                    [pixel]
#   3 Y_IMAGE                Object position along y                                    [pixel]
#   4 ALPHA_J2000            Right ascension of barycenter (J2000)                      [deg]
#   5 DELTA_J2000            Declination of barycenter (J2000)                          [deg]
#   6 FWHM_IMAGE             FWHM assuming a gaussian core                              [pixel]
#   7 FWHM_WORLD             FWHM assuming a gaussian core                              [deg]
#   8 MAG_BEST               Best of MAG_AUTO and MAG_ISOCOR                            [mag]
#   9 MAG_APER               Fixed aperture magnitude vector                            [mag]
#  10 MAGERR_APER            RMS error vector for fixed aperture mag.                   [mag]
#  11 FLUX_APER              Flux vector within fixed circular aperture(s)              [count]
#  12 FLUXERR_APER           RMS error vector for aperture flux(es)                     [count]
#  13 BACKGROUND             Background at centroid position                            [count]
#  14 ELLIPTICITY            1 - B_IMAGE/A_IMAGE                                       
#  15 FLAGS                  Extraction flags                                          
         1    840.385     79.882 238.0187271 +32.9333236   135.00   0.01450264 -14.5545 -12.4539   0.0058     95843.03     516.1261     753.3293    0.606  16
         2    825.060      9.481 238.0208185 +32.9408104    86.00  0.009239067 -13.5233 -12.3561   0.0060     87590.85     480.7803     427.8634    0.808  24
         3    491.401     47.948 238.0636559 +32.9358301     4.72 0.0005070452  -9.6327  -7.5560   0.4826     1052.929     467.8988      789.737    0.094   0
         4    247.715     72.558 238.0949452 +32.9325561     6.07 0.0006523157  -9.6963 -10.5821   0.0303     17093.92     476.5611     835.0526    0.383   0
         5     64.773    117.837 238.1183843 +32.9272277     4.68 0.0005022808 -13.7564 -13.8004   0.0020     331262.3     619.7746     870.8696    0.023   0
         6    729.372    126.824 238.0329201 +32.9280184     4.38 0.0004709277 -10.1336  -9.4136   0.0877     5827.005     470.5347     942.4709    0.066   0
         7    751.169    131.515 238.0301095 +32.9275734     4.49 0.0004826235  -9.8694  99.0000  99.0000     -817.726     467.4549      942.694    0.075   0
         8    624.283    136.868 238.0464141 +32.9266716     4.45 0.0004781193  -7.9828  99.0000  99.0000    -2853.521     467.5342     940.8365    0.272   0
         9    371.162    147.285 238.0789392 +32.9248943     7.80 0.0008374305  -9.6096  -9.7798   0.0628     8164.191      471.801     927.4114    0.327   0
        10    700.318    194.897 238.0365375 +32.9206657     4.91 0.0005276082 -11.8064 -11.8770   0.0096     56337.27     496.6965     943.3838    0.040   0
        11    477.376    186.827 238.0652135 +32.9209465     4.86 0.0005223571  -9.0857  -9.3880   0.0898     5691.189     470.4362     935.8194    0.193   0
        12    322.250    189.977 238.0851510 +32.9202010     4.90 0.0005263492  -9.7726  -9.9444   0.0540     9501.162     472.5089     923.3313    0.132   0
        13    111.949    259.092 238.1120609 +32.9122532     4.61 0.0004952035 -13.7325 -13.7780   0.0021     324494.1     617.1085     884.6683    0.017   0
        14    761.457    279.720 238.0285310 +32.9117561     4.63 0.0004970137 -12.1505 -12.2213   0.0071     77357.61     507.2272     943.3525    0.051   0
        15    234.611    278.957 238.0962570 +32.9104564    10.72  0.001151369 -10.3123 -10.3255   0.0382     13496.23     474.5398     911.0776    0.322   0
        16    580.508    330.673 238.0517025 +32.9058387     4.70 0.0005049498 -11.2645 -11.3816   0.0148     35698.82     486.1977     936.5912    0.029   0
        17      5.892    320.441 238.1255812 +32.9054106     4.83 0.0005186395  -8.6756  -8.2117   0.2249     1926.032      398.934     857.1109    0.185  16
        18    287.070    344.330 238.0893962 +32.9036070     4.49 0.0004822714 -11.0709 -11.1381   0.0184     28525.71     482.5337     919.8222    0.055   0
        19    719.234    342.997 238.0338491 +32.9048821     7.89 0.0008474233  -8.9757  -9.3201   0.0955     5346.142     470.1608     940.9238    0.747   0
        20     42.756    347.652 238.1207929 +32.9026006     5.16 0.0005540812  -9.1271  -9.4057   0.0883     5784.759      470.591     865.1974    0.131   0
        21    450.200    385.181 238.0683556 +32.8996703     4.64 0.0004989044 -10.7684 -10.9015   0.0227        22940     479.3474     929.1391    0.086   0
        22    510.800    436.062 238.0604768 +32.8943898     4.57 0.0004908085 -12.0955 -12.1465   0.0076     72210.63     504.5125     929.4373    0.074   0
        23    158.196    453.472 238.1057626 +32.8915967     4.84 0.0005195574  -9.8310  -9.9325   0.0546     9397.618     472.4149     887.5756    0.101   0
        24    541.742    461.067 238.0564561 +32.8917977     6.42 0.0006899509  -9.0435  -9.2557   0.1013     5038.439     470.1286     929.6829    0.276   0
        25    269.595    495.369 238.0913703 +32.8874139     4.61 0.0004953379 -12.3788 -12.4414   0.0059     94743.53     515.4973     908.8347    0.050   0
        26     13.044    496.666 238.1243375 +32.8865907     4.81 0.0005169912 -10.4206 -10.3528   0.0366     13839.32     465.7937     848.2527    0.053  16
        27    439.665    502.798 238.0695009 +32.8870688     4.78 0.0005134381  -9.6087  -9.6142   0.0730     7009.399     471.1362     924.7568    0.130   0
        28    778.483    516.183 238.0259352 +32.8865211     5.06 0.0005434277  -8.2741  -8.4796   0.2065     2465.047     468.7582     933.7534    0.255   0
        29    371.438    946.158 238.0774782 +32.8394920     1.41 0.0001513801  -7.6850  -7.8802   0.3583      1419.34     468.2398     806.6184    0.235   0
        30    512.377   1026.349 238.0592343 +32.8312896     4.28 0.0004601148  -8.3035  -5.6947   2.1304     189.6218     371.9845     805.8625    0.159  16
        31    799.804   1020.425 238.0223293 +32.8326701     4.86 0.0005223054  -9.8579  -9.8034   0.0570     8343.826      438.103     834.7111    0.132  16
        32    719.286    711.958 238.0332040 +32.8654386     9.42  0.001011826  -9.9848 -10.0300   0.0500     10280.36     472.9864     910.9272    0.377   0
        33    301.343    758.713 238.0868177 +32.8593455     4.79 0.0005150465 -10.7649 -10.8048   0.0248      20985.9     478.5985     863.6763    0.067   0
        34    380.371    702.933 238.0767641 +32.8655174     4.64 0.0004986504 -12.7307 -12.7888   0.0044     130472.2     532.6937     887.9079    0.050   0
        35    907.504    625.944 238.0091675 +32.8751194     4.39 0.0004712532 -11.0481 -10.7750   0.0254     20417.28     478.3014       818.91    0.086   0
        36    881.786    777.588 238.0122137 +32.8588417     3.45 0.0003704792  -8.9765 -10.9350   0.0220     23658.37     479.7992     850.7624    0.413   0
        37    859.001    793.326 238.0151141 +32.8571007     5.17 0.0005551224 -11.9250 -12.0183   0.0085     64169.33     500.5737     883.9167    0.088   0
        38    129.860    634.293 238.1090747 +32.8721906     5.32 0.0005717516  -9.9879 -10.1340   0.0455     11313.54     473.5321     858.6247    0.062   0
        39    631.532    784.156 238.0443530 +32.8574923     4.14 0.0004446737  -8.4412  -8.4278   0.2166     2350.239      468.697      889.361    0.320   0
        40    880.094    878.822 238.0122586 +32.8480150     5.45 0.0005853905  -9.8997 -11.0761   0.0194      26943.3     481.6747     829.6826    0.577   0
        41    886.011    929.632 238.0114119 +32.8425983     7.00  0.000751912 -10.4764 -11.0664   0.0196        26703      481.383     803.9265    0.755   0
        42    887.096    951.993 238.0112344 +32.8402106     5.98 0.0006420035 -10.1970 -11.0493   0.0199     26286.82      481.231     798.7304    0.563   0
        43    809.953    868.696 238.0212860 +32.8489169     4.58  0.000491514 -12.7443 -12.7946   0.0044     131177.5     533.0594     876.5767    0.056   0
        44    887.993    866.212 238.0112653 +32.8493833     5.17 0.0005550957  -9.9072 -10.9716   0.0213     24470.92     480.1966     818.5898    0.595   0
        45    358.180   1006.927 238.0790726 +32.8329606     5.30 0.0005693262  -8.5700  -8.5393   0.1955     2604.578     468.8853     781.8244    0.026   0
