#   1 NUMBER                 Running object number                                     
#   2 X_IMAGE                Object position along x                                    [pixel]
#   3 Y_IMAGE                Object position along y                                    [pixel]
#   4 ALPHA_J2000            Right ascension of barycenter (J2000)                      [deg]
#   5 DELTA_J2000            Declination of barycenter (J2000)                          [deg]
#   6 FWHM_IMAGE             FWHM assuming a gaussian core                              [pixel]
#   7 FWHM_WORLD             FWHM assuming a gaussian core                              [deg]
#   8 MAG_BEST               Best of MAG_AUTO and MAG_ISOCOR                            [mag]
#   9 MAG_APER               Fixed aperture magnitude vector                            [mag]
#  10 MAGERR_APER            RMS error vector for fixed aperture mag.                   [mag]
#  11 FLUX_APER              Flux vector within fixed circular aperture(s)              [count]
#  12 FLUXERR_APER           RMS error vector for aperture flux(es)                     [count]
#  13 BACKGROUND             Background at centroid position                            [count]
#  14 ELLIPTICITY            1 - B_IMAGE/A_IMAGE                                       
#  15 FLAGS                  Extraction flags                                          
         1     75.556    263.074 237.9858249 +32.9141986    68.30  0.007339255 -14.1988 -12.3732   0.0128     88977.05       1048.7     2066.179    0.813   2
         2     11.067     80.294 237.9945007 +32.9336080    67.53  0.007256412 -14.0564 -13.3004   0.0054     209013.4     1030.815     317.8185    0.587  24
         3    149.471     80.999 237.9767322 +32.9339002    59.71  0.006415731 -13.7606 -12.2993   0.0137     83126.59     1047.076     1762.497    0.813  16
         4    192.785     30.692 237.9712804 +32.9394040    32.06  0.003444626 -12.8540 -12.3915   0.0126     90485.92     1049.145     954.4839    0.275  17
         5    135.625     11.166 237.9786609 +32.9413446    88.75  0.009536314 -15.3381 -14.1210   0.0027     445034.3     1087.868     63.05589    0.747  24
         6     77.968    381.647 237.9852578 +32.9015025    47.86  0.005142978 -14.2585 -12.3097   0.0136     83921.87     1047.523     2077.843    0.705   3
         7     66.714    111.537 237.9872894 +32.9304091    30.12  0.003236426  99.0000  -9.8765   0.1253     8924.936     1029.585     1271.702    0.530   2
         8    917.729     88.533 237.8780929 +32.9350881     4.80 0.0005156737 -11.9077 -11.2953   0.0341     32970.12      1035.32     1930.081    0.190   0
         9     88.450    120.180 237.9844804 +32.9295409    27.13  0.002915489 -12.4662 -12.0128   0.0177     63846.64     1042.692     1677.677    0.628   2
        10    423.655     91.312 237.9415129 +32.9335162     4.58 0.0004925687 -11.4933 -11.5116   0.0280     40237.34     1037.045     2199.896    0.074   0
        11    554.605    139.525 237.9246014 +32.9286920     4.22  0.000453907 -10.8956  -9.4752   0.1811     6166.916     1028.625     2289.811    0.075   0
        12     77.380    454.021 237.9851760 +32.8937476    61.51  0.006609181 -14.2953 -12.2723   0.0140     81083.95     1046.446     2048.632    0.848  19
        13    989.461    194.921 237.8686680 +32.9238730     4.61 0.0004952567 -14.7496 -14.7946   0.0016     827665.4      1212.12     2024.951    0.138   0
        14    183.484    255.834 237.9719888 +32.9152602     4.44 0.0004774063 -11.9131 -12.0336   0.0174     65080.03     1042.959     2358.171    0.047   0
        15    253.436    270.017 237.9629805 +32.9139253     4.00 0.0004294489  -9.4763  -9.7649   0.1388     8052.963     1029.112     2357.273    0.129   0
        16    887.281    309.366 237.8815495 +32.9113525     5.81 0.0006240329  -9.4193  -9.5890   0.1632     6848.763     1028.935     2077.743    0.154   0
        17    569.774    410.652 237.9220858 +32.8996856    22.08  0.002372918 -16.9621 -16.9726   0.0004      6152492     2032.631     2299.008    0.322   4
        18    783.885    340.975 237.8947541 +32.9077020     4.23 0.0004541616 -12.1557 -12.2555   0.0142     79832.55     1046.518     2162.583    0.061   0
        19    156.684    374.500 237.9751721 +32.9024769     4.28 0.0004595564 -12.7919 -12.8468   0.0084     137630.3     1060.404     2355.396    0.030   0
        20    340.007    375.745 237.9516444 +32.9028263     4.23 0.0004550129  -9.2063  -9.8681   0.1262      8855.86     1029.249     2338.558    0.066   0
        21    207.413    399.247 237.9686090 +32.8999597     4.28 0.0004599032 -11.8418 -12.0235   0.0176     64473.54     1042.756     2349.844    0.055   0
        22    374.002    458.095 237.9471069 +32.8940932     4.60 0.0004943328  -9.8565 -10.2944   0.0853     13115.05     1030.254     2324.679    0.079   0
        23     79.516    680.228 237.9844108 +32.8695201    91.95  0.009880668 -15.4545 -12.4343   0.0121     94127.86     1049.899     2020.196    0.896  18
        24     83.652    906.453 237.9833895 +32.8452959    75.03  0.008062666 -14.7468 -12.3583   0.0130     87762.86     1048.411       1853.8    0.878  19
        25    964.348    501.789 237.8712671 +32.8909343     4.15 0.0004455298 -12.6233 -12.6455   0.0100     114337.7     1054.757     1856.133    0.112   0
        26    232.334    530.643 237.9651288 +32.8859492     4.19 0.0004504427  -9.0387  -9.2468   0.2235     4997.055     1028.398     2325.997    0.131   0
        27    404.113    785.117 237.9425497 +32.8591383     4.46 0.0004789772  -8.9093  -8.9722   0.2877     3880.415     1028.127     2158.843    0.217   0
        28     88.718    992.792 237.9825528 +32.8360599     7.50 0.0008063029 -11.5505 -11.6796   0.0240     46974.23     1038.552     1845.982    0.158   0
        29    534.530    669.003 237.9260657 +32.8719171     5.16  0.000553952  -9.2299  -9.0491   0.2681     4165.247     1028.196     2180.182    0.111   0
        30    754.906    947.029 237.8972210 +32.8427010     4.04 0.0004339336 -12.6400 -12.6413   0.0101     113903.6     1054.654     1659.587    0.072   0
        31    155.514    812.896 237.9743756 +32.8555089     3.92 0.0004207542 -11.8054 -11.8285   0.0210     53874.29     1040.442     2188.314    0.025   0
        32    589.439    952.016 237.9184302 +32.8417403     4.01 0.0004311852  -9.9221 -10.1233   0.0998     11202.72     1029.848     1847.581    0.116   0
        33     55.437    760.511 237.9873251 +32.8608555     1.02 0.0001097475  -8.7672 -10.2703   0.0872     12826.49       1030.3     1621.848    0.037   0
        34    689.419    694.494 237.9061432 +32.8695868     3.89 0.0004177031 -11.4825 -11.5150   0.0279     40365.64     1037.076     2002.012    0.079   0
        35    751.888    651.147 237.8982193 +32.8743911     4.34 0.0004667914  -9.6254  -9.7254   0.1439     7765.144     1029.216     1969.469    0.122   0
        36    440.553    618.842 237.9382274 +32.8770464     3.96 0.0004252792 -12.5710 -12.6401   0.0101     113775.1      1054.68     2269.244    0.039   0
        37    779.641    835.537 237.8942788 +32.8547086     4.13 0.0004436575 -10.7625 -10.8635   0.0506     22151.75     1032.589     1753.687    0.039   0
        38    653.851   1006.549 237.9100567 +32.8360647     4.02  0.000431782 -12.4845 -12.5030   0.0114     100277.8     1051.362     1723.033    0.051   0
        39     84.613    970.616 237.9831272 +32.8384248    11.91  0.001280285 -11.9537 -11.9333   0.0191     59338.19     1041.295     1810.141    0.674   0
        40    314.778    580.495 237.9544447 +32.8808254     4.07 0.0004374173  -9.5943  -9.8394   0.1296      8625.16     1029.396     2311.304    0.162   0
        41    723.660    882.572 237.9013614 +32.8495260     3.87 0.0004163345 -11.8414 -11.8771   0.0201     56340.78     1041.034     1773.789    0.082   0
        42    579.658    567.999 237.9204880 +32.8828547     4.88 0.0005246157  -9.4188  -9.6724   0.1511     7395.644     1028.807     2207.889    0.379   0
        43    709.959    673.316 237.9035522 +32.8719084     3.99 0.0004292206  -8.9148  -7.4704   1.1467     973.1373     1027.565     1997.483    0.093   0
