#   1 NUMBER                 Running object number                                     
#   2 X_IMAGE                Object position along x                                    [pixel]
#   3 Y_IMAGE                Object position along y                                    [pixel]
#   4 ALPHA_J2000            Right ascension of barycenter (J2000)                      [deg]
#   5 DELTA_J2000            Declination of barycenter (J2000)                          [deg]
#   6 FWHM_IMAGE             FWHM assuming a gaussian core                              [pixel]
#   7 FWHM_WORLD             FWHM assuming a gaussian core                              [deg]
#   8 MAG_BEST               Best of MAG_AUTO and MAG_ISOCOR                            [mag]
#   9 MAG_APER               Fixed aperture magnitude vector                            [mag]
#  10 MAGERR_APER            RMS error vector for fixed aperture mag.                   [mag]
#  11 FLUX_APER              Flux vector within fixed circular aperture(s)              [count]
#  12 FLUXERR_APER           RMS error vector for aperture flux(es)                     [count]
#  13 BACKGROUND             Background at centroid position                            [count]
#  14 ELLIPTICITY            1 - B_IMAGE/A_IMAGE                                       
#  15 FLAGS                  Extraction flags                                          
         1    852.327     88.371 238.0165940 +32.9318265   120.43    0.0129196 -14.7263 -12.4764   0.0057      97852.6      510.219      752.184    0.505  19
         2    818.091     46.664 238.0210584 +32.9361903    68.87  0.007388069 -13.3535 -11.8532   0.0096     55118.05     488.8804     629.4885    0.804  19
         3    820.998      9.563 238.0207485 +32.9401612    78.72  0.008445278 -13.5436 -12.3269   0.0060     85262.21     473.5313     444.3854    0.772  24
         4    485.782     39.761 238.0637161 +32.9360340     6.86 0.0007354519  -9.5665  99.0000  99.0000    -1852.974     459.6884     766.8859    0.334   0
         5     58.411    110.806 238.1184306 +32.9272746     6.64 0.0007122567 -13.8424 -13.8753   0.0019       354907      623.435     863.1926    0.090   0
         6    723.691    119.941 238.0330470 +32.9281105     6.88 0.0007376068 -10.2800  -9.7644   0.0626         8049     464.1998     932.0928    0.047   0
         7    745.525    124.635 238.0302373 +32.9276676     6.85 0.0007348339  -9.9800  -8.5861   0.1842     2719.295     461.2686     932.3443    0.035   0
         8    365.102    140.524 238.0790242 +32.9249425     9.52  0.001020779  -9.6858  -9.6739   0.0680     7405.512     463.7758     916.5042    0.254   0
         9    694.687    188.044 238.0366516 +32.9207581     6.67 0.0007153667 -11.8971 -11.9469   0.0089     60083.16     491.4128     933.2449    0.030   0
        10    316.149    183.137 238.0852297 +32.9202571     6.61 0.0007092644  -9.8814  -9.9452   0.0531     9507.542     464.8303     912.8896    0.083   0
        11    471.768    180.005 238.0652681 +32.9210153     7.74 0.0008307678  -9.2337  -9.4159   0.0861     5839.382     462.7628     925.2548    0.177   0
        12    105.741    252.024 238.1121014 +32.9123208     6.35 0.0006817592 -13.8080 -13.8417   0.0020     344109.4     619.2446     876.5398    0.072   0
        13    755.954    272.828 238.0286452 +32.9118657     6.25 0.0006708209 -12.2306 -12.2646   0.0068     80509.15     501.6371     934.8381    0.021   0
        14    227.660    272.203 238.0964237 +32.9105009     9.63   0.00103347 -10.2234 -10.3221   0.0377      13453.7     466.9478     902.3859    0.420   2
        15    575.002    323.634 238.0517723 +32.9059524     5.98  0.000641981 -11.3311 -11.4242   0.0140     37124.95     479.3914     927.1058    0.028   0
        16    281.150    337.437 238.0894448 +32.9036794     5.70 0.0006110558 -11.1910 -11.2683   0.0161     32160.03     476.9707     908.4882    0.057   0
        17     36.828    340.586 238.1207812 +32.9026702     8.64 0.0009270636  -9.0984  -9.2537   0.0998     5028.895     462.3376     857.1893    0.226   0
        18    444.435    378.341 238.0684261 +32.8997553     5.77 0.0006184779 -10.8961 -10.9970   0.0205     25049.69     473.2292     919.8152    0.025   0
        19    505.157    429.162 238.0605478 +32.8944914     5.59 0.0005998534 -12.1976 -12.2395   0.0069     78671.14     500.7561     919.8574    0.013   0
        20    152.210    446.435 238.1057887 +32.8916825     6.10 0.0006542138 -10.0154 -10.0544   0.0481     10513.55     465.3325     878.5329    0.118   0
        21    536.343    454.274 238.0565036 +32.8918933     7.66  0.000821232  -9.0057  -9.0959   0.1154      4348.59      462.112     920.1182    0.095   0
        22    263.784    488.418 238.0914027 +32.8875043     5.57 0.0005977076 -12.4764 -12.5106   0.0055     100977.2     511.5724     900.2869    0.045   0
        23      7.024    489.431 238.1243324 +32.8866885     6.61 0.0007090977 -10.4156 -10.3271   0.0330      13515.7     411.2038     841.7972    0.200  16
        24    433.916    495.794 238.0695685 +32.8871806     5.63 0.0006038328  -9.7452  -9.7676   0.0624     8073.025     464.1096      915.264    0.112   0
        25    773.279    509.560 238.0260179 +32.8866246     6.07 0.0006511444  -8.5970  -8.5470   0.1909     2623.027     461.2035     923.7714    0.054   0
        26    887.512    963.487 238.0105992 +32.8384410     4.61 0.0004940414  -9.6776 -10.9833   0.0208      24736.1     473.0256     789.0838    0.658   0
        27    506.916   1019.730 238.0592894 +32.8314126     5.99 0.0006422523  -8.8065  -8.3216   0.2208     2131.317     433.2877     798.7516    0.068  16
        28    794.589   1013.541 238.0224258 +32.8328469     5.24 0.0005625298 -10.0356  -9.9730   0.0518     9754.207     465.0401     830.4579    0.118   0
        29    853.690    786.390 238.0152350 +32.8572683     5.27 0.0005658193 -11.9569 -12.0456   0.0082     65803.88     494.2783     879.0712    0.111   0
        30    589.521    712.951 238.0492335 +32.8644053     3.73 0.0004000789  -8.1592  -8.5072   0.1981      2528.53     461.2041     895.2072    0.376   0
        31    295.741    751.804 238.0868346 +32.8594575     5.36 0.0005749093 -10.8894 -10.9127   0.0221     23177.75      472.138     858.5046    0.113   0
        32    714.259    705.067 238.0332521 +32.8655829    11.89  0.001275113 -10.1350 -10.1202   0.0453     11170.96     465.8139     903.5506    0.344   0
        33    902.793    619.103 238.0092214 +32.8752683     5.26 0.0005641362 -11.3628 -11.2983   0.0157     33060.03     477.3295     824.0306    0.106   0
        34    374.815    695.940 238.0767946 +32.8656406     5.24 0.0005625561 -12.8187 -12.8579   0.0041     139048.8     530.0203     882.2429    0.051   0
        35    625.699    777.533 238.0444827 +32.8576043     6.01 0.0006451376  -8.6744  -8.8683   0.1422     3526.407     461.7318      881.936    0.124   0
        36    882.196    823.180 238.0115177 +32.8534143     3.91 0.0004193512  -9.2161 -10.9169   0.0220     23267.79     472.0463      834.333    0.259   0
        37    622.762    692.506 238.0450065 +32.8666788     5.06 0.0005426832  -8.3807  -8.5270   0.1945     2575.117     461.1386     902.0383    0.281   0
        38    124.064    627.321 238.1090717 +32.8722831     6.04 0.0006480271 -10.0532 -10.2151   0.0415     12191.38     466.3997     851.9561    0.169   0
        39    804.718    861.698 238.0213859 +32.8490935     4.79  0.000513911 -12.8487 -12.8914   0.0040     143402.4     532.0923     872.1088    0.059   0
        40    887.005    919.994 238.0107376 +32.8430855     4.12 0.0004419247  -9.3687 -10.9555   0.0213     24109.63     472.5932     798.7619    0.421   0
        41    882.193    910.604 238.0113704 +32.8440757     3.44  0.000368853  -8.9097 -11.0424   0.0197     26119.25     473.6551     810.1517    0.427   0
        42    352.777    999.706 238.0790822 +32.8331329     6.02 0.0006458244  -8.7479  -8.4161   0.2154     2325.062     461.0679      780.546    0.056   0
