#   1 NUMBER                 Running object number                                     
#   2 X_IMAGE                Object position along x                                    [pixel]
#   3 Y_IMAGE                Object position along y                                    [pixel]
#   4 ALPHA_J2000            Right ascension of barycenter (J2000)                      [deg]
#   5 DELTA_J2000            Declination of barycenter (J2000)                          [deg]
#   6 FWHM_IMAGE             FWHM assuming a gaussian core                              [pixel]
#   7 FWHM_WORLD             FWHM assuming a gaussian core                              [deg]
#   8 MAG_BEST               Best of MAG_AUTO and MAG_ISOCOR                            [mag]
#   9 MAG_APER               Fixed aperture magnitude vector                            [mag]
#  10 MAGERR_APER            RMS error vector for fixed aperture mag.                   [mag]
#  11 FLUX_APER              Flux vector within fixed circular aperture(s)              [count]
#  12 FLUXERR_APER           RMS error vector for aperture flux(es)                     [count]
#  13 BACKGROUND             Background at centroid position                            [count]
#  14 ELLIPTICITY            1 - B_IMAGE/A_IMAGE                                       
#  15 FLAGS                  Extraction flags                                          
         1     10.205     81.105 200.8920563 +36.1195661    62.43  0.006736102 -13.3700 -12.5198   0.0071     101836.1     668.7109     418.5714    0.607  24
         2    142.308     87.748 200.8743402 +36.1192164    42.46  0.004581558 -12.9196 -11.6898   0.0158     47416.42     688.2609     1186.028    0.715   0
         3    192.513     30.282 200.8677198 +36.1255325    30.85  0.003329175 -12.1601 -11.6449   0.0164     45495.24     687.4517     732.8928    0.225   1
         4    136.186     10.955 200.8753055 +36.1274557    86.10  0.009290008 -14.5837 -13.3544   0.0036     219656.7     718.7476     301.6729    0.742  24
         5    291.267     36.676 200.8544723 +36.1251152     4.11 0.0004430158  -9.8928  99.0000  99.0000    -36264.35     670.7407     1006.511    0.029   0
         6     64.554    109.186 200.8847195 +36.1166973    19.89  0.002146233  -9.9072  99.0000  99.0000    -10131.49     670.6458     863.2523    0.527   2
         7    378.396     91.815 200.8426933 +36.1194241     5.26 0.0005679988 -11.4872 -11.5456   0.0179      41518.5     685.7256     1366.207    0.098   0
         8    540.255     99.453 200.8209878 +36.1190403     7.01 0.0007559601  -9.8066 -10.1432   0.0642     11409.91     674.9423     1378.799    0.425   0
         9     77.344    243.388 200.8827510 +36.1023044    28.06  0.003027275 -13.3557 -11.6568   0.0162     45997.93       687.69     1297.504    0.634   2
        10    730.505    207.510 200.7952992 +36.1079318     5.89  0.000636076  -9.9540 -10.5392   0.0447     16431.42     676.9314     1372.626    0.251   0
        11    309.762    266.949 200.8515665 +36.1004084     5.01 0.0005406415 -12.7032 -12.7586   0.0061     126889.6     716.5116     1431.924    0.036   0
        12     81.480    332.002 200.8820287 +36.0927887     5.05 0.0005449775 -10.1617 -11.3309   0.0218      34069.9     683.2468     1323.372    0.387   0
        13     78.987    357.808 200.8823138 +36.0900074     3.79 0.0004092999  -9.7303 -11.4508   0.0195     38046.92     684.5331     1308.147    0.498   0
        14     78.151    372.109 200.8823988 +36.0884675     6.41 0.0006916738 -10.8320 -11.4641   0.0193     38516.76     685.0207     1299.505    0.192   0
        15     79.055    388.067 200.8822473 +36.0867544     8.07 0.0008711489 -11.1427 -11.4837   0.0190     39216.82     685.1461     1304.305    0.441   2
        16     76.917    481.757 200.8823561 +36.0766757    12.01  0.001295637 -12.0406 -11.5042   0.0186     39964.29     685.5302     1280.137    0.496   0
        17    690.233    431.104 200.8002966 +36.0837852     4.92 0.0005311563  -9.9288 -10.0601   0.0693     10569.38     674.6309     1358.352    0.048   0
        18     77.114    432.441 200.8824232 +36.0819783     4.84 0.0005224856 -10.1870 -11.4367   0.0198     37557.73     684.6334     1285.295    0.488   0
        19   1025.364    448.300 200.7553737 +36.0828218     5.04 0.0005435058 -10.2001 -10.1612   0.0520     11600.35     555.6373     1178.193    0.016  24
        20    330.888    444.470 200.8484077 +36.0813802     4.72 0.0005092691  -8.7053  -9.3214   0.1365     5352.777     672.7896     1421.431    0.253   0
        21     77.511    528.591 200.8821878 +36.0716422     6.96 0.0007506595 -12.9038 -12.1887   0.0101     75073.13     698.1799     1283.863    0.427   0
        22    720.394    496.495 200.7961400 +36.0768352     5.00 0.0005397059 -11.2920 -11.3410   0.0216      34387.9     683.3259     1322.767    0.036   0
        23     76.394    809.836 200.8818046 +36.0414019     7.58 0.0008182813 -11.0048 -11.4724   0.0192     38812.53     684.8685     1191.426    0.547   2
        24    656.489    981.591 200.8038322 +36.0245107     4.92 0.0005305207 -10.6531 -10.8026   0.0352      20942.4     678.5203     1133.432    0.170   0
        25     81.758    770.223 200.8811613 +36.0456755    17.91  0.001932887 -12.5183 -11.5567   0.0178     41944.45     686.1592     1248.782    0.155   2
        26     77.453    594.356 200.8820709 +36.0645714     5.64 0.0006084353 -10.4280 -11.4626   0.0193     38462.53     684.9823     1271.253    0.684   0
        27     81.001    876.000 200.8810625 +36.0343012     3.73 0.0004019456  -9.6033 -11.4745   0.0191     38887.46     684.7471     1190.507    0.620   0
        28     86.982    858.149 200.8802955 +36.0362369     4.30 0.0004640828 -10.1123 -11.4108   0.0203     36670.82      684.235      1238.74    0.225   0
        29     80.989    837.271 200.8811374 +36.0384650     5.33 0.0005751455 -10.4010 -11.4583   0.0194     38310.28      684.871     1210.779    0.284   2
        30     83.537    812.429 200.8808432 +36.0411428     6.89 0.0007429099  -9.2308 -11.5238   0.0183     40691.89     685.7769      1242.27    0.440   1
        31     80.861    724.121 200.8813688 +36.0506295    17.42  0.001879531 -12.5113 -11.5989   0.0171      43608.3     686.8207     1261.711    0.170   2
        32     76.741    630.075 200.8820986 +36.0607293    12.26  0.001322882 -11.9047 -11.5421   0.0180     41383.73     686.0476     1264.163    0.606   0
        33     81.611    659.142 200.8813914 +36.0576176    14.43  0.001557269 -12.5200 -11.5922   0.0172     43340.33     686.6861     1290.774    0.567   2
        34     86.535    949.453 200.8801827 +36.0264194     4.28 0.0004619011  -9.9080 -11.4621   0.0193     38443.92     684.8268     1187.292    0.779   0
        35     82.391    962.800 200.8807122 +36.0249730     3.44 0.0003710072  -9.5307 -11.3397   0.0216     34345.95     683.1988     1152.865    0.419   0
        36    597.499    865.498 200.8119371 +36.0368343     4.83 0.0005214905 -10.3663 -10.4553   0.0483     15209.54     676.7433     1227.148    0.088   0
        37     79.726    581.469 200.8817910 +36.0659632     4.40 0.0004747727  -9.8858 -11.3956   0.0205     36161.16     684.1605     1293.597    0.724   0
        38     76.297    894.011 200.8816581 +36.0323518     6.13 0.0006610569 -10.5901 -11.4176   0.0201     36901.17      684.375     1148.681    0.655   0
        39    637.343    885.887 200.8065664 +36.0347489     5.06 0.0005459844  -8.9436  -8.9071   0.1997     3654.647     672.1394     1195.884    0.234   0
        40     84.617    907.793 200.8805183 +36.0308930     8.42 0.0009082685 -11.3561 -11.5360   0.0181     41152.05     685.6105     1195.156    0.232   0
