#   1 NUMBER                 Running object number                                     
#   2 X_IMAGE                Object position along x                                    [pixel]
#   3 Y_IMAGE                Object position along y                                    [pixel]
#   4 ALPHA_J2000            Right ascension of barycenter (J2000)                      [deg]
#   5 DELTA_J2000            Declination of barycenter (J2000)                          [deg]
#   6 FWHM_IMAGE             FWHM assuming a gaussian core                              [pixel]
#   7 FWHM_WORLD             FWHM assuming a gaussian core                              [deg]
#   8 MAG_BEST               Best of MAG_AUTO and MAG_ISOCOR                            [mag]
#   9 MAG_APER               Fixed aperture magnitude vector                            [mag]
#  10 MAGERR_APER            RMS error vector for fixed aperture mag.                   [mag]
#  11 FLUX_APER              Flux vector within fixed circular aperture(s)              [count]
#  12 FLUXERR_APER           RMS error vector for aperture flux(es)                     [count]
#  13 BACKGROUND             Background at centroid position                            [count]
#  14 ELLIPTICITY            1 - B_IMAGE/A_IMAGE                                       
#  15 FLAGS                  Extraction flags                                          
         1    832.707    168.007 327.8176547 +28.9489373   212.65   0.02298085 -16.4591 -12.9614   0.0071     152958.6     993.3767     1662.262    0.900  18
         2    854.343     37.032 327.8152928 +28.9631129    12.80  0.001383494 -12.4855 -12.5663   0.0100     106292.7     981.6672     1337.677    0.327   3
         3    426.097     88.173 327.8681604 +28.9565133     8.45 0.0009133097 -13.0594 -13.0808   0.0063     170735.2     997.8921     1778.359    0.251   0
         4    444.790    101.536 327.8658145 +28.9551204     8.34 0.0009016421 -12.9528 -12.9834   0.0069     156082.2     994.2402     1801.221    0.257   0
         5     45.166     91.866 327.9152860 +28.9551319     7.91 0.0008545077 -11.2741 -11.3293   0.0307     34019.39     963.0588     1344.778    0.207   0
         6    198.285    130.105 327.8962446 +28.9514063     8.49 0.0009170304 -13.4513 -13.4749   0.0045     245457.1     1016.541     1678.646    0.244   0
         7    707.570    204.563 327.8330491 +28.9446805     7.68 0.0008297961 -11.8528 -11.9126   0.0181     58215.45     969.2929     1971.499    0.189   0
         8    173.158    198.744 327.8991823 +28.9439410     7.57 0.0008177566 -10.4513 -10.4760   0.0671     15501.91      958.213     1725.367    0.196   0
         9    586.100    218.158 327.8480446 +28.9429070     7.69 0.0008308245 -11.8573 -11.9187   0.0180      58544.1      969.298     1941.561    0.207   0
        10    437.598    238.052 327.8663686 +28.9403834     7.38 0.0007974678 -12.1835 -12.2062   0.0139     76293.36     973.7328     1907.544    0.215   0
        11    603.382    301.566 327.8457032 +28.9339580     7.10 0.0007669581 -12.4131 -12.4479   0.0112     95314.71     978.6306     1991.703    0.167   0
        12    261.009    293.981 327.8880769 +28.9338999     0.00            0  -8.9614 -10.1222   0.0928     11191.02     956.6569     1880.433    0.023   0
        13    751.812    305.745 327.8273305 +28.9338831     8.20 0.0008861697  -9.6684  -6.7392   2.0884     496.2273     954.2629     2020.966    0.344   0
        14    568.179    334.761 327.8499770 +28.9302896     6.95 0.0007515232 -11.9877 -12.0130   0.0165     63857.87     970.6675      2009.04    0.150   0
        15    499.956    346.254 327.8583885 +28.9288768     7.40 0.0007994049 -11.1959 -11.2125   0.0342     30548.26     962.1841     2003.116    0.207   0
        16    145.005    357.000 327.9022704 +28.9268057     4.14 0.0004469297  -9.6949 -11.0542   0.0395     26405.41     960.7318     1852.377    0.422   0
        17    494.577    369.860 327.8589960 +28.9263180     7.01 0.0007572427 -10.3137  -9.9781   0.1060     9800.191      956.778     2019.645    0.252   0
        18    328.883    371.007 327.8794897 +28.9257700     4.90 0.0005291736  -9.7894 -10.5889   0.0605     17200.64     958.5754     1980.639    0.553   0
        19    550.980    388.807 327.8519726 +28.9244188     3.82 0.0004130115  -9.1623 -10.1451   0.0909     11430.27     956.6924     2044.364    0.376   0
        20    267.178    428.992 327.8869788 +28.9193595     6.80 0.0007351041 -12.6137 -12.6710   0.0091     117056.6     983.9335     1983.039    0.163   0
        21    860.749    424.507 327.8135681 +28.9213526     6.94 0.0007502058 -10.8024 -10.7248   0.0534      19494.7     959.3615     1761.289    0.185   0
        22    301.303    566.991 327.8824161 +28.9045689     7.13 0.0007707915 -10.5816 -10.8091   0.0495     21069.24     959.5839     2037.754    0.190   0
        23    888.265    888.370 327.8090514 +28.8714091    55.56  0.006004307 -14.7713 -13.0904   0.0063     172257.1     998.3507     557.4933    0.150  17
        24    584.055    910.068 327.8466099 +28.8683023     3.95 0.0004264117 -10.8300  99.0000  99.0000    -213935.8     954.0519     1320.592    0.006   0
        25     54.647    824.134 327.9122766 +28.8762070     6.33 0.0006843779 -10.8330 -11.1035   0.0378     27630.12     961.2112      1797.92    0.181   0
        26    672.585    800.192 327.8359314 +28.8803732     5.59  0.000604084 -10.6131 -10.1858   0.0876     11866.55     956.9141     2101.296    0.111   0
        27    847.011    591.147 327.8148666 +28.9033514     8.75 0.0009458797 -10.8312 -10.8929   0.0458     22760.02     960.1047     1953.145    0.312   0
        28    811.568    567.032 327.8193081 +28.9058624     6.11 0.0006605185 -11.2819 -11.2294   0.0337     31028.21     962.2552     2041.897    0.123   0
        29    302.246    551.023 327.8823391 +28.9062929     6.18 0.0006680624 -12.3823 -12.4528   0.0111     95746.31     978.8461     2035.205    0.130   0
        30    307.776    529.207 327.8817091 +28.9086593     6.92 0.0007478797 -10.3546 -10.1468   0.0908     11447.96      956.724     2033.018    0.221   0
        31    858.669    515.804 327.8136059 +28.9115040     6.42 0.0006938621 -11.6703 -11.4550   0.0274     38194.91      964.062       1878.8    0.174   0
        32    505.377    484.967 327.8573780 +28.9139351     6.98 0.0007537885 -11.2305 -11.3599   0.0299     34990.93     963.1773     2060.984    0.139   0
        33    224.123    455.358 327.8922388 +28.9164059     6.88 0.0007439541 -11.2388 -11.3188   0.0310     33691.95     962.9738     1974.542    0.187   0
        34     60.517    890.683 327.9113841 +28.8690472     4.05 0.0004372459 -10.1882  99.0000  99.0000       -96547     954.1329     1503.105    0.085   0
        35    748.656    500.041 327.8272509 +28.9129267     6.37 0.0006881557 -12.2109 -12.2710   0.0131     80982.82     975.2266     2072.246    0.123   0
        36    572.230    822.121 327.8482865 +28.8777544     5.63 0.0006089187 -12.6862 -12.6220   0.0095     111891.4     983.0396      2048.12    0.086   0
        37    449.253    853.428 327.8634149 +28.8740657     5.53 0.0005980552 -12.1766 -12.1568   0.0145     72897.23     973.1252     1974.909    0.082   0
        38    163.934    844.412 327.8987137 +28.8743042    11.64  0.001257892 -11.9432 -11.7209   0.0215     48792.47     966.8595     1857.133    0.252   0
        39    404.126    815.063 327.8690888 +28.8780866     6.57 0.0007102949  -9.6256  -9.3837   0.1831     5668.446     955.7248     2029.836    0.086   0
        40    305.844    492.519 327.8820389 +28.9126098     6.30 0.0006806719 -13.5114 -13.5389   0.0043     260351.1     1020.147     2026.555    0.140   0
        41    797.597    799.640 327.8204751 +28.8807481    31.19  0.003370873 -12.7475 -12.1274   0.0149     70949.51     972.3069     1988.489    0.359   1
        42    795.084    762.733 327.8208748 +28.8847210     8.91 0.0009632256 -11.5289 -11.5510   0.0251     41726.57     965.1642     2055.017    0.103   0
        43    105.908    690.491 327.9062727 +28.8907489     6.88 0.0007430349 -10.8823 -11.0690   0.0390     26766.84     961.2547     1921.257    0.178   0
        44    532.972    709.156 327.8534166 +28.8898341     5.85  0.000632041 -13.2026 -13.2544   0.0054     200343.4      1005.18     2085.564    0.092   0
        45    797.343    687.080 327.8207779 +28.8928834     5.99 0.0006470163 -13.4078 -13.4563   0.0046       241284      1015.54     2081.107    0.084   0
        46    744.261    608.911 327.8275313 +28.9011777     5.90 0.0006380478 -11.6824 -11.5507   0.0251     41715.18     965.1078     2081.046    0.112   0
        47    652.349    647.104 327.8388054 +28.8968274     6.42 0.0006938844 -10.5112 -10.6979   0.0548     19018.63     959.1569     2088.874    0.031   0
        48    600.399    646.646 327.8452311 +28.8967451     5.77 0.0006238057  -9.5681  -9.5854   0.1520     6826.154     955.7042     2086.028    0.141   0
        49    236.932    885.588 327.8895862 +28.8700533     4.87 0.0005263364 -12.5743 -11.0293   0.0404     25805.71     960.8975     1644.395    0.032   0
        50    667.932    585.498 327.8370279 +28.9035091     6.22 0.0006724602 -10.9985 -10.9817   0.0422     24699.17     960.6899     2078.407    0.111   0
        51    840.407    829.750 327.8151093 +28.8776093    72.62  0.007847597 -14.3117 -13.4748   0.0045     245430.6     1016.433     1535.711    0.431  16
        52    696.754    557.513 327.8335312 +28.9065992     6.29 0.0006794532 -11.6046 -11.3837   0.0293      35766.8     963.5658     2079.168    0.138   0
        53    798.467    540.204 327.8209931 +28.9087220     6.26 0.0006766972 -14.8532 -14.8816   0.0014     896667.7      1165.59     2073.352    0.123   0
