#   1 NUMBER                 Running object number                                     
#   2 X_IMAGE                Object position along x                                    [pixel]
#   3 Y_IMAGE                Object position along y                                    [pixel]
#   4 ALPHA_J2000            Right ascension of barycenter (J2000)                      [deg]
#   5 DELTA_J2000            Declination of barycenter (J2000)                          [deg]
#   6 FWHM_IMAGE             FWHM assuming a gaussian core                              [pixel]
#   7 FWHM_WORLD             FWHM assuming a gaussian core                              [deg]
#   8 MAG_BEST               Best of MAG_AUTO and MAG_ISOCOR                            [mag]
#   9 MAG_APER               Fixed aperture magnitude vector                            [mag]
#  10 MAGERR_APER            RMS error vector for fixed aperture mag.                   [mag]
#  11 FLUX_APER              Flux vector within fixed circular aperture(s)              [count]
#  12 FLUXERR_APER           RMS error vector for aperture flux(es)                     [count]
#  13 BACKGROUND             Background at centroid position                            [count]
#  14 ELLIPTICITY            1 - B_IMAGE/A_IMAGE                                       
#  15 FLAGS                  Extraction flags                                          
         1    834.092    201.624 238.0210147 +33.0287336   217.52   0.02334689 -16.6928 -13.1023   0.0072     174142.6         1154     1976.327    0.904  24
         2    456.451    118.747 238.0696807 +33.0365993     8.07 0.0008656956 -14.2231 -14.2619   0.0026     506687.9     1223.894     2157.459    0.238   0
         3    433.588    192.753 238.0724790 +33.0286248     9.09 0.0009757309 -10.2413 -10.2512   0.0964     12602.68     1118.425     2236.976    0.322   0
         4     58.271    247.396 238.1205847 +33.0217718    12.06  0.001294894 -10.8790 -10.9768   0.0495     24587.36     1121.069     2011.935    0.362   0
         5    173.498    267.567 238.1057456 +33.0199270     7.60 0.0008159643 -11.8733 -11.9182   0.0209     58516.79     1128.673     2164.612    0.274   0
         6    297.493    283.003 238.0897900 +33.0186103     3.75 0.0004021869  -9.3878  -9.9844   0.1231     9857.231     1117.622     2266.569    0.380   0
         7    260.994    293.998 238.0944570 +33.0173364     4.23 0.0004537716  -8.9018  -9.9532   0.1267     9578.518     1117.591      2260.79    0.008   0
         8    489.425    358.047 238.0649975 +33.0110984     6.28 0.0006740201 -12.4500 -12.4782   0.0126        98011     1137.418      2398.11    0.187   0
         9      2.134    429.145 238.1274420 +33.0021847     5.80 0.0006228842 -10.2993 -10.3964   0.0638     14406.64     845.8428     2107.263    0.540  24
        10    706.070    782.249 238.0363957 +32.9663107     5.79 0.0006210416 -11.2217 -11.2964   0.0369     33004.77     1122.882     2489.771    0.169   0
        11    888.479    888.414 238.0127888 +32.9554357    54.97  0.005899896 -15.0050 -13.3326   0.0059     215291.8     1162.819     567.4344    0.148  17
        12    838.708    828.819 238.0192850 +32.9616784    78.37  0.008411541 -14.2592 -13.7133   0.0042     305703.3     1182.217     1813.375    0.257  16
        13    713.496    771.999 238.0354612 +32.9674262     5.33 0.0005724378 -10.4036 -10.6046   0.0697     17451.74     1119.351     2490.124    0.147   0
        14    711.345    680.284 238.0359054 +32.9772278     5.91 0.0006341838 -10.9446 -11.0410   0.0467      26085.6     1121.592     2491.299    0.121   0
        15    721.147    645.494 238.0347106 +32.9809738     5.68 0.0006093935 -11.3878 -11.4410   0.0324     37706.68     1124.242     2477.277    0.178   0
        16    718.345    882.892 238.0346359 +32.9555810     3.71 0.0003983463  -9.5121  99.0000  99.0000    -96026.84     1115.731     1808.681    0.127   0
        17     99.171    778.237 238.1143082 +32.9651198     6.23 0.0006691583 -12.2178 -12.1116   0.0176     69923.34     1131.196     2225.337    0.132   0
