#   1 NUMBER                 Running object number                                     
#   2 X_IMAGE                Object position along x                                    [pixel]
#   3 Y_IMAGE                Object position along y                                    [pixel]
#   4 ALPHA_J2000            Right ascension of barycenter (J2000)                      [deg]
#   5 DELTA_J2000            Declination of barycenter (J2000)                          [deg]
#   6 FWHM_IMAGE             FWHM assuming a gaussian core                              [pixel]
#   7 FWHM_WORLD             FWHM assuming a gaussian core                              [deg]
#   8 MAG_BEST               Best of MAG_AUTO and MAG_ISOCOR                            [mag]
#   9 MAG_APER               Fixed aperture magnitude vector                            [mag]
#  10 MAGERR_APER            RMS error vector for fixed aperture mag.                   [mag]
#  11 FLUX_APER              Flux vector within fixed circular aperture(s)              [count]
#  12 FLUXERR_APER           RMS error vector for aperture flux(es)                     [count]
#  13 BACKGROUND             Background at centroid position                            [count]
#  14 ELLIPTICITY            1 - B_IMAGE/A_IMAGE                                       
#  15 FLAGS                  Extraction flags                                          
         1    853.341     89.014 200.9162442 +36.1145564   108.27   0.01169341 -14.6415 -12.5004   0.0055     100037.9     509.9083     746.7288    0.446  19
         2    819.330     48.316 200.9208887 +36.1188430    77.49   0.00836898 -13.5767 -12.0830   0.0079     68106.72      494.053     626.2142    0.735  19
         3    821.544      9.533 200.9206756 +36.1230271    79.67  0.008604422 -13.5514 -12.3265   0.0060     85232.41     472.1093     436.3315    0.778  24
         4    684.681    173.200 200.9386574 +36.1050036     5.36 0.0005792974 -15.4996 -15.5298   0.0007      1629012     1012.137     927.7128    0.087   4
         5    771.837    170.879 200.9269868 +36.1055045     4.67 0.0005039371 -15.0216 -15.0553   0.0009      1052290     857.9748     928.5089    0.069   0
         6    125.221    181.466 201.0135828 +36.1024766     4.14 0.0004467403 -13.2471 -13.3076   0.0029     210405.7     561.4393     872.1342    0.034   0
         7    548.306    179.498 200.9569124 +36.1039307     5.96 0.0006440465  -8.7239  -9.0455   0.1205     4151.565     460.6322     923.6891    0.244   0
         8    337.411    243.519 200.9850197 +36.0964187     4.59 0.0004953576  -8.5381  -8.6056   0.1803     2768.358        459.7      908.506    0.171   0
         9    626.058    304.191 200.9462237 +36.0907241     4.36 0.0004708407 -10.8892 -10.9983   0.0204     25080.47     471.6906     924.3964    0.108   0
        10    265.507    350.099 200.9944105 +36.0847267     8.88 0.0009588506  -9.4521  -9.5302   0.0773     6487.762     461.8856     898.7758    0.366   0
        11    202.569    412.684 201.0026975 +36.0777994     5.90 0.0006366695  -9.1297  -9.0878   0.1159     4316.542     460.5799     884.0072    0.154   0
        12     31.073    461.056 201.0255515 +36.0720800     4.49 0.0004853416  -9.1085  -9.2020   0.1044     4795.104     460.8525     838.1906    0.098   0
        13    144.639    502.007 201.0102517 +36.0680063     3.92 0.0004238621 -12.9721 -13.0194   0.0036     161342.1     539.0504       865.12    0.050   0
        14    881.597    880.690 200.9107632 +36.0293580     8.36 0.0009033169 -10.9365 -11.0489   0.0195     26275.92     472.3489     810.8726    0.550   0
        15    114.788    853.513 201.0134468 +36.0300544     5.70 0.0006158817  -8.7932  -8.6544   0.1724     2895.862     459.8081     779.1326    0.356   0
        16     52.706    744.908 201.0220040 +36.0415686     5.27 0.0005696439  -8.7118  -8.9205   0.1351     3700.069     460.3226     798.3954    0.232   0
        17    226.952    691.644 200.9988015 +36.0478224     4.03 0.0004350799 -10.3056 -10.3773   0.0357     14154.71     465.9276     850.6589    0.040   0
        18    543.310    676.298 200.9564868 +36.0504014     5.95 0.0006428355 -10.1860 -10.3026   0.0383     13214.05      465.512     894.1432    0.060   0
        19    464.602    633.804 200.9671173 +36.0547499     3.44 0.0003720488  -7.9740  -6.2995   1.5036      330.985     458.2689     895.6987    0.413   0
        20    317.590    609.795 200.9868523 +36.0569058     3.44 0.0003713015  -8.0225  -9.0244   0.1228     4071.732     460.2921     881.9072    0.413   0
        21    880.341    813.143 200.9110758 +36.0366306     3.98 0.0004299539  -9.3450 -10.9972   0.0204     25054.86     471.6645     831.4892    0.619   0
        22    884.852    777.910 200.9105474 +36.0404387     4.52 0.0004883212  -9.5530 -10.9583   0.0212     24173.08     471.2599     829.6622    0.222   0
        23    536.764    697.102 200.9573173 +36.0481414     4.05  0.000437225  -9.7258  -9.9878   0.0509     9888.404     463.5688     887.6849    0.067   0
        24    771.149    568.549 200.9262192 +36.0626657     3.93 0.0004248895 -10.2910 -10.3683   0.0360        14039     465.8273     914.4662    0.063   0
        25    491.511    643.321 200.9634939 +36.0538030     3.70 0.0003991764 -10.1777 -10.2521   0.0400     12613.49     465.1127     896.0514    0.047   0
        26    709.732    535.153 200.9345148 +36.0660866     4.13 0.0004459702  -8.5512  -8.9793   0.1280     3905.876     460.3182      914.511    0.130   0
        27    868.826    658.517 200.9129483 +36.0532539     5.13 0.0005542614  -9.1541 -10.4213   0.0343     14741.25      466.204     888.3235    0.254   0
        28    898.494    870.567 200.9085235 +36.0304966     4.25 0.0004594678 -10.3136 -10.6726   0.0274     18579.93      468.258     782.7211    0.096   0
        29    882.412    945.131 200.9105164 +36.0224188     4.37 0.0004723455  -9.4220 -11.0280   0.0199     25774.73     472.0962     796.2696    0.572   0
