#   1 NUMBER                 Running object number                                     
#   2 X_IMAGE                Object position along x                                    [pixel]
#   3 Y_IMAGE                Object position along y                                    [pixel]
#   4 ALPHA_J2000            Right ascension of barycenter (J2000)                      [deg]
#   5 DELTA_J2000            Declination of barycenter (J2000)                          [deg]
#   6 FWHM_IMAGE             FWHM assuming a gaussian core                              [pixel]
#   7 FWHM_WORLD             FWHM assuming a gaussian core                              [deg]
#   8 MAG_BEST               Best of MAG_AUTO and MAG_ISOCOR                            [mag]
#   9 MAG_APER               Fixed aperture magnitude vector                            [mag]
#  10 MAGERR_APER            RMS error vector for fixed aperture mag.                   [mag]
#  11 FLUX_APER              Flux vector within fixed circular aperture(s)              [count]
#  12 FLUXERR_APER           RMS error vector for aperture flux(es)                     [count]
#  13 BACKGROUND             Background at centroid position                            [count]
#  14 ELLIPTICITY            1 - B_IMAGE/A_IMAGE                                       
#  15 FLAGS                  Extraction flags                                          
         1    852.545     88.327 238.0170051 +32.9319331   116.73   0.01252866 -15.1437 -12.9549   0.0045     152043.8     624.0269     877.7675    0.503  19
         2    816.650     46.072 238.0216878 +32.9363577    72.91  0.007825909 -13.7923 -12.3810   0.0073     89616.93     598.4801     675.9359    0.805  19
         3    823.314     10.003 238.0208980 +32.9402322    87.55  0.009397199 -13.9484 -12.8367   0.0047       136361     585.0219     391.8478    0.789  24
         4    490.078     40.610 238.0636048 +32.9360810     5.58 0.0005987989  -9.3751  99.0000  99.0000    -7899.084     559.8104     904.9487    0.125   0
         5     63.226    111.641 238.1182418 +32.9273395     5.96 0.0006394533 -13.8257 -13.8641   0.0022     351261.9      699.286     1048.859    0.061   0
         6    728.172    120.899 238.0329050 +32.9281245     6.21 0.0006665856 -10.1087  -7.6364   0.5367     1133.891     560.3957     1162.077    0.222   0
         7    749.934    125.557 238.0301040 +32.9276836     6.10 0.0006547665  -9.7447  99.0000  99.0000    -8605.016     559.8104     1162.255    0.198   0
         8    369.547    141.546 238.0788816 +32.9249667     5.64 0.0006055399  -9.4262  -9.5085   0.0961     6359.205     562.6747     1135.263    0.300   0
         9    699.202    189.002 238.0364975 +32.9207660     6.56 0.0007042215 -11.9128 -11.9589   0.0105     60753.65     586.1631     1162.362    0.150   0
        10    320.747    183.819 238.0850631 +32.9203158     6.70 0.0007187719  -9.9085 -10.1340   0.0542      11313.3     564.8715     1129.584    0.158   0
        11    476.252    180.298 238.0651184 +32.9211073     7.61 0.0008173103  -9.2692  -9.7298   0.0785     7797.215     563.3132     1150.511    0.426   0
        12    110.499    252.872 238.1119048 +32.9123658     5.70 0.0006113053 -13.7878 -13.8247   0.0022     338735.9       694.87     1069.672    0.073   0
        13    760.432    273.778 238.0284871 +32.9118615     6.06 0.0006501024 -12.2097 -12.2652   0.0080     80550.91     594.6511      1163.04    0.164   0
        14    233.486    273.345 238.0960882 +32.9105084     5.73 0.0006150532  -9.9176 -10.2726   0.0478     12854.35     565.5688     1112.839    0.245   0
        15    579.523    324.516 238.0516018 +32.9059597     5.90 0.0006338019 -11.3171 -11.4253   0.0168      37163.5     576.2603     1151.958    0.152   0
        16      4.154    314.296 238.1254283 +32.9055092     6.08 0.0006523406  -8.5873  -8.3757   0.2201     2240.063     453.9001     1023.994    0.242  16
        17    285.741    338.252 238.0892616 +32.9037083     5.58 0.0005984192 -11.1338 -11.1984   0.0206     30153.69     573.1028     1123.012    0.189   0
        18     41.646    341.256 238.1205669 +32.9027282     6.69 0.0007176338  -9.2069  -9.4054   0.1056     5782.874     562.4501     1037.735    0.175   0
        19    448.966    379.086 238.0682475 +32.8997780     5.87 0.0006298611 -10.8917 -11.0109   0.0244     25372.79     571.0446     1140.021    0.210   0
        20    509.649    430.045 238.0603689 +32.8944902     5.45 0.0005846694 -12.1602 -12.2033   0.0085     76087.03     592.8612     1140.755    0.145   0
        21    156.726    447.250 238.1056024 +32.8917058     5.91  0.000634608  -9.9722 -10.0763   0.0572     10727.74     564.5809     1073.333    0.149   0
        22    268.359    489.205 238.0912050 +32.8875200     5.38 0.0005773637 -12.4546 -12.5042   0.0065     100391.9     602.8907     1106.596    0.120   0
        23     11.769    490.313 238.1241106 +32.8867083     5.89 0.0006322794 -10.4224 -10.3390   0.0434     13664.31     545.6649     1011.566    0.148  16
        24    438.457    496.768 238.0693754 +32.8871662     6.37 0.0006840955  -9.6555  -9.6203   0.0867     7048.871     563.0125     1131.689    0.273   0
        25    777.638    510.662 238.0258492 +32.8865761     4.07  0.000437278  -8.4879  -8.7121   0.1996     3053.726     561.2199     1147.919    0.413   0
        26    882.822    877.128 238.0116992 +32.8476637    25.92  0.002781613 -13.2212 -11.5184   0.0155     40489.96     577.7169     981.4385    0.464   2
        27    511.453   1020.224 238.0590411 +32.8313863     4.70 0.0005042729  -8.4445  99.0000  99.0000    -249.4747     521.2595     948.5804    0.619  16
        28    799.230   1014.301 238.0221667 +32.8327774     6.12 0.0006564092  -9.9130  -9.7446   0.0774      7903.79     563.4078     999.5002    0.342   0
        29    379.346    696.746 238.0765808 +32.8656246     5.28 0.0005666937 -12.7866 -12.8375   0.0049     136457.1     617.7941     1077.725    0.150   0
        30    883.092    696.335 238.0119899 +32.8669970     6.45 0.0006919548 -10.5968 -11.2291   0.0201     31018.98     573.5884     1044.036    0.696   0
        31    627.507    693.535 238.0447672 +32.8666265     3.74 0.0004011664  -8.1776  -8.1271   0.3418     1781.712     560.7162     1110.718    0.584   0
        32    882.086    749.795 238.0120227 +32.8612778    17.38  0.001864946 -12.6695 -11.3466   0.0181     34564.73     575.0546     1030.971    0.797   2
        33    882.538    755.414 238.0119546 +32.8606781     7.15 0.0007674519 -10.7841 -11.3568   0.0179     34889.96     575.1806     1026.008    0.512   2
        34    882.268    812.205 238.0118870 +32.8546047    15.16  0.001627545 -12.0267 -11.4191   0.0169     36953.87     576.0616     1009.501    0.306   2
        35    883.437    786.794 238.0117829 +32.8573250    18.81  0.002018418 -12.2793 -11.4211   0.0169     37019.51     575.9823     1015.235    0.421   2
        36    858.188    787.292 238.0150192 +32.8572059     5.74 0.0006162276 -12.0308 -12.1287   0.0090     71033.02     590.7412     1074.618    0.214   0
        37    884.317    730.819 238.0117709 +32.8633128     7.55 0.0008099527 -10.9128 -11.2434   0.0198     31431.62     573.7373     1030.497    0.585   2
        38    630.106    778.356 238.0442778 +32.8575633     4.77 0.0005117198  -8.4866  -8.4604   0.2515     2421.812     560.9067     1080.427    0.271   0
        39    718.146    705.930 238.0331225 +32.8655396    10.61  0.001138556 -10.1996 -10.1901   0.0515     11914.02     565.0903      1114.49    0.359   0
        40    879.982    634.253 238.0125006 +32.8736275     4.68  0.000502175  -9.8905 -11.2191   0.0203     30735.45     573.3875      1070.16    0.386   0
        41    883.282    658.343 238.0120339 +32.8710601     7.26 0.0007787109 -10.7954 -11.2062   0.0205     30372.26     573.3065      1054.14    0.113   0
        42    907.005    620.003 238.0090609 +32.8752216     5.39 0.0005784224 -11.0726 -10.5911   0.0357     17236.35     567.3306     976.8229    0.163   0
        43    885.669    954.556 238.0111949 +32.8393916    24.61  0.002641629 -13.0748 -11.5190   0.0155     40513.46      577.635     944.5571    0.435   2
        44    300.297    752.602 238.0866109 +32.8594404     5.49 0.0005892872 -10.8781 -10.9683   0.0254     24395.69     570.5078     1037.647    0.191   0
        45    128.776    628.099 238.1088403 +32.8722919     6.43 0.0006901189 -10.0922 -10.2358   0.0494     12425.13     565.4105     1028.844    0.130   0
        46    881.763    609.543 238.0123167 +32.8762744     5.32 0.0005708484 -10.0610 -11.1518   0.0215     28888.28      572.597     1068.601    0.337   0
        47    809.170    862.608 238.0211674 +32.8490243     5.05 0.0005415998 -12.8096 -12.8451   0.0049     137414.3     617.9804     1064.202    0.154   0
        48    881.572    839.650 238.0119269 +32.8516681    22.52   0.00241703 -13.0174 -11.4236   0.0169     37105.93     576.1429     998.8981    0.667   2
        49    357.492   1000.998 238.0788106 +32.8330323     3.75 0.0004026916  -8.5090  -7.7022   0.5050     1204.714     560.2532     918.2711    0.382   0
