#   1 NUMBER                 Running object number                                     
#   2 X_IMAGE                Object position along x                                    [pixel]
#   3 Y_IMAGE                Object position along y                                    [pixel]
#   4 ALPHA_J2000            Right ascension of barycenter (J2000)                      [deg]
#   5 DELTA_J2000            Declination of barycenter (J2000)                          [deg]
#   6 FWHM_IMAGE             FWHM assuming a gaussian core                              [pixel]
#   7 FWHM_WORLD             FWHM assuming a gaussian core                              [deg]
#   8 MAG_BEST               Best of MAG_AUTO and MAG_ISOCOR                            [mag]
#   9 MAG_APER               Fixed aperture magnitude vector                            [mag]
#  10 MAGERR_APER            RMS error vector for fixed aperture mag.                   [mag]
#  11 FLUX_APER              Flux vector within fixed circular aperture(s)              [count]
#  12 FLUXERR_APER           RMS error vector for aperture flux(es)                     [count]
#  13 BACKGROUND             Background at centroid position                            [count]
#  14 ELLIPTICITY            1 - B_IMAGE/A_IMAGE                                       
#  15 FLAGS                  Extraction flags                                          
         1      9.700     81.443 200.8948664 +36.1158216    59.49  0.006426551 -13.1037 -12.2307   0.0080     78030.03     574.8768     445.9504    0.617  24
         2    192.645     30.125 200.8704435 +36.1218944    29.17  0.003151414 -11.9427 -11.4058   0.0177     36500.91     596.2711     682.4718    0.178   1
         3    136.538     10.811 200.8780062 +36.1238076    84.47  0.009125167 -14.3053 -13.0520   0.0041     166269.6     621.9614       357.55    0.742  24
         4    142.447     87.865 200.8770554 +36.1155264    34.14  0.003688175 -12.3395 -11.4238   0.0175     37111.96     596.4312     1025.082    0.586   2
         5    397.318     57.823 200.8429443 +36.1195160     4.55 0.0004919792 -10.6267  99.0000  99.0000    -11056.13     580.7328      979.431    0.063   0
         6     64.351    110.310 200.8874795 +36.1128762    12.49  0.001349315 -10.0274  99.0000  99.0000    -4548.741     580.8149     781.6107    0.344   2
         7     86.164    123.110 200.8845286 +36.1115628     5.18 0.0005593236 -10.0180 -11.1116   0.0231     27838.74     592.5798     961.7987    0.237   0
         8    749.934    174.266 200.7954382 +36.1080020    10.17  0.001098144 -10.5148 -10.6493   0.0351     18186.04     588.6069     1160.745    0.136   0
         9     77.599    250.915 200.8854127 +36.0977724     7.01 0.0007569533 -10.7996 -11.3171   0.0192     33639.66      594.974     1114.416    0.714   0
        10    883.916    204.937 200.7774172 +36.1050840     1.20 0.0001300852  -8.1947  -9.8179   0.0751     8455.971     584.4597     1124.838    0.008   0
        11    328.492    233.549 200.8518171 +36.1003874     4.28 0.0004620609 -12.7316 -12.7864   0.0053     130180.2     634.3785     1209.859    0.098   0
        12     78.814    368.792 200.8850061 +36.0850806     3.46 0.0003741537  -9.2372 -11.1695   0.0219     29363.85      593.046     1115.456    0.656   0
        13     80.522    383.545 200.8847468 +36.0834967     5.98 0.0006463656 -10.4134 -11.1942   0.0215      30039.3       593.62     1124.353    0.330   0
        14    709.175    397.447 200.8004669 +36.0838471     4.00 0.0004326337  -9.9720 -10.1599   0.0549     11587.18      585.716     1152.219    0.141   0
        15    349.926    411.097 200.8485859 +36.0813283     4.98 0.0005375302  -9.1466  -9.5405   0.0968     6549.597     583.5782     1204.042    0.091   0
        16    739.426    462.635 200.7962859 +36.0769136     3.75 0.0004047287 -11.3020 -11.3534   0.0186      34782.9     595.4863     1128.341    0.112   0
        17     96.271    493.514 200.8824092 +36.0717000     4.03 0.0004352026 -11.4105 -11.5449   0.0157     41491.11     598.4075     1195.668    0.089   0
        18     85.493    898.498 200.8830180 +36.0280507     4.41 0.0004765241 -10.0007 -11.3037   0.0194     33227.23     595.0092     1033.653    0.549   0
        19    375.031    979.130 200.8440796 +36.0202243     3.86  0.000417235  -8.8349  -8.9045   0.1735     3645.917      582.333     1074.217    0.167   0
        20    675.315    946.179 200.8039320 +36.0246494     3.95 0.0004262284 -10.6296 -10.6907   0.0338     18891.73     588.8417     988.7169    0.136   0
        21     82.326    766.984 200.8837133 +36.0422054     5.37 0.0005804747 -10.2503 -11.3185   0.0192     33683.35     595.1207     1071.678    0.409   2
        22     81.330    753.863 200.8838738 +36.0436156     3.95  0.000427001  -9.7532 -11.2764   0.0199      32401.9     594.5339     1071.119    0.613   0
        23    456.830    750.830 200.8335810 +36.0450526     3.93 0.0004250408  -8.3724  -8.7550   0.1990     3176.962      582.066      1140.99    0.264   0
        24     76.408    729.795 200.8845828 +36.0461931     3.45 0.0003724061  -9.2558 -11.2207   0.0209     30780.82     593.6912     1053.604    0.414   0
        25     83.389    725.227 200.8836572 +36.0467058     2.92 0.0003155658  -9.2269 -11.2008   0.0213      30221.1     593.3911     1090.337    0.410   0
        26     79.548    630.763 200.8843667 +36.0568683     7.96 0.0008594326 -11.0301 -11.2522   0.0204     31685.94      594.281     1098.732    0.764   0
        27     80.724    675.244 200.8841174 +36.0520811    11.23  0.001212691 -11.4599 -11.3419   0.0188     34416.04     595.3963     1094.157    0.439   2
        28    231.400    950.206 200.8633722 +36.0229155     3.41   0.00036861  -7.9820  -8.3943   0.2772     2278.776     581.5817     1092.709    0.400   0
        29    655.995    850.882 200.8067059 +36.0348572     3.83 0.0004136438  -9.2912  -9.6127   0.0906     6999.708     583.6729     1033.407    0.033   0
        30     81.240    831.645 200.8837254 +36.0352381     7.62 0.0008229473 -10.9063 -11.2713   0.0200     32250.61     594.5185     1043.427    0.114   0
        31    616.237    830.702 200.8120707 +36.0369152     3.64 0.0003931636 -10.3290 -10.4405   0.0425     15004.06     587.1239     1057.597    0.094   0
        32    204.881    770.329 200.8672906 +36.0422098     3.65  0.000393908  -8.8130  -9.1865   0.1339     4727.251     582.8461     1164.433    0.131   0
