#   1 NUMBER                 Running object number                                     
#   2 X_IMAGE                Object position along x                                    [pixel]
#   3 Y_IMAGE                Object position along y                                    [pixel]
#   4 ALPHA_J2000            Right ascension of barycenter (J2000)                      [deg]
#   5 DELTA_J2000            Declination of barycenter (J2000)                          [deg]
#   6 FWHM_IMAGE             FWHM assuming a gaussian core                              [pixel]
#   7 FWHM_WORLD             FWHM assuming a gaussian core                              [deg]
#   8 MAG_BEST               Best of MAG_AUTO and MAG_ISOCOR                            [mag]
#   9 MAG_APER               Fixed aperture magnitude vector                            [mag]
#  10 MAGERR_APER            RMS error vector for fixed aperture mag.                   [mag]
#  11 FLUX_APER              Flux vector within fixed circular aperture(s)              [count]
#  12 FLUXERR_APER           RMS error vector for aperture flux(es)                     [count]
#  13 BACKGROUND             Background at centroid position                            [count]
#  14 ELLIPTICITY            1 - B_IMAGE/A_IMAGE                                       
#  15 FLAGS                  Extraction flags                                          
         1    192.479     31.060 200.8676133 +36.1250651    30.47  0.003278662 -13.6229 -13.1351   0.0102     179486.9     1679.219     1352.734    0.326  19
         2    148.026     81.771 200.8735344 +36.1195521    71.62   0.00770658 -14.7826 -12.9584   0.0119     152538.5     1674.695     3026.551    0.820  19
         3     11.596     79.731 200.8918860 +36.1194302    69.31  0.007458186 -14.7406 -14.0446   0.0043     414806.4     1651.491     133.3974    0.577  24
         4    135.661     11.281 200.8752785 +36.1270319    89.71  0.009652471 -16.0726 -14.8740   0.0021     890440.6     1715.023    -397.8527    0.746  24
         5     66.524    110.836 200.8844623 +36.1162530    32.13   0.00345742  99.0000  99.0000  99.0000     -4824.46     1652.001     1977.729    0.478   2
         6     86.809    120.955 200.8817224 +36.1152252    34.80   0.00374448 -13.4618 -12.8126   0.0136     133367.3     1671.739     2811.686    0.577   3
         7    378.408     91.531 200.8425378 +36.1190787     4.18 0.0004496853 -10.9444  99.0000  99.0000     -20573.2     1652.001     3972.802    0.118   0
         8     77.876    164.038 200.8828738 +36.1106127    24.88  0.002677027 -13.3379 -12.6274   0.0161     112445.6     1668.838     3606.874    0.289   2
         9    309.490    266.527 200.8516115 +36.1002647     4.34 0.0004664528 -12.4920 -12.5409   0.0174     103836.3     1667.779     4167.218    0.164   0
        10    689.653    430.443 200.8003208 +36.0837211     5.76 0.0006195299  -9.8726 -10.1557   0.1556     11542.24     1653.887     3868.605    0.321   0
        11   1024.341    446.643 200.7553097 +36.0827880     4.42 0.0004754563  -9.8831  99.0000  99.0000    -3132.853     1396.717     3148.287    0.278  16
        12    719.823    495.605 200.7961970 +36.0768504     4.44 0.0004776686 -11.1887 -11.4052   0.0493     36481.43     1656.767     3721.464    0.194   0
        13     80.840    760.781 200.8817841 +36.0470389   171.28   0.01842999 -16.3652 -13.1105   0.0104       175472     1678.069     3429.916    0.956  50
        14     77.740    533.138 200.8824642 +36.0712859    30.30   0.00326014 -13.7277 -13.1108   0.0104       175514     1678.214      3580.58    0.627  51
        15     77.595    423.510 200.8826108 +36.0829661    98.67   0.01061704 -15.6586  99.0000  99.0000            0            0     3608.576    0.908  51
        16     75.605    260.559 200.8830673 +36.1003230    84.96  0.009141384  99.0000  99.0000  99.0000            0            0     3599.305    0.803  50
        17    649.961    623.983 200.8054528 +36.0630048     0.00            0  -8.3618  -9.3939   0.3136     5722.254      1652.54     3682.977    0.007   0
        18     87.226    993.121 200.8806574 +36.0222997     5.60 0.0006025604  -9.4227 -12.3414   0.0209     86407.31     1664.979      3138.15    0.576   1
        19    596.778    864.486 200.8123449 +36.0372519     3.89 0.0004188349 -10.2073 -10.5046   0.1129     15915.88     1654.408     3359.719    0.160   0
        20    655.631    980.231 200.8043158 +36.0250610     4.40 0.0004732638 -10.5413 -10.9107   0.0777     23135.69     1655.452     2980.034    0.141   0
