#   1 NUMBER                 Running object number                                     
#   2 X_IMAGE                Object position along x                                    [pixel]
#   3 Y_IMAGE                Object position along y                                    [pixel]
#   4 ALPHA_J2000            Right ascension of barycenter (J2000)                      [deg]
#   5 DELTA_J2000            Declination of barycenter (J2000)                          [deg]
#   6 FWHM_IMAGE             FWHM assuming a gaussian core                              [pixel]
#   7 FWHM_WORLD             FWHM assuming a gaussian core                              [deg]
#   8 MAG_BEST               Best of MAG_AUTO and MAG_ISOCOR                            [mag]
#   9 MAG_APER               Fixed aperture magnitude vector                            [mag]
#  10 MAGERR_APER            RMS error vector for fixed aperture mag.                   [mag]
#  11 FLUX_APER              Flux vector within fixed circular aperture(s)              [count]
#  12 FLUXERR_APER           RMS error vector for aperture flux(es)                     [count]
#  13 BACKGROUND             Background at centroid position                            [count]
#  14 ELLIPTICITY            1 - B_IMAGE/A_IMAGE                                       
#  15 FLAGS                  Extraction flags                                          
         1    833.421    185.078 238.0211538 +33.0300169   185.42   0.01987232 -15.8532 -12.3102   0.0094     83958.43     730.5458     1223.347    0.912  16
         2    456.985    118.883 238.0696275 +33.0360273     8.02  0.000859201 -14.2173 -14.2462   0.0019     499413.5     860.9633     1315.192    0.171   0
         3    434.055    192.787 238.0724456 +33.0280837     8.00  0.000857176 -10.2714 -10.2151   0.0628     12191.36     705.5197     1352.237    0.238   0
         4     58.597    247.622 238.1205794 +33.0211738    10.37  0.001111851 -10.7259 -10.7716   0.0378     20353.16     708.1899     1243.824    0.335   0
         5    174.141    267.822 238.1057018 +33.0193495     7.59 0.0008131912 -11.8318 -11.8671   0.0140     55827.31     720.8548     1314.653    0.223   0
         6    297.210    282.758 238.0898673 +33.0181060     9.05  0.000969811  -9.6072  -9.8474   0.0880     8688.485     704.1786     1363.558    0.294   0
         7    284.903    284.633 238.0914450 +33.0178713     6.28 0.0006727314  -9.2667  -9.7834   0.0933     8191.725      704.101     1361.504    0.491   0
         8    261.017    293.986 238.0944966 +33.0168065     0.00            0  -8.8989  -9.7415   0.0970     7881.671     703.7537     1360.512    0.006   0
         9    854.752    332.866 238.0181673 +33.0143192    12.38  0.001326416 -10.7357 -11.1962   0.0257     30095.35      711.738     1210.878    0.176   1
        10    490.086    358.264 238.0649626 +33.0105987     6.50 0.0006967345 -12.4787 -12.5101   0.0079     100938.2     736.4091     1428.103    0.121   0
        11      2.644    429.432 238.1274398 +33.0016302     6.42 0.0006878256 -10.6593 -10.7627   0.0295     20187.58     548.1997     1286.856    0.397  24
        12    721.735    645.629 238.0347256 +32.9806066     5.83 0.0006252071 -11.4061 -11.4486   0.0204     37971.05     714.6547      1468.91    0.091   0
        13    888.029    887.953 238.0129720 +32.9552298    57.45  0.006157334 -13.8683 -12.5439   0.0077     104127.6     737.3779     549.4512    0.129  16
        14    841.119    830.392 238.0190892 +32.9612377    78.11  0.008371291 -13.8951 -12.9188   0.0056     147067.7     751.7398     1129.915    0.464  16
        15    664.805    781.357 238.0418053 +32.9659780     7.73 0.0008288885 -10.0557 -10.3483   0.0556     13781.78     705.9648     1476.243    0.205   0
        16    712.015    680.587 238.0359146 +32.9768526     6.01 0.0006442126 -10.8375 -10.9353   0.0326     23665.24     709.3777     1475.936    0.101   0
        17    553.924    675.092 238.0562212 +32.9769987     6.04 0.0006469522  -8.9453  -8.8841   0.2132     3577.839     702.5005     1470.441    0.440   0
        18    718.866    883.258 238.0346936 +32.9552637     4.33 0.0004640794 -10.0290  99.0000  99.0000    -37533.13     701.1666     1150.531    0.064   0
        19    706.619    782.461 238.0364356 +32.9659763     5.58 0.0005979759 -11.1934 -11.2553   0.0243     31776.72     712.4845     1476.054    0.075   0
        20     99.728    778.456 238.1143504 +32.9646969     5.96 0.0006382781 -11.7943 -11.7864   0.0151     51827.78     719.4277     1346.979    0.091   0
        21    714.071    772.112 238.0354963 +32.9671003     5.94 0.0006365599 -10.4907 -10.5501   0.0463     16597.62      707.158     1475.993    0.113   0
