#   1 NUMBER                 Running object number                                     
#   2 X_IMAGE                Object position along x                                    [pixel]
#   3 Y_IMAGE                Object position along y                                    [pixel]
#   4 ALPHA_J2000            Right ascension of barycenter (J2000)                      [deg]
#   5 DELTA_J2000            Declination of barycenter (J2000)                          [deg]
#   6 FWHM_IMAGE             FWHM assuming a gaussian core                              [pixel]
#   7 FWHM_WORLD             FWHM assuming a gaussian core                              [deg]
#   8 MAG_BEST               Best of MAG_AUTO and MAG_ISOCOR                            [mag]
#   9 MAG_APER               Fixed aperture magnitude vector                            [mag]
#  10 MAGERR_APER            RMS error vector for fixed aperture mag.                   [mag]
#  11 FLUX_APER              Flux vector within fixed circular aperture(s)              [count]
#  12 FLUXERR_APER           RMS error vector for aperture flux(es)                     [count]
#  13 BACKGROUND             Background at centroid position                            [count]
#  14 ELLIPTICITY            1 - B_IMAGE/A_IMAGE                                       
#  15 FLAGS                  Extraction flags                                          
         1      9.954     81.496 237.9943804 +32.9337569    61.06  0.006562639 -13.1832 -12.3160   0.0078     84407.42     607.1218      437.156    0.608  24
         2    141.912     87.960 237.9774064 +32.9334034    35.87  0.003855173 -12.8646 -11.5055   0.0170     40012.54     627.6512      1074.86    0.733   0
         3    193.119     29.327 237.9709280 +32.9398111    27.34  0.002938193 -11.3816 -11.3567   0.0195     34887.64     625.6912     691.1447    0.250   0
         4    136.464     10.824 237.9782442 +32.9416472    84.89  0.009124777 -14.3856 -13.1550   0.0039     182810.5     654.3931     339.9466    0.743  24
         5    913.307     90.180 237.8782427 +32.9350995     6.23 0.0006700484 -12.1028 -12.0099   0.0109     63676.03     637.0401     1111.871    0.117   0
         6    419.254     93.027 237.9417468 +32.9335653     5.83 0.0006268142 -11.5757 -11.6837   0.0145     47148.84     630.5376     1225.569    0.100   0
         7     64.626    108.887 237.9873035 +32.9309652    15.28  0.001642784 -10.0072  99.0000  99.0000    -9164.541     611.5062     806.3047    0.610   0
         8    925.322     96.783 237.8766872 +32.9344220     5.66 0.0006083638  -8.6919  -9.0458   0.1604      4152.55     613.2532     1149.485    0.128   0
         9    153.493    130.912 237.9758414 +32.9288349     4.64  0.000499053  -7.8871  99.0000  99.0000    -15447.57     611.5754     1250.986    0.222   0
        10    550.383    141.223 237.9248080 +32.9287351     5.26 0.0005652686 -11.0623 -10.9313   0.0286     23577.83     620.9002     1252.116    0.128   0
        11    984.946    196.761 237.8688577 +32.9238651     5.33  0.000572413 -14.7945 -14.8294   0.0011       854585     895.1631      1146.34    0.087   0
        12    916.397    152.199 237.8777424 +32.9284676     3.45 0.0003704458  -8.6245 -10.1430   0.0586     11407.54     615.9633      1169.99    0.419   0
        13    977.413    181.210 237.8698515 +32.9255114     7.19 0.0007730151  -9.3768 -10.5753   0.0395     16987.23     618.2067     1149.532    0.057   1
        14     74.536    252.364 237.9857727 +32.9156309    16.71  0.001795942 -12.5880 -11.5226   0.0168     40649.91     627.9724     1156.279    0.517   2
        15    949.987    206.033 237.8733356 +32.9227868     6.81 0.0007325003  -9.1629  -9.9137   0.0723      9236.05     615.0985     1160.305    0.291   0
        16    456.198    207.806 237.9367989 +32.9213708     5.62 0.0006046089  -9.4435  -9.8323   0.0779     8568.526      614.896     1269.253    0.707   0
        17    179.114    257.628 237.9723231 +32.9153350     5.17 0.0005556283 -11.9360 -12.0021   0.0109     63215.21     636.8593     1283.018    0.128   0
        18    249.216    271.847 237.9632886 +32.9139914     5.87  0.000630572  -9.5662  -9.7851   0.0814     8203.973     614.8338     1282.243    0.201   0
        19    565.371    412.653 237.9224159 +32.8997150    13.81  0.001484704 -17.0013 -17.0089   0.0003      6361730     1885.436     1257.542    0.387   4
        20    883.056    310.998 237.8817636 +32.9113856     5.79 0.0006218274  -9.3840  -9.4475   0.1109      6011.84     613.8729     1166.146    0.137   0
        21    779.546    342.703 237.8950127 +32.9077360     4.69 0.0005036746 -12.1701 -12.2282   0.0090     77853.13     642.5468     1201.698    0.044   0
        22     74.954    347.348 237.9855488 +32.9054637     5.56 0.0005975314 -10.2795 -11.3083   0.0203     33368.32     625.0499     1152.836    0.346   0
        23    431.636    354.356 237.9397016 +32.9056202     4.91 0.0005279083  -8.8807  -9.2752   0.1299     5129.427     613.6169     1270.693    0.147   0
        24    152.290    376.235 237.9755594 +32.9025693     4.88 0.0005242481 -12.8420 -12.8775   0.0051     141585.8     666.8828     1278.918    0.116   0
        25    436.680    364.024 237.9390365 +32.9045979     6.86 0.0007371344  -9.4386  -9.7034   0.0877     7609.848     614.6094     1270.243    0.205   0
        26     73.789    370.601 237.9856568 +32.9029714     3.34 0.0003591289  -9.3462 -11.2981   0.0205     33056.11     624.6202     1144.694    0.428   0
        27    783.935    375.119 237.8943943 +32.9042766     6.25 0.0006712908  -9.1133  -9.2838   0.1289     5170.209     613.7025       1192.4    0.293   0
        28     77.410    376.814 237.9851805 +32.9023155     3.44 0.0003702044  -9.4134 -11.3207   0.0201     33750.11     624.9487      1161.16    0.424   0
        29    335.781    377.715 237.9519784 +32.9028775     5.69  0.000612027  -9.0046  -9.5240   0.1034     6450.816     614.2067     1273.358    0.271   0
        30    203.068    401.080 237.9689906 +32.9000390     4.83 0.0005191845 -11.8607 -11.9909   0.0110     62570.98     636.6229     1277.099    0.097   0
        31     81.487    397.017 237.9846204 +32.9001632     3.49 0.0003746728  -9.9431 -11.2514   0.0214     31663.05     624.3336     1181.743    0.249   2
        32     77.832    475.644 237.9849493 +32.8917365     6.28 0.0006746124 -10.5527 -11.3141   0.0202     33544.41     625.0357     1158.543    0.661   0
        33     77.350    438.112 237.9850784 +32.8957532     5.50 0.0005910539 -10.3074 -11.2877   0.0207     32739.28     624.8152     1155.259    0.635   0
        34    369.614    459.817 237.9474876 +32.8941737     4.95 0.0005324062  -9.8709 -10.0232   0.0654      10215.8     615.4794       1266.4    0.179   0
        35    959.966    503.568 237.8715613 +32.8909588     4.52 0.0004860612 -12.6779 -12.7140   0.0059     121784.5      659.418     1071.397    0.050   0
        36    215.721    502.335 237.9671857 +32.8892315     0.96 0.0001035795  -9.0324  -9.7016   0.0879     7597.148     614.6731     1269.572    0.227   0
        37     77.045    554.287 237.9849097 +32.8833155    17.73  0.001905756 -12.2314 -11.5015   0.0171     39864.19     627.6764     1147.454    0.063   2
        38    228.109    532.560 237.9655407 +32.8860274     4.50 0.0004832346  -9.2909  -9.3503   0.1213     5496.855     613.7321     1267.514    0.159   0
        39    436.178    620.661 237.9386561 +32.8771226     4.06 0.0004368218 -12.6246 -12.6713   0.0061     117090.1     657.6519     1241.825    0.109   0
        40     84.749    949.628 237.9832133 +32.8410128     3.86 0.0004153921 -10.1784 -11.2486   0.0215     31580.63     624.3006     1061.603    0.448   2
        41     97.792    556.933 237.9822396 +32.8830855     5.41 0.0005811623  -9.3850  -9.9733   0.0685     9756.974     615.4821      1263.24    0.243   0
        42    649.438   1008.330 237.9106011 +32.8361550     4.55 0.0004889203 -12.5358 -12.5751   0.0066     107157.1     653.8327      1014.93    0.237   0
        43     78.114    774.115 237.9843792 +32.8597849     5.69 0.0006114574 -10.3386 -11.3329   0.0199     34131.12     625.2534     1100.124    0.604   0
        44     86.821    894.830 237.9830451 +32.8468844     3.93 0.0004225349  -9.6452 -11.3457   0.0197     34535.29     625.3981      1093.39    0.262   0
        45    747.419    653.043 237.8986182 +32.8744333     4.24 0.0004553125  -9.5950  -9.5447   0.1014      6574.93     614.1366     1119.519    0.111   0
        46    719.319    884.307 237.9018374 +32.8496058     4.26 0.0004577151 -11.8948 -11.9333   0.0116     59335.36     635.3177     1036.528    0.161   0
        47     83.451    765.066 237.9837098 +32.8607674     9.62  0.001034497 -11.3587 -11.3399   0.0198     34352.22     625.3249     1131.052    0.242   0
        48     79.250    658.540 237.9844400 +32.8721605     5.69 0.0006117718 -10.5370 -11.4562   0.0178     38235.05     626.8922     1140.463    0.238   0
        49    793.521    668.997 237.8926692 +32.8728394     3.62 0.0003894939  -7.5438  -7.9671   0.4323      1537.61     612.0653     1090.906    0.362   0
        50    705.513    675.290 237.9039638 +32.8719477     3.68 0.0003958989  -8.8009  -7.6538   0.5769     1152.135     612.0461     1130.653    0.167   0
        51     85.641    861.254 237.9832567 +32.8504757     7.67 0.0008242941 -10.9069 -11.3690   0.0193     35286.33     625.8335     1105.576    0.619   0
        52     83.109    732.781 237.9838115 +32.8642227     5.83 0.0006266306 -10.4251 -11.3215   0.0201     33775.67     625.1959     1143.484    0.540   2
        53    775.322    837.322 237.8947242 +32.8547745     4.22 0.0004534965 -10.7820 -10.8358   0.0312     21592.42     620.3903     1029.109    0.183   0
        54     84.719    808.550 237.9834692 +32.8561155     9.08 0.0009755917 -11.4055 -11.3508   0.0196     34699.07     625.6496     1123.643    0.532   2
        55    151.180    814.736 237.9749226 +32.8556234     3.90 0.0004187952 -11.8505 -11.8637   0.0124     55652.14       633.85     1207.946    0.146   0
        56    399.889    786.631 237.9430293 +32.8592635     4.02 0.0004322201  -8.7749  -8.8757   0.1875     3550.359     612.9732      1194.45    0.074   0
        57     76.402    758.197 237.9846274 +32.8614846     7.42 0.0007978308 -10.7718 -11.3094   0.0203     33401.48     624.8262     1095.418    0.681   2
        58     79.721    703.383 237.9842993 +32.8673611     6.30 0.0006767369 -10.7434 -11.4227   0.0184     37073.96     626.4797     1134.768    0.567   2
        59     77.028    676.474 237.9846933 +32.8702350     8.19 0.0008804802 -11.1685 -11.4751   0.0175      38909.3     627.2285     1125.038    0.439   2
        60    685.099    696.271 237.9065505 +32.8696509     3.89 0.0004182878 -11.6535 -11.6975   0.0143        47751     630.7931     1131.637    0.091   0
        61    893.698    627.850 237.8798690 +32.8774912     5.44 0.0005845985  -8.7186  -8.7963   0.2017     3300.025     612.8884     1053.192    0.299   0
        62     81.900    691.474 237.9840407 +32.8686416     9.41  0.001011935 -11.3235 -11.4012   0.0187     36346.75     626.2232     1149.163    0.619   2
        63    530.316    670.806 237.9264767 +32.8719909     4.38 0.0004711622  -9.4268  -9.6894   0.0888     7511.825     614.5351     1202.775    0.145   0
        64     80.815    626.666 237.9842959 +32.8755768     5.67 0.0006089933 -10.4615 -11.3505   0.0196     34690.85     625.5449     1159.682    0.527   0
        65     79.986    595.167 237.9844587 +32.8789467     3.96 0.0004261338  -9.5499 -11.3043   0.0204     33244.17      624.831     1159.991    0.506   0
        66     77.780    613.202 237.9847098 +32.8770104     3.84 0.0004127635  -9.6178 -11.3595   0.0194     34979.43     625.3726     1145.782    0.527   0
        67    584.998    953.820 237.9189686 +32.8418298     4.24 0.0004560422  -9.9796 -10.0215   0.0655     10199.54     615.4213     1065.331    0.215   0
        68    610.727    546.288 237.9163598 +32.8855221     5.34 0.0005739107  -8.7477  -8.5440   0.2544     2615.742     612.6437     1211.494    0.113   0
        69    750.530    948.758 237.8977206 +32.8427835     4.62  0.000496799 -12.6918 -12.7209   0.0058     122566.7     659.7145     989.0275    0.202   0
        70    310.543    582.356 237.9548627 +32.8809060     4.56 0.0004898645  -9.5615  -9.5153   0.1042     6399.313     614.1512     1260.259    0.076   0
        71    575.490    569.540 237.9208471 +32.8829448     6.09 0.0006546059  -9.6419  -9.7972   0.0805     8296.554     614.9747     1217.396    0.106   0
        72     84.556    994.992 237.9831571 +32.8361559     5.64 0.0006065301 -10.5140 -10.7278   0.0344     19549.57     619.3445     1052.579    0.186   0
        73     83.907    906.114 237.9833992 +32.8456689     9.02 0.0009697134 -11.3332 -11.4183   0.0184     36924.15     626.4874     1072.601    0.214   0
