#   1 NUMBER                 Running object number                                     
#   2 X_IMAGE                Object position along x                                    [pixel]
#   3 Y_IMAGE                Object position along y                                    [pixel]
#   4 ALPHA_J2000            Right ascension of barycenter (J2000)                      [deg]
#   5 DELTA_J2000            Declination of barycenter (J2000)                          [deg]
#   6 FWHM_IMAGE             FWHM assuming a gaussian core                              [pixel]
#   7 FWHM_WORLD             FWHM assuming a gaussian core                              [deg]
#   8 MAG_BEST               Best of MAG_AUTO and MAG_ISOCOR                            [mag]
#   9 MAG_APER               Fixed aperture magnitude vector                            [mag]
#  10 MAGERR_APER            RMS error vector for fixed aperture mag.                   [mag]
#  11 FLUX_APER              Flux vector within fixed circular aperture(s)              [count]
#  12 FLUXERR_APER           RMS error vector for aperture flux(es)                     [count]
#  13 BACKGROUND             Background at centroid position                            [count]
#  14 ELLIPTICITY            1 - B_IMAGE/A_IMAGE                                       
#  15 FLAGS                  Extraction flags                                          
         1    834.150    199.284 238.0208254 +33.0300036   216.86   0.02330201 -16.6253 -13.0551   0.0072     166741.6     1099.223     1886.861    0.904  24
         2    456.236    127.782 238.0695599 +33.0366819     5.25 0.0005646448 -14.0837 -14.1241   0.0028     446318.7     1160.877     2076.831    0.126   0
         3    433.399    201.889 238.0723652 +33.0286903     4.96 0.0005333875 -10.1884 -10.1360   0.1019     11334.46     1063.082     2142.658    0.114   0
         4     57.950    256.682 238.1205527 +33.0218370     8.17  0.000877361 -10.7321 -10.8457   0.0531     21790.54     1065.806     1937.509    0.373   0
         5    173.323    276.582 238.1056787 +33.0200126     5.31 0.0005706687 -11.6883 -11.7464   0.0233     49951.04     1072.273     2077.145    0.164   0
         6    296.780    291.948 238.0897740 +33.0186931     5.96 0.0006406398  -9.3921  -9.3993   0.2005     5750.766     1061.888     2171.761    0.208   0
         7    261.029    293.994 238.0943679 +33.0183802     0.00            0  -8.9052  -9.9962   0.1158     9964.882      1062.55     2157.334    0.004   0
         8    284.481    293.998 238.0913520 +33.0184414     3.75 0.0004030393  -8.9760  -9.4580   0.1900     6070.248     1061.813     2168.059    0.382   0
         9    489.037    366.835 238.0649162 +33.0111798     4.59 0.0004931259 -12.3208 -12.2904   0.0142     82447.09     1079.764     2295.416    0.036   0
        10      1.979    437.578 238.1274161 +33.0023257     5.05 0.0005424654  -9.8816  -9.8113   0.1031     8404.416      797.835     2019.947    0.479  24
        11    797.755    799.979 238.0244692 +32.9656136    29.88  0.003211099 -13.0216 -12.2378   0.0149      78548.8     1078.831     2250.952    0.428   1
        12    717.584    890.689 238.0346157 +32.9556986     3.77 0.0004049298  -9.5086  99.0000  99.0000    -70822.09     1060.563     1542.341    0.066   0
        13    841.198    830.488 238.0188331 +32.9624589    73.08   0.00785273 -14.4772 -13.6481   0.0042     287911.5     1126.246     1704.651    0.451  16
        14    264.581    854.215 238.0928974 +32.9584254     3.45 0.0003703499  -9.8464 -11.3666   0.0330     35207.44     1068.383     2169.659    0.417   0
        15     46.699    853.086 238.1209003 +32.9579704     5.39 0.0005790787 -10.5174 -11.4200   0.0314     36983.75     1069.335     1986.275    0.499   0
        16    705.308    790.698 238.0363673 +32.9663699     4.60 0.0004944958 -10.9916 -10.9204   0.0496      23342.8      1066.26     2377.355    0.051   0
        17     98.837    786.919 238.1143212 +32.9651909     5.65 0.0006074722 -12.5676 -12.2477   0.0148     79262.04     1079.026      2116.24    0.093   0
        18    664.025    789.985 238.0416746 +32.9663399     4.14 0.0004445033  -9.4590 -10.3129   0.0866     13340.28     1063.284     2378.259    0.422   0
        19    712.860    780.394 238.0354145 +32.9674922     4.62 0.0004966541 -10.1625 -10.2992   0.0877     13172.72     1063.544     2377.506    0.111   0
        20    720.609    653.908 238.0346385 +32.9810508     4.65 0.0005001293 -11.2945 -11.3612   0.0331     35033.21     1068.819     2366.221    0.044   0
        21    710.742    688.760 238.0358462 +32.9772950     4.78  0.000513945 -10.7320 -10.8703   0.0519        22290     1065.864     2375.663    0.071   0
        22    888.519    888.499 238.0126521 +32.9563702    55.09  0.005919838 -14.9486 -13.2766   0.0059     204476.8     1107.686     561.5717    0.146  17
