#   1 NUMBER                 Running object number                                     
#   2 X_IMAGE                Object position along x                                    [pixel]
#   3 Y_IMAGE                Object position along y                                    [pixel]
#   4 ALPHA_J2000            Right ascension of barycenter (J2000)                      [deg]
#   5 DELTA_J2000            Declination of barycenter (J2000)                          [deg]
#   6 FWHM_IMAGE             FWHM assuming a gaussian core                              [pixel]
#   7 FWHM_WORLD             FWHM assuming a gaussian core                              [deg]
#   8 MAG_BEST               Best of MAG_AUTO and MAG_ISOCOR                            [mag]
#   9 MAG_APER               Fixed aperture magnitude vector                            [mag]
#  10 MAGERR_APER            RMS error vector for fixed aperture mag.                   [mag]
#  11 FLUX_APER              Flux vector within fixed circular aperture(s)              [count]
#  12 FLUXERR_APER           RMS error vector for aperture flux(es)                     [count]
#  13 BACKGROUND             Background at centroid position                            [count]
#  14 ELLIPTICITY            1 - B_IMAGE/A_IMAGE                                       
#  15 FLAGS                  Extraction flags                                          
         1    840.832     79.177 327.8147690 +28.8486430   144.86   0.01564808 -15.0611 -12.9953   0.0045     157800.9     655.1125     881.3831    0.611  18
         2    593.366     30.317 327.8454701 +28.8532808     5.82 0.0006284432 -12.9883 -12.9580   0.0047     152468.8     653.1049     866.9606    0.190   0
         3    822.035     10.192 327.8172565 +28.8560287    86.26  0.009318176 -14.1080 -12.9585   0.0044       152540     620.2224     358.9944    0.777  24
         4    480.875      9.952 327.8594223 +28.8551879     4.96 0.0005354194 -11.3563  -9.2962   0.1153     5229.545     555.3234     772.7668    0.318  16
         5    754.541     57.654 327.8254849 +28.8507443     6.81 0.0007360002 -12.9245 -12.9917   0.0045     157278.6     654.9131     939.0682    0.061   3
         6    567.805     82.135 327.8485039 +28.8476324     6.22 0.0006717965 -12.9187 -12.9831   0.0046     156035.4     654.4384     1126.772    0.093   0
         7    619.507     95.567 327.8420820 +28.8463168     6.14 0.0006632674 -13.1776 -13.2304   0.0037     195958.6     669.5453     1203.645    0.100   0
         8    359.778     65.981 327.8742519 +28.8488402     7.18 0.0007760937 -10.1630 -10.7198   0.0336     19404.73     599.8134     1019.034    0.388   0
         9    322.558     78.775 327.8788204 +28.8473658     7.48 0.0008082992 -10.6170 -11.0597   0.0247     26537.75     602.9434      1074.31    0.552   0
        10    413.843     83.006 327.8675288 +28.8471447     4.42 0.0004777226  -9.6354 -10.9471   0.0273     23923.31     601.7596      1113.88    0.651   0
        11    737.621    107.079 327.8274576 +28.8453760     6.19 0.0006686526 -12.4016 -12.3261   0.0080     85200.83     626.8585     1211.296    0.128   0
        12    233.837     85.340 327.8897686 +28.8464293     3.97 0.0004284092  -9.6268 -11.1430   0.0229     28654.67     603.8862     1080.322    0.615   0
        13     35.402    116.043 327.9142149 +28.8426056     6.25 0.0006754214  -9.5754  99.0000  99.0000    -1610.157      591.754     1083.458    0.207   0
        14    514.354    135.368 327.8549805 +28.8417602     5.68 0.0006137448 -11.1056 -10.7424   0.0329     19813.62     600.1654     1200.355    0.143   0
        15      6.414    129.063 327.9177647 +28.8411270     6.78 0.0007325827  -8.9987  99.0000  99.0000    -6141.489     510.6964      1077.69    0.041  16
        16    418.711    141.550 327.8667847 +28.8408492     6.99 0.0007554298  -9.3049  -7.4481   0.6748     953.3264     592.3574     1193.188    0.233   0
        17    174.286    140.493 327.8969919 +28.8403325     8.18 0.0008832274  -8.9831  -8.0074   0.4033     1595.677     592.6118     1129.451    0.318   0
        18    589.216    191.960 327.8455927 +28.8358534     5.83 0.0006296068 -14.7369 -14.7700   0.0012     809118.4     868.7874     1209.619    0.087   0
        19    698.853    192.018 327.8320447 +28.8361258     5.97 0.0006444201 -14.4569 -14.4925   0.0014     626592.7     814.6213     1211.695    0.101   0
        20    362.245    152.984 327.8737344 +28.8394721     5.71 0.0006172097 -10.0106 -10.0017   0.0646     10015.54     596.0201     1183.032    0.018   0
        21    123.511    188.206 327.9031483 +28.8350596     5.62 0.0006068061 -12.2390 -12.3048   0.0081     83543.78     626.1815     1118.622    0.096   0
        22    352.668    178.602 327.8748554 +28.8366872     6.63  0.000716311  -9.4761  -9.7530   0.0811     7965.523      595.143     1183.402    0.203   0
        23    498.299    188.664 327.8568352 +28.8359767     6.74 0.0007283869  -9.8027 -10.0860   0.0598     10824.28     596.4922     1199.822    0.052   0
        24    172.530    198.901 327.8970647 +28.8340346     6.27 0.0006769363 -10.0445 -10.3513   0.0470     13820.39     597.7466     1136.374    0.173   0
        25    390.031    217.371 327.8701438 +28.8326059     5.59 0.0006036931 -12.3742 -12.4339   0.0073     94096.37     630.3019     1191.387    0.094   0
        26    178.133    217.589 327.8963263 +28.8320356     5.49 0.0005934908 -11.9424 -12.0143   0.0105     63933.86     618.3188     1137.938    0.089   0
        27    493.140    204.826 327.8574335 +28.8342219     8.34   0.00090069  -9.4868  -9.8229   0.0761     8494.928     595.5485     1199.018    0.076   0
        28    443.163    205.826 327.8636067 +28.8339863     3.94 0.0004254851  -8.5353  -9.1955   0.1353     4766.677     593.8645     1197.105    0.268   0
        29    771.149    215.415 327.8230551 +28.8337877     7.06 0.0007621203  -9.1004  -9.5146   0.1010     6395.035     594.5829     1211.797    0.122   0
        30     98.191    242.295 327.9061430 +28.8291659     5.48 0.0005918138 -12.8237 -12.8677   0.0050     140305.4     648.4321     1108.066    0.083   0
        31    800.836    240.795 327.8193262 +28.8311280     5.97 0.0006449119 -10.6346 -10.5522   0.0391     16628.87     598.6718     1211.589    0.117   0
        32    762.561    262.595 327.8240035 +28.8286824     5.83 0.0006294161 -12.7160 -12.7700   0.0055     128233.6     643.6225     1211.489    0.110   0
        33     75.664    267.313 327.9088645 +28.8264117     5.35 0.0005781287 -11.7384 -11.7837   0.0129     51699.78     613.4008     1097.809    0.103   0
        34    809.575    260.482 327.8181994 +28.8290288    11.97  0.001293278 -10.0439  -9.8688   0.0730     8862.135     595.5861     1211.006    0.023   0
        35    778.456    274.995 327.8220098 +28.8273865     6.30 0.0006804024 -10.1702 -10.3958   0.0451     14399.14      597.856      1211.24    0.084   0
        36    694.900    267.676 327.8323515 +28.8279638     5.33 0.0005757761  -8.7364  -8.5411   0.2469      2608.73     593.0223     1211.372    0.282   0
        37    415.855    281.876 327.8667957 +28.8257220     5.55 0.0005992546 -11.5001 -11.5692   0.0156      42432.6     609.5634     1195.294    0.103   0
        38     68.933    282.936 327.9096573 +28.8247108     5.52 0.0005967952 -10.3961 -10.4461   0.0431     15081.86      598.274     1094.456    0.095   0
        39    613.779    292.824 327.8423143 +28.8250480     5.89 0.0006357793 -10.5202 -10.5900   0.0378     17218.82     598.9678     1207.057    0.135   0
        40    440.857    290.131 327.8636864 +28.8248967     6.77 0.0007318026  -9.1413  -9.3982   0.1123     5744.792     594.2595     1195.814    0.088   0
        41    835.461    290.166 327.8149301 +28.8258956     6.44 0.0006954896  -8.5415  99.0000  99.0000    -12833.89     591.9382     1209.424    0.361   0
        42    475.439    293.724 327.8594049 +28.8245981     6.99 0.0007554154  -9.1909  -9.3488   0.1176     5489.372     594.1854       1196.6    0.253   0
        43    749.616    311.096 327.8254869 +28.8234238     5.62 0.0006074908 -10.3236 -10.3583   0.0467     13909.75     597.7509     1210.301    0.090   0
        44    601.572    308.493 327.8437847 +28.8233287     5.75 0.0006215592  -9.8317 -10.0331   0.0628     10309.91     596.2433     1204.509    0.167   0
        45    294.850    328.136 327.8816333 +28.8204262     5.26 0.0005680342 -11.9084 -11.9659   0.0110     61145.21     617.0618     1173.492    0.073   0
        46    825.278    322.741 327.8161106 +28.8223600     6.20 0.0006699572  -9.3934  99.0000  99.0000    -6792.375     591.9382     1207.667    0.139   0
        47     91.865    352.419 327.9066519 +28.8172839     5.25 0.0005675494 -13.0123 -13.0538   0.0043     166546.4     658.5016     1103.763    0.040   0
        48    394.102    345.642 327.8693280 +28.8187955     5.24  0.000566498 -12.1099 -12.1809   0.0091     74535.77     622.5588     1185.262    0.077   0
        49    152.332    338.269 327.8992164 +28.8189656     5.48  0.000591559  -9.9243  -9.9601   0.0672     9639.082     596.0286     1127.636    0.061   0
        50    903.366    333.843 327.8064361 +28.8213602     4.95 0.0005345616  -8.5470  99.0000  99.0000    -27406.71      591.888     1031.675    0.258   0
        51    332.963    351.230 327.8768680 +28.8180362     5.37 0.0005797709  -9.7075  -9.8744   0.0726     8907.299     595.6383     1179.537    0.123   0
        52    122.755    381.927 327.9027625 +28.8141848     5.33 0.0005755327 -12.3761 -12.4432   0.0072      94901.2     630.6839     1113.096    0.120   0
        53    761.142    382.855 327.8238912 +28.8157210     5.58 0.0006023711 -12.0463 -12.1050   0.0097     69500.84     620.5176     1204.973    0.147   2
        54    759.381    395.187 327.8240793 +28.8143878     5.59 0.0006038955 -10.9370 -11.1036   0.0237      27633.7     603.2498     1203.727    0.151   3
        55    911.868    384.440 327.8052656 +28.8159298     4.49 0.0004852111  -9.1903  99.0000  99.0000    -34060.04     591.8545     991.8115    0.281   0
        56    596.609    399.933 327.8441773 +28.8134635     5.67 0.0006120304  -9.8582  -9.7785   0.0793     8154.895     595.3224     1197.618    0.120   0
        57     43.843    395.846 327.9124769 +28.8124796     4.42 0.0004776708  -8.6609  -8.7720   0.1997     3226.901     593.2828     1076.122    0.181   0
        58    563.855    402.251 327.8482183 +28.8131303     5.47 0.0005909673  -9.7375  -9.6112   0.0924     6990.315     594.7832     1194.665    0.135   0
        59    621.302    422.996 327.8410711 +28.8110413     5.25 0.0005674521 -12.4820 -12.5462   0.0066     104349.2     634.3398     1197.943    0.102   0
        60    448.474    423.866 327.8624202 +28.8105065     5.42 0.0005849524  -9.9517  -9.9753   0.0662     9774.688     596.0189     1186.988    0.193   0
        61    484.865    430.039 327.8579094 +28.8099345     4.69 0.0005071395  -9.1944  -8.4345   0.2722     2364.829     592.8358     1188.699    0.086   0
        62    514.609    436.924 327.8542183 +28.8092687     5.17 0.0005587547 -10.1872 -10.0199   0.0636     10184.93     596.1078     1189.476    0.082   0
        63    287.552    444.771 327.8822490 +28.8078403     5.13 0.0005537437 -11.1290 -11.1592   0.0226     29085.11      604.048     1166.601    0.078   0
        64    318.815    441.452 327.8783950 +28.8082784     5.54 0.0005984475  -9.2656  -8.9722   0.1661     3880.598     593.5081     1173.615    0.059   0
        65    879.939    466.588 327.8090153 +28.8069982     5.47 0.0005911766 -11.9371 -12.0088   0.0106     63606.84     618.1384     1133.295    0.161   0
        66    181.679    455.112 327.8953025 +28.8064523     5.29 0.0005711342 -10.4050 -10.4241   0.0440     14779.47     598.1476     1128.415    0.091   0
        67    144.978    451.287 327.8998458 +28.8067692     3.19 0.0003450688  -8.3085  -8.1426   0.3561     1807.366     592.6509     1114.692    0.085   0
        68    496.707    483.986 327.8563157 +28.8041521     5.02 0.0005428114 -12.3787 -12.4442   0.0072     94991.83      630.767     1186.058    0.096   0
        69    333.138    482.541 327.8765251 +28.8038881     5.54 0.0005983153  -9.7295  -9.7017   0.0850     7597.618     595.0051     1174.067    0.112   0
        70    552.134    494.402 327.8494436 +28.8031713     4.97 0.0005370185 -11.6414 -11.7190   0.0136     48705.88     612.0336     1188.021    0.088   0
        71     84.236    492.643 327.9072469 +28.8021552     5.90 0.0006369406  -9.3057  -9.2801   0.1252     5152.958     594.0939     1083.485    0.027   0
        72    238.483    497.007 327.8881824 +28.8020853     5.38 0.0005816447  -9.6776  -9.8401   0.0749     8630.312     595.4721     1143.205    0.109   0
        73    416.186    564.869 327.8660658 +28.7952309     4.77 0.0005156826 -14.5153 -14.5533   0.0014     662678.5     825.6454     1175.668    0.073   0
        74    882.683    856.106 327.8077515 +28.7650348    20.09  0.002170418 -12.8810 -11.5149   0.0164     40360.49      608.713     1026.023    0.576   2
        75    849.884   1024.915 327.8114004 +28.7467634     4.82 0.0005206197  -9.9163  -9.7003   0.0710     7587.652     495.9547      1029.72    0.223  24
        76    876.182   1004.023 327.8082031 +28.7490806     8.98 0.0009703012 -11.0259 -11.1020   0.0237     27592.48     603.2491     995.2499    0.258   0
        77    460.045    989.940 327.8596162 +28.7495428     4.97 0.0005373898 -10.3916 -10.4259   0.0439     14802.76     598.0579     984.5262    0.213   0
        78    784.609    978.294 327.8195708 +28.7516223     4.74 0.0005123337 -14.6536 -14.6897   0.0012     751396.4     852.0853     1050.366    0.144   0
        79    368.717    980.794 327.8709146 +28.7502939     4.92 0.0005314008 -12.8501 -12.9088   0.0048     145717.3     650.4849      967.326    0.133   0
        80    240.074    985.007 327.8867874 +28.7495085     5.40 0.0005835264 -10.2694  -9.9410   0.0683     9471.003     595.7917     929.7778    0.196   0
        81    345.617    845.993 327.8740957 +28.7647591     4.65 0.0005019747 -10.6143 -10.6990   0.0342     19037.05     599.6105     1045.686    0.095   0
        82    854.402    827.694 327.8113114 +28.7680251     4.72 0.0005102769 -11.3618 -11.5494   0.0159     41663.76     609.1178     1099.951    0.151   0
        83    793.922    825.097 327.8187862 +28.7681527     4.57 0.0004935306 -10.5874 -10.5626   0.0387     16790.03     598.9211     1122.016    0.146   0
        84    882.815    820.441 327.8078198 +28.7688781    24.46   0.00264257 -12.9874 -11.5200   0.0163     40551.71     608.6775     1037.309    0.378   2
        85    882.603    791.339 327.8079150 +28.7720132    18.82  0.002032839 -12.3976 -11.5598   0.0157     42064.66     609.2986      1047.64    0.443   2
        86    883.312    887.919 327.8075983 +28.7616086    15.15  0.001636225 -12.2720 -11.4726   0.0170     38817.61     608.0626     1011.847    0.527   2
        87    885.045    903.151 327.8073482 +28.7599717    14.52   0.00156813 -11.1937 -11.4304   0.0177     37338.69     607.4706     998.1517    0.069   1
        88    638.107    879.738 327.8378964 +28.7618707     5.28 0.0005705585  -8.9689  -8.7790   0.1984     3248.022     593.3418     1082.026    0.133   0
        89    914.788    882.948 327.8037233 +28.7622232     3.65 0.0003939905  -8.4031  99.0000  99.0000    -28092.95      591.888     913.8782    0.364   0
        90    116.274    864.141 327.9023710 +28.7622107     5.29 0.0005711337 -11.1680 -11.1658   0.0224     29262.14     604.1376     963.6758    0.149   0
        91    657.359    846.497 327.8355990 +28.7655013     4.47 0.0004828316 -13.3545 -13.3989   0.0032     228851.1     681.7308     1102.541    0.120   0
        92    290.905    879.190 327.8807705 +28.7610413     4.94 0.0005335373 -10.6033 -10.6500   0.0358     18197.26     599.5579     1012.242    0.104   0
        93    117.777    839.406 327.9022466 +28.7648798     5.47 0.0005911415  -9.8191  -9.4546   0.1066     6051.277     594.1716     980.1219    0.185   0
        94    154.317    857.983 327.8976887 +28.7629730     4.27 0.0004614089  -8.6461  -8.9100   0.1759     3664.391      593.417     983.6376    0.079   0
        95    325.871    792.981 327.8766636 +28.7704202     4.64 0.0005006926 -12.1924 -12.2422   0.0086     78862.14     624.3413     1072.383    0.063   0
        96    298.694    834.000 327.8799194 +28.7659305     4.24 0.0004575745  -8.4836  -8.8320   0.1889     3410.499     593.1764     1042.107    0.100   0
        97    606.179    641.714 327.8424123 +28.7874363     5.15 0.0005563073  -9.4910  -9.4451   0.1076     5998.558     594.4163     1173.909    0.178   0
        98    181.659    926.579 327.8941435 +28.7556528     5.48 0.0005915962 -10.1320  -9.9756   0.0662     9777.941     596.0369     947.5529    0.184   0
        99    881.880    916.878 327.8077064 +28.7584847    16.33  0.001763611 -11.5369 -11.5562   0.0158     41925.33     609.4366     1000.679    0.576   3
       100    603.279    802.463 327.8423832 +28.7701085     4.61 0.0004983525 -10.2951 -10.3232   0.0482     13466.97     597.5822     1112.392    0.072   0
       101    306.011    797.412 327.8791054 +28.7698916     4.81 0.0005196878 -10.5688 -10.6552   0.0356     18284.64     599.3463     1065.913    0.087   0
       102     56.117    792.563 327.9099766 +28.7697665     5.70 0.0006161614 -10.3184 -10.4402   0.0433     14999.67     598.1899     978.7072    0.213   0
       103    690.378    915.718 327.8313555 +28.7581266     4.58 0.0004943665 -11.3300 -11.4014   0.0181     36353.59     607.0651      1071.16    0.151   0
       104    709.955    766.908 327.8292947 +28.7742102     4.48 0.0004835163 -10.6805 -10.7906   0.0315     20712.03     600.6055     1139.841    0.069   0
       105    650.503    782.889 327.8365984 +28.7723376     4.55 0.0004913182 -10.6362 -10.7067   0.0340     19171.99     599.9972     1127.603    0.132   0
       106     84.394    728.113 327.9066444 +28.7767845     5.50  0.000594188 -10.6935 -10.8097   0.0309     21081.29     600.6768     1021.412    0.093   0
       107    513.165    764.924 327.8536023 +28.7739236     5.02  0.000542089  -9.0353  -8.7293   0.2076     3102.432     593.1969     1116.516    0.097   0
       108    498.015    730.021 327.8555579 +28.7776456     4.77 0.0005150844  -9.7664  -9.7859   0.0787     8209.955     595.1291     1130.314    0.108   0
       109    885.256    764.220 327.8076518 +28.7749420     8.30 0.0008962797 -11.2072 -11.4226   0.0178     37070.25     607.3601     1052.262    0.534   2
       110    880.444    753.710 327.8082710 +28.7760623    12.24   0.00132197  -9.5588 -11.3525   0.0189     34754.66     606.4062     1074.647    0.654   3
       111    631.948    737.762 327.8389983 +28.7771528     4.58 0.0004944017 -12.3839 -12.4472   0.0072      95249.7     630.8691     1145.751    0.094   0
       112    882.194    724.309 327.8081247 +28.7792346    11.94  0.001289448 -11.7850 -11.3807   0.0185     35667.23      606.766     1078.615    0.563   0
       113    887.717    744.014 327.8073958 +28.7771253    13.31  0.001437798 -11.1756 -11.2215   0.0213     30803.87     604.6933     1050.108    0.615   2
       114    584.956    736.488 327.8448050 +28.7771705     1.21 0.0001310199  -7.5500  -6.6823   1.3656     470.8887      592.137     1141.577    0.313   0
       115    582.679    707.505 327.8451561 +28.7802877     4.98 0.0005376614  -9.3705  -9.3058   0.1223     5276.376     594.1124     1151.096    0.100   0
       116    237.648    713.220 327.8877543 +28.7787866     4.84 0.0005225442 -11.1931 -11.2689   0.0204     32177.11     605.3263     1082.685    0.047   0
       117    440.207    652.985 327.8628845 +28.7857982     4.62 0.0004990715 -12.9617 -13.0054   0.0045     159282.7     655.5265     1157.677    0.065   0
       118    412.369    683.696 327.8662478 +28.7824177     4.59 0.0004961999 -14.0539 -14.0910   0.0019     432924.1     752.8437     1143.622    0.060   0
       119    780.999    697.242 327.8206872 +28.7818962     5.60 0.0006050667  -9.5682  -9.5655   0.0963     6701.681     594.5285     1170.386    0.235   0
       120    787.748    655.623 327.8199530 +28.7863976     4.93 0.0005326136  -9.9182  -9.9996   0.0648     9996.146     596.0619     1182.067    0.090   0
       121    883.716    650.997 327.8081108 +28.7871378     4.26 0.0004599131  -9.7993 -11.2674   0.0205     32134.17     605.2595      1092.12    0.058   0
       122    527.126    923.897 327.8514937 +28.7568301     4.48 0.0004840061  -8.6644  -9.2977   0.1232     5237.004     594.1125     1036.221    0.218   0
       123     90.386    647.531 327.9061038 +28.7854825     5.33 0.0005757404 -10.4704 -10.5457   0.0393     16529.94     598.8457     1054.977    0.051   0
       124    881.430    684.246 327.8083141 +28.7835495     4.14 0.0004477119  -9.7864 -11.3422   0.0191     34425.35     606.2214     1093.845    0.538   0
       125    465.088    657.443 327.8598005 +28.7853815     4.64 0.0005011993  -9.5855  -9.7124   0.0842      7673.22     595.1701     1157.742    0.111   0
       126    880.385    663.510 327.8084924 +28.7857812     4.77 0.0005157539 -10.1519 -11.3242   0.0194      33860.3     606.0374     1103.593    0.739   0
       127    392.919    669.713 327.8686842 +28.7838744     5.11 0.0005514767  -9.3264  -9.5916   0.0941     6865.223     594.7473     1144.749    0.150   0
       128    307.076    639.074 327.8793614 +28.7869549     4.69 0.0005069499  -9.8435 -10.0671   0.0609      10637.2     596.4803     1130.119    0.067   0
       129    727.501    855.616 327.8269154 +28.7646965     6.19 0.0006685808  -8.8622  -9.0861   0.1496       4309.5     593.7221     1104.513    0.302   0
       130    301.427    584.098 327.8801937 +28.7928639     4.80 0.0005181098 -12.5000 -12.5742   0.0064       107074     635.5376     1144.333    0.047   0
       131    470.439    889.210 327.8585772 +28.7604228     4.54 0.0004906332 -10.7680 -10.8212   0.0306     21305.01     600.6708     1046.477    0.162   0
       132    540.182    600.360 327.8506637 +28.7917240     4.76 0.0005145543 -12.8949 -12.9522   0.0047       151659     652.7037     1182.802    0.100   0
       133    551.294    616.327 327.8492526 +28.7900319     4.69 0.0005063256 -11.0759 -11.1850   0.0220     29786.22     604.3544     1180.294    0.096   0
       134    694.239    597.087 327.8316428 +28.7924684     5.01 0.0005408918 -10.6560 -10.7500   0.0327      19952.1     600.2231     1188.676    0.155   0
       135     25.761    556.995 327.9143104 +28.7950692     5.48 0.0005917014 -10.4650 -10.5254   0.0401     16224.58     598.5361     1045.896    0.076   0
       136    838.391    551.861 327.8139449 +28.7977055     5.44 0.0005871902  -8.8409  99.0000  99.0000    -6004.888     591.8545     1191.678    0.140   0
       137    884.427    954.038 327.8073037 +28.7544871    27.70  0.002991846 -13.1358 -11.5646   0.0157     42251.71     609.4241     981.8553    0.375   2
       138    452.811    541.019 327.8615997 +28.7978946     5.75 0.0006210351  -8.6209  -8.6835   0.2165     2974.444      592.909     1181.842    0.405   0
       139    767.404    906.405 327.8218667 +28.7593248     4.10 0.0004429655  -8.7557  -8.9387   0.1713     3762.361     593.2913     1084.232    0.089   0
       140    855.481   1006.701 327.8107526 +28.7487400     4.90 0.0005293626 -10.9405 -11.0334   0.0253     25903.95     602.7463     1031.548    0.228   0
       141    761.403    562.786 327.8234288 +28.7963343     1.67 0.0001805953  -8.3025  -8.8026   0.1940     3319.214     593.0377     1192.966    0.396   0
       142    583.993    911.987 327.8445007 +28.7582583     3.96 0.0004276848  -8.4548  -9.0019   0.1616     3988.101     593.3362      1053.41    0.410   0
       143    271.599    971.036 327.8829294 +28.7510953     5.61 0.0006061609  -9.3342  -9.6414   0.0899     7187.153     594.7159     946.9201    0.151   0
       144    628.640    975.316 327.8388355 +28.7515483     4.64 0.0005011579 -11.1628 -11.2329   0.0211     31130.05     604.9265     1025.986    0.184   0
