#   1 NUMBER                 Running object number                                     
#   2 X_IMAGE                Object position along x                                    [pixel]
#   3 Y_IMAGE                Object position along y                                    [pixel]
#   4 ALPHA_J2000            Right ascension of barycenter (J2000)                      [deg]
#   5 DELTA_J2000            Declination of barycenter (J2000)                          [deg]
#   6 FWHM_IMAGE             FWHM assuming a gaussian core                              [pixel]
#   7 FWHM_WORLD             FWHM assuming a gaussian core                              [deg]
#   8 MAG_BEST               Best of MAG_AUTO and MAG_ISOCOR                            [mag]
#   9 MAG_APER               Fixed aperture magnitude vector                            [mag]
#  10 MAGERR_APER            RMS error vector for fixed aperture mag.                   [mag]
#  11 FLUX_APER              Flux vector within fixed circular aperture(s)              [count]
#  12 FLUXERR_APER           RMS error vector for aperture flux(es)                     [count]
#  13 BACKGROUND             Background at centroid position                            [count]
#  14 ELLIPTICITY            1 - B_IMAGE/A_IMAGE                                       
#  15 FLAGS                  Extraction flags                                          
         1    833.567    206.144 238.0211070 +33.0280531   214.33   0.02298556 -16.5109 -12.9106   0.0076     145960.4      1026.34     1761.274    0.908  24
         2    456.332    119.454 238.0697144 +33.0362889     7.34   0.00078671 -14.2100 -14.2430   0.0024     497945.9     1108.593      1919.15    0.193   0
         3    433.464    193.607 238.0725160 +33.0283090     6.83 0.0007324077 -10.2357 -10.3189   0.0804     13414.48     993.4736      1984.65    0.295   0
         4     58.018    247.984 238.1206319 +33.0214679    11.05  0.001185437 -10.7848 -10.8235   0.0506     21349.71     995.0505     1793.516    0.270   0
         5    173.386    268.250 238.1057783 +33.0196240     6.70 0.0007184227 -11.8241 -11.8678   0.0195     55864.27     1004.099     1922.581    0.159   2
         6    167.296    270.312 238.1065566 +33.0193870     0.95 0.0001016465  -8.2948 -10.3005   0.0818     13188.84     993.5286     1921.221    0.455   3
         7    296.808    283.918 238.0898997 +33.0182916     5.18  0.000555908  -9.4736  -9.9067   0.1174     9176.324     992.3507     2009.859    0.437   0
         8    261.035    294.000 238.0944748 +33.0171167     0.00            0  -8.7953  -9.9224   0.1157      9310.62      992.105     2002.914    0.008   0
         9    489.505    358.660 238.0650179 +33.0108388     5.90 0.0006331977 -12.4342 -12.4576   0.0115     96170.91      1014.14     2124.013    0.153   0
        10      2.128    429.536 238.1274649 +33.0019275     6.18 0.0006624784 -10.2123 -10.1538   0.0708     11521.77     750.6965      1877.09    0.575  24
        11    706.121    782.731 238.0364448 +32.9661463     5.52  0.000591693 -11.2130 -11.3015   0.0327     33158.77     998.5131     2198.714    0.112   0
        12    888.267    888.307 238.0128820 +32.9553623    55.50  0.005951662 -14.8231 -13.1416   0.0062     180575.9     1034.791      568.587    0.151  17
        13    836.987    827.527 238.0195699 +32.9617148    81.89  0.008781907 -14.2056 -13.5059   0.0045     252562.5     1051.933     1653.084    0.208  16
        14     99.325    778.811 238.1143288 +32.9649051     6.32 0.0006777487 -12.1011 -11.9804   0.0176     61966.89     1005.535     1973.873    0.113   0
        15    713.563    772.470 238.0355081 +32.9672620     5.55 0.0005951401 -10.4123 -10.5413   0.0656     16463.42     994.1848     2198.904    0.184   0
        16    718.505    883.187 238.0346763 +32.9554536     4.07 0.0004366353  -9.6667  99.0000  99.0000    -73613.44     990.1483     1613.539    0.127   0
        17    711.432    680.801 238.0359452 +32.9770441     6.22 0.0006671483 -10.9834 -11.0881   0.0397     27242.53     996.5856     2200.426    0.153   0
        18    721.185    645.917 238.0347556 +32.9807950     5.57 0.0005971809 -11.3752 -11.4518   0.0285     38082.91     999.5233     2190.548    0.161   0
