#   1 NUMBER                 Running object number                                     
#   2 X_IMAGE                Object position along x                                    [pixel]
#   3 Y_IMAGE                Object position along y                                    [pixel]
#   4 ALPHA_J2000            Right ascension of barycenter (J2000)                      [deg]
#   5 DELTA_J2000            Declination of barycenter (J2000)                          [deg]
#   6 FWHM_IMAGE             FWHM assuming a gaussian core                              [pixel]
#   7 FWHM_WORLD             FWHM assuming a gaussian core                              [deg]
#   8 MAG_BEST               Best of MAG_AUTO and MAG_ISOCOR                            [mag]
#   9 MAG_APER               Fixed aperture magnitude vector                            [mag]
#  10 MAGERR_APER            RMS error vector for fixed aperture mag.                   [mag]
#  11 FLUX_APER              Flux vector within fixed circular aperture(s)              [count]
#  12 FLUXERR_APER           RMS error vector for aperture flux(es)                     [count]
#  13 BACKGROUND             Background at centroid position                            [count]
#  14 ELLIPTICITY            1 - B_IMAGE/A_IMAGE                                       
#  15 FLAGS                  Extraction flags                                          
         1    853.321     89.355 238.0168750 +32.9326670   110.81   0.01187766 -15.4966 -13.3609   0.0037       220976     750.7007     1026.518    0.476  19
         2    816.352     46.089 238.0216851 +32.9371772    77.55  0.008312162 -14.2275 -12.8742   0.0056     141147.2     723.6455     724.9216    0.778  19
         3    827.243     10.278 238.0203412 +32.9410260    93.64   0.01003678 -14.2094 -13.2212   0.0039     194301.2     705.2368     319.0977    0.806  24
         4    489.618     51.644 238.0636120 +32.9356651     4.34 0.0004653661  -9.5120  99.0000  99.0000    -10632.67     672.9858     1124.246    0.065   0
         5    246.302     77.022 238.0947997 +32.9322652    11.90  0.001275774 -11.8891 -11.4775   0.0191     38995.96     687.4312       1217.8    0.182   0
         6    151.780     82.622 238.1069215 +32.9313965     3.47 0.0003718736  -9.5251 -11.4024   0.0205     36387.77     686.2019     1218.154    0.768   0
         7     71.991     78.830 238.1171676 +32.9315705     3.95 0.0004230267  -9.6053 -11.3794   0.0209     35626.32     685.9244     1165.542    0.496   0
         8    225.668     79.667 238.0974437 +32.9319240     4.25 0.0004559393  -9.9522 -11.4586   0.0195     38319.68     687.2411     1229.702    0.531   2
         9     98.704     83.433 238.1137318 +32.9311569     4.35 0.0004662911  -9.9540 -11.5099   0.0186     40173.75     687.7849     1189.457    0.441   0
        10    135.274     84.565 238.1090367 +32.9311417     4.15 0.0004451748  -9.8909 -11.4229   0.0201     37082.09     686.7535      1220.21    0.538   0
        11    118.146     86.977 238.1112310 +32.9308351     4.43 0.0004746599  -9.8926 -11.4142   0.0203     36786.58     686.5899     1221.937    0.653   0
        12     62.603    121.426 238.1183031 +32.9270016     4.55 0.0004881916 -13.6958 -13.7296   0.0027     310341.4     779.6144       1270.5    0.050   0
        13    727.671    130.663 238.0329382 +32.9279111     4.44 0.0004756657 -10.0540  99.0000  99.0000      -3946.4      673.062      1427.82    0.047   0
        14    749.385    135.309 238.0301445 +32.9274765     4.40 0.0004718005  -9.7701  99.0000  99.0000    -10823.96     673.1191     1428.116    0.054   0
        15    698.432    198.677 238.0365865 +32.9205769     4.87 0.0005214916 -11.7647 -11.8634   0.0135     55634.18     693.4187      1428.12    0.024   0
        16    475.501    190.839 238.0652062 +32.9207833     6.22 0.0006662063  -9.2017  -9.9601   0.0762     9639.483     676.5761     1411.396    0.103   0
        17    320.351    193.815 238.0851109 +32.9200240     4.87 0.0005217614  -9.8449 -10.1476   0.0642      11455.8     677.2469      1383.99    0.125   0
        18    109.790    262.713 238.1120186 +32.9120730     4.46 0.0004778355 -13.6785 -13.7233   0.0027     308552.1     779.2707     1298.311    0.050   0
        19    759.663    283.457 238.0286004 +32.9117088     4.50 0.0004822828 -12.1055 -12.1771   0.0102     74271.65     700.0692     1429.534    0.052   0
        20      3.874    324.350 238.1255078 +32.9051946     4.75 0.0005087761  -8.5442  -8.0019   0.3694     1587.698     540.0953     1235.208    0.259  16
        21    578.680    334.336 238.0517439 +32.9057747     4.39 0.0004708362 -11.1755 -11.2910   0.0227     32840.32     685.2076     1414.699    0.044   0
        22    285.118    348.079 238.0893863 +32.9034747     4.29 0.0004595223 -11.0568 -11.0772   0.0275     26968.71     683.0807     1376.962    0.044   0
        23     41.175    351.403 238.1206780 +32.9024181     5.45 0.0005841129  -9.0318  -9.0993   0.1679     4362.504     674.4144     1254.281    0.201   0
        24    448.220    388.990 238.0683965 +32.8995776     4.41 0.0004726548 -10.7805 -10.9321   0.0314     23597.17     681.4696     1397.335    0.046   0
        25    508.899    439.851 238.0605325 +32.8943267     4.28 0.0004582711 -12.0423 -12.0416   0.0115     65563.11     697.0076     1399.204    0.032   0
        26    156.102    457.225 238.1057628 +32.8914666     4.86 0.0005214051  -9.7966  -9.9258   0.0787     9339.229     676.5409     1305.589    0.159   0
        27    267.588    499.113 238.0913945 +32.8873203     4.36 0.0004673239 -12.3432 -12.3908   0.0085     90430.62     705.8343     1353.951    0.044   0
        28    881.896    604.103 238.0124355 +32.8778606     9.36  0.001003811 -11.5639 -11.4711   0.0193      38763.5     687.5331     1299.602    0.491   2
        29     10.902    500.424 238.1243184 +32.8864410     4.87 0.0005222509 -10.3111 -10.1918   0.0586     11932.55     644.1791     1214.557    0.116  16
        30    883.531    804.083 238.0119260 +32.8565418    83.27  0.008925589 -14.8824 -11.8475   0.0137      54825.8     693.2196     1208.295    0.911  18
        31    437.836    506.683 238.0695441 +32.8869990     4.71 0.0005053091  -9.5716  -9.5056   0.1157     6342.431     675.4326     1389.115    0.145   0
        32    905.853    629.893 238.0093241 +32.8751773     4.28 0.0004590505 -10.9827  -9.9511   0.0769      9559.18      676.679      1170.27    0.043   0
        33    888.162   1027.617 238.0109976 +32.8327199     3.43 0.0003680845  -8.9285 -10.6318   0.0316     17894.96     520.9645     1091.424    0.430  16
        34    798.221   1024.610 238.0225324 +32.8327898     4.69 0.0005029778  -9.6766  -9.2349   0.1245     4942.875     566.5801     1196.022    0.102  16
        35    885.440   1014.178 238.0113666 +32.8341453     5.40 0.0005793212 -10.3343 -11.3926   0.0207      36061.3     686.2697     1107.503    0.336   0
        36    356.498   1011.020 238.0791811 +32.8329919     3.72 0.0003984179  -8.4870  -7.4260   0.7830     934.0789     673.4659     1077.155    0.371   0
        37    886.205    998.001 238.0112928 +32.8358724     9.25 0.0009917624 -11.2672 -11.5811   0.0174     42900.11      688.589     1107.198    0.755   2
        38    717.753    715.641 238.0333189 +32.8655089     5.50 0.0005899725  -9.4618 -10.0532   0.0700     10501.73     677.0272     1361.057    0.306   0
        39    378.404    706.746 238.0768522 +32.8654979     4.34 0.0004654317 -12.6847 -12.7502   0.0062     125918.4     718.2045     1306.911    0.037   0
        40    808.247    872.717 238.0214763 +32.8490137     4.32 0.0004628717 -12.6893 -12.7265   0.0063     123198.6     717.4537     1283.395    0.008   0
        41    857.268    797.359 238.0153039 +32.8571856     4.91 0.0005259001 -11.9868 -12.1259   0.0107     70855.17     698.8665     1300.373    0.127   0
        42    127.833    638.236 238.1090967 +32.8720847     4.69 0.0005028496  -9.9777 -10.1558   0.0637     11542.95     677.3169      1240.69    0.075   0
        43    299.359    762.657 238.0869003 +32.8593107     4.64 0.0004974121 -10.7566 -10.7501   0.0370     19953.92     680.4897     1252.741    0.052   0
