#   1 NUMBER                 Running object number                                     
#   2 X_IMAGE                Object position along x                                    [pixel]
#   3 Y_IMAGE                Object position along y                                    [pixel]
#   4 ALPHA_J2000            Right ascension of barycenter (J2000)                      [deg]
#   5 DELTA_J2000            Declination of barycenter (J2000)                          [deg]
#   6 FWHM_IMAGE             FWHM assuming a gaussian core                              [pixel]
#   7 FWHM_WORLD             FWHM assuming a gaussian core                              [deg]
#   8 MAG_BEST               Best of MAG_AUTO and MAG_ISOCOR                            [mag]
#   9 MAG_APER               Fixed aperture magnitude vector                            [mag]
#  10 MAGERR_APER            RMS error vector for fixed aperture mag.                   [mag]
#  11 FLUX_APER              Flux vector within fixed circular aperture(s)              [count]
#  12 FLUXERR_APER           RMS error vector for aperture flux(es)                     [count]
#  13 BACKGROUND             Background at centroid position                            [count]
#  14 ELLIPTICITY            1 - B_IMAGE/A_IMAGE                                       
#  15 FLAGS                  Extraction flags                                          
         1    852.715     89.083 238.0172041 +32.9321218   120.35   0.01292628 -14.8558 -12.6768   0.0051     117680.5     555.1341     792.8725    0.499  19
         2    817.252     46.417 238.0218356 +32.9365922    71.97  0.007730127 -13.5824 -12.1446   0.0080     72081.63     534.2441      631.274    0.794  19
         3    826.179      9.686 238.0207534 +32.9405440    88.17  0.009470421 -13.6536 -12.5174   0.0055     101614.2     516.0169      414.097    0.809  24
         4    492.078     44.483 238.0636180 +32.9359409     5.63 0.0006043012  -9.5514  99.0000  99.0000    -4949.867     499.4321      819.869    0.074   0
         5    248.866     69.794 238.0948189 +32.9325829     5.99 0.0006429963  -9.6020 -10.5333   0.0337     16341.81     507.5046     872.4774    0.247   0
         6     65.199    114.547 238.1183310 +32.9273000     4.87 0.0005227108 -13.8089 -13.8482   0.0020       346159     649.9006       921.64    0.069   0
         7    730.007    124.017 238.0329069 +32.9280640     4.72 0.0005072592 -10.2296  -8.9155   0.1477     3683.035     501.0189     1006.872    0.075   0
         8    751.879    128.677 238.0300888 +32.9276231     4.62 0.0004960932  -9.8923  99.0000  99.0000    -4620.761     499.4745     1006.999    0.089   0
         9    624.700    133.998 238.0464178 +32.9267189     4.22 0.0004536597  -7.9671  99.0000  99.0000    -5120.777     499.2625     1005.196    0.083   0
        10    371.898    144.887 238.0788745 +32.9248820     8.38 0.0008996464  -9.6276  -9.5579   0.0820     6655.156     502.7805     988.6318    0.265   0
        11    700.952    191.888 238.0365185 +32.9207287     5.36 0.0005761679 -11.8502 -11.9265   0.0097     58964.46     528.1237     1007.223    0.037   0
        12    478.025    183.781 238.0651702 +32.9210055     5.18 0.0005560971  -9.1173  -9.2761   0.1061     5133.964     501.8127      999.183    0.233   0
        13    322.842    186.995 238.0850988 +32.9202472     4.86 0.0005217937  -9.7707  -9.8336   0.0637     8579.235     503.5542     984.3624    0.095   0
        14    294.872    216.357 238.0886375 +32.9170318     1.04 0.0001116214  -8.7771  -8.7196   0.1769     3075.027     500.9126     981.7009    0.060   0
        15    112.416    255.761 238.1120004 +32.9123254     4.78 0.0005133444 -13.7770 -13.8224   0.0021     338029.5     646.7877     938.1124    0.077   0
        16    762.130    276.629 238.0285094 +32.9118264     4.73 0.0005076943 -12.1807 -12.2417   0.0074      78825.7      537.417     1008.528    0.089   0
        17     45.735    267.356 238.1205433 +32.9109043     4.59 0.0004926267  -8.3076  -8.1258   0.3053     1779.653     500.2234     919.1796    0.414   0
        18    235.374    275.811 238.0961698 +32.9105133     9.58   0.00102902 -10.2215 -10.3180   0.0410     13402.66     505.8456     970.4895    0.351   0
        19    581.193    327.456 238.0516584 +32.9059134     4.55 0.0004885492 -11.2822 -11.3851   0.0157     35814.37     516.9124      1000.37    0.079   0
        20      6.167    317.056 238.1255315 +32.9054813     5.91 0.0006344332  -8.8207  -8.2725   0.2288     2036.977     429.2323     905.5517    0.028  16
        21    287.713    341.225 238.0893264 +32.9036580     4.62 0.0004966542 -11.1392 -11.1930   0.0186      30004.2     514.1633      981.028    0.083   0
        22     43.513    344.655 238.1206830 +32.9026311     5.56  0.000597198  -9.2838  -9.4430   0.0911     5986.896     502.4059     914.9069    0.128   0
        23    450.829    382.081 238.0683025 +32.8997249     4.54 0.0004872384 -10.8215 -10.9048   0.0241     23009.66     510.7649      991.176    0.106   0
        24    297.903    404.889 238.0879002 +32.8968765     1.11 0.0001192318  -8.0753  -8.0163   0.3377     1608.919     500.2509     978.0901    0.040   0
        25    511.424    432.944 238.0604282 +32.8944463     4.43 0.0004757263 -12.1468 -12.1862   0.0078     74899.48     535.6006     990.7177    0.099   0
        26    158.892    450.337 238.1056675 +32.8916413     5.07 0.0005446941  -9.9266  -9.9887   0.0553      9896.25     504.3755     941.6538    0.155   0
        27    542.749    457.779 238.0563605 +32.8918734     5.89 0.0006331379  -8.9957  -9.2267   0.1111     4905.319     501.8253     990.9123    0.288   0
        28    270.261    492.141 238.0912887 +32.8874707     4.46  0.000478813 -12.4388 -12.4935   0.0060     99407.24      546.843     966.5745    0.087   0
        29     13.669    493.214 238.1242352 +32.8866617     5.05 0.0005425939 -10.4840 -10.4707   0.0353     15426.26     500.8793     894.8112    0.178  16
        30    440.333    499.817 238.0694357 +32.8871050     4.71 0.0005054789  -9.6855  -9.5815   0.0803     6801.625     502.7831     985.2756    0.057   0
        31    779.392    513.268 238.0258731 +32.8865629     5.67 0.0006087308  -8.5339  -8.5130   0.2139     2542.044     500.6606     995.8724    0.127   0
        32    810.725    865.577 238.0212280 +32.8489653     3.97 0.0004264537 -12.8013 -12.8545   0.0044     138617.5     564.5341     927.4124    0.025   0
        33    513.165   1023.547 238.0591353 +32.8312858     4.68 0.0005027083  -8.6752  -8.1672   0.2540     1848.798     432.4476     843.4442    0.130  16
        34    800.543   1017.458 238.0222668 +32.8326949     4.11 0.0004414018  -9.8900  -9.6663   0.0724     7354.241     490.2292     881.5661    0.031  16
        35    628.876    696.869 238.0448716 +32.8665306     4.44 0.0004774127  -8.3415  -8.4526   0.2261     2404.613      500.592     967.7329    0.202   0
        36    884.996    817.609 238.0117789 +32.8542895     7.01 0.0007526205 -10.7006 -11.1457   0.0194     28727.31     513.4185     880.9877    0.457   2
        37    882.347    794.289 238.0121598 +32.8567766     7.82 0.0008399834 -10.7929 -11.1931   0.0186     30006.93     514.1921     894.8949    0.458   2
        38    859.724    790.213 238.0150711 +32.8571536     4.61 0.0004946557 -11.9854 -12.1188   0.0082     70392.98     533.4401      936.441    0.103   0
        39    595.544    716.682 238.0491152 +32.8643235     3.96 0.0004251102  -8.0925  -8.4735   0.2218     2451.293     500.6858     960.1395    0.303   0
        40    882.998    756.373 238.0121427 +32.8608335     5.07 0.0005448872  -9.8235 -11.0633   0.0209      26627.4     512.3812     902.1683    0.630   0
        41    302.032    755.521 238.0867235 +32.8593875     4.39 0.0004716988 -10.8602 -10.8905   0.0244     22709.49     510.6318     913.7959    0.170   0
        42    720.697    708.547 238.0330627 +32.8655236    10.07  0.001081699 -10.1936 -10.2108   0.0452     12142.65     505.4179     969.5949    0.410   0
        43    882.380    705.241 238.0123117 +32.8663005     5.58 0.0005993976 -10.1181 -11.0468   0.0212     26225.16     512.2812     917.0873    0.319   0
        44    883.103    851.221 238.0119630 +32.8506897     4.99 0.0005363388  -9.9109 -11.1769   0.0189     29562.75     514.0173     875.0682    0.376   0
        45    631.956    781.516 238.0443245 +32.8574857     6.72 0.0007214983  -8.6058  -8.6462   0.1893     2873.937     500.8968     943.0714    0.271   0
        46    883.513    675.010 238.0122192 +32.8695367     4.61 0.0004954346  -9.7625 -10.9870   0.0224     24820.75     511.6644     919.1558    0.172   0
        47    130.627    631.023 238.1089591 +32.8722406     4.83 0.0005184691  -9.9722 -10.1542   0.0476     11526.45     505.0572     908.9343    0.210   0
        48    381.045    699.668 238.0766828 +32.8655726     4.26 0.0004574771 -12.7666 -12.8159   0.0046     133764.9     562.3309      944.158    0.086   0
        49    884.630    955.239 238.0115847 +32.8395688     6.23 0.0006691693 -10.5055 -11.2294   0.0180     31027.93     514.6746     842.1355    0.442   0
        50    908.683    622.853 238.0090790 +32.8751805     4.12 0.0004427332 -11.0691 -10.5394   0.0335     16434.85       507.62     860.8516    0.079   0
        51    877.803    895.120 238.0125663 +32.8459809     5.35  0.000575017  -9.9861 -11.2287   0.0180     31009.62     514.6108     871.7551    0.460   0
        52    886.596    868.216 238.0114848 +32.8488812     4.49 0.0004827269  -9.9112 -11.2130   0.0183      30564.7       514.23     861.1525    0.551   2
        53    883.703    923.424 238.0117595 +32.8429691     6.90 0.0007411217 -10.6314 -11.1980   0.0185     30142.71     514.2719      850.605    0.227   0
        54    887.030    900.756 238.0113721 +32.8454021     7.77 0.0008341543 -10.7456 -11.1592   0.0192     29084.94     513.7025     851.1784    0.734   2
        55    358.891   1003.792 238.0789692 +32.8329874     5.14  0.000551981  -8.8834  -8.8806   0.1526     3566.341     501.1719     818.3223    0.125   0
