#   1 NUMBER                 Running object number                                     
#   2 X_IMAGE                Object position along x                                    [pixel]
#   3 Y_IMAGE                Object position along y                                    [pixel]
#   4 ALPHA_J2000            Right ascension of barycenter (J2000)                      [deg]
#   5 DELTA_J2000            Declination of barycenter (J2000)                          [deg]
#   6 FWHM_IMAGE             FWHM assuming a gaussian core                              [pixel]
#   7 FWHM_WORLD             FWHM assuming a gaussian core                              [deg]
#   8 MAG_BEST               Best of MAG_AUTO and MAG_ISOCOR                            [mag]
#   9 MAG_APER               Fixed aperture magnitude vector                            [mag]
#  10 MAGERR_APER            RMS error vector for fixed aperture mag.                   [mag]
#  11 FLUX_APER              Flux vector within fixed circular aperture(s)              [count]
#  12 FLUXERR_APER           RMS error vector for aperture flux(es)                     [count]
#  13 BACKGROUND             Background at centroid position                            [count]
#  14 ELLIPTICITY            1 - B_IMAGE/A_IMAGE                                       
#  15 FLAGS                  Extraction flags                                          
         1      9.723     81.392 237.9938675 +32.9330167    59.63  0.006406421 -13.1160 -12.2427   0.0080     78901.55     581.9151     453.8127    0.617  24
         2    145.919     82.785 237.9763713 +32.9332130    36.53  0.003924843 -12.7850 -11.4249   0.0176     37149.94     603.7401     1009.726    0.743   2
         3    191.906     30.369 237.9705611 +32.9389389    30.00  0.003222661 -11.9963 -11.4561   0.0172     38233.17     604.2371     688.5585    0.177   1
         4    136.528     10.791 237.9777110 +32.9408943    84.62  0.009090376 -14.3143 -13.0637   0.0041     168071.1     628.6896     364.0902    0.743  24
         5    910.625     83.467 237.8781449 +32.9350344     6.92 0.0007439596 -11.9707 -11.7974   0.0127     52353.43     610.1155     1035.962    0.206   0
         6    416.699     86.545 237.9415836 +32.9334902     5.81 0.0006246045 -11.4480 -11.4626   0.0171     38463.77     604.3163     1145.758    0.067   0
         7     62.740    109.951 237.9870044 +32.9300949    13.64  0.001465191  -9.8304  99.0000  99.0000    -11629.82     588.1557     790.1729    0.454   2
         8    253.976    110.965 237.9624400 +32.9304695     0.00            0  -7.2725  -9.3419   0.1176     5454.364     590.4861     1212.647    0.056   0
         9    150.840    123.541 237.9756637 +32.9288636     6.10 0.0006557245  -8.3638  99.0000  99.0000    -9357.606     588.2722     1188.675    0.336   0
        10    547.775    134.582 237.9246613 +32.9286746     5.36 0.0005763287 -11.0526 -10.9682   0.0266     24392.79     598.3361      1198.61    0.091   0
        11    982.293    190.037 237.8687555 +32.9238023     5.81 0.0006240305 -14.8131 -14.8493   0.0011     870425.3     883.8433     1107.415    0.158   0
        12    265.637    157.941 237.9608560 +32.9254712     2.05 0.0002197436  -7.5839  -8.9803   0.1639     3909.441     589.9147     1225.287    0.084   0
        13    974.800    174.064 237.8697454 +32.9254937     8.82 0.0009479453  -9.4147 -10.7115   0.0336     19257.14     596.2521     1109.862    0.319   1
        14    947.028    199.499 237.8732683 +32.9227044     6.46 0.0006938436  -9.2740 -10.0435   0.0618     10408.95     592.6792     1119.805    0.198   0
        15    176.591    251.140 237.9721204 +32.9152725     5.14 0.0005526722 -11.9336 -12.0059   0.0105      63442.4     614.5469     1229.117    0.055   0
        16     74.124    240.793 237.9852985 +32.9161207     9.35  0.001004378 -11.3973 -11.3896   0.0182     35961.99     603.2318     1111.493    0.478   0
        17     76.620    255.031 237.9849513 +32.9146032     5.77 0.0006194806 -10.4453 -11.3519   0.0188     34734.71     602.7391     1126.322    0.647   0
        18     69.180    256.903 237.9859033 +32.9143839     5.20 0.0005585047 -10.0838 -11.3275   0.0193     33963.11     602.5328     1085.867    0.248   0
        19    246.844    265.097 237.9630729 +32.9139557     5.80 0.0006227336  -9.4828  -9.7601   0.0801     8017.718     591.6201      1229.25    0.176   0
        20     78.663    270.014 237.9846611 +32.9130048     5.10 0.0005479818  -9.9533 -11.2567   0.0205      31819.5     601.5939     1136.203    0.698   0
        21     77.264    283.002 237.9848165 +32.9116113     3.52 0.0003785507  -9.2519 -11.2303   0.0210     31054.13      601.178     1125.824    0.422   2
        22    562.809    406.317 237.9222445 +32.8996295    18.33  0.001969031 -17.0272 -17.0339   0.0003      6509396     1897.536     1209.148    0.265   4
        23    880.089    304.278 237.8816834 +32.9113280     6.17  0.000662593  -9.3686  -9.6461   0.0890     7218.173     591.3649     1126.683    0.187   0
        24     77.707    368.166 237.9846010 +32.9024979     9.16 0.0009838956 -11.3783 -11.2802   0.0201     32515.04     601.8666     1125.985    0.646   0
        25    776.932    336.063 237.8948747 +32.9076747     4.93 0.0005291304 -12.1775 -12.2456   0.0085     79115.11     620.9687     1158.468    0.136   0
        26    429.525    347.002 237.9394651 +32.9056470     5.53 0.0005940279  -8.6011  -9.2512   0.1278     5017.359     590.2679     1219.169    0.256   0
        27    149.771    369.825 237.9753448 +32.9025027     4.80 0.0005161365 -12.8302 -12.8693   0.0050     140512.6     645.0925     1227.906    0.056   0
        28     74.953    547.605 237.9846205 +32.8832868    23.41   0.00251536 -12.5820 -11.4437   0.0174     37800.25     603.9283     1097.304    0.447   0
        29    434.169    356.932 237.9388509 +32.9045958     7.48 0.0008038956  -9.2061  -9.5512   0.0970     6614.318     591.0267     1218.792    0.336   0
        30    781.821    368.373 237.8941902 +32.9042287     6.58 0.0007072585  -9.1581  -9.3979   0.1117     5743.229     590.5256     1149.945    0.225   0
        31    333.413    370.966 237.9517629 +32.9028424     5.57 0.0005985548  -9.0719  -9.1590   0.1390     4609.075     590.0452     1221.845    0.175   0
        32    200.560    394.570 237.9687779 +32.8999826     4.76 0.0005112979 -11.8374 -11.9456   0.0111     60011.64     613.1976     1226.798    0.078   0
        33     76.817    411.789 237.9846340 +32.8978270     3.46  0.000371633  -9.2575 -11.2176   0.0213      30691.7      600.897     1115.295    0.655   0
        34     79.201    446.196 237.9842639 +32.8941506     3.71 0.0003981671  -9.3406 -11.2133   0.0213     30572.75     600.8801     1123.723    0.715   0
        35    367.227    453.182 237.9472716 +32.8941278     4.52 0.0004858109  -9.9194 -10.0978   0.0588     10942.34      592.673       1216.1    0.126   0
        36    957.265    496.720 237.8714407 +32.8909191     4.87 0.0005232053 -12.6995 -12.7422   0.0056     124994.8     639.2036     1043.311    0.174   0
        37    225.637    525.649 237.9653170 +32.8860171     4.16 0.0004470716  -9.2764  -9.4624   0.1053      6094.65     590.8566     1215.844    0.135   0
        38     85.333    909.166 237.9826155 +32.8446176     4.30 0.0004618382  -9.7143 -11.2782   0.0201      32454.4     601.8414     1042.261    0.764   0
        39     82.116    987.993 237.9828819 +32.8361732     5.61 0.0006031625 -10.6052 -10.8659   0.0292     22200.95     597.5179     1005.381    0.237   0
        40    747.778    941.775 237.8975539 +32.8427774     4.47 0.0004807406 -12.7255 -12.7698   0.0054     128211.6     640.2464     967.7639    0.207   0
        41    716.626    877.411 237.9016645 +32.8495896     4.14  0.000444978 -11.9211 -11.9750   0.0108     61659.94     613.6299     1009.159    0.182   0
        42     82.191    874.390 237.9830834 +32.8483315     4.57 0.0004906508  -9.8472 -11.2769   0.0202     32416.94     601.5656     1044.265    0.672   0
        43    263.960    834.009 237.9598323 +32.8531117     0.00            0  -7.7601  -6.6630   1.3811     462.5976     588.2858     1153.373    0.020   0
        44     84.013    900.509 237.9828010 +32.8455408     3.76 0.0004037842  -9.5531 -11.3290   0.0192     34009.71     602.5521     1041.362    0.384   0
        45    397.334    779.544 237.9428150 +32.8592744     3.71 0.0003990763  -8.7495  -9.0551   0.1530     4188.366     589.9665     1152.141    0.121   0
        46    433.619    614.002 237.9384571 +32.8770817     4.27 0.0004590277 -12.6284 -12.6854   0.0058     118616.4      636.381     1195.385    0.104   0
        47     80.274    648.237 237.9837501 +32.8725302     5.67  0.000609361 -10.2848 -11.3186   0.0194     33686.79     602.3693     1109.255    0.574   0
        48     82.603    836.803 237.9831004 +32.8523552     2.56  0.000274818  -9.2962 -11.2826   0.0201     32586.61     601.7174     1063.247    0.413   0
        49    148.655    808.049 237.9746773 +32.8555996     3.85 0.0004138198 -11.8783 -11.9271   0.0113      58998.6     612.7684       1161.4    0.084   0
        50     82.326    790.234 237.9832226 +32.8573384     6.10 0.0006556112 -10.4906 -11.2975   0.0198     33036.57     602.0994     1075.821    0.231   0
        51     79.594    770.195 237.9836105 +32.8594762     3.44 0.0003693157  -9.4474 -11.3203   0.0194     33737.88      602.228      1073.56    0.411   0
        52     80.082    761.081 237.9835647 +32.8604529     5.61 0.0006025688 -10.2989 -11.3177   0.0194     33657.36     602.4059     1076.943    0.522   0
        53     76.642    665.291 237.9841846 +32.8706959     8.97 0.0009631799 -11.1908 -11.3751   0.0185     35484.43     603.0988      1089.76    0.363   0
        54    702.622    668.172 237.9038306 +32.8719490     4.58 0.0004925709  -8.8586  -8.5864   0.2353     2719.827      589.294     1095.809    0.277   0
        55     80.829    722.987 237.9835398 +32.8645317     5.81 0.0006240308 -10.3726 -11.2810   0.0201     32537.63     601.6645     1094.817    0.377   0
        56     80.214    740.409 237.9835863 +32.8626656     3.46 0.0003720013  -9.3126 -11.2731   0.0202     32304.14        601.6     1084.835    0.417   0
        57    682.477    689.447 237.9063788 +32.8696226     4.10 0.0004403899 -11.8339 -11.8803   0.0118     56508.72     611.7838     1097.651    0.124   0
        58    890.986    620.584 237.8797350 +32.8775018     5.50 0.0005907214  -8.6436  -8.3949   0.2805     2280.072     588.9911     1027.938    0.230   0
        59     80.519    676.287 237.9836664 +32.8695289    12.88   0.00138394 -12.0555 -11.4063   0.0179     36519.59     603.5601     1107.531    0.437   2
        60    527.868    664.023 237.9262691 +32.8719623     4.27 0.0004589933  -9.3612  -9.5130   0.1005      6385.63     591.0294     1161.187    0.176   0
        61    744.823    646.172 237.8984525 +32.8744069     4.25 0.0004567707  -9.6004  -9.7301   0.0824     7798.846     591.4614      1084.84    0.135   0
        62    646.682   1001.274 237.9104208 +32.8361615     4.35 0.0004672197 -12.5726 -12.6165   0.0062     111326.7     633.8198     990.7203    0.196   0
        63     77.398    608.598 237.9841930 +32.8767653     5.51 0.0005921299 -10.2738 -11.2684   0.0203     32162.53     601.5411      1102.79    0.672   2
        64    582.444    946.822 237.9187599 +32.8418309     4.07 0.0004371235  -9.9695 -10.0182   0.0633     10169.11     592.4624     1036.862    0.176   0
        65    608.321    539.460 237.9161640 +32.8854923     5.38 0.0005775569  -9.0528  -9.3548   0.1162     5519.779     590.6796     1166.678    0.274   0
        66    307.796    575.740 237.9546781 +32.8808626     4.56 0.0004901403  -9.5338  -9.6792   0.0863     7441.749     591.2607     1209.676    0.154   0
        67     95.045    550.461 237.9820359 +32.8830320     5.16  0.000554874  -9.4955 -10.1555   0.0558      11540.2     593.0737     1203.122    0.103   0
        68    772.571    830.351 237.8945678 +32.8547632     4.27 0.0004590584 -10.8314 -10.9467   0.0272      23916.4     598.2679     1002.146    0.193   0
        69    573.201    562.422 237.9206315 +32.8829482     6.91 0.0007426164  -9.7991  -9.9448   0.0676      9504.61     592.0331     1172.523    0.112   0
        70     82.210    940.993 237.9829571 +32.8412034     3.83 0.0004114041  -9.5707 -11.2449   0.0207     31473.96     601.2386     1016.866    0.380   0
