#   1 NUMBER                 Running object number                                     
#   2 X_IMAGE                Object position along x                                    [pixel]
#   3 Y_IMAGE                Object position along y                                    [pixel]
#   4 ALPHA_J2000            Right ascension of barycenter (J2000)                      [deg]
#   5 DELTA_J2000            Declination of barycenter (J2000)                          [deg]
#   6 FWHM_IMAGE             FWHM assuming a gaussian core                              [pixel]
#   7 FWHM_WORLD             FWHM assuming a gaussian core                              [deg]
#   8 MAG_BEST               Best of MAG_AUTO and MAG_ISOCOR                            [mag]
#   9 MAG_APER               Fixed aperture magnitude vector                            [mag]
#  10 MAGERR_APER            RMS error vector for fixed aperture mag.                   [mag]
#  11 FLUX_APER              Flux vector within fixed circular aperture(s)              [count]
#  12 FLUXERR_APER           RMS error vector for aperture flux(es)                     [count]
#  13 BACKGROUND             Background at centroid position                            [count]
#  14 ELLIPTICITY            1 - B_IMAGE/A_IMAGE                                       
#  15 FLAGS                  Extraction flags                                          
         1      9.787     81.667 200.8919750 +36.1188720    60.19  0.006496971 -13.0943 -12.2197   0.0080     77246.15     572.2453     446.9285    0.619  24
         2    192.457     29.841 200.8675851 +36.1249710    29.45  0.003178845 -11.9497 -11.4165   0.0175     36862.21     592.8716     675.2512    0.204   1
         3    136.668     10.756 200.8750992 +36.1268642    84.29   0.00909865 -14.2884 -13.0286   0.0041     162713.3     616.8511     362.8537    0.744  24
         4    146.223     82.351 200.8736855 +36.1191905    27.90  0.003011275 -12.2264 -11.3168   0.0191     33629.23     591.4272     979.5974    0.543   2
         5    289.639     30.523 200.8545562 +36.1251745     4.16 0.0004488209 -10.1369  99.0000  99.0000    -28516.86     577.0532     850.9224    0.220   0
         6    377.040     86.224 200.8427385 +36.1194307     4.44 0.0004789149 -11.4010 -11.4120   0.0175     36712.88     592.7292     1119.568    0.066   0
         7    538.636     93.447 200.8210643 +36.1191090     7.19  0.000775786  -9.8924  -9.9800   0.0643     9817.864     581.3721     1137.806    0.137   0
         8     64.284    109.809 200.8846176 +36.1160019     8.95 0.0009658958  -9.1392  99.0000  99.0000    -7794.024     577.0042     780.8713    0.703   2
         9    511.844    119.161 200.8246097 +36.1162678     3.91 0.0004225454  -8.4720  -8.8397   0.1829     3434.582     578.5881     1169.228    0.258   0
        10    729.458    202.274 200.7952951 +36.1079352     8.81 0.0009504567 -10.2681 -10.4525   0.0418     15170.35     583.5723     1155.862    0.278   0
        11     73.388    230.798 200.8831712 +36.1030139     3.43  0.000369713  -9.0685 -11.2198   0.0208     30756.45       590.02     1079.984    0.411   0
        12    308.302    261.368 200.8516329 +36.1003965     4.02  0.000434313 -12.7520 -12.8169   0.0051     133888.3     632.4484      1199.41    0.060   0
        13     76.821    247.376 200.8826802 +36.1012406     5.85 0.0006315947 -10.3905 -11.3364   0.0188     34243.65     591.5754      1099.58    0.663   0
        14    688.781    425.422 200.8003554 +36.0838191     3.79 0.0004089644 -10.0720 -10.2244   0.0514     12295.92     582.1616     1144.311    0.097   0
        15   1024.134    442.309 200.7553935 +36.0829270     3.88 0.0004191789 -10.3752 -10.2121   0.0444     12157.53     496.7286     1016.357    0.060  16
        16    329.842    439.211 200.8484224 +36.0813279     4.18 0.0004513339  -8.8584  -9.1710   0.1349     4660.099     578.9709       1192.4    0.138   0
        17     76.853    474.721 200.8822515 +36.0767863     4.18 0.0004508389  -9.7070 -11.1996   0.0212     30187.87     590.0505     1086.932    0.310   0
        18     75.806    442.207 200.8824524 +36.0802807     3.44 0.0003710183  -9.2624 -11.1975   0.0213     30128.94     589.8179     1084.854    0.649   0
        19    718.963    490.800 200.7961969 +36.0768705     3.50 0.0003776798 -11.3415 -11.4162   0.0175     36853.31     592.6295     1119.327    0.035   0
        20     76.235    521.865 200.8822462 +36.0717135     3.91  0.000421575 -11.9541 -12.0185   0.0102     64178.66      604.265     1079.307    0.176   0
        21    950.965    510.977 200.7650800 +36.0753403     4.24  0.000457773  -8.2167  -7.2024   0.8247     760.2668     577.3171     1019.402    0.016   0
        22     80.706    884.260 200.8809717 +36.0327454     5.52 0.0005956979 -10.1981 -11.2241   0.0208     30877.49     590.3427     1015.683    0.469   2
        23    354.736   1008.549 200.8440545 +36.0201574     4.15 0.0004483431  -8.6499  -7.9150   0.4280     1465.501     577.6061     1060.639    0.246   0
        24     79.211    612.523 200.8816785 +36.0619704     5.08 0.0005478188 -10.1151 -11.2170   0.0209     30677.44     590.1622     1087.394    0.604   0
        25    645.508    672.985 200.8057172 +36.0570692     2.81 0.0003029396  -8.2475  -8.7666   0.1957     3210.852     578.4914     1095.795    0.374   0
        26     77.519    640.504 200.8818529 +36.0589558     4.45 0.0004799757  -9.8053 -11.2471   0.0203     31538.61     590.5747     1077.141    0.556   0
        27     78.843    720.838 200.8815258 +36.0503186     4.83 0.0005217965  -9.8917 -11.2362   0.0205     31222.87     590.4889     1064.049    0.471   0
        28     79.636    674.915 200.8815052 +36.0552605     7.19  0.000775594 -10.8682 -11.3335   0.0188     34150.88     591.6795     1080.877    0.697   0
        29     80.595    900.207 200.8809569 +36.0310297     3.44 0.0003711792  -9.2952 -11.2311   0.0206     31076.17     590.2352     1008.319    0.416   0
        30    184.575    799.298 200.8672207 +36.0421818     4.56 0.0004926022  -8.7325  -9.0774   0.1471     4275.211     578.9349      1147.69    0.049   0
        31    635.609    879.953 200.8066783 +36.0347790     3.60 0.0003887232  -9.2441  -9.3513   0.1144     5502.094     579.4156     1024.844    0.105   0
        32    654.925    975.581 200.8039237 +36.0245465     3.75 0.0004051608 -10.6419 -10.8036   0.0304     20962.47     586.1127     979.8292    0.141   0
        33     85.150    571.096 200.8809602 +36.0664436     6.25 0.0006749642 -10.1080 -10.9553   0.0265     24106.48     587.4362     1122.365    0.120   0
        34    673.508    772.020 200.8017930 +36.0464944     4.53 0.0004884816  -8.2508  -8.2150   0.3249     1932.022     577.9222     1051.325    0.153   0
        35    596.022    859.664 200.8120150 +36.0368508     3.38 0.0003644769 -10.3176 -10.4965   0.0401     15797.33     583.8893      1047.83    0.107   0
        36     83.144    857.000 200.8806961 +36.0356846     4.41 0.0004761746  -9.6716 -11.1999   0.0212     30195.37     589.8301     1036.651    0.649   0
