#   1 NUMBER                 Running object number                                     
#   2 X_IMAGE                Object position along x                                    [pixel]
#   3 Y_IMAGE                Object position along y                                    [pixel]
#   4 ALPHA_J2000            Right ascension of barycenter (J2000)                      [deg]
#   5 DELTA_J2000            Declination of barycenter (J2000)                          [deg]
#   6 FWHM_IMAGE             FWHM assuming a gaussian core                              [pixel]
#   7 FWHM_WORLD             FWHM assuming a gaussian core                              [deg]
#   8 MAG_BEST               Best of MAG_AUTO and MAG_ISOCOR                            [mag]
#   9 MAG_APER               Fixed aperture magnitude vector                            [mag]
#  10 MAGERR_APER            RMS error vector for fixed aperture mag.                   [mag]
#  11 FLUX_APER              Flux vector within fixed circular aperture(s)              [count]
#  12 FLUXERR_APER           RMS error vector for aperture flux(es)                     [count]
#  13 BACKGROUND             Background at centroid position                            [count]
#  14 ELLIPTICITY            1 - B_IMAGE/A_IMAGE                                       
#  15 FLAGS                  Extraction flags                                          
         1    840.409     79.691 200.9174508 +36.1181773   133.43   0.01439628 -14.4893 -12.3551   0.0062     87507.21     495.6761     747.6744    0.611  16
         2    821.933      9.324 200.9200651 +36.1256940    79.30  0.008555621 -13.4769 -12.2412   0.0063     78793.66     459.7582     453.2058    0.787  24
         3    503.693     23.060 200.9626537 +36.1232921     4.55 0.0004908623  -7.4440  99.0000  99.0000    -12276.54     449.4295     722.8506    0.428   0
         4    681.132    198.812 200.9385379 +36.1049023     4.77 0.0005151121 -15.5027 -15.5315   0.0007      1631475     1008.801     922.4639    0.106   4
         5    768.339    196.398 200.9268675 +36.1054143     4.41 0.0004752842 -15.0275 -15.0611   0.0009      1057898     854.8676     924.0161    0.075   0
         6    121.326    207.434 201.0134646 +36.1023274     4.16   0.00044913 -13.2514 -13.3029   0.0029     209493.2     553.8043     869.6153    0.044   0
         7    544.617    204.973 200.9568018 +36.1038420     5.04 0.0005438178  -8.5016  -9.0346   0.1193     4109.992     451.5201      917.707    0.179   0
         8    737.479    218.520 200.9309546 +36.1029453     5.12  0.000552878  -8.5191  -8.8129   0.1463     3350.847     451.3149     925.0602    0.272   0
         9    333.403    269.305 200.9849444 +36.0963011     4.56 0.0004914834  -8.5712  -8.4709   0.2001     2445.398     450.6483       904.06    0.254   0
        10    622.465    329.861 200.9461264 +36.0906337     4.25 0.0004583524 -10.8655 -10.9326   0.0213     23606.26     462.3249     917.5148    0.110   0
        11    262.005    375.945 200.9942786 +36.0846178     7.94 0.0008563407  -9.4220  -9.3721   0.0876     5608.187     452.4247      893.129    0.135   0
        12    198.658    438.594 201.0026252 +36.0776902     5.98 0.0006452409  -9.1550  -8.9847   0.1249     3925.506     451.4939      878.398    0.197   0
        13     26.602    487.554 201.0255467 +36.0719097     5.02 0.0005417875  -9.1272  -9.1657   0.1058     4637.499     451.8248     833.5655    0.181   0
        14    140.401    528.476 201.0102316 +36.0678477     4.07 0.0004394447 -12.9819 -13.0294   0.0036     162833.9     532.2924      858.064    0.071   0
        15    222.497    718.542 200.9988470 +36.0476450     4.06 0.0004376649 -10.2640 -10.2836   0.0382     12985.53     456.5706     842.4263    0.084   0
        16    110.709    880.881 201.0134578 +36.0298485     7.41 0.0008000157  -9.0510  -9.1636   0.1060     4628.441     451.9462     765.4301    0.068   0
        17    460.874    660.388 200.9670762 +36.0546044     4.74 0.0005116325  -8.1211  -8.3973   0.2142     2285.188     450.6228     886.0694    0.473   0
        18    728.522    895.078 200.9307957 +36.0301364     1.20 0.0001294461  -7.5444  -7.6654   0.4197     1164.599     450.1022     850.3305    0.067   0
        19     47.715    772.156 201.0221148 +36.0413565     7.13 0.0007695283  -8.6048  -8.7394   0.1565     3131.513     451.1934     790.0374    0.342   0
        20    532.902    723.586 200.9573102 +36.0480165     3.91 0.0004213383  -9.7230  -9.9503   0.0517     9552.636     454.6745     878.1783    0.079   0
        21    539.457    702.666 200.9564760 +36.0502862     5.61 0.0006053144 -10.2067 -10.3086   0.0373     13286.88     456.6731       883.21    0.035   0
        22    767.500    594.690 200.9261828 +36.0625642     3.96 0.0004267943 -10.3239 -10.3780   0.0351     14164.68     457.2534     908.6337    0.059   0
        23    487.534    669.649 200.9634903 +36.0536862     3.84  0.000414667 -10.2335 -10.3275   0.0367     13521.27     456.7513     886.4033    0.060   0
        24    705.788    561.369 200.9345074 +36.0659704     4.31   0.00046468  -8.5757  -9.0483   0.1178     4162.341     451.5112     908.8456    0.065   0
        25    865.384    684.877 200.9129063 +36.0531440     3.68 0.0003970696  -8.6622 -10.1437   0.0434     11414.96     455.6848     889.2566    0.260   0
        26    881.620    942.387 200.9102247 +36.0254880     5.49 0.0005928469  -9.8474 -10.9349   0.0212     23657.15     462.1917      800.178    0.600   0
        27    894.825    897.540 200.9085471 +36.0303505     4.10 0.0004421825 -10.4395 -10.7544   0.0250     20034.16     460.4388     787.3105    0.033   0
