#   1 NUMBER                 Running object number                                     
#   2 X_IMAGE                Object position along x                                    [pixel]
#   3 Y_IMAGE                Object position along y                                    [pixel]
#   4 ALPHA_J2000            Right ascension of barycenter (J2000)                      [deg]
#   5 DELTA_J2000            Declination of barycenter (J2000)                          [deg]
#   6 FWHM_IMAGE             FWHM assuming a gaussian core                              [pixel]
#   7 FWHM_WORLD             FWHM assuming a gaussian core                              [deg]
#   8 MAG_BEST               Best of MAG_AUTO and MAG_ISOCOR                            [mag]
#   9 MAG_APER               Fixed aperture magnitude vector                            [mag]
#  10 MAGERR_APER            RMS error vector for fixed aperture mag.                   [mag]
#  11 FLUX_APER              Flux vector within fixed circular aperture(s)              [count]
#  12 FLUXERR_APER           RMS error vector for aperture flux(es)                     [count]
#  13 BACKGROUND             Background at centroid position                            [count]
#  14 ELLIPTICITY            1 - B_IMAGE/A_IMAGE                                       
#  15 FLAGS                  Extraction flags                                          
         1     10.555     80.972 200.8918438 +36.1193809    64.84  0.006997208 -13.5963 -12.7707   0.0065     128313.1     766.7763     395.1608    0.597  24
         2    143.783     87.150 200.8739656 +36.1190988    42.55  0.004591779 -13.1172 -11.9331   0.0144     59323.37     785.3967     1352.463    0.695   0
         3    193.062     30.535 200.8674495 +36.1253224    32.51  0.003507875 -12.3752 -11.8795   0.0151     56466.67     784.5292      793.957    0.182  17
         4    136.329     11.016 200.8750913 +36.1272579    86.71  0.009357076 -14.8221 -13.6024   0.0032     276021.4     818.8237     241.9052    0.743  24
         5    290.526     33.949 200.8543714 +36.1252324     5.00 0.0005396504  -9.8444  99.0000  99.0000    -51218.21     766.2592     1098.605    0.309   0
         6     65.544    109.243 200.8844217 +36.1165011    21.45  0.002314883  -9.3096  99.0000  99.0000    -10536.83     766.3459     957.2138    0.557   0
         7    377.714     89.715 200.8425874 +36.1194869     4.71  0.000508684 -11.3665 -11.3226   0.0250     33809.34     777.1688     1564.245    0.121   0
         8    539.239     97.595 200.8209114 +36.1190938     7.63 0.0008238163  -9.9521 -10.1482   0.0729     11462.38     769.8171     1597.892    0.344   0
         9     75.926    257.289 200.8827829 +36.1006238    35.42  0.003821776 -13.6721 -11.8886   0.0150      56941.3     784.7228     1483.945    0.539   2
        10     85.018    122.499 200.8817880 +36.1151326     7.99 0.0008618215 -11.1376 -11.4012   0.0233     36348.21     778.1772     1237.219    0.199   0
        11    729.986    205.967 200.7951613 +36.1079801     6.84 0.0007378652 -10.1117 -10.6354   0.0467     17953.73     771.9654     1588.526    0.026   0
        12    309.019    264.891 200.8515163 +36.1004706     4.17 0.0004503717 -12.6719 -12.7218   0.0071     122664.3     805.3477     1661.172    0.053   0
        13     78.407    354.435 200.8822886 +36.0901928    13.57  0.001464106 -12.5354 -11.6881   0.0179     47339.76     781.4028     1497.258    0.596   0
        14     79.637    682.024 200.8815789 +36.0549978    51.39  0.005545718 -14.4407 -11.9148   0.0146     58332.36     785.0389     1455.203    0.798  18
        15     80.873    758.148 200.8812867 +36.0468221    44.50  0.004801652 -13.3871 -11.8610   0.0153     55511.29     784.1188     1425.195    0.779  19
        16     79.470    323.991 200.8821967 +36.0934670     8.16 0.0008809547 -11.1992 -11.6186   0.0191     44407.48     780.6344     1508.114    0.485   0
        17     77.932    396.554 200.8822821 +36.0856659    12.85  0.001386946 -12.3584 -11.7132   0.0175     48448.74     781.8638     1490.074    0.600   2
        18     78.038    484.594 200.8821214 +36.0762065    18.31   0.00197601 -12.7856 -11.7082   0.0176     48226.48     781.6865      1478.51    0.386   0
        19     78.176    433.768 200.8821876 +36.0816680    10.73  0.001157525 -11.8841 -11.6649   0.0183     46341.34     781.2109      1484.61    0.134   0
        20    689.325    428.922 200.8002678 +36.0839114     3.77 0.0004069555  -9.9632 -10.1305   0.0742     11277.27     770.0807     1567.914    0.135   0
        21     77.353    445.422 200.8822784 +36.0804135    14.44  0.001557854 -12.2784 -11.7029   0.0177     47990.22     781.7596     1474.586    0.280   2
        22    330.719    442.694 200.8483190 +36.0814275     4.02 0.0004333994  -8.7607  -9.0341   0.2029     4107.908     767.6415     1649.755    0.121   0
        23   1024.283    445.646 200.7553385 +36.0830348     4.38 0.0004725103 -10.2493  -9.8384   0.0822      8617.17     652.1201     1343.715    0.239  16
        24     77.185    526.232 200.8821665 +36.0717302     5.01 0.0005411255 -12.7001 -12.2618   0.0107        80303     791.8578      1467.37    0.362   0
        25    719.479    494.246 200.7961245 +36.0769759     3.62  0.000390603 -11.2624 -11.3818   0.0237      35705.7      777.928     1520.107    0.120   0
        26   1025.094    590.816 200.7550136 +36.0674387     0.86 9.278921e-05  -8.2387  99.0000  99.0000    -4460.239     633.8612     1252.455    0.112  16
        27    355.029   1012.036 200.8441427 +36.0203219     2.72 0.0002940398  -8.5107  99.0000  99.0000    -684.1903     766.2808     1423.814    0.032   0
        28     85.163    828.642 200.8805948 +36.0392601     9.05 0.0009770248 -11.7984 -11.7046   0.0177     48067.17     781.8905     1416.264    0.583   2
        29    636.138    883.400 200.8066888 +36.0349308     3.38 0.0003650986  -9.0276  -9.0808   0.1944     4288.822     767.5273     1360.332    0.163   0
        30    596.521    863.008 200.8120284 +36.0370117     3.37 0.0003635069 -10.2369 -10.4827   0.0537     15598.98     771.2886     1399.464    0.051   0
        31    655.466    978.954 200.8039507 +36.0247175     3.35 0.0003613978 -10.5841 -10.7479   0.0421     19913.95     772.6644     1281.905    0.077   0
        32     78.852    944.628 200.8812477 +36.0267797     9.11  0.000982734 -11.6946 -11.6580   0.0184     46048.35     781.2235     1289.953    0.472   2
        33    300.985    905.788 200.8515539 +36.0315852     0.78 8.416813e-05  -7.7564  99.0000  99.0000    -168.5781     766.0423     1497.694    0.006   0
        34     80.223    795.855 200.8813112 +36.0427687    22.04  0.002378321 -13.1320 -11.7991   0.0162     52438.02     783.2444     1395.232    0.262   2
        35    674.180    775.603 200.8017595 +36.0466191     3.37 0.0003635679  -7.9437  -7.7049   0.6891     1207.675     766.3496     1405.503    0.396   0
        36     84.023    894.676 200.8806379 +36.0321616    26.99  0.002912087 -13.4495 -11.8418   0.0156     54538.81     783.9359       1361.6    0.372   2
        37    185.147    802.863 200.8672414 +36.0423153     3.56 0.0003841969  -8.6073  -9.7474   0.1054      7924.28     768.7969     1568.938    0.188   0
