#   1 NUMBER                 Running object number                                     
#   2 X_IMAGE                Object position along x                                    [pixel]
#   3 Y_IMAGE                Object position along y                                    [pixel]
#   4 ALPHA_J2000            Right ascension of barycenter (J2000)                      [deg]
#   5 DELTA_J2000            Declination of barycenter (J2000)                          [deg]
#   6 FWHM_IMAGE             FWHM assuming a gaussian core                              [pixel]
#   7 FWHM_WORLD             FWHM assuming a gaussian core                              [deg]
#   8 MAG_BEST               Best of MAG_AUTO and MAG_ISOCOR                            [mag]
#   9 MAG_APER               Fixed aperture magnitude vector                            [mag]
#  10 MAGERR_APER            RMS error vector for fixed aperture mag.                   [mag]
#  11 FLUX_APER              Flux vector within fixed circular aperture(s)              [count]
#  12 FLUXERR_APER           RMS error vector for aperture flux(es)                     [count]
#  13 BACKGROUND             Background at centroid position                            [count]
#  14 ELLIPTICITY            1 - B_IMAGE/A_IMAGE                                       
#  15 FLAGS                  Extraction flags                                          
         1    834.780    280.631 200.9195004 +36.2067659   130.03   0.01403624 -15.2274 -12.4042   0.0094     91555.23     788.5754     1373.375    0.866  19
         2    831.174    130.536 200.9202496 +36.2229027   156.78   0.01692305 -15.8326 -12.5508   0.0082     104786.4     792.9029     1300.807    0.841  19
         3    517.277     52.177 200.9625209 +36.2304618     7.06 0.0007622396  -9.7058  -9.5725   0.1226     6745.323     761.3422     1399.828    0.152   0
         4    469.436     92.652 200.9688681 +36.2259737     6.37 0.0006872311 -10.3816 -10.3873   0.0581     14286.73     763.8359     1424.607    0.273   0
         5    536.443    148.186 200.9597735 +36.2201871     6.16 0.0006651847  -9.7706  -9.7895   0.1004     8237.244     761.7035     1478.861    0.196   0
         6    605.162    167.992 200.9505151 +36.2182481     8.66 0.0009347643 -10.7852 -10.8073   0.0395      21034.3     765.8495     1504.267    0.311   0
         7    260.993    293.998 200.9964672 +36.2037261     0.00            0  -8.8914  -9.5743   0.1223     6756.566     761.1531     1492.296    0.006   0
         8    186.580    333.552 201.0063770 +36.1992597     5.43 0.0005863128 -10.1456 -10.1629   0.0713     11618.58     762.9193     1487.215    0.199   0
         9    841.169    830.551 200.9176733 +36.1476247    75.91  0.008193674 -14.0651 -13.0841   0.0052     171256.7     813.5508     1206.694    0.470  16
        10    439.574    393.983 200.9723218 +36.1934740     5.41 0.0005839334 -10.0288 -10.3606   0.0595     13939.82     763.4661     1579.185    0.096   0
        11    441.496    506.147 200.9718579 +36.1814132     4.60 0.0004968567 -12.1625 -12.1578   0.0117     72967.69     782.7855     1598.389    0.089   0
        12    888.226    887.911 200.9112632 +36.1415832    56.66  0.006115619 -13.9993 -12.6884   0.0073     118952.1     797.2955     550.8417    0.145  16
        13    882.474    451.936 200.9127997 +36.1884683     4.61 0.0004979958 -11.7542  -8.0952   0.4769     1730.205     759.7365      1264.46    0.138   0
        14    822.428    489.894 200.9207879 +36.1842201     6.65 0.0007181544  -9.9556 -10.7998   0.0398     20889.02     765.9937      1540.27    0.234   0
        15    304.782    478.379 200.9902481 +36.1840152     4.97 0.0005366072 -10.2895 -10.3448   0.0603     13738.03     763.3573     1580.908    0.153   0
        16     95.976    727.963 201.0177835 +36.1565724     3.51  0.000379198  -8.5416  99.0000  99.0000    -246.9936     759.0381     1501.311    0.033   0
        17    156.033    793.502 201.0096064 +36.1496934     3.49 0.0003763883  -9.1715 -10.9354   0.0352     23667.96     766.8789      1501.06    0.385   0
        18    166.480    546.286 201.0086721 +36.1763176     4.92 0.0005314621 -10.5817 -10.7598   0.0413     20133.16     765.7257     1544.915    0.123   0
        19    799.311    798.746 200.9233421 +36.1509311    12.87  0.001389139 -11.8412 -11.7119   0.0174     48391.08     774.8966     1535.918    0.629   2
        20    862.099    633.910 200.9152128 +36.1688362     4.58  0.000494525 -12.2597 -12.1591   0.0116     73054.23      782.938     1504.415    0.083   0
        21    428.692    546.636 200.9735009 +36.1770216     4.56 0.0004920741 -12.0670 -12.1257   0.0120     70841.73     782.0228     1597.827    0.095   0
