#   1 NUMBER                 Running object number                                     
#   2 X_IMAGE                Object position along x                                    [pixel]
#   3 Y_IMAGE                Object position along y                                    [pixel]
#   4 ALPHA_J2000            Right ascension of barycenter (J2000)                      [deg]
#   5 DELTA_J2000            Declination of barycenter (J2000)                          [deg]
#   6 FWHM_IMAGE             FWHM assuming a gaussian core                              [pixel]
#   7 FWHM_WORLD             FWHM assuming a gaussian core                              [deg]
#   8 MAG_BEST               Best of MAG_AUTO and MAG_ISOCOR                            [mag]
#   9 MAG_APER               Fixed aperture magnitude vector                            [mag]
#  10 MAGERR_APER            RMS error vector for fixed aperture mag.                   [mag]
#  11 FLUX_APER              Flux vector within fixed circular aperture(s)              [count]
#  12 FLUXERR_APER           RMS error vector for aperture flux(es)                     [count]
#  13 BACKGROUND             Background at centroid position                            [count]
#  14 ELLIPTICITY            1 - B_IMAGE/A_IMAGE                                       
#  15 FLAGS                  Extraction flags                                          
         1    833.493    184.642 200.9230165 +36.2138627   182.78   0.01974721 -15.7902 -12.2490   0.0097      79360.7     706.5339     1193.539    0.909  16
         2    536.130     22.254 200.9632890 +36.2304509     7.88 0.0008515869  -9.7418  -9.8021   0.0887     8333.678        680.9       1236.2    0.410   0
         3    488.487     62.810 200.9695986 +36.2259363     6.50 0.0007021378 -10.3845 -10.4109   0.0508     14600.02     683.2349     1254.542    0.300   0
         4    555.333    118.568 200.9605027 +36.2201350     6.06 0.0006552013  -9.8844 -10.1611   0.0639     11600.03     682.1553     1301.399    0.314   0
         5    624.061    138.935 200.9512313 +36.2181510     7.93  0.000856569 -10.8001 -10.8254   0.0348     21388.27     685.7332     1323.221    0.209   0
         6    371.425    228.168 200.9849545 +36.2077646     4.93 0.0005328103  -8.2992  -8.3109   0.3492     2110.349     678.6303     1319.134    0.334   0
         7    261.001    293.988 200.9996322 +36.2003331     0.00            0  -8.8733  -9.5747   0.1093     6758.892      680.073     1328.025    0.005   0
         8    205.625    304.416 201.0070421 +36.1990379     5.66  0.000611423 -10.3631 -10.3664   0.0529     14013.34     682.8107     1316.432    0.221   0
         9    459.022    365.190 200.9728974 +36.1932748     5.09 0.0005502974  -9.2157  -8.5206   0.2879     2559.991     678.5469     1389.217    0.213   0
        10    901.543    423.529 200.9133807 +36.1883354     4.18 0.0004513614 -11.3585  99.0000  99.0000    -9383.855     677.8524     979.8895    0.056   0
        11    288.193    425.884 200.9956916 +36.1862102     1.00 0.0001076388  -8.4839 -10.0598   0.0701     10566.49     681.7002     1385.403    0.109   0
        12    178.123    472.483 201.0103596 +36.1808490     2.72 0.0002933514  -9.2475  -8.1934   0.3891      1893.94     678.6272     1367.094    0.181   0
        13    841.497    460.996 200.9213607 +36.1841188    12.10  0.001307483 -11.8719 -11.4710   0.0194     38762.68     691.9257     1312.523    0.238   0
        14    323.970    449.757 200.9908377 +36.1837495     4.77 0.0005155565 -10.4308 -10.6681   0.0402     18502.71     684.6424     1397.525    0.130   0
        15    841.196    830.099 200.9206255 +36.1443593    79.54  0.008594019 -13.9131 -12.8700   0.0056     140610.8      727.777     1097.185    0.478  16
        16    887.880    888.143 200.9142421 +36.1382475    58.32  0.006300516 -13.8383 -12.4943   0.0078     99478.01     713.7261     547.1292    0.146  16
        17    460.661    477.556 200.9724333 +36.1811763     4.46 0.0004817447 -12.2422 -12.3364   0.0090     86014.22      708.866     1414.916    0.110   0
        18    799.047    800.333 200.9263420 +36.1474385    18.44  0.001992105 -12.4970 -11.6056   0.0172        43877     693.8086     1358.268    0.553   2
        19    115.719    699.084 201.0182274 +36.1562461     5.51 0.0005951489  -9.1826  -9.8936   0.0816     9066.269     681.2643     1349.984    0.131   0
        20    186.081    517.485 201.0091917 +36.1760264     4.94 0.0005337568 -10.3187 -10.3132   0.0556     13343.24     682.8129     1376.649    0.147   0
        21    881.387    605.437 200.9157048 +36.1686802     4.22 0.0004560087 -11.6696  99.0000  99.0000     -9306.83     677.7949     1216.776    0.034   0
        22    657.088    573.691 200.9458681 +36.1714214     1.12 0.0001211241  -7.7351  -5.8153   3.4750     211.8984     678.0264     1419.492    0.097   0
        23    447.887    518.121 200.9740594 +36.1767675     4.34 0.0004687293 -12.0531 -12.1086   0.0110     69734.17     703.1749     1414.711    0.084   0
        24     55.664    540.969 201.0266388 +36.1730897     1.78 0.0001918592  -7.8064  -6.9536   1.2183     604.5527     678.1904     1307.487    0.065   0
