#   1 NUMBER                 Running object number                                     
#   2 X_IMAGE                Object position along x                                    [pixel]
#   3 Y_IMAGE                Object position along y                                    [pixel]
#   4 ALPHA_J2000            Right ascension of barycenter (J2000)                      [deg]
#   5 DELTA_J2000            Declination of barycenter (J2000)                          [deg]
#   6 FWHM_IMAGE             FWHM assuming a gaussian core                              [pixel]
#   7 FWHM_WORLD             FWHM assuming a gaussian core                              [deg]
#   8 MAG_BEST               Best of MAG_AUTO and MAG_ISOCOR                            [mag]
#   9 MAG_APER               Fixed aperture magnitude vector                            [mag]
#  10 MAGERR_APER            RMS error vector for fixed aperture mag.                   [mag]
#  11 FLUX_APER              Flux vector within fixed circular aperture(s)              [count]
#  12 FLUXERR_APER           RMS error vector for aperture flux(es)                     [count]
#  13 BACKGROUND             Background at centroid position                            [count]
#  14 ELLIPTICITY            1 - B_IMAGE/A_IMAGE                                       
#  15 FLAGS                  Extraction flags                                          
         1      5.425     84.567 327.7915900 +28.8482793    31.45  0.003396968 -11.6193 -10.8638   0.0166     22157.95     339.3073     493.7079    0.719  24
         2    459.895     22.655 327.7356460 +28.8559905     4.67 0.0005039318 -10.3346  -9.9776   0.0433     9796.161     390.4036     613.3303    0.209   0
         3    139.173      8.702 327.7752626 +28.8567684    67.59  0.007299553 -12.9745 -11.7060   0.0086     48129.11     382.7006       475.02    0.758  24
         4    686.859      1.677 327.7076815 +28.8587607     3.32 0.0003586154  -7.3274  -8.2744   0.1526     2040.595     286.6517     551.8995    0.119  24
         5    292.961     45.895 327.7561949 +28.8531070     4.99 0.0005388524 -10.6588  -9.9695   0.0436     9723.348     390.3035     662.8918    0.146   0
         6    717.265    133.733 327.7036276 +28.8445851     4.54  0.000490077 -15.9512 -15.9389   0.0005      2374370       1155.3      740.293    0.117   7
         7    273.787     62.886 327.7585216 +28.8512309     5.28 0.0005704408 -10.8059 -10.2219   0.0347     12267.89     391.9512     693.2834    0.039   0
         8    973.731     63.812 327.6721345 +28.8526922     5.96 0.0006437321  -9.7314  -6.7299   0.8484     492.0053     384.3776     650.0991    0.258   0
         9    733.198     77.152 327.7017902 +28.8507231     5.10 0.0005511782  -9.9919  -9.1450   0.0924     4549.784        386.9     697.5884    0.090   0
        10    189.162    106.910 327.7688624 +28.8462902     4.54 0.0004901995 -11.2759 -11.1687   0.0149     29342.21     402.6635     752.7671    0.046   0
        11    919.964    100.397 327.6786879 +28.8486283     5.05 0.0005457203 -10.2248 -10.2585   0.0336     12688.76     392.1025     715.6386    0.183   0
        12    723.343    119.899 327.7029091 +28.8460907     4.78 0.0005162012 -12.0153 -12.1939   0.0062     75429.86     430.3565     739.1768    0.237   3
        13    227.483    104.804 327.7641381 +28.8466045     4.16 0.0004489409  -8.0233  -5.3933   2.9039      143.653     384.1184     754.1633    0.026   0
        14    317.792    113.425 327.7529730 +28.8458798     3.43 0.0003700381  -8.2703  -8.2013   0.2192     1907.788      385.124     753.4731    0.409   0
        15    428.369    120.890 327.7393094 +28.8453243     5.08 0.0005484644  -8.9269  -7.4672   0.4306     970.2272     384.6885     751.4762    0.113   0
        16    508.679    120.926 327.7293983 +28.8455009     2.84 0.0003063151  -8.2602  -7.0589   0.6269     666.1471     384.5451     748.9764    0.246   0
        17    353.010    122.053 327.7486066 +28.8450289     3.04 0.0003284189  -7.8641  99.0000  99.0000    -240.6009     384.0575     752.6341    0.002   0
        18     81.341    138.576 327.7820937 +28.8426284     5.65 0.0006098223 -10.2680 -10.4922   0.0272     15735.42     394.1991     690.5905    0.043   0
        19    769.221    139.583 327.6972025 +28.8440693     5.08 0.0005481627  -8.5248  -8.7010   0.1386     3022.711     385.8904     735.8041    0.065   0
        20    648.073    141.302 327.7121492 +28.8436148     4.39 0.0004746203  -8.9452  -9.0341   0.1022     4108.205     386.7332     745.4974    0.089   0
        21    265.652    156.009 327.7593080 +28.8411685     4.45 0.0004804898 -11.0742 -11.1416   0.0153     28618.42     402.2553     756.0182    0.033   0
        22    569.918    143.912 327.7217881 +28.8431590     4.96 0.0005351642  -8.4433  -8.6094   0.1508     2778.064       385.84     748.2621    0.167   0
        23    913.760    144.543 327.6793540 +28.8438532     5.58 0.0006025651  -8.5331  -8.9412   0.1113     3771.316      386.537     720.5664    0.172   0
        24    402.561    164.158 327.7423940 +28.8405994     4.45 0.0004801173 -11.7376 -11.7867   0.0087     51842.34     416.4489     754.9046    0.042   0
        25   1017.203    150.663 327.6665745 +28.8434198     5.99 0.0006466506  -8.2992  -8.6740   0.1390     2948.404     377.3119     709.4036    0.216  16
        26    524.698    276.967 327.7270620 +28.8287068     7.16 0.0007732402 -16.2031 -16.2146   0.0005      3060735     1295.319     754.7856    0.018   6
        27    489.892    165.391 327.7316141 +28.8406629     8.33 0.0008992212  -9.5602  -9.6904   0.0562     7518.672     388.9531     753.9199    0.029   2
        28    746.872    181.516 327.6998651 +28.8394970     4.51 0.0004870584  -9.5588  -9.9293   0.0452     9369.587     390.1517     739.0432    0.058   0
        29    581.695    176.849 327.7202591 +28.8396327     4.37  0.000472192  -8.7755  -9.0595   0.0999     4205.205     386.8067     750.3707    0.142   0
        30    464.457    285.460 327.7344755 +28.8276555     4.55 0.0004910578 -15.6268 -15.6105   0.0006      1754698     1012.336     755.3235    0.118   7
        31    479.427    274.608 327.7326534 +28.8288596     4.13 0.0004463073 -14.4048 -14.3847   0.0013     567362.7     656.5551     755.5243    0.202   3
        32    899.308    230.999 327.6809425 +28.8344964     4.39 0.0004738146 -13.5726 -13.6149   0.0021     279229.5     535.7766     723.9663    0.083   0
        33    412.597    196.659 327.7410801 +28.8371166     3.86 0.0004164085  -7.9281  -7.0247   0.6467     645.4924     384.3906     755.7591    0.142   0
        34    705.253    203.115 327.7049518 +28.8370751     4.62 0.0004985037  -9.1708  -9.4979   0.0669      6297.48     388.1782     743.1018    0.023   0
        35    510.781    253.381 327.7288336 +28.8312195     4.18 0.0004517196 -13.2048 -13.2082   0.0028     191989.2     493.3081     755.2636    0.106   3
        36    270.268    253.117 327.7585115 +28.8307053     4.27 0.0004609521 -13.5465 -13.5904   0.0021     272995.4     532.9537      757.017    0.052   0
        37     80.558    220.751 327.7819963 +28.8337635     5.86 0.0006328311  -9.6166 -10.2149   0.0349     12188.75     391.9646     726.7216    0.161   0
        38     50.432    228.000 327.7856965 +28.8329127     5.28 0.0005702566  -9.2658  -9.8004   0.0508      8320.83     389.3076     675.9095    0.143   0
        39   1025.834    233.343 327.6653242 +28.8345210     4.68 0.0005058405 -10.2768 -10.2891   0.0267     13051.46       320.92     708.9341    0.097  24
        40    320.096    230.666 327.7524154 +28.8332398     5.23 0.0005649875  -7.8016  -8.5456   0.1599      2619.67     385.7914     756.6945    0.292   0
        41    655.997    249.923 327.7109229 +28.8319169     4.20 0.0004534605 -12.0752 -12.1475   0.0064     72277.01     428.4919     747.4598    0.076   2
        42    316.795    250.014 327.7527776 +28.8311454     4.31 0.0004651391 -11.8406 -11.8985   0.0079     57464.97     419.6317     756.4349    0.054   0
        43    112.455    238.807 327.7780179 +28.8318891     4.48 0.0004833446  -9.4229  -9.2304   0.0854     4922.092     387.1836     753.7269    0.075   0
        44    764.380    263.200 327.6975189 +28.8307255     4.13 0.0004465691 -12.0332 -12.0843   0.0068     68192.66     425.9749     736.5554    0.059   0
        45    668.190    254.012 327.7094091 +28.8315031     4.30 0.0004645302 -10.6152 -10.7620   0.0214     20174.78     396.8363     746.7249    0.093   3
        46    208.606    266.500 327.7660886 +28.8291216     4.21 0.0004544086 -11.8507 -11.9304   0.0077     59179.86     420.7513     756.5028    0.018   0
        47    246.884    257.188 327.7613873 +28.8302131     4.43  0.000478627  -9.6918  -9.9723   0.0435     9748.401     390.3195     756.9433    0.032   0
        48    573.486    265.761 327.7210678 +28.8300246     4.20 0.0004538938 -10.7177 -10.8959   0.0190     22823.35      398.627     752.3568    0.038   0
        49    186.009    289.291 327.7688234 +28.8266120     4.26 0.0004604145 -11.9877 -12.0570   0.0069     66496.83     425.1552     755.9983    0.058   0
        50   1004.089    277.451 327.6679086 +28.8297160     5.64 0.0006086647  -8.6571  -8.1179   0.2368     1766.694     385.2166     707.8206    0.322   0
        51    982.017    284.686 327.6706159 +28.8288874     4.21 0.0004548731  -7.7124  -7.1707   0.5655     738.3903      384.527     710.0633    0.100   0
        52    201.291    329.060 327.7668446 +28.8223575     4.16 0.0004492934 -13.4504 -13.4985   0.0023     250834.2     522.4548     755.8303    0.057   0
        53    260.880    308.101 327.7595413 +28.8247536     4.20 0.0004540721 -10.8687 -10.9291   0.0184     23530.63     399.0808     756.1324    0.032   0
        54    100.899    304.998 327.7792878 +28.8247236     4.25 0.0004593493  -9.8538  -9.9876   0.0429     9886.494     390.3438     753.4041    0.076   0
        55    936.694    308.369 327.6761550 +28.8262336     4.19 0.0004529051  -8.3190  -7.9591   0.2740     1526.323     385.0389       713.95    0.219   0
        56    840.541    314.571 327.6880050 +28.8253531     4.09   0.00044206 -10.0461 -10.1214   0.0380     11183.12     391.3334     723.8827    0.076   0
        57     99.882    324.717 327.7793667 +28.8225944     5.66 0.0006114285  -8.3072  -8.7803   0.1290      3251.71     386.1684     753.2971    0.084   0
        58    810.920    334.218 327.6916153 +28.8231687     4.13 0.0004464255  -9.2045  -9.2659   0.0827     5085.894     387.3647      726.652    0.034   0
        59    115.907    346.857 327.7773374 +28.8202432     4.19  0.000452068  -9.7838  -9.5884   0.0616     6845.031     388.5092     753.8182    0.089   0
        60    210.116    358.663 327.7656863 +28.8191848     4.16 0.0004487653 -10.9542 -11.0869   0.0160     27211.28     401.4423     755.6122    0.058   0
        61    836.338    357.055 327.6884274 +28.8207617     4.45 0.0004803281  -8.4613  -8.3837   0.1855       2256.8     385.5021     722.3832    0.170   0
        62    982.561    368.144 327.6703614 +28.8198870     4.71 0.0005089267  -8.9389  -8.9319   0.1123      3738.99     386.5161     702.0917    0.174   0
        63    963.091    458.706 327.6725602 +28.8100765     4.53 0.0004894561 -15.7007 -15.7261   0.0006      1951830     1059.929     696.5225    0.067   4
        64    543.376    385.695 327.7245072 +28.8170216     4.12 0.0004450594  -9.7947  -9.9095   0.0460     9200.072     389.9789     749.7366    0.040   0
        65    119.404    393.379 327.7767964 +28.8152335     4.39   0.00047465  -9.3146  -8.7211   0.1361     3079.323     385.8622     753.1135    0.121   0
        66    342.136    436.042 327.7492181 +28.8111385     3.96 0.0004277242 -13.5369 -13.5817   0.0021     270830.4     531.8665     753.4144    0.052   0
        67    815.822    416.362 327.6908243 +28.8143197     3.95 0.0004270692 -11.2127 -11.2598   0.0138     31908.55     404.2537     721.0592    0.068   0
        68    116.162    415.020 327.7771454 +28.8128920     4.24 0.0004580242  -8.8799  -7.5200   0.4101     1018.587      384.644     752.5075    0.092   0
        69    268.790    481.275 327.7581610 +28.8060936     3.96 0.0004278274 -14.9794 -15.0122   0.0009      1011343     808.1697      752.808    0.044   0
        70    803.623    442.966 327.6922691 +28.8114233     5.23 0.0005644466 -12.0290 -12.0716   0.0069     67396.29     425.6347     719.8748    0.237   0
        71    169.525    438.215 327.7705075 +28.8105121     3.97 0.0004284452 -11.6851 -11.7536   0.0090     50283.55     415.5221     753.9404    0.063   0
        72     32.134    422.140 327.7874951 +28.8119315     1.04 0.0001127987  -6.9646  99.0000  99.0000    -12136.47     384.0684     643.3891    0.197   0
        73    415.193    432.801 327.7402126 +28.8116529     4.70 0.0005080867  -8.4390  -8.7405   0.1337     3134.669     386.0061     752.5839    0.140   0
        74    719.073    436.746 327.7027142 +28.8119069     4.00 0.0004314708  -9.1308  -9.2984   0.0803     5240.372     387.4214     730.5827    0.087   0
        75    664.578    444.936 327.7094185 +28.8109025     3.97 0.0004291966  -9.0623  -9.3531   0.0764     5511.181     387.6391     734.8383    0.046   0
        76    421.925    445.004 327.7393539 +28.8103519     4.05 0.0004378327  -9.2105  -9.4236   0.0716     5881.002     387.8238     751.7556    0.037   0
        77   1011.780    458.020 327.6665551 +28.8102571     4.49 0.0004852577 -11.5005 -11.5527   0.0107     41791.14     410.2181     690.5293    0.154   0
        78    349.713    455.690 327.7482376 +28.8090364     4.46 0.0004812244  -9.0953  -9.5262   0.0652     6463.829     388.2853     752.7758    0.099   0
        79     36.112    473.353 327.7868831 +28.8064170     4.20 0.0004532374 -12.0930 -12.0691   0.0069     67244.55     425.6142     649.0043    0.098   0
        80    946.614    501.866 327.6744958 +28.8053853     4.10 0.0004424901 -13.9649 -14.0074   0.0016     400824.1     589.8337     693.5926    0.108   0
        81    173.559    464.360 327.7699485 +28.8077014     4.08 0.0004405517  -8.9169  -9.2194   0.0863     4872.561     387.2378     752.6844    0.016   0
        82    567.774    473.186 327.7212962 +28.8076396     4.09 0.0004413839  -9.2371  -9.3471   0.0768       5480.6     387.4687     743.0774    0.042   0
        83    461.565    476.166 327.7343917 +28.8070801     4.03 0.0004356259  -9.2187  -9.2018   0.0877     4794.281     387.1549     748.9719    0.108   0
        84     94.212    500.950 327.7796508 +28.8035737     4.61  0.000497862  -9.1116  -9.5878   0.0617     6840.765     388.4849     743.8734    0.229   0
        85    344.100    520.776 327.7487787 +28.8020038     3.82 0.0004128835 -11.1470 -11.2222   0.0142     30824.67     403.6552     750.0505    0.061   0
        86    994.742    521.020 327.6685157 +28.8034248     3.92 0.0004231052  -8.4931  -8.3112   0.1983     2111.017       385.44     685.1938    0.117   0
        87    427.899    544.286 327.7383870 +28.7996572     3.81 0.0004117822 -12.5505 -12.6065   0.0044     110306.8     450.2169     747.2027    0.065   0
        88    257.670    523.695 327.7594337 +28.8014931     3.51 0.0003794568  -8.3017  -8.7385   0.1340     3128.903     386.1321     751.2194    0.148   0
        89    263.452    738.625 327.7582186 +28.7783247     3.70 0.0003990977 -10.3503 -10.4912   0.0272     15720.38     394.1472     740.5978    0.084   0
        90    697.555   1028.265 327.7040207 +28.7480597     4.66 0.0005031034  -8.8535  -8.8725   0.0885     3539.979     288.4342     664.6286    0.581  24
        91    119.931   1021.082 327.7752544 +28.7475332     3.51 0.0003792528  -8.6556  -8.6214   0.1367     2809.148     353.4966     701.1628    0.041  16
        92    123.039    968.872 327.7749940 +28.7531714     3.54 0.0003824828 -12.4750 -12.5472   0.0046     104444.9     446.9127     706.2943    0.080   0
        93    574.847    957.153 327.7193129 +28.7554562     2.76 0.0002984219  -7.6492  -8.0452   0.2532     1652.231     385.1423     691.7467    0.253   0
        94    823.078    737.677 327.6892018 +28.7796795     3.98  0.000429887  -9.6102  -9.7924   0.0512     8259.285     389.4503     684.0256    0.149   0
        95    315.918    876.713 327.7514266 +28.7635499     3.89 0.0004202503  -9.3217  -9.5818   0.0620     6803.545     388.4287     723.6828    0.082   0
        96    469.389    933.791 327.7323701 +28.7577398     3.86 0.0004164162  -8.3909  -8.6942   0.1395     3003.798      385.824     706.9998    0.190   0
        97    419.396    926.664 327.7385509 +28.7583960     4.39 0.0004744069  -8.7799  -9.0851   0.0976     4305.577     386.7961      712.239    0.111   3
        98    997.236    888.006 327.6673857 +28.7638480     6.05 0.0006536045  -9.5745  -9.7552   0.0529     7981.564     389.1004     573.3229    0.045   0
        99    409.831    837.752 327.7399362 +28.7679642     3.67 0.0003964737 -11.1584 -11.2201   0.0142     30763.59      403.576     723.6293    0.085   0
       100    438.552    835.511 327.7363996 +28.7682706     3.19  0.000344515  -8.1393  -8.3751   0.1870     2238.935     385.5446      721.709    0.023   0
       101    498.850    919.052 327.7287714 +28.7593956     3.98 0.0004297022  -9.1208  -9.0521   0.1006     4176.789      386.756     705.7448    0.074   0
       102    725.986    840.963 327.7009413 +28.7683246    -9.58 -0.001034944  -7.6265  -8.8734   0.1184     3542.852      386.292     685.0157    0.022   0
       103    884.525    884.954 327.6812913 +28.7639300     4.70 0.0005081159  -9.9659 -10.1003   0.0387      10967.4     391.1422     646.4319    0.240   0
       104    457.910    880.086 327.7339095 +28.7635064     3.61 0.0003902478 -12.5208 -12.5833   0.0045     107975.5     448.8926     715.0145    0.097   0
       105    856.012    879.998 327.6848186 +28.7644017     5.46 0.0005893926  -8.3906  -8.2980   0.2006     2085.494     385.2394     658.9065    0.402   0
       106    312.281    865.101 327.7519021 +28.7647942     3.63 0.0003918098  -9.8751  -9.9918   0.0427     9924.842     390.4646      725.521    0.119   0
       107    436.460    851.657 327.7366203 +28.7665245     5.69 0.0006149186  -8.1458  -8.3046   0.1995     2098.241     385.3776     720.3355    0.132   0
       108    712.121    833.545 327.7026681 +28.7690939     3.85 0.0004157931 -11.6732 -11.7519   0.0090     50207.44     415.4964     688.2096    0.126   0
       109    138.521    837.757 327.7733931 +28.7673484     3.57 0.0003859349 -11.7744 -11.8301   0.0084     53953.61     417.7144     727.4599    0.077   0
       110    879.759    825.821 327.6820124 +28.7702974     4.29 0.0004630614 -13.2329 -13.2788   0.0026     204890.3     499.9119     663.4936    0.172   0
       111     93.693    764.717 327.7790932 +28.7751237     4.58 0.0004950856 -11.9665 -12.0656   0.0069     67022.48     425.4641      727.655    0.365   0
       112    781.630    823.402 327.6941192 +28.7703419     4.70 0.0005074552  -8.2669  -8.3578   0.1899     2203.486     385.3484     679.9739    0.153   0
       113    377.953    737.739 327.7440993 +28.7786794     3.65 0.0003937609 -12.2858 -12.3469   0.0055     86851.34     436.9124     737.7324    0.093   0
       114    143.615    791.649 327.7728733 +28.7723330     3.64 0.0003936212 -11.1365 -11.2527   0.0138     31702.85     404.1368     733.7026    0.075   0
       115    257.953    785.319 327.7587877 +28.7732760     3.65 0.0003945233  -9.7551  -9.8782   0.0474     8938.453     389.8753     735.4276    0.098   0
       116    494.065    796.910 327.7296428 +28.7725587     3.64  0.000393216  -9.9111  -9.9718   0.0435     9744.011     390.3915     721.6367    0.083   0
       117    569.895    647.091 327.7206351 +28.7888875     3.73 0.0004026731 -10.1666 -10.2814   0.0329     12958.93     392.4662     728.9526    0.113   0
       118    866.056    675.206 327.6840422 +28.7865122     3.99 0.0004310221 -10.7877 -10.8427   0.0199     21730.26      397.878     685.1569    0.136   0
       119    792.977    670.332 327.6930669 +28.7868767     3.64 0.0003930904  -9.0505  -9.2718   0.0823     5113.419     387.4364     696.1072    0.072   0
       120    844.199    755.477 327.6865567 +28.7778063     4.02 0.0004339892 -10.8724 -10.9642   0.0179     24304.01     399.5336     679.4362    0.117   0
       121    783.615    771.851 327.6939914 +28.7759064     4.17 0.0004501764  -8.8300  -9.0783   0.0982     4278.628     386.8434     685.5481    0.144   0
       122    880.678    750.320 327.6820693 +28.7784428     4.15 0.0004484712 -10.8433 -10.9160   0.0186     23249.74     398.9676     675.0242    0.200   0
       123    568.183    699.173 327.7207267 +28.7832662     4.02 0.0004341481  -9.2121  -9.4392   0.0706     5966.177     387.8033      723.969    0.025   0
       124    605.368    738.063 327.7160514 +28.7791547     9.27   0.00100087 -10.6753 -10.5416   0.0260     16467.37     394.6841      715.502    0.158   0
       125    272.353    742.521 327.7571117 +28.7779247     4.34 0.0004691692  -9.1371  -9.3899   0.0739     5700.858      387.783     740.0944    0.101   0
       126    303.009    734.273 327.7533502 +28.7788838     3.93 0.0004246302  -8.4016  -8.1360   0.2329     1796.355     385.1925     740.8396    0.227   0
       127     67.836    786.436 327.7822308 +28.7727219     4.07 0.0004399923  -8.9832 -10.0263   0.0414     10244.86     390.6801     682.9724    0.147   0
       128    581.142    704.271 327.7191167 +28.7827454     3.65 0.0003937412  -9.2581  -9.6972   0.0558     7566.112       388.93     721.8214    0.048   0
       129    735.895    742.730 327.6999428 +28.7789417     3.88 0.0004187828  -8.6820  -8.8519   0.1208     3473.365     386.3442     696.5682    0.121   0
       130    255.563    635.049 327.7594334 +28.7894781     3.85 0.0004156583 -10.1582 -10.2258   0.0346     12311.25     392.0108     747.7609    0.029   0
       131    279.535    719.975 327.7562786 +28.7803727     4.19 0.0004528899  -8.8998  -8.8667   0.1192     3521.022     386.3643      742.138    0.073   0
       132     44.849    700.169 327.7852694 +28.7819736     1.03 0.0001113566  -6.9590  -8.0888   0.2432     1719.985     385.1755     652.6584    0.206   0
       133    298.164    645.473 327.7541546 +28.7884504     3.98 0.0004297178  -9.8637  -9.9402   0.0448      9464.25     390.1909     746.6472    0.105   0
       134    523.655    670.101 327.7262856 +28.7863022     3.93 0.0004247795  -9.6616  -9.8073   0.0505     8373.372     389.4485     731.7297    0.055   0
       135    580.229    719.818 327.7191937 +28.7810664     4.26 0.0004604498  -8.3111  -8.9501   0.1104     3802.198     386.4166     720.3204    0.223   0
       136    941.141    718.688 327.6746835 +28.7819873     4.26 0.0004605543 -10.9454 -11.0295   0.0169     25811.43     400.5383     668.8354    0.173   0
       137    123.881    702.820 327.7755159 +28.7818686     3.63 0.0003924093 -10.2814 -10.2185   0.0348     12228.88     391.9476     742.1536    0.075   0
       138    670.504    709.979 327.7080822 +28.7823289     3.82 0.0004122976  -9.9249 -10.0513   0.0405     10483.73     390.8543     708.4963    0.062   0
       139    284.173    691.522 327.7557729 +28.7834521     4.71 0.0005085832  -8.3066  -8.2239   0.2148     1947.904     385.3234     744.3448    0.067   0
       140    247.918    661.563 327.7603144 +28.7866011     3.90  0.000421296  -9.9598  -9.9709   0.0435      9735.34     390.3432     747.2924    0.114   0
       141    438.529    666.084 327.7367942 +28.7865444     3.99 0.0004307672  -8.9928  -9.1190   0.0946     4442.197     386.9814     739.1844    0.068   0
       142    155.200    665.002 327.7717421 +28.7860191     3.21 0.0003463915  -7.4654  -6.6415   0.9200     453.5091     384.1788     747.6638    0.382   0
       143    960.418    652.112 327.6724555 +28.7892103     4.36 0.0004711137  -9.6916  -9.7812   0.0517     8174.776     389.3746     673.0383    0.201   0
       144    573.433    637.500 327.7202207 +28.7899298     4.09 0.0004416565  -8.7799  -9.0751   0.0985     4266.178     386.8138     729.4924    0.275   0
       145    848.468    613.125 327.6863519 +28.7931693     6.31 0.0006815729  -9.4578  -9.6080   0.0606     6969.369     388.5784     694.3759    0.298   0
       146    825.422    534.890 327.6893716 +28.8015567     4.67 0.0005047077  -8.2799  -8.1142   0.2376     1760.604      385.191     707.7327    0.105   0
       147    310.492   1004.936 327.7517972 +28.7497080     3.78 0.0004086611 -10.6965 -10.7588   0.0214     20114.59     396.9771     706.0042    0.114   0
       148    103.991    639.003 327.7781193 +28.7887062     2.58 0.0002784437  -7.4313  -7.7093   0.3446     1212.566     384.7484     745.7292    0.014   0
       149    461.732    809.075 327.7336021 +28.7711740     3.61 0.0003895063 -13.7130 -13.7580   0.0019     318578.8     553.8859     722.9743    0.082   0
       150    420.838    921.087 327.7383861 +28.7590008     3.86 0.0004167675  -8.7504  -9.0021   0.1053      3988.85     386.6237     712.8757    0.080   3
       151    148.682    603.560 327.7726903 +28.7926311     3.85 0.0004154335 -11.6650 -11.7413   0.0091     49720.12     415.1729     748.4469    0.064   2
       152    154.916    616.049 327.7718920 +28.7912983     3.85 0.0004161336 -11.1621 -11.2846   0.0135     32645.76     404.8124     748.3192    0.115   2
       153    723.901    621.922 327.7016969 +28.7919451     3.65 0.0003945783 -10.7507 -10.7952   0.0207     20800.59     397.3669     711.8728    0.082   0
       154   1004.174    862.111 327.6665882 +28.7666561     3.84 0.0004147844  -9.1375  -8.1957   0.2205     1897.976     385.2802     589.2441    0.140   0
       155    708.225    951.066 327.7028809 +28.7564098     7.66 0.0008275291  -8.8702  -8.9430   0.1111     3777.618     386.5411     673.5692    0.136   0
       156     57.018    958.644 327.7831584 +28.7541235     3.69 0.0003985201 -11.7868 -11.8440   0.0083     54651.97     418.0922     653.9651    0.095   0
       157    384.751    949.803 327.7427693 +28.7558223     3.64 0.0003933165 -10.6510 -10.7432   0.0217     19828.43     396.6707     710.7657    0.105   0
       158    624.095    580.173 327.7141032 +28.7962261     3.79 0.0004095763 -11.4073 -11.4852   0.0113     39273.16     408.8236     728.5385    0.074   0
       159    859.690    590.253 327.6850194 +28.7956609     4.28 0.0004623935  -8.2817  -7.9113   0.2863     1460.539      385.007      695.877    0.156   0
       160     57.698    983.914 327.7830150 +28.7513995     3.75   0.00040456 -12.9253 -12.9682   0.0033     153919.5      473.816     653.9487    0.070   0
       161     86.263    577.266 327.7804515 +28.7953243     3.96 0.0004276125 -11.1371 -11.3437   0.0128     34472.34     405.8772     729.3591    0.069   0
       162    171.537    560.996 327.7699712 +28.7972740     4.52 0.0004880403  -9.1649  -9.4648   0.0690     6108.544     387.9704     749.8072    0.157   0
       163    121.604   1007.432 327.7750803 +28.7490092     3.86 0.0004172926  -9.1169  -9.3283   0.0781     5386.812     387.3974     701.8907    0.073   0
       164    132.076    995.939 327.7738161 +28.7502728     3.63  0.000392116  -8.5925  -9.2070   0.0873     4817.155     387.2021     703.1467    0.012   0
       165    165.410    992.827 327.7697135 +28.7506844     3.60 0.0003890941 -12.1778 -12.2537   0.0059     79705.66     432.6983     705.8275    0.084   0
       166    270.825    901.560 327.7569292 +28.7607679     3.60 0.0003887662 -12.0955 -12.1653   0.0063     73470.66     429.2072      720.881    0.088   0
       167    939.951    963.350 327.6742804 +28.7555961     4.22 0.0004552647  -8.9322  -9.3960   0.0735     5733.165     387.7607     561.1077    0.249   0
