#   1 NUMBER                 Running object number                                     
#   2 X_IMAGE                Object position along x                                    [pixel]
#   3 Y_IMAGE                Object position along y                                    [pixel]
#   4 ALPHA_J2000            Right ascension of barycenter (J2000)                      [deg]
#   5 DELTA_J2000            Declination of barycenter (J2000)                          [deg]
#   6 FWHM_IMAGE             FWHM assuming a gaussian core                              [pixel]
#   7 FWHM_WORLD             FWHM assuming a gaussian core                              [deg]
#   8 MAG_BEST               Best of MAG_AUTO and MAG_ISOCOR                            [mag]
#   9 MAG_APER               Fixed aperture magnitude vector                            [mag]
#  10 MAGERR_APER            RMS error vector for fixed aperture mag.                   [mag]
#  11 FLUX_APER              Flux vector within fixed circular aperture(s)              [count]
#  12 FLUXERR_APER           RMS error vector for aperture flux(es)                     [count]
#  13 BACKGROUND             Background at centroid position                            [count]
#  14 ELLIPTICITY            1 - B_IMAGE/A_IMAGE                                       
#  15 FLAGS                  Extraction flags                                          
         1    841.676     80.675 238.0184159 +32.9329559   136.92   0.01467519 -14.6317 -12.5105   0.0057     100973.4     526.0789     765.3444    0.612  16
         2    821.309      9.731 238.0211385 +32.9404658    80.26  0.008602084 -13.6605 -12.4349   0.0057     94182.92      492.866     430.0641    0.773  24
         3    490.188     44.631 238.0635665 +32.9358116     7.20 0.0007716943  -9.4353  99.0000  99.0000    -1656.343     475.4118      799.846    0.228   0
         4     63.119    115.536 238.1182390 +32.9270259     7.12 0.0007636625 -13.8206 -13.8431   0.0020     344548.7     631.2954     888.1492    0.092   0
         5    728.184    124.822 238.0329072 +32.9279297     7.52 0.0008063093 -10.0377  -9.3363   0.0957     5426.723      478.257     965.3536    0.092   0
         6    749.857    129.404 238.0301198 +32.9275018     7.66 0.0008208688  -9.7570  -7.5438   0.4965     1041.149     476.0396     965.5374    0.176   0
         7    369.209    146.409 238.0789232 +32.9246120     3.47 0.0003715393  -8.9081  -9.8017   0.0625     8330.301     479.7057     948.9127    0.426   0
         8    699.237    192.583 238.0365148 +32.9206211     7.87 0.0008437563 -11.9027 -11.9078   0.0095     57956.57      505.084     965.7222    0.074   0
         9     82.015    177.012 238.1157130 +32.9205237     3.42 0.0003663029  -7.1456  -7.8073   0.3896     1327.096      476.136     898.1724    0.023   0
        10    320.642    188.058 238.0850857 +32.9200312     7.94 0.0008510678  -9.8123  -9.8572   0.0595     8767.377     480.1867     944.4124    0.176   0
        11    475.554    184.830 238.0652198 +32.9208166     6.47 0.0006940125  -9.1593  -9.6242   0.0736     7074.328     479.2643     957.7726    0.572   0
        12    110.380    256.749 238.1119427 +32.9121009     6.93 0.0007425713 -13.7822 -13.8066   0.0020     333137.7     626.6888     903.8769    0.114   0
        13    760.423    277.470 238.0285342 +32.9117386     6.99 0.0007496726 -12.2309 -12.2609   0.0070     80233.23     516.0916     965.6782    0.091   0
        14    234.062    277.066 238.0960459 +32.9102898     8.95 0.0009593416 -10.2103 -10.2976   0.0398     13153.71     482.4517     931.1462    0.539   0
        15    579.514    328.234 238.0516576 +32.9058155     6.82 0.0007312737 -11.3640 -11.4086   0.0147     36596.42     494.4502     957.6203    0.098   0
        16      4.413    317.794 238.1254319 +32.9052835     2.22 0.0002384294  -8.2669  -7.6043   0.3830     1100.842     388.2491     873.4178    0.405  16
        17    559.830    320.803 238.0541938 +32.9065525     1.20 0.0001281036  -7.2208  -8.6818   0.1744     2969.792     476.9575     957.1248    0.226   0
        18    285.786    342.094 238.0893060 +32.9035022     6.73 0.0007217355 -11.1368 -11.1849   0.0179     29783.67     491.0326     939.4633    0.159   0
        19     41.061    345.213 238.1206861 +32.9024652     6.68 0.0007164376  -9.0892  -9.1043   0.1184     4382.498     477.8448     882.4657    0.267   0
        20    448.998    382.983 238.0683088 +32.8996064     7.00 0.0007499956 -10.8876 -10.9385   0.0223     23736.37     487.6816     950.3709    0.115   0
        21    509.764    433.854 238.0604350 +32.8943529     6.47 0.0006936034 -12.1373 -12.1775   0.0075     74305.21     513.1746     950.5621    0.108   0
        22    156.756    451.132 238.1056743 +32.8915020     8.10 0.0008678709  -9.8871  -9.9396   0.0552     9459.099     480.5067     905.6516    0.293   0
        23    268.396    493.060 238.0912904 +32.8873506     6.52 0.0006990516 -12.4577 -12.4981   0.0057     99828.85     525.3886     927.7748    0.135   0
        24     11.528    494.308 238.1242248 +32.8864775     7.75 0.0008302159 -10.3435 -10.3093   0.0379     13296.47     463.8084      864.007    0.222  16
        25    438.311    500.760 238.0694906 +32.8870141     6.98 0.0007480006  -9.7363  -9.7786   0.0639     8154.939     479.8277     944.0125    0.153   0
        26    776.605    514.791 238.0260906 +32.8864715     3.44 0.0003685099  -8.0287  -8.4555   0.2147     2410.943     476.7048     955.0927    0.418   0
        27    881.787    945.805 238.0119426 +32.8407931     3.47 0.0003714565  -9.0964 -11.0954   0.0194     27425.68     489.6084     822.7307    0.652   0
        28    799.170   1018.302 238.0224187 +32.8328303     6.10 0.0006534457  -9.8365  -9.8018   0.0603     8331.695     462.2888     851.5525    0.118  16
        29    880.371    896.149 238.0122001 +32.8460855     6.97 0.0007472205 -10.3623 -11.1335   0.0187     28404.42     490.2907     838.5881    0.747   0
        30    809.253    866.462 238.0213609 +32.8490536     5.81 0.0006226918 -12.7995 -12.8405   0.0043     136831.7      542.734     894.3056    0.095   0
        31    882.117    862.462 238.0120279 +32.8496834     9.13 0.0009788128 -10.9297 -11.1428   0.0186      28650.9     490.4946     843.6832    0.634   0
        32    883.215    744.399 238.0120682 +32.8622790     3.46 0.0003706583  -9.0448 -10.9296   0.0225     23541.26     487.5554     872.0826    0.414   0
        33    300.402    756.526 238.0867587 +32.8593413     6.82  0.000730679 -10.8748 -10.9103   0.0229     23126.16     487.5262     878.7368    0.241   0
        34    718.848    709.951 238.0331923 +32.8654940    10.15  0.001088104  -9.9811 -10.0557   0.0496     10526.78     481.1018     930.8694    0.361   0
        35    629.869    782.848 238.0444843 +32.8574688     3.92 0.0004199224  -8.2640  -8.7569   0.1628      3182.52     477.2031     907.0869    0.255   0
        36    222.927    693.993 238.0967920 +32.8657890     1.19 0.0001277947  -7.0995  -5.2098   4.2575     121.3148     475.5967     881.4922    0.001   0
        37    907.297    623.655 238.0091658 +32.8752245     6.54 0.0007014444 -10.9906 -10.7400   0.0267     19769.87     485.8548     837.4684    0.092   0
        38      3.147    738.708 238.1248913 +32.8603860     6.97 0.0007472552  -9.7670 -10.2354   0.0333     12420.87     380.3271     841.6324    0.586  16
        39    379.414    700.609 238.0767205 +32.8655309     6.34 0.0006798056 -12.7908 -12.8259   0.0044     135012.4     541.7772     906.0227    0.131   0
        40    858.334    791.102 238.0151860 +32.8572284     6.47  0.000693705 -12.0735 -12.0771   0.0082     67739.73     510.0037     903.4911    0.112   0
        41    128.613    632.266 238.1089842 +32.8721015     7.74 0.0008296054  -9.8880  -9.9923   0.0526     9929.755     480.7915     875.4597    0.250   0
        42    883.928    903.313 238.0117332 +32.8453313     5.71 0.0006117036 -10.1372 -11.1216   0.0189     28095.18     490.1852     828.9297    0.606   0
        43    879.794    883.812 238.0122930 +32.8473998     3.44 0.0003688321  -9.1332 -11.1241   0.0189      28160.2     489.9833     841.8004    0.651   0
        44    883.653    965.116 238.0116738 +32.8387387     5.30 0.0005681955  -9.8679 -11.0739   0.0198     26889.26     489.5829     815.2292    0.446   0
        45    886.787    915.188 238.0113486 +32.8440727     3.46 0.0003703741  -9.1320 -11.0354   0.0205     25950.59     488.8808     820.1608    0.652   0
        46    357.541   1004.110 238.0790348 +32.8330974     4.81 0.0005153815  -8.5348  -8.7098   0.1701     3047.451     477.2397     794.3615    0.486   0
