#   1 NUMBER                 Running object number                                     
#   2 X_IMAGE                Object position along x                                    [pixel]
#   3 Y_IMAGE                Object position along y                                    [pixel]
#   4 ALPHA_J2000            Right ascension of barycenter (J2000)                      [deg]
#   5 DELTA_J2000            Declination of barycenter (J2000)                          [deg]
#   6 FWHM_IMAGE             FWHM assuming a gaussian core                              [pixel]
#   7 FWHM_WORLD             FWHM assuming a gaussian core                              [deg]
#   8 MAG_BEST               Best of MAG_AUTO and MAG_ISOCOR                            [mag]
#   9 MAG_APER               Fixed aperture magnitude vector                            [mag]
#  10 MAGERR_APER            RMS error vector for fixed aperture mag.                   [mag]
#  11 FLUX_APER              Flux vector within fixed circular aperture(s)              [count]
#  12 FLUXERR_APER           RMS error vector for aperture flux(es)                     [count]
#  13 BACKGROUND             Background at centroid position                            [count]
#  14 ELLIPTICITY            1 - B_IMAGE/A_IMAGE                                       
#  15 FLAGS                  Extraction flags                                          
         1    832.500    170.470 327.8176645 +28.9485441   214.34   0.02315851 -16.4614 -12.9563   0.0071     152231.7     999.0964      1667.16    0.907  18
         2    854.502     36.592 327.8152627 +28.9630286    12.98  0.001402248 -12.4384 -12.5535   0.0102     105053.6     987.0356     1330.959    0.329   3
         3    426.040     87.540 327.8681568 +28.9564541     8.37 0.0009039037 -13.0634 -13.0795   0.0064     170528.4     1003.664     1780.956    0.249   0
         4    444.732    100.950 327.8658112 +28.9550565     8.28 0.0008951479 -12.9511 -12.9871   0.0069     156623.3      999.986     1803.512    0.243   0
         5     45.050     91.265 327.9152885 +28.9550719     8.17 0.0008824845 -11.2947 -11.3602   0.0301     34999.73     969.1298     1339.568    0.247   0
         6    198.203    129.497 327.8962439 +28.9513476     8.39 0.0009064616 -13.4492 -13.4751   0.0045     245496.6     1021.963      1678.83    0.237   0
         7    707.571    203.924 327.8330408 +28.9446244     7.63 0.0008243688 -11.8404 -11.8956   0.0185     57309.16     975.0015     1973.463    0.186   0
         8    173.339    198.014 327.8991502 +28.9438987     9.25 0.0009997133 -10.4282 -10.3598   0.0751     13928.77     963.7871     1727.832    0.302   0
         9    586.093    217.540 327.8480371 +28.9428499     7.55 0.0008159694 -11.9106 -11.9763   0.0172     61733.62     976.2422     1944.026    0.225   0
        10    437.500    237.477 327.8663719 +28.9403233     7.59 0.0008196054 -12.1689 -12.1964   0.0141     75605.23     979.7083     1910.161    0.232   0
        11    603.368    300.970 327.8456976 +28.9339016     7.19 0.0007770103 -12.3968 -12.4251   0.0115     93334.93      984.116     1994.713    0.171   0
        12    520.676    284.181 327.8559680 +28.9355013     1.34 0.0001446294  -9.3641 -10.3272   0.0774     13516.47     963.7885     1963.707    0.096   0
        13    260.993    294.003 327.8880689 +28.9337790     0.00            0  -8.9129  -9.6928   0.1386     7535.784     961.9105     1883.949    0.011   0
        14    751.656    305.519 327.8273421 +28.9337855     7.19 0.0007773639  -9.5005  99.0000  99.0000    -1546.245     960.3303     2024.775    0.376   0
        15    568.220    334.227 327.8499649 +28.9302281     7.14 0.0007714499 -11.9893 -12.0158   0.0166     64019.48      976.507     2011.088    0.178   0
        16    500.078    345.512 327.8583667 +28.9288387     7.15 0.0007721049 -11.1692 -11.2137   0.0344     30582.16     968.2859     2004.475    0.194   0
        17    494.514    369.368 327.8589968 +28.9262535     6.76 0.0007308616 -10.3752  -9.9838   0.1061     9852.329     962.7562     2019.706    0.178   0
        18    328.403    372.211 327.8795374 +28.9255228     3.46 0.0003737529  -9.5568 -10.6732   0.0564     18590.24      964.644     1982.596    0.424   0
        19    267.104    428.427 327.8869812 +28.9193066     6.82 0.0007366565 -12.6158 -12.6743   0.0092     117409.6      990.292     1985.479    0.154   0
        20    860.667    423.889 327.8135733 +28.9213011     7.60 0.0008214403 -11.0882 -10.7642   0.0519     20216.07     965.4977     1750.193    0.232   0
        21    798.423    539.613 327.8209949 +28.9086724     6.39 0.0006907377 -14.8547 -14.8834   0.0014     898181.6     1170.613     2073.116    0.133   0
        22    888.294    888.357 327.8090477 +28.8713097    55.63  0.006010591 -14.7766 -13.0913   0.0063     172394.2     1004.051     554.3614    0.150  17
        23    584.076    909.451 327.8466081 +28.8682709     4.21 0.0004550454 -10.8834  99.0000  99.0000    -203013.2     960.3031     1331.965    0.118   0
        24    572.207    821.559 327.8482887 +28.8777138     5.87 0.0006345697 -12.6924 -12.6491   0.0094     114722.5     989.4289     2045.375    0.102   0
        25     54.511    823.664 327.9122911 +28.8761598     6.60 0.0007126416 -10.8684 -11.1253   0.0373     28191.21     967.6144     1796.922    0.170   0
        26    404.580    814.722 327.8690309 +28.8780243     6.70 0.0007239638  -9.4849  -9.5111   0.1639     6374.464     961.8798     2030.581    0.168   0
        27    668.022    584.857 327.8370135 +28.9034678     6.62 0.0007149152 -10.9681 -10.9720   0.0429     24480.18     966.6012     2080.854    0.206   0
        28    301.564    566.338 327.8823793 +28.9045313     6.76  0.000730078 -10.5565 -10.7282   0.0536     19556.15     965.2998     2041.545    0.226   0
        29    307.883    528.759 327.8816903 +28.9085977     6.37  0.000687769 -10.3155  -9.8334   0.1219     8577.346     962.4793     2037.133    0.142   0
        30    858.573    515.125 327.8136142 +28.9114625     6.71 0.0007248835 -11.7360 -11.6598   0.0229     46123.86     972.1561     1869.275    0.199   0
        31    505.165    484.322 327.8573992 +28.9138909     7.08 0.0007654168 -11.2134 -11.3525   0.0303     34753.67     969.2008     2062.275    0.157   0
        32    224.229    454.652 327.8922195 +28.9163699     6.76   0.00073058 -11.1811 -11.2829   0.0323     32596.48     968.6711      1977.75    0.198   0
        33    748.639    499.435 327.8272488 +28.9128777     6.62 0.0007150791 -12.1982 -12.2495   0.0134     79395.82      980.675     2074.002    0.142   0
        34     60.393    890.106 327.9113983 +28.8690141     4.28 0.0004620286 -10.1969  99.0000  99.0000     -94320.2     960.1401     1508.242    0.040   0
        35    236.846    885.054 327.8895960 +28.8700142     5.00 0.0005400848 -12.5740 -11.1626   0.0360     29176.89     967.7343     1655.273    0.058   0
        36    163.402    844.258 327.8987769 +28.8742219     9.49  0.001025444 -11.9700 -11.7441   0.0212     49846.93      972.845     1856.135    0.349   0
        37    838.684    828.372 327.8153246 +28.8776508    80.92  0.008742998 -14.0851 -13.4732   0.0045     245061.6      1022.01     1570.624    0.268  16
        38    449.152    852.858 327.8634269 +28.8740277     5.77 0.0006229728 -12.2051 -12.2333   0.0136     78221.98     980.2959     1971.886    0.076   0
        39    672.622    799.430 327.8359266 +28.8803528     6.04 0.0006521571 -10.7002 -10.3843   0.0735     14247.54     963.7615     2101.338    0.175   0
        40    305.783    491.910 327.8820408 +28.9125639     6.37 0.0006882792 -13.5129 -13.5292   0.0043     258040.8     1025.231     2029.438    0.131   0
        41    846.771    590.457 327.8148938 +28.9033136     9.57  0.001034227 -10.8665 -10.9401   0.0442     23770.29     966.4445     1950.959    0.271   0
        42    795.258    761.999 327.8208530 +28.8846957    10.02  0.001082339 -11.6092 -11.5955   0.0243     43469.04     971.2047      2055.82    0.248   0
        43    105.622    689.933 327.9063044 +28.8907056     6.13 0.0006618472 -10.9528 -11.1384   0.0368     28533.76      967.649     1920.308    0.137   0
        44    532.864    708.610 327.8534277 +28.8897876     5.97 0.0006446882 -13.2048 -13.2487   0.0055     199282.9     1010.775     2085.988    0.097   0
        45    797.354    686.479 327.8207749 +28.8928405     6.14 0.0006629818 -13.4147 -13.4578   0.0046     241619.5     1021.244     2081.114    0.112   0
        46    744.331    608.273 327.8275198 +28.9011364     6.22 0.0006715743 -11.7152 -11.6131   0.0239      44180.5     971.7636     2080.984    0.156   0
        47    652.373    646.409 327.8388000 +28.8967942     7.03 0.0007596819 -10.5930 -10.7099   0.0545     19229.94     964.7828     2089.165    0.105   0
        48    600.471    646.138 327.8452192 +28.8966922     6.33 0.0006834375  -9.4135  -9.5433   0.1591     6566.542     961.9297     2086.572    0.123   0
        49    811.596    566.487 327.8193013 +28.9058089     6.23 0.0006733394 -11.3078 -11.3285   0.0310     33994.33      968.978     2040.307    0.109   0
        50    696.715    556.900 327.8335324 +28.9065534     6.39 0.0006908366 -11.5892 -11.3894   0.0293      35953.9     969.6449     2081.011    0.152   0
        51    302.132    550.430 327.8823481 +28.9062472     6.28 0.0006789503 -12.3525 -12.4030   0.0117     91454.17     983.7442     2039.569    0.126   0
