#   1 NUMBER                 Running object number                                     
#   2 X_IMAGE                Object position along x                                    [pixel]
#   3 Y_IMAGE                Object position along y                                    [pixel]
#   4 ALPHA_J2000            Right ascension of barycenter (J2000)                      [deg]
#   5 DELTA_J2000            Declination of barycenter (J2000)                          [deg]
#   6 FWHM_IMAGE             FWHM assuming a gaussian core                              [pixel]
#   7 FWHM_WORLD             FWHM assuming a gaussian core                              [deg]
#   8 MAG_BEST               Best of MAG_AUTO and MAG_ISOCOR                            [mag]
#   9 MAG_APER               Fixed aperture magnitude vector                            [mag]
#  10 MAGERR_APER            RMS error vector for fixed aperture mag.                   [mag]
#  11 FLUX_APER              Flux vector within fixed circular aperture(s)              [count]
#  12 FLUXERR_APER           RMS error vector for aperture flux(es)                     [count]
#  13 BACKGROUND             Background at centroid position                            [count]
#  14 ELLIPTICITY            1 - B_IMAGE/A_IMAGE                                       
#  15 FLAGS                  Extraction flags                                          
         1    853.367     89.027 238.0170931 +32.9319788   118.45   0.01270081 -14.7923 -12.5719   0.0054     106847.9     531.8839     767.7495    0.483  19
         2    816.638     46.338 238.0218776 +32.9364342    69.52  0.007454447 -13.4162 -12.0128   0.0087     63842.46     511.2834     626.2524    0.783  19
         3    822.490      9.685 238.0211874 +32.9403617    81.69  0.008759873 -13.6352 -12.4243   0.0058     93266.17     494.8403     428.4123    0.781  24
         4    490.959     43.307 238.0636788 +32.9358627     8.84 0.0009483275  -9.3534  99.0000  99.0000    -2181.219      479.037     790.0432    0.314   0
         5     64.033    114.074 238.1183412 +32.9271166     7.01 0.0007513718 -13.8226 -13.8452   0.0020     345197.9     634.1146     886.6653    0.072   0
         6    729.202    123.369 238.0329696 +32.9279750     7.37 0.0007902622 -10.1073  -9.4733   0.0850     6156.471     482.0777     962.9464    0.106   0
         7    750.589    128.075 238.0302172 +32.9275314     7.44 0.0007973868  -9.7200  99.0000  99.0000    -468.1229     479.0099     963.0272    0.107   0
         8    370.413    144.810 238.0789731 +32.9246962     3.44 0.0003685052  -8.7685  -9.5117   0.0821      6377.75     482.1924     946.9313    0.410   0
         9    700.144    191.333 238.0365843 +32.9206426     7.70 0.0008256995 -11.8967 -11.9033   0.0096     57716.68     508.2537     963.8029    0.052   0
        10    321.541    186.520 238.0851717 +32.9201088     7.51 0.0008050045  -9.7839  -9.8362   0.0611     8599.949     483.6118      942.538    0.101   0
        11    476.653    183.843 238.0652736 +32.9208260     6.58 0.0007054905  -9.2582  -9.5472   0.0795     6589.981     482.5312     954.9857    0.223   0
        12    111.328    255.269 238.1120223 +32.9121827     6.73 0.0007212106 -13.7865 -13.8095   0.0020     334044.1     629.7432     902.2087    0.074   0
        13    761.395    276.112 238.0285833 +32.9117633     6.99 0.0007497328 -12.2146 -12.2508   0.0071     79491.35     518.8787     963.6232    0.029   0
        14    233.205    277.318 238.0963470 +32.9101723     5.70 0.0006117109  -9.7506 -10.3468   0.0384     13763.76     486.1136     928.5709    0.541   0
        15    580.488    327.063 238.0517071 +32.9058294     7.11  0.000762215 -11.3829 -11.4234   0.0146     37099.55     498.0875     955.2682    0.042   0
        16    286.781    340.735 238.0893629 +32.9035549     6.71 0.0007195928 -11.1393 -11.1979   0.0178     30140.66     494.5298     937.7388    0.071   0
        17     42.169    344.336 238.1207365 +32.9024828     7.09 0.0007604426  -9.0748  -9.1406   0.1154     4531.436     481.4635     880.1014    0.399   0
        18    449.925    381.600 238.0683634 +32.8996484     7.03 0.0007540001 -10.8844 -10.9355   0.0225      23669.6      491.208     947.3223    0.037   0
        19    510.750    432.430 238.0604739 +32.8943926     6.43 0.0006898658 -12.1553 -12.1953   0.0074     75528.39     516.9658     948.0692    0.010   0
        20    743.061    415.013 238.0307032 +32.8968903     0.00            0  -7.1173  -8.0309   0.3196     1630.722     479.8603      955.913    0.060   0
        21    157.657    449.827 238.1057353 +32.8915512     7.24 0.0007759464  -9.8709  -9.9425   0.0554     9484.277      484.015     903.0048    0.129   0
        22    269.444    491.664 238.0913235 +32.8874003     6.39 0.0006856313 -12.4580 -12.5023   0.0057     100214.5     528.7444     926.0213    0.054   0
        23     12.672    492.889 238.1242553 +32.8865469     7.80 0.0008360898 -10.3814 -10.3341   0.0379     13602.87     474.7181     862.9675    0.175  16
        24    439.395    499.194 238.0695120 +32.8870702     7.41 0.0007950217  -9.6545  -9.7713   0.0648     8100.334      483.125     941.8833    0.130   0
        25    885.715    959.565 238.0115054 +32.8391676     5.91 0.0006332073 -10.2503 -11.1272   0.0190     28241.67     493.5558     809.6488    0.799   2
        26    512.810   1022.708 238.0592020 +32.8314075     5.71 0.0006121325  -8.4336  -8.2833   0.2237     2057.491      423.765      813.874    0.423  16
        27    800.146   1016.879 238.0223797 +32.8328184     6.34   0.00067953  -9.8103  -9.6934   0.0683     7540.076     474.0961     850.1315    0.205  16
        28    859.346    789.795 238.0151664 +32.8572129     6.37 0.0006831477 -12.0813 -12.0892   0.0081     68497.91     513.4788     899.9981    0.063   0
        29      3.594    738.256 238.1249814 +32.8603373     7.84 0.0008411814  -9.9412 -10.2897   0.0323     13058.37     388.7591     840.5135    0.345  16
        30    301.379    755.168 238.0867689 +32.8593701     6.25 0.0006700737 -10.8713 -10.9349   0.0225     23656.78      491.175     878.0381    0.055   0
        31    718.802    708.498 238.0333232 +32.8655048    10.08  0.001081129 -10.1520 -10.1447   0.0461     11426.07     484.8563     928.5441    0.467   0
        32    872.201    639.547 238.0137661 +32.8732814    13.71   0.00146975 -15.3813 -15.3903   0.0007      1432577     972.4577     916.2357    0.871   0
        33    908.164    622.413 238.0091823 +32.8752076     6.94 0.0007446645 -10.9739 -10.6756   0.0285     18631.94     488.6108     831.3914    0.070   0
        34    884.560    749.348 238.0120001 +32.8615977     4.82 0.0005169307  -9.6279 -10.9455   0.0223     23889.66     491.4125     864.4911    0.608   0
        35    129.710    630.876 238.1090001 +32.8721523     7.90 0.0008474027 -10.1257 -10.2663   0.0413     12779.12     485.7272     871.8751    0.182   0
        36    380.410    699.203 238.0767320 +32.8655626     6.09 0.0006529255 -12.7936 -12.8340   0.0044     136013.3      545.313     904.5466    0.051   0
        37    726.985    937.962 238.0318899 +32.8410401     0.00            0  -7.5185  -7.6151   0.4684     1111.783     479.5492     864.7842    0.004   0
        38    881.423    854.863 238.0122283 +32.8503291     4.37 0.0004688776  -9.4427 -11.0153   0.0210     25475.44      492.179       847.45    0.559   0
        39    810.304    865.108 238.0213296 +32.8490423     5.83 0.0006246539 -12.8031 -12.8489   0.0043     137897.3       546.39     891.6395    0.013   0
        40    881.078    883.356 238.0122255 +32.8472876     6.32 0.0006778616 -10.2715 -11.0554   0.0202     26434.18     492.6657     839.4305    0.623   0
        41    878.837    911.826 238.0124659 +32.8442433     3.92 0.0004204868  -9.2502 -11.0675   0.0200     26729.85      492.763     834.5258    0.256   0
