#   1 NUMBER                 Running object number                                     
#   2 X_IMAGE                Object position along x                                    [pixel]
#   3 Y_IMAGE                Object position along y                                    [pixel]
#   4 ALPHA_J2000            Right ascension of barycenter (J2000)                      [deg]
#   5 DELTA_J2000            Declination of barycenter (J2000)                          [deg]
#   6 FWHM_IMAGE             FWHM assuming a gaussian core                              [pixel]
#   7 FWHM_WORLD             FWHM assuming a gaussian core                              [deg]
#   8 MAG_BEST               Best of MAG_AUTO and MAG_ISOCOR                            [mag]
#   9 MAG_APER               Fixed aperture magnitude vector                            [mag]
#  10 MAGERR_APER            RMS error vector for fixed aperture mag.                   [mag]
#  11 FLUX_APER              Flux vector within fixed circular aperture(s)              [count]
#  12 FLUXERR_APER           RMS error vector for aperture flux(es)                     [count]
#  13 BACKGROUND             Background at centroid position                            [count]
#  14 ELLIPTICITY            1 - B_IMAGE/A_IMAGE                                       
#  15 FLAGS                  Extraction flags                                          
         1    852.625     88.857 200.9157291 +36.1181866   110.65   0.01189857 -16.1680 -14.0537   0.0028     418282.4     1091.158     1472.067    0.485  19
         2    815.311     45.676 200.9207875 +36.1227023    75.79  0.008149889 -14.8096 -13.5008   0.0045     251374.3     1052.302     898.1202    0.801  19
         3    829.010     10.658 200.9189888 +36.1264683    98.02    0.0105407 -14.8482 -13.9048   0.0031     364681.6     1030.047     158.1958    0.812  24
         4    155.346     83.495 201.0093292 +36.1170756    61.09  0.006569225 -15.1131 -12.2077   0.0144     76399.76      1009.74     1806.112    0.862  18
         5    347.387     81.512 200.9835549 +36.1177577    19.57  0.002104251 -13.3223 -12.0153   0.0171     63990.36     1006.635     1933.747    0.434   2
         6    403.786     81.501 200.9759847 +36.1178960     9.46  0.001017152 -12.0930 -12.0002   0.0173     63104.63      1006.36      1961.93    0.175   0
         7    377.700     82.453 200.9794849 +36.1177311    14.35  0.001542615 -12.7167 -12.0113   0.0171     63757.91     1006.522     1949.401    0.010   0
         8    555.837     85.834 200.9555700 +36.1178016     3.96 0.0004253095  -9.9581 -11.6562   0.0237     45969.42     1002.122      2074.09    0.262   0
         9    683.471    209.923 200.9382921 +36.1048772     4.22 0.0004539833 -15.3478 -15.3849   0.0010      1425448     1301.597     2225.022    0.018   4
        10    770.564    207.514 200.9266064 +36.1053413     4.26 0.0004580319 -14.8836 -14.9279   0.0014     935783.1     1203.785     2227.328    0.032   0
        11    124.756    219.517 201.0132613 +36.1024977     4.22 0.0004543003 -13.0938 -13.1454   0.0062     181208.3     1035.391     1978.534    0.092   0
        12    624.869    341.267 200.9460009 +36.0907334     4.33 0.0004652475 -10.7783 -10.9224   0.0463     23387.07     996.5836     2198.226    0.049   0
        13    878.997    457.989 200.9117683 +36.0788923     4.12 0.0004427518 -10.1539 -11.6025   0.0249     43751.08      1001.18     2046.028    0.415   0
        14    883.349    469.566 200.9111712 +36.0776682     7.34 0.0007895688 -11.2173 -11.6418   0.0240     45364.95     1002.026     2003.941    0.259   2
        15    881.213    522.111 200.9113980 +36.0720609     5.81 0.0006247388 -10.8924 -11.7396   0.0219     49640.59     1003.065     2021.981    0.426   0
        16    143.452    540.466 201.0103435 +36.0683250     4.16 0.0004475929 -12.8191 -12.8699   0.0079     140589.2      1025.32     1922.417    0.098   0
        17    535.011    735.104 200.9575847 +36.0485273     3.87 0.0004158576  -9.4988  -9.6299   0.1515     7111.488     992.3525     2018.655    0.104   0
        18    884.566    912.709 200.9105037 +36.0304237   113.02   0.01215325 -15.4037 -12.6056   0.0100     110219.5     1017.997     1692.318    0.862  19
        19    883.781    779.778 200.9107601 +36.0445947   128.33   0.01379931 -15.5177 -12.5102   0.0109     100942.7     1015.361     1833.058    0.943  19
        20    225.223    730.360 200.9991357 +36.0482801     4.52 0.0004861574 -10.1601 -10.1835   0.0911     11841.47     993.4595     1843.163    0.117   0
        21    769.284    605.690 200.9263164 +36.0628852     4.09 0.0004393604 -10.1170 -10.1305   0.0957     11277.03     993.4013     2171.239    0.120   0
        22    489.912    681.261 200.9636981 +36.0541592     4.41 0.0004745249 -10.0001  -9.8594   0.1227     8785.403     992.9139     2051.935    0.161   0
        23    541.677    713.840 200.9567164 +36.0508104     5.94 0.0006389199  -9.6879  -9.8276   0.1264     8531.433     992.7101     2042.363    0.194   0
        24      3.873   1009.253 201.0284581 +36.0179983    21.78  0.002341491 -12.6509 -11.6492   0.0192     45673.49     808.0316     434.7821    0.852  16
