#   1 NUMBER                 Running object number                                     
#   2 X_IMAGE                Object position along x                                    [pixel]
#   3 Y_IMAGE                Object position along y                                    [pixel]
#   4 ALPHA_J2000            Right ascension of barycenter (J2000)                      [deg]
#   5 DELTA_J2000            Declination of barycenter (J2000)                          [deg]
#   6 FWHM_IMAGE             FWHM assuming a gaussian core                              [pixel]
#   7 FWHM_WORLD             FWHM assuming a gaussian core                              [deg]
#   8 MAG_BEST               Best of MAG_AUTO and MAG_ISOCOR                            [mag]
#   9 MAG_APER               Fixed aperture magnitude vector                            [mag]
#  10 MAGERR_APER            RMS error vector for fixed aperture mag.                   [mag]
#  11 FLUX_APER              Flux vector within fixed circular aperture(s)              [count]
#  12 FLUXERR_APER           RMS error vector for aperture flux(es)                     [count]
#  13 BACKGROUND             Background at centroid position                            [count]
#  14 ELLIPTICITY            1 - B_IMAGE/A_IMAGE                                       
#  15 FLAGS                  Extraction flags                                          
         1     10.380     80.833 237.9940969 +32.9332133    63.59  0.006811267 -13.4469 -12.6176   0.0068     111438.3     699.2664     415.8321    0.603  24
         2    144.131     85.753 237.9769403 +32.9330553    46.12  0.004940779 -13.1591 -11.8209   0.0146     53498.87     717.9557     1226.038    0.745   0
         3    192.062     30.288 237.9708788 +32.9390984    33.52  0.003591025 -12.4550 -11.8451   0.0143     54706.65     718.5302     743.6956    0.264  17
         4    136.096     10.951 237.9780845 +32.9410069    86.44  0.009259433 -14.6705 -13.4291   0.0035     235314.3     748.1542     291.4371    0.746  24
         5    914.708     86.826 237.8781367 +32.9350065     8.59 0.0009197728 -11.6580 -11.4850   0.0197     39263.51     713.0204     1271.603    0.105   0
         6     62.404    111.213 237.9873801 +32.9301177    17.57  0.001882341  -9.8753  99.0000  99.0000    -12769.96     698.8809     888.5903    0.357   2
         7    420.607     89.753 237.9414858 +32.9333790     9.20 0.0009853314 -11.3798 -11.4160   0.0210     36846.83     712.0949     1413.055    0.117   0
         8    986.684    192.957 237.8687604 +32.9238822     8.68 0.0009294064 -14.7787 -14.7513   0.0013       795297     941.5695     1333.287    0.063   0
         9    551.633    137.589 237.9246162 +32.9286318     8.76 0.0009381997 -10.6909 -10.6039   0.0439     17440.74     705.1705     1465.171    0.093   0
        10     76.063    256.950 237.9854058 +32.9146201    40.05  0.004289756 -13.4890 -11.6469   0.0170     45579.53     715.1348     1353.287    0.496   2
        11     75.389    244.097 237.9855119 +32.9159884    20.64  0.002210551 -12.5294 -11.7507   0.0155     50151.15     716.9048     1346.399    0.548   2
        12    180.599    254.085 237.9720098 +32.9152112     8.89  0.000952511 -11.9778 -11.9457   0.0130     60019.18     720.2034     1504.468    0.076   0
        13     74.637    274.220 237.9855622 +32.9127754    19.22   0.00205868 -11.8473 -11.6608   0.0168      46166.8     715.3208     1345.932    0.281   1
        14    567.101    408.255 237.9222395 +32.8998210     8.97 0.0009613517 -17.1416 -17.1006   0.0003      6922238     1987.432      1474.72    0.048   4
        15    781.114    338.986 237.8949079 +32.9077744     8.66 0.0009275023 -12.1760 -12.1639   0.0107     73376.38     724.9015     1405.313    0.072   0
        16     76.926    329.246 237.9851846 +32.9069161    11.82  0.001265799 -11.9198 -11.5684   0.0183     42399.77      714.158     1357.481    0.492   0
        17    153.969    372.679 237.9752435 +32.9024970     8.12 0.0008696387 -12.7715 -12.7858   0.0062       130112     744.2296     1503.087    0.047   0
        18     76.872    350.837 237.9851585 +32.9046144    11.65   0.00124812 -11.9876 -11.6067   0.0177     43920.71     714.6902     1356.099    0.213   0
        19     72.267    372.677 237.9857154 +32.9022737    13.26  0.001420238 -11.9624 -11.6295   0.0173     44852.71     715.0355     1316.709    0.578   2
        20    204.418    397.459 237.9687400 +32.8999930     9.10 0.0009745889 -11.9829 -11.9069   0.0135     57911.37     719.5291     1500.471    0.077   0
        21     71.756    389.527 237.9857550 +32.9004762    10.47  0.001121435 -11.7935 -11.6394   0.0172     45266.43     715.1221     1314.145    0.347   2
        22     77.210    645.023 237.9846655 +32.8732563    35.10  0.003759642 -13.8534 -11.7335   0.0158     49363.89     716.3021     1318.695    0.602   2
        23     76.022    422.229 237.9851582 +32.8970020     8.85 0.0009481339 -11.5068 -11.5997   0.0178        43639     714.4949     1338.674    0.644   2
        24     77.507    545.306 237.9847798 +32.8838865    23.77   0.00254638 -12.6146 -11.7219   0.0159     48836.14      716.562     1345.002    0.389   2
        25     77.632    435.671 237.9849313 +32.8955735    10.27  0.001100011 -11.7129 -11.5308   0.0189     40955.04      713.652     1352.295    0.566   0
        26     78.234    449.894 237.9848324 +32.8940591    11.59  0.001241541 -11.5463 -11.5767   0.0182     42725.46     714.2332     1351.442    0.636   2
        27     75.994    484.280 237.9850670 +32.8903875     5.25 0.0005627382 -10.5006 -11.5468   0.0186     41566.03     713.7498     1334.678    0.404   2
        28    371.192    456.391 237.9472773 +32.8941633     6.08  0.000651653  -9.7689 -10.0976   0.0698     10940.33     702.7638     1487.167    0.100   0
        29    961.647    499.805 237.8715429 +32.8911074     8.51 0.0009111338 -12.6023 -12.6176   0.0072     111441.6     737.7625      1245.13    0.110   0
        30     85.982    930.710 237.9831055 +32.8428272     4.56 0.0004882794 -10.1424 -11.5167   0.0192     40426.09     713.5054     1238.507    0.210   2
        31    651.027   1004.614 237.9106243 +32.8364751     8.40 0.0008999651 -12.4565 -12.4702   0.0082     97293.16      732.877     1173.001    0.124   0
        32     86.204    991.387 237.9829844 +32.8363599     7.41 0.0007941936 -10.6082 -11.0789   0.0285     27012.44     708.4777     1222.274    0.281   0
        33     84.511    950.503 237.9832636 +32.8407133     5.87 0.0006290755  -9.2515 -11.5288   0.0190     40882.73     713.7042     1226.767    0.619   3
        34     87.100    946.390 237.9829383 +32.8411588    14.10  0.001510629 -12.4047 -11.4919   0.0196     39515.07      713.128     1240.763    0.685   2
        35     82.334    945.432 237.9835502 +32.8412479    17.05  0.001826181 -12.8312 -11.5859   0.0180     43089.69     714.4381     1209.474    0.759   2
        36    586.392    949.914 237.9189818 +32.8421335     7.98 0.0008546429  -9.8094  -9.9955   0.0766      9959.04     702.6509     1237.159    0.265   0
        37     80.985    802.615 237.9839410 +32.8564679    18.32  0.001962453 -12.7664 -11.6934   0.0163     47575.09     715.7162     1281.058    0.149   0
        38     79.234    715.991 237.9842977 +32.8656969    12.88   0.00137977 -12.4674 -11.6829   0.0165     47115.24     715.5749     1308.441    0.583   2
        39    720.953    880.705 237.9018453 +32.8498693     8.75 0.0009372693 -11.8661 -11.8698   0.0140     55965.68     718.9296     1199.774    0.149   0
        40    152.852    811.178 237.9747216 +32.8557516     8.28 0.0008872191 -11.7860 -11.8001   0.0148      52486.4     717.6417     1414.638    0.061   0
        41    145.965    720.968 237.9757407 +32.8653489     3.43 0.0003678124  -7.3885  99.0000  99.0000    -7137.341     699.1381     1453.575    0.014   0
        42    437.810    616.959 237.9385031 +32.8772269     8.05 0.0008621892 -12.5856 -12.5913   0.0074     108773.8     736.8955     1460.087    0.053   0
        43     83.176    862.332 237.9835693 +32.8501083     9.60  0.001027994 -11.6249 -11.6287   0.0173     44821.84     715.1021       1263.6    0.527   2
        44     83.033    892.283 237.9835418 +32.8469153    20.36  0.002180932 -12.8585 -11.6955   0.0163     47663.53     715.9982     1244.398    0.386   2
        45    752.206    945.005 237.8977503 +32.8430980     8.62 0.0009236516 -12.6176 -12.6336   0.0071     113097.5     738.3047     1140.558    0.128   0
        46    776.789    833.371 237.8947600 +32.8550630     8.64 0.0009250425 -10.7164 -10.7770   0.0375     20454.51     706.1599     1190.773    0.098   0
        47     79.774    829.119 237.9840557 +32.8536394    15.90  0.001703608 -12.3446 -11.6690   0.0167     46516.81     715.5397     1260.799    0.397   2
        48    686.724    692.376 237.9064998 +32.8698537     8.73  0.000934772 -11.3939 -11.4031   0.0212     36411.73     712.0975     1321.409    0.075   0
        49     80.422    763.454 237.9840730 +32.8606408    31.35  0.003357837 -13.5988 -11.7378   0.0157     49557.74     716.6786     1294.311    0.459   2
