#   1 NUMBER                 Running object number                                     
#   2 X_IMAGE                Object position along x                                    [pixel]
#   3 Y_IMAGE                Object position along y                                    [pixel]
#   4 ALPHA_J2000            Right ascension of barycenter (J2000)                      [deg]
#   5 DELTA_J2000            Declination of barycenter (J2000)                          [deg]
#   6 FWHM_IMAGE             FWHM assuming a gaussian core                              [pixel]
#   7 FWHM_WORLD             FWHM assuming a gaussian core                              [deg]
#   8 MAG_BEST               Best of MAG_AUTO and MAG_ISOCOR                            [mag]
#   9 MAG_APER               Fixed aperture magnitude vector                            [mag]
#  10 MAGERR_APER            RMS error vector for fixed aperture mag.                   [mag]
#  11 FLUX_APER              Flux vector within fixed circular aperture(s)              [count]
#  12 FLUXERR_APER           RMS error vector for aperture flux(es)                     [count]
#  13 BACKGROUND             Background at centroid position                            [count]
#  14 ELLIPTICITY            1 - B_IMAGE/A_IMAGE                                       
#  15 FLAGS                  Extraction flags                                          
         1    833.479    181.038 200.9222962 +36.2168644   181.19   0.01957146 -15.8003 -12.2623   0.0095     80336.96     704.1335     1177.595    0.911  16
         2    534.199     48.539 200.9627662 +36.2302219     6.39 0.0006901007  -9.7409  -9.8756   0.0826      8917.06     678.1693     1238.862    0.295   0
         3    486.628     89.257 200.9690795 +36.2256973     6.74  0.000728317 -10.3368 -10.3191   0.0550     13416.19     680.0723     1256.608    0.293   0
         4    553.293    144.616 200.9600138 +36.2199429     6.49  0.000700555  -9.7139  -9.7042   0.0967     7615.283     677.9175     1302.883    0.314   0
         5    621.964    165.149 200.9507470 +36.2179408     8.18 0.0008840926 -10.8184 -10.8665   0.0334     22212.65     683.2606     1324.093    0.251   0
         6    464.802    234.875 200.9717276 +36.2099645     4.12 0.0004451728  -8.1751  -5.9842   2.9610      247.568      675.004     1322.203    0.105   0
         7    261.008    293.977 200.9989896 +36.2029849     4.21 0.0004542928  -8.8404  -9.3842   0.1296     5671.199     676.8193     1312.745    0.008   0
         8    203.775    330.336 201.0066054 +36.1988976     5.66 0.0006111442 -10.0751  -9.9504   0.0771     9553.828     678.5941     1314.705    0.222   0
         9    456.875    390.506 200.9724881 +36.1931965     5.14 0.0005552651  -9.7659 -10.1598   0.0637     11585.25      679.342     1383.063    0.190   0
        10    840.962    830.362 200.9200668 +36.1470268    78.94  0.008527378 -13.9246 -12.8691   0.0056     140492.5     725.2482     1083.513    0.474  16
        11    888.093    887.941 200.9136317 +36.1409719    58.88  0.006359724 -13.8087 -12.4573   0.0080     96147.13     709.7974     544.3386    0.145  16
        12    899.381    448.752 200.9129393 +36.1882572     4.14 0.0004474828 -11.4225  99.0000  99.0000     -9619.27      675.046     1008.897    0.065   0
        13    458.477    502.950 200.9720530 +36.1811038     4.38 0.0004734775 -12.2142 -12.2497   0.0096     79413.83      703.879     1399.243    0.077   0
        14    322.020    475.252 200.9904342 +36.1836686     4.64 0.0005013978 -10.3965 -10.4323   0.0496     14891.06     680.5196     1385.465    0.138   0
        15    879.044    630.475 200.9153296 +36.1686455     4.25  0.000459087 -11.7759  -8.6524   0.2540     2890.348     676.0966     1224.733    0.061   0
        16    445.670    543.379 200.9736939 +36.1767153     4.33 0.0004672119 -12.0824 -12.1619   0.0104      73244.7     701.7028     1398.765    0.091   0
        17    184.019    543.072 201.0088323 +36.1759493     4.61 0.0004980935 -10.4985 -10.5976   0.0427      17339.2     681.4562     1364.395    0.182   0
        18     86.219    549.767 201.0219525 +36.1749277     1.28 0.0001382556  -7.5522  -8.6026   0.2659     2760.901     675.9533     1314.507    0.229   0
        19    113.363    724.335 201.0179550 +36.1562303     3.58 0.0003864031  -8.7006  -8.5407   0.2815     2607.731     676.0111     1328.915    0.149   0
        20    839.945    486.753 200.9208508 +36.1839922     7.39 0.0007985354 -11.1898 -11.2926   0.0227     32887.93     687.0804     1310.397    0.204   0
