#   1 NUMBER                 Running object number                                     
#   2 X_IMAGE                Object position along x                                    [pixel]
#   3 Y_IMAGE                Object position along y                                    [pixel]
#   4 ALPHA_J2000            Right ascension of barycenter (J2000)                      [deg]
#   5 DELTA_J2000            Declination of barycenter (J2000)                          [deg]
#   6 FWHM_IMAGE             FWHM assuming a gaussian core                              [pixel]
#   7 FWHM_WORLD             FWHM assuming a gaussian core                              [deg]
#   8 MAG_BEST               Best of MAG_AUTO and MAG_ISOCOR                            [mag]
#   9 MAG_APER               Fixed aperture magnitude vector                            [mag]
#  10 MAGERR_APER            RMS error vector for fixed aperture mag.                   [mag]
#  11 FLUX_APER              Flux vector within fixed circular aperture(s)              [count]
#  12 FLUXERR_APER           RMS error vector for aperture flux(es)                     [count]
#  13 BACKGROUND             Background at centroid position                            [count]
#  14 ELLIPTICITY            1 - B_IMAGE/A_IMAGE                                       
#  15 FLAGS                  Extraction flags                                          
         1      9.599     81.489 200.8925347 +36.1185224    59.13  0.006393954 -13.0556 -12.1715   0.0083     73894.21      562.465     458.4153    0.618  24
         2    192.519     29.875 200.8680561 +36.1245776    28.37  0.003067453 -11.8512 -11.3486   0.0183     34629.83      584.782     685.5829    0.158   1
         3    136.744     10.721 200.8755925 +36.1264879    83.97  0.009079475 -14.2508 -12.9958   0.0042     157876.5     608.4289     374.5312    0.743  24
         4    143.411     84.734 200.8745434 +36.1185385    31.29  0.003382999 -12.0131 -11.2981   0.0192     33054.55     584.0453     991.9922    0.479   2
         5    292.468     25.170 200.8546312 +36.1253545     3.83 0.0004137536  -9.8858  99.0000  99.0000    -49528.42     569.7368     823.5016    0.187   0
         6    379.897     81.026 200.8427666 +36.1195770     4.63 0.0005002087 -11.2954 -11.0944   0.0231     27400.73      581.636     1087.671    0.126   0
         7     64.178    109.794 200.8851403 +36.1156248    17.35  0.001876035  -9.7772  99.0000  99.0000    -5358.697     569.4628     779.8798    0.605   0
         8    541.853     88.345 200.8209844 +36.1192222     5.73 0.0006190581  -9.4616  -9.3717   0.1108     5606.558     572.1275     1103.364    0.163   0
         9    515.114    114.665 200.8245257 +36.1163176     4.80 0.0005194624  -8.8501  -9.4039   0.1076     5775.326     572.2975     1160.785    0.275   0
        10    732.006    197.160 200.7952139 +36.1080116     9.63  0.001040839 -10.1673 -10.3825   0.0440     14222.73     575.8004     1148.826    0.054   0
        11     73.997    231.840 200.8835671 +36.1025136     3.95 0.0004273485  -9.5328 -11.1997   0.0210     30190.49     582.6605     1079.696    0.501   0
        12    311.139    256.139 200.8516519 +36.1005412     4.11 0.0004445976 -12.7570 -12.8164   0.0051     133832.8     625.6688     1191.243    0.091   0
        13     80.158    247.323 200.8827071 +36.1008637     6.80 0.0007357706 -10.6653 -11.2555   0.0199     31782.33     583.5162     1108.615    0.436   2
        14     66.383    253.815 200.8845445 +36.1001272     3.44 0.0003719833  -9.3838 -11.2314   0.0204     31085.02     582.9969     1040.681    0.424   0
        15    862.527    265.010 200.7775426 +36.1010497     1.19  0.000129122  -7.2671  99.0000  99.0000    -1012.388     569.7046     1111.389    0.308   0
        16     79.284    384.396 200.8825400 +36.0861056     5.36  0.000579387 -10.1013 -11.1667   0.0216     29288.41     582.3995     1099.465    0.492   0
        17    691.623    420.134 200.8002031 +36.0839019     3.80 0.0004108446 -10.1098 -10.2734   0.0486     12863.87     575.3538     1140.217    0.082   0
        18   1026.778    436.924 200.7551444 +36.0829702     3.88 0.0004193349 -10.2906 -10.2334   0.0397      12398.3     453.6928     1012.582    0.125  24
        19    332.796    433.876 200.8483811 +36.0814663     4.33 0.0004683028  -9.0654  -9.4435   0.1038     5989.639     572.2628     1183.814    0.078   0
        20     75.799    441.604 200.8828895 +36.0799377     3.02 0.0003270785  -9.2797 -11.1851   0.0212     29788.35     582.4722     1079.803    0.404   2
        21    147.027    471.717 200.8732589 +36.0768901     4.25 0.0004590625  -8.0797  99.0000  99.0000    -2687.356     569.7207     1185.277    0.061   0
        22    721.835    485.529 200.7960163 +36.0769418     3.63 0.0003928796 -11.3571 -11.4475   0.0168     37931.96     586.1607     1113.251    0.088   0
        23     78.902    516.400 200.8823174 +36.0718945     3.96 0.0004283044 -11.8445 -11.9868   0.0104     62335.48      596.278     1090.095    0.203   0
        24    187.598    793.617 200.8671478 +36.0423481     3.98  0.000429813  -8.9289  -9.4287   0.1051     5908.396     572.0347     1141.372    0.138   0
        25    357.409   1002.933 200.8439239 +36.0202739     4.01 0.0004333086  -8.6632  -8.7215   0.2013     3080.378     571.0708     1056.115    0.170   0
        26    648.015    667.513 200.8055743 +36.0571564     4.50  0.000486412  -8.4828  -8.9147   0.1686     3680.244     571.3173     1089.965    0.356   0
        27     79.219    677.847 200.8819401 +36.0545158    11.17  0.001208289 -11.5826 -11.3197   0.0188     33719.39     584.2984     1069.539    0.387   0
        28     77.442    631.875 200.8822741 +36.0594597     4.85  0.000524823  -9.9803 -11.2478   0.0201     31559.32      583.405     1068.413    0.481   0
        29    598.876    854.272 200.8118044 +36.0369217     3.48 0.0003765656 -10.3269 -10.4183   0.0426      14700.4      576.215     1044.682    0.046   0
        30     76.442    653.829 200.8823628 +36.0570937     7.38 0.0007977395 -10.8596 -11.2688   0.0197     32175.15     583.6373     1059.537    0.697   0
        31     81.609    815.198 200.8813344 +36.0397367     2.57 0.0002774188  -9.3370 -11.2301   0.0204     31047.74     583.0282     1042.663    0.416   0
        32    657.872    969.988 200.8036558 +36.0246210     4.02 0.0004342145 -10.6677 -10.7630   0.0311     20192.33     578.5135     978.1201    0.157   0
        33    638.499    874.318 200.8064449 +36.0348687     3.75 0.0004057764  -9.2648  -9.1800   0.1321     4699.072      571.795     1023.093    0.069   0
        34     84.002    764.916 200.8811172 +36.0451560     5.60 0.0006050889 -10.2009 -11.2139   0.0207     30588.24     582.9099     1068.475    0.281   0
        35    676.047    766.526 200.8016153 +36.0465718     4.93 0.0005328809  -8.2260  -8.4197   0.2657     2332.881     570.7435      1047.71    0.367   0
