#   1 NUMBER                 Running object number                                     
#   2 X_IMAGE                Object position along x                                    [pixel]
#   3 Y_IMAGE                Object position along y                                    [pixel]
#   4 ALPHA_J2000            Right ascension of barycenter (J2000)                      [deg]
#   5 DELTA_J2000            Declination of barycenter (J2000)                          [deg]
#   6 FWHM_IMAGE             FWHM assuming a gaussian core                              [pixel]
#   7 FWHM_WORLD             FWHM assuming a gaussian core                              [deg]
#   8 MAG_BEST               Best of MAG_AUTO and MAG_ISOCOR                            [mag]
#   9 MAG_APER               Fixed aperture magnitude vector                            [mag]
#  10 MAGERR_APER            RMS error vector for fixed aperture mag.                   [mag]
#  11 FLUX_APER              Flux vector within fixed circular aperture(s)              [count]
#  12 FLUXERR_APER           RMS error vector for aperture flux(es)                     [count]
#  13 BACKGROUND             Background at centroid position                            [count]
#  14 ELLIPTICITY            1 - B_IMAGE/A_IMAGE                                       
#  15 FLAGS                  Extraction flags                                          
         1    852.443     88.931 200.9160154 +36.1182385   118.73    0.0128237 -14.7795 -12.6105   0.0053     110717.7      537.896     781.3818    0.499  19
         2    817.915     46.399 200.9207284 +36.1227156    72.90  0.007873426 -13.5365 -12.0715   0.0083     67388.24     517.3274     627.2252    0.786  19
         3    824.378      9.643 200.9199276 +36.1266859    85.31  0.009213564 -13.6082 -12.4593   0.0056     96317.16     499.9839     423.1038    0.796  24
         4    682.199    208.078 200.9386509 +36.1049508     5.38 0.0005812726 -15.4723 -15.4926   0.0007      1574158     1010.458     982.3615    0.107   0
         5    769.418    205.772 200.9269478 +36.1054433     5.42 0.0005853726 -14.9989 -15.0238   0.0009      1022161     863.0883     983.0095    0.105   0
         6    122.476    216.972 201.0137632 +36.1023983     5.29 0.0005715077 -13.2058 -13.2531   0.0031     200102.5       577.96     917.0444    0.121   0
         7    545.651    214.587 200.9569674 +36.1038658     3.62 0.0003910396  -8.5509  -8.8932   0.1462     3608.032     485.5963     974.6215    0.370   0
         8    334.348    278.501 200.9852077 +36.0963920     5.82 0.0006287541  -8.4694  -8.5784   0.1951     2700.038      485.115     957.8454    0.346   0
         9    623.516    339.265 200.9462843 +36.0906795     5.22 0.0005637805 -10.8072 -10.9096   0.0233     23111.73     495.6025     973.9081    0.174   0
        10    262.804    385.118 200.9946046 +36.0847228     5.19 0.0005606075  -9.0499  -9.3086   0.0999     5289.885      486.407       944.05    0.432   0
        11    242.738    422.945 200.9972245 +36.0805978     0.73 7.893665e-05  -7.3115  -6.0294   2.0360     258.0854     483.8412     938.2176    0.062   0
        12    199.621    448.206 201.0029613 +36.0777575     3.44 0.0003711221  -8.5591  -8.8736   0.1487     3543.676     485.3313     925.5001    0.412   0
        13     27.337    497.426 201.0259816 +36.0719665     6.85 0.0007399809  -9.0431  -9.1267   0.1180     4473.969     486.0691     872.4258    0.354   0
        14    141.428    538.076 201.0105949 +36.0679262     5.26 0.0005681292 -12.9387 -12.9855   0.0039     156385.6     558.7301      902.197    0.140   0
        15    895.056    907.577 200.9088157 +36.0303304     8.32 0.0008981379 -11.2022 -10.9675   0.0221     24377.54     496.2006     816.4152    0.166   0
        16    726.082   1004.880 200.9312970 +36.0193964     4.12 0.0004446548  -7.4457  99.0000  99.0000    -572.0557     483.7762     856.6465    0.154   0
        17    885.401    823.805 200.9102618 +36.0393113     2.66  0.000287501  -9.1346 -11.0530   0.0205     26375.34      497.033     859.8631    0.411   0
        18    883.987    792.175 200.9105087 +36.0427085     3.95  0.000426313  -9.2516 -11.0323   0.0208     25876.76     496.7555     870.2773    0.505   0
        19     49.001    781.978 201.0225169 +36.0414329     3.68 0.0003969777  -8.3262  -8.5801   0.1948     2704.276     484.9533     817.6326    0.022   0
        20    884.103    742.497 200.9105828 +36.0480506     4.96 0.0005361328  -9.7695 -11.0103   0.0213     25358.54     496.8145     881.9784    0.523   0
        21    533.776    733.372 200.9575898 +36.0480492     5.55 0.0005990537  -9.6868  -9.9009   0.0581     9127.732     488.3891     924.2579    0.275   0
        22    223.554    728.378 200.9992095 +36.0477008     5.45 0.0005889335 -10.2528 -10.2201   0.0434     12247.35     489.9834     879.8497    0.186   0
        23    540.619    712.265 200.9567115 +36.0503381     7.48 0.0008079725 -10.2323 -10.2564   0.0420     12664.06     490.2499     930.2469    0.075   0
        24    488.604    679.358 200.9637503 +36.0537291     5.17 0.0005588207 -10.2063 -10.2381   0.0427     12452.46     490.0069     934.2291    0.195   0
        25    409.002    534.000 200.9747037 +36.0691325     0.00            0  -6.8551  -8.5831   0.1942     2711.705     484.9162     951.3725    0.033   0
        26    883.619    868.611 200.9104198 +36.0344885     5.61 0.0006057373 -10.2544 -11.1360   0.0190     28471.99     498.0333     849.8938    0.517   2
        27    884.803    804.597 200.9103767 +36.0413751     2.52 0.0002720067  -9.1124 -11.0582   0.0204     26501.55     497.0831     864.8921    0.413   0
        28    880.988    754.490 200.9109790 +36.0467523     4.65 0.0005019438  -9.8258 -11.0491   0.0205     26281.97     497.1591      886.095    0.589   0
        29    768.477    604.313 200.9263447 +36.0625868     5.45 0.0005886792 -10.2377 -10.2677   0.0416     12795.62     490.3845      965.138    0.252   0
        30    888.666    950.380 200.9095954 +36.0257102     7.30 0.0007885417 -10.6123 -11.0603   0.0203      26552.3     497.2817     818.6244    0.442   2
        31    706.830    570.585 200.9346772 +36.0660407     2.23 0.0002405867  -8.2633  -8.7481   0.1669     3156.884     485.2139     964.5924    0.414   0
        32    882.197    700.389 200.9109146 +36.0525730     3.45 0.0003728311  -8.9562 -10.9770   0.0219     24593.01     496.0956     895.6406    0.422   0
        33    886.076    979.570 200.9098900 +36.0225643     6.92 0.0007473904 -10.3914 -11.0107   0.0213     25368.73      496.673     819.1798    0.743   0
        34    886.607    839.796 200.9100712 +36.0375952     3.44 0.0003718514  -9.0618 -11.0214   0.0211     25618.68     496.6789     851.3614    0.416   0
