#   1 NUMBER                 Running object number                                     
#   2 X_IMAGE                Object position along x                                    [pixel]
#   3 Y_IMAGE                Object position along y                                    [pixel]
#   4 ALPHA_J2000            Right ascension of barycenter (J2000)                      [deg]
#   5 DELTA_J2000            Declination of barycenter (J2000)                          [deg]
#   6 FWHM_IMAGE             FWHM assuming a gaussian core                              [pixel]
#   7 FWHM_WORLD             FWHM assuming a gaussian core                              [deg]
#   8 MAG_BEST               Best of MAG_AUTO and MAG_ISOCOR                            [mag]
#   9 MAG_APER               Fixed aperture magnitude vector                            [mag]
#  10 MAGERR_APER            RMS error vector for fixed aperture mag.                   [mag]
#  11 FLUX_APER              Flux vector within fixed circular aperture(s)              [count]
#  12 FLUXERR_APER           RMS error vector for aperture flux(es)                     [count]
#  13 BACKGROUND             Background at centroid position                            [count]
#  14 ELLIPTICITY            1 - B_IMAGE/A_IMAGE                                       
#  15 FLAGS                  Extraction flags                                          
         1     10.033     80.917 327.7911442 +28.8490481    61.33   0.00662156 -13.2669 -12.4130   0.0075     92302.98     635.9196     428.0378    0.605  24
         2    141.840     87.443 327.7748529 +28.8486680    40.88  0.004414135 -12.9776 -11.6669   0.0154     46423.84     657.5991     1105.313    0.710   0
         3    192.572     27.973 327.7687345 +28.8551983    34.18  0.003690114 -12.1427 -11.5909   0.0165     43285.65     656.2991     690.1254    0.219  19
         4    136.226     10.856 327.7757345 +28.8569048    85.30  0.009209275 -14.4833 -13.2334   0.0038     196507.5     683.5488       324.68    0.744  24
         5    203.112     20.844 327.7674504 +28.8559920     6.96 0.0007515501  -9.8575  99.0000  99.0000    -17528.45     639.7429     698.1364    0.386   3
         6    460.164     27.791 327.7356911 +28.8558659     4.27 0.0004604709 -10.2486  99.0000  99.0000    -13487.74     639.5076     863.9335    0.195   0
         7    293.199     50.909 327.7562526 +28.8529720     4.15 0.0004485585 -10.3175  99.0000  99.0000    -28738.68       639.58     1034.543    0.076   0
         8    274.120     67.917 327.7585670 +28.8510935     4.46 0.0004814673 -10.6080  99.0000  99.0000     -10255.1     639.7248     1136.967    0.068   0
         9     64.302    108.001 327.7843764 +28.8462635    19.56  0.002111285  -9.8534  99.0000  99.0000    -5527.002     639.5076     814.9854    0.601   2
        10    973.702     68.930 327.6721787 +28.8526550     4.68 0.0005051483  -9.1612  99.0000  99.0000    -28253.64     639.7248     990.5591    0.154   0
        11    717.592    138.375 327.7036385 +28.8445685     4.63 0.0004994321 -15.8764 -15.9049   0.0006      2301246     1248.772     1279.623    0.036   6
        12    733.501     81.952 327.7018085 +28.8506847     4.34 0.0004690223  -9.6336  99.0000  99.0000    -17689.72     639.6524     1164.635    0.172   0
        13     82.278    124.377 327.7821165 +28.8445435    15.38  0.001660175 -11.6124 -11.4435   0.0188      37793.2     654.3098     1021.161    0.695   2
        14    920.207    104.905 327.6786997 +28.8486536     4.91 0.0005297532 -10.6767 -10.8566   0.0320     22011.84     648.1448     1183.508    0.124   0
        15    189.403    111.495 327.7689211 +28.8461929     4.26 0.0004595966 -11.0800  -9.9603   0.0725     9641.292     643.3016     1316.664    0.108   0
        16    723.696    124.465 327.7029180 +28.8460815     4.77 0.0005155117 -11.8711 -12.0828   0.0106     68093.59     665.8037     1275.692    0.201   3
        17    428.690    125.750 327.7393406 +28.8452371     5.00 0.0005393152  -8.6567  99.0000  99.0000    -3986.979     639.7248     1308.519    0.163   0
        18     81.367    143.160 327.7821826 +28.8425178     9.01 0.0009730294 -11.7025 -11.4169   0.0193     36876.02     653.9415     1122.166    0.086   0
        19    740.936    139.556 327.7007533 +28.8444968     6.05 0.0006535737 -10.0971 -10.4076   0.0481     14555.96     645.2984     1272.729    0.126   0
        20    769.578    143.804 327.6972067 +28.8441070     3.43   0.00037066  -8.2817  -8.2650   0.3437     2023.064     640.1714     1263.009    0.410   0
        21    648.073    145.902 327.7122043 +28.8435921     4.23 0.0004566428  -8.7827  -8.2788   0.3395     2048.881     640.5069     1298.175    0.130   0
        22    914.228    148.607 327.6793349 +28.8439314     3.45 0.0003720585  -8.7457 -10.2409   0.0560     12484.58     644.3157     1206.934    0.400   0
        23    570.191    148.592 327.7218140 +28.8431162     3.42 0.0003688298  -7.9229  99.0000  99.0000    -1809.429     639.3627     1305.781    0.398   0
        24    266.055    160.640 327.7593365 +28.8410850     4.32 0.0004665859 -11.1224 -11.2946   0.0215     32948.66     652.4561     1332.415    0.061   0
        25    402.985    168.712 327.7424104 +28.8405468     4.38 0.0004730579 -11.6920 -11.7382   0.0144     49577.41     658.7793     1324.356    0.066   0
        26    490.494    169.487 327.7316039 +28.8406740     3.73 0.0004032364  -8.9727 -10.3959   0.0487     14400.14     645.3098     1316.161    0.564   0
        27     77.909    233.481 327.7823870 +28.8327793    24.36  0.002630376 -12.9155 -11.5516   0.0171     41750.18     655.7669     1223.323    0.811  18
        28    581.716    181.691 327.7203116 +28.8395781     5.13 0.0005534725  -8.8732  -9.5137   0.1091     6389.441     642.1628     1312.432    0.212   0
        29    525.060    281.479 327.7270665 +28.8286922     6.92 0.0007472244 -16.1524 -16.1708   0.0005      2939886      1370.87     1318.016    0.038   6
        30    746.947    186.248 327.6999001 +28.8394809     5.32 0.0005743837  -9.7835 -10.3020   0.0530     13207.31     644.7936     1273.665    0.098   0
        31    899.679    235.601 327.6809261 +28.8345254     4.28 0.0004623394 -13.5196 -13.5682   0.0030     267480.1     736.7671     1217.966    0.042   0
        32    705.698    207.316 327.7049428 +28.8371133     4.80 0.0005177107  -9.4195  -9.9570   0.0727     9611.691      643.488     1288.584    0.057   0
        33    464.836    290.039 327.7344808 +28.8276254     4.38 0.0004733727 -15.5710 -15.5633   0.0007      1680054     1117.699     1324.203    0.088   7
        34    511.114    257.996 327.7288448 +28.8311887     4.23 0.0004570858 -13.1143 -13.1541   0.0042     182666.5      707.452     1319.865    0.074   3
        35    479.795    279.203 327.7326601 +28.8288288     4.22 0.0004561365 -14.3182 -14.3346   0.0017     541805.2     824.5157     1323.813    0.097   3
        36    270.646    257.741 327.7585328 +28.8306356     4.23 0.0004570597 -13.4965 -13.5487   0.0030     262718.4     735.2126     1336.543    0.049   0
        37     51.161    232.793 327.7856910 +28.8327878     6.63 0.0007161374  -9.8462 -10.7393   0.0356     19757.13     647.2029     1064.365    0.091   0
        38   1026.298    237.941 327.6652879 +28.8345707     4.40 0.0004755738 -10.1636 -10.0459   0.0536     10431.72     514.7939     1165.751    0.029  24
        39    656.335    254.515 327.7109245 +28.8319110     4.21 0.0004545182 -12.0146 -12.0980   0.0105     69057.89      666.183     1301.795    0.056   0
        40    317.189    254.611 327.7527944 +28.8310857     4.25 0.0004591733 -11.7822 -11.8496   0.0131     54933.59     660.5284     1333.121    0.048   0
        41    112.909    243.230 327.7780420 +28.8318146     4.44 0.0004796659  -8.9193  99.0000  99.0000    -7218.635     639.6886     1335.686    0.092   0
        42    764.699    267.804 327.6975144 +28.8307371     4.17 0.0004504148 -11.9848 -12.0412   0.0110        65534     664.6678     1263.043    0.020   0
        43    208.946    271.103 327.7661174 +28.8290463     4.23 0.0004567135 -11.8285 -11.9187   0.0123     58544.55     662.1385     1338.386    0.048   0
        44    668.447    258.561 327.7094195 +28.8315039     4.30 0.0004640718 -10.6219 -10.7480   0.0353     19916.54     647.4434     1298.798    0.062   0
        45    247.240    261.623 327.7614129 +28.8301606     4.53 0.0004894269  -9.5705  -9.9989   0.0700     9989.534     643.5089     1337.465    0.049   0
        46    573.762    270.440 327.7210806 +28.8299982     4.27 0.0004605529 -10.5903 -10.7764   0.0344     20444.27     647.6471     1313.168    0.106   0
        47    186.341    293.942 327.7688520 +28.8265307     4.28 0.0004624147 -11.9567 -12.0391   0.0110     65411.15     664.6738     1338.575    0.059   0
        48   1004.169    282.135 327.6679163 +28.8297578     3.84 0.0004147047  -8.4454  99.0000  99.0000    -525.5112     639.7429     1161.371    0.186   0
        49     79.664    305.054 327.7819940 +28.8250731     5.88 0.0006352834 -10.4410 -11.3147   0.0211     33563.32     652.6029     1234.641    0.527   0
        50    261.225    312.817 327.7595615 +28.8246795     4.25 0.0004583444 -10.8140 -10.8797   0.0313     22483.88     648.2197     1335.197    0.071   0
        51    201.648    333.701 327.7668651 +28.8222849     4.21 0.0004548763 -13.3945 -13.4589   0.0033     241856.2     728.0682     1337.528    0.047   0
        52    101.202    309.546 327.7793241 +28.8246419     4.43 0.0004780481  -9.5546  -8.9949   0.1757     3962.412     641.0908     1335.864    0.034   0
        53    840.998    319.242 327.6879730 +28.8253762     4.46 0.0004817597  -9.9321 -10.0394   0.0674      10369.8     643.5486     1220.061    0.041   0
        54    811.192    338.992 327.6916058 +28.8231782     4.31 0.0004658014  -9.2082  -9.5751   0.1031     6761.516     642.0012     1229.141    0.036   0
        55     74.396    339.789 327.7825587 +28.8213183     3.43 0.0003707071  -9.4502 -11.3976   0.0196     36229.02     653.4284     1198.134    0.411   0
        56    116.210    351.449 327.7773683 +28.8201645     4.06 0.0004378324  -9.4425  99.0000  99.0000    -7170.291     639.6524     1336.507    0.085   0
        57    210.514    363.345 327.7656980 +28.8191130     4.34 0.0004689524 -11.0094 -11.2188   0.0230     30727.61     651.6045      1335.57    0.078   0
        58     76.217    355.766 327.7822946 +28.8196015     6.62 0.0007149102 -10.7431 -11.3833   0.0198     35754.06     653.3707     1209.364    0.446   0
        59     78.352    390.980 327.7819442 +28.8158132    10.27  0.001108329 -11.5375 -11.4514   0.0187     38066.69     654.3965     1216.106    0.334   2
        60    836.873    362.123 327.6883807 +28.8207470     4.44 0.0004793462  -8.5199  -8.8342   0.2037     3417.144     641.0588     1211.027    0.212   0
        61     77.166    366.850 327.7821501 +28.8184099     7.29 0.0007873434 -10.9563 -11.4274   0.0191     37235.33     654.0789     1213.713    0.530   2
        62    982.791    372.672 327.6703430 +28.8199542     4.05 0.0004372415  -8.9567  -9.3740   0.1241      5618.09     641.8264      1137.31    0.211   0
        63    169.912    442.913 327.7705150 +28.8104423     4.20 0.0004535276 -11.6453 -11.7510   0.0143     50165.22     658.9672     1329.591    0.063   0
        64    543.698    390.250 327.7245041 +28.8170192     5.00 0.0005403418  -9.8290 -10.0641   0.0659     10607.86      643.803     1310.433    0.191   0
        65    119.613    398.002 327.7768339 +28.8151577     3.95 0.0004262451  -8.8385  99.0000  99.0000    -9786.315      639.399     1330.738    0.171   0
        66    963.569    463.339 327.6725026 +28.8101415     4.47  0.000482271 -15.6672 -15.6971   0.0007      1900304     1165.963     1120.018    0.046   4
        67    342.561    440.689 327.7492099 +28.8111012     4.18 0.0004509113 -13.4765 -13.5327   0.0031     258876.5     733.8735     1323.986    0.054   0
        68     72.582    434.407 327.7825495 +28.8111208     6.48 0.0007000719 -10.8317 -11.4573   0.0186     38274.54     654.1752     1181.669    0.202   0
        69    816.278    421.046 327.6907835 +28.8143505     4.11 0.0004434743 -11.1644 -11.2424   0.0225     31401.12     651.8629     1206.653    0.041   0
        70    116.553    419.285 327.7771592 +28.8128575     4.05 0.0004372342  -8.4983  99.0000  99.0000    -10335.51      639.761     1327.744    0.024   0
        71    804.055    447.562 327.6922293 +28.8114650     5.33 0.0005751003 -11.9794 -12.0384   0.0110     65366.97     664.7791     1202.856    0.220   0
        72    269.200    485.967 327.7581546 +28.8060458     4.22 0.0004553254 -14.9287 -14.9645   0.0011     967809.1     944.8713     1324.814    0.045   0
        73    415.880    437.731 327.7401671 +28.8115969     4.80 0.0005178539  -8.5514  -9.5637   0.1043     6690.771     642.3522     1317.775    0.377   0
        74    719.153    441.613 327.7027234 +28.8119046     4.49 0.0004842628  -9.0096  -9.0149   0.1725     4035.905     641.1917     1242.964    0.187   0
        75    422.458    449.455 327.7393268 +28.8103497     4.72 0.0005099147  -9.2668  -9.6703   0.0945     7381.305     642.4948     1316.359    0.074   0
        76    664.987    449.669 327.7093901 +28.8109078     4.78 0.0005165252  -8.9988  -9.2528   0.1387     5024.954     641.6494     1263.215    0.211   0
        77     79.496    458.599 327.7816365 +28.8085316     6.27 0.0006774617 -10.6120 -11.3382   0.0207     34298.45     652.8135     1216.327    0.671   0
        78   1012.257    462.674 327.6664945 +28.8103274     4.46 0.0004818737 -11.4110 -11.4353   0.0189     37507.14     654.1296     1099.201    0.068   0
        79    350.131    460.508 327.7482274 +28.8089845     5.38 0.0005813431  -9.0970  -9.6357   0.0976     7149.552     642.4767     1322.278    0.178   0
        80     36.856    478.007 327.7868515 +28.8063364     4.26 0.0004595319 -12.0242 -11.7883   0.0138     51920.06     659.5273     966.0588    0.027   0
        81     76.115    469.398 327.7820272 +28.8073600     7.58 0.0008188271 -10.9503 -11.4009   0.0195      36337.1     653.6292     1198.057    0.309   0
        82    173.681    469.086 327.7699856 +28.8076320     5.27 0.0005692928  -8.9272  -9.6187   0.0991     7038.715     642.3975     1326.816    0.283   0
        83    947.110    506.521 327.6744328 +28.8054508     4.26 0.0004600119 -13.9003 -13.9450   0.0022     378430.9     773.5742     1111.461    0.060   0
        84    568.095    477.914 327.7212820 +28.8076336     4.43 0.0004780932  -9.1700  -8.9954   0.1757     3964.158      641.254     1291.102    0.072   0
        85    462.203    480.693 327.7343455 +28.8070802     4.54 0.0004897352  -9.0814  -8.1721   0.3744     1857.156     640.2874     1310.909    0.196   0
        86     75.931    492.778 327.7819923 +28.8048409     7.19 0.0007765667 -10.8314 -11.4025   0.0195     36389.85     653.8441     1196.643    0.487   2
        87     94.218    505.559 327.7797038 +28.8035088     4.52 0.0004875117  -9.1707  -9.8897   0.0773     9034.386     643.0477     1304.075    0.121   0
        88     80.328    521.749 327.7813783 +28.8017307     7.01 0.0007565015 -10.7666 -11.2870   0.0216     32719.67     652.2796     1218.772    0.312   0
        89    344.464    525.424 327.7487691 +28.8019774     4.28 0.0004617147 -11.1093 -11.1938   0.0236     30028.48     651.3007     1316.216    0.103   0
        90     78.212    551.523 327.7815662 +28.7985180     5.09 0.0005498723 -10.2070 -11.3810   0.0199      35678.7     653.4127      1204.21    0.608   0
        91    995.031    525.697 327.6684730 +28.8034976     3.59  0.000387318  -8.2105  99.0000  99.0000    -2366.089     639.6705     1080.301    0.083   0
        92    428.331    548.944 327.7383613 +28.7996461     4.13 0.0004463366 -12.4972 -12.5586   0.0070       105541        679.6     1305.467    0.053   0
        93     57.854    963.568 327.7830633 +28.7540794     4.11 0.0004432686 -11.7989 -11.9380   0.0121     59591.27     662.6035     961.2307    0.072   0
        94    885.032    889.822 327.6811907 +28.7640119     4.93 0.0005320992  -9.7396  -9.7544   0.0875      7975.75      642.708     941.3776    0.182   0
        95    271.317    906.458 327.7568684 +28.7607521     4.08 0.0004407119 -12.0240 -12.0635   0.0108     66895.83     665.3886     1218.713    0.028   0
        96   1005.060    867.338 327.6664343 +28.7667162     5.08 0.0005486204  -8.3554  99.0000  99.0000    -9456.519     639.6343     720.3156    0.264   0
        97    458.394    884.953 327.7338400 +28.7635206     4.09 0.0004413542 -12.4748 -12.5475   0.0071     104473.1      679.173     1192.024    0.031   0
        98     78.999    838.384 327.7807628 +28.7676169     9.42  0.001017115 -11.6270 -11.4913   0.0180     39494.21     654.6058     1127.078    0.606   2
        99     82.871    873.989 327.7801973 +28.7637908    11.11    0.0011991 -11.9137 -11.5250   0.0175     40739.78     655.3993     1132.967    0.444   2
       100    303.628    739.304 327.7532888 +28.7788376     4.01  0.000433427  -8.1933  -8.4889   0.2798     2486.373     640.6595     1281.722    0.417   0
       101    736.192    747.179 327.6998934 +28.7790266     3.90 0.0004209304  -8.4270  -8.3832   0.3083     2255.634     640.2622     1127.086    0.255   0
       102    410.326    842.515 327.7398731 +28.7679767     4.10 0.0004427435 -11.0999 -11.1552   0.0244     28979.09     651.0045     1221.017    0.026   0
       103     77.329    796.701 327.7810714 +28.7721033    13.67  0.001475431 -12.3474 -11.5706   0.0168     42486.97     656.1183      1132.95    0.511   0
       104    138.964    842.588 327.7733538 +28.7673106     4.14 0.0004473926 -11.6749 -11.6537   0.0156     45862.96     657.2273      1243.66    0.024   0
       105    712.691    838.349 327.7025762 +28.7691492     4.18 0.0004517669 -11.6259 -11.6720   0.0153     46646.32     657.7189      1095.49    0.066   0
       106    783.999    776.768 327.6939241 +28.7759524     3.03 0.0003268038  -8.6579  -8.8227   0.2058     3381.393     640.7739     1086.691    0.189   0
       107    880.347    830.668 327.6819082 +28.7703735     4.52 0.0004877631 -13.1604 -13.1892   0.0041     188651.6     709.4987     1006.858    0.102   0
       108    462.209    813.891 327.7335406 +28.7711852     4.09 0.0004413126 -13.6658 -13.7138   0.0027     305861.7     749.7394     1219.591    0.043   0
       109    494.495    801.846 327.7295860 +28.7725603     4.13 0.0004461957  -9.7019  -9.5915   0.1016     6864.631     642.3658      1216.15    0.077   0
       110     91.329    768.577 327.7794132 +28.7751673    10.12  0.001092406 -12.8586 -12.3538   0.0084     87398.91     673.0308     1224.643    0.479   0
       111    144.063    796.515 327.7728377 +28.7722864     4.07 0.0004392283 -11.0090 -10.9980   0.0281     25073.77     649.4673     1266.335    0.028   0
       112    258.336    790.211 327.7587534 +28.7732437     4.36 0.0004705688  -9.7163  -9.6656   0.0949     7349.349     642.5544      1269.91    0.131   0
       113    568.218    703.845 327.7207246 +28.7832946     4.20 0.0004538413  -9.0057  -9.5031   0.1102     6327.728     642.0847     1224.556    0.122   0
       114    671.160    714.762 327.7079954 +28.7823643     4.43 0.0004782999  -9.7941  -9.8303   0.0817     8552.746     643.0405     1170.373    0.067   0
       115    524.211    674.958 327.7262246 +28.7863012     4.34 0.0004687468  -9.6510  -9.9108   0.0758     9211.223     643.1344     1252.859    0.087   0
       116    581.465    708.874 327.7190778 +28.7827845     4.31 0.0004655736  -9.3519  -9.7825   0.0853     8184.936     642.8974     1216.667    0.159   0
       117    844.623    760.293 327.6864823 +28.7778706     4.36 0.0004706941 -10.8502 -10.9250   0.0301     23441.89     648.7496     1061.667    0.079   0
       118    272.577    747.263 327.7571008 +28.7779049     3.75 0.0004046648  -8.8105  -9.2282   0.1418     4912.107     641.5874     1282.105    0.028   0
       119    263.733    743.366 327.7582016 +28.7783033     4.25 0.0004591035 -10.2840 -10.4546   0.0461     15200.07     645.5658     1284.372    0.039   0
       120    881.166    755.220 327.6819851 +28.7785034     4.41  0.000476084 -10.8076 -10.8498   0.0322     21872.77     648.0732     1044.812    0.128   0
       121    605.790    743.102 327.7159942 +28.7791554     7.94 0.0008575653 -10.1255 -10.4911   0.0446     15719.36     645.7668      1192.18    0.109   0
       122    570.307    651.926 327.7205914 +28.7888928     4.09 0.0004410411 -10.0569 -10.2488   0.0557     12575.54     644.5666     1242.362    0.042   0
       123    378.393    742.552 327.7440552 +28.7786686     4.04 0.0004359569 -12.2378 -12.3152   0.0086     84350.45     671.7768     1270.482    0.061   0
       124     79.012    731.718 327.7810237 +28.7791079    26.30  0.002839629 -13.2775 -11.6154   0.0161     44277.01      656.659     1169.714    0.633   2
       125    280.219    724.668 327.7562129 +28.7803577     4.35 0.0004699624  -9.0659  -9.0531   0.1666     4180.778     641.3926     1288.383    0.165   0
       126    298.672    650.346 327.7541168 +28.7884089     4.34 0.0004686491  -9.8701  -9.9553   0.0728     9596.805     643.3743     1305.915    0.059   0
       127    124.279    707.694 327.7754970 +28.7818067     4.25 0.0004587598 -10.1216  -9.1898   0.1469     4741.572     641.5209     1292.788    0.078   0
       128    312.768    869.994 327.7518431 +28.7647808     4.38 0.0004730645  -9.8440 -10.1584   0.0604     11570.66     643.9431     1230.561    0.090   0
       129     78.925    665.723 327.7811969 +28.7862172    21.30  0.002299163 -13.0786 -11.5983   0.0164      43582.4     656.5885     1191.717    0.499   2
       130    941.765    723.440 327.6745822 +28.7820697     4.44 0.0004790988 -10.8920 -10.9620   0.0291     24253.97      649.116      1023.28    0.115   0
       131    823.652    742.555 327.6891121 +28.7797320     4.39 0.0004740504  -9.4390  -9.3234   0.1300     5362.266     641.8349     1080.302    0.107   0
       132    248.225    666.194 327.7603035 +28.7865793     4.14  0.000446509  -9.9119  -9.8575   0.0796     8770.332      642.819     1307.776    0.076   0
       133    793.619    674.782 327.6929787 +28.7869620     5.26 0.0005678429  -9.0484  -9.2145   0.1436      4850.67     641.2927     1123.486    0.063   0
       134    438.955    670.876 327.7367554 +28.7865361     4.57 0.0004938525  -9.1618  -9.5532   0.1053     6626.189     642.2729     1279.481    0.197   0
       135    255.920    639.745 327.7594185 +28.7894472     4.41  0.000475844 -10.2009 -10.3237   0.0520      13474.1     645.0048     1310.355    0.076   0
       136    960.823    656.811 327.6723870 +28.7892924     4.63 0.0005002695  -9.5392  -9.2837   0.1347     5169.717      641.399     1040.297    0.146   0
       137    866.563    679.888 327.6839650 +28.7865845     4.27 0.0004608824 -10.6989 -10.7098   0.0365        19228     647.1059     1083.255    0.070   0
       138    499.128    923.961 327.7287203 +28.7594163     4.35 0.0004697146  -9.1325  -9.1982   0.1458       4778.5     641.4992      1158.97    0.088   0
       139    316.452    881.337 327.7513611 +28.7635677     4.08 0.0004401381  -9.1830  -9.4078   0.1203     5795.765     641.8054     1225.327    0.146   0
       140     76.501    933.969 327.7808356 +28.7573137     5.42 0.0005849658 -10.3794 -11.3453   0.0205     34524.04     653.0771     1071.174    0.724   0
       141     82.072    898.941 327.7802346 +28.7611009    14.27  0.001540399 -11.9138 -11.5263   0.0175     40785.58     655.4167     1114.464    0.654   2
       142    155.379    620.783 327.7718725 +28.7912453     4.15 0.0004480568 -11.0954 -11.2041   0.0233     30314.55     651.1972      1319.11    0.096   0
       143    848.413    618.252 327.6863505 +28.7931816     6.36 0.0006865161  -9.3377  -9.6648   0.0950     7344.027     642.5343       1116.5    0.258   0
       144     76.975    618.637 327.7815534 +28.7912849    12.68  0.001368862 -12.1555 -11.5339   0.0173     41073.58     655.4736     1189.233    0.277   0
       145    724.425    626.583 327.7016323 +28.7919904     4.19 0.0004518445 -10.7158 -10.7450   0.0354     19861.13     647.2073     1178.358    0.039   0
       146    624.500    584.893 327.7140640 +28.7962437     4.10 0.0004422895 -11.3666 -11.4513   0.0187     38064.53     654.5018     1239.948    0.068   0
       147    149.131    608.266 327.7726742 +28.7925784     4.19 0.0004528467 -11.5849 -11.6038   0.0163     43806.02     656.6207     1320.083    0.053   0
       148    997.998    893.006 327.6672456 +28.7639344     4.78 0.0005159093  -9.2014  -9.7132   0.0909     7678.732     642.5384     664.0106    0.032   0
       149     58.523    988.829 327.7829185 +28.7513597     4.12  0.000444298 -12.8807 -12.9488   0.0050       151183     696.2542     957.8447    0.049   0
       150    940.635    968.471 327.6741455 +28.7556700     5.44 0.0005878345  -9.4238 -10.4501   0.0463     15137.12     645.5773     618.2286    0.145   0
       151     85.952    581.617 327.7805368 +28.7952949     5.53 0.0005974646 -11.9882 -11.8120   0.0135     53065.95     660.0493     1249.751    0.203   0
       152    421.037    926.008 327.7383497 +28.7590079     3.63 0.0003916477  -9.0574  -9.2466   0.1394     4996.158     641.4578     1187.843    0.011   0
       153    171.862    565.836 327.7699729 +28.7972048     4.63 0.0005002825  -9.2540  -9.8573   0.0797     8768.004     643.1241      1322.06    0.060   0
       154    311.085   1009.884 327.7517107 +28.7497065     4.32 0.0004661287 -10.6592 -10.7434   0.0354     19831.98     647.3034     1163.524    0.039   0
       155    122.285   1012.302 327.7749951 +28.7489870     5.03 0.0005428939  -8.2268  99.0000  99.0000    -8020.847     639.7429     1162.614    0.203   0
       156    165.896    997.741 327.7696509 +28.7506620     4.13 0.0004463351 -12.1021 -12.1507   0.0100     72492.31     667.4533     1173.282    0.017   0
       157    123.527    973.808 327.7749364 +28.7531369     4.12 0.0004443758 -12.4179 -12.4363   0.0078     94305.61     675.4714     1173.869    0.007   0
       158    385.175    954.744 327.7427044 +28.7558258     4.08  0.000440986 -10.6019 -10.7073   0.0366     19182.71     647.1599     1181.141    0.042   0
       159     83.027    947.337 327.7799976 +28.7558896     5.64 0.0006089219 -10.3268 -11.4261   0.0191     37192.71     654.1157      1098.75    0.720   0
