#   1 NUMBER                 Running object number                                     
#   2 X_IMAGE                Object position along x                                    [pixel]
#   3 Y_IMAGE                Object position along y                                    [pixel]
#   4 ALPHA_J2000            Right ascension of barycenter (J2000)                      [deg]
#   5 DELTA_J2000            Declination of barycenter (J2000)                          [deg]
#   6 FWHM_IMAGE             FWHM assuming a gaussian core                              [pixel]
#   7 FWHM_WORLD             FWHM assuming a gaussian core                              [deg]
#   8 MAG_BEST               Best of MAG_AUTO and MAG_ISOCOR                            [mag]
#   9 MAG_APER               Fixed aperture magnitude vector                            [mag]
#  10 MAGERR_APER            RMS error vector for fixed aperture mag.                   [mag]
#  11 FLUX_APER              Flux vector within fixed circular aperture(s)              [count]
#  12 FLUXERR_APER           RMS error vector for aperture flux(es)                     [count]
#  13 BACKGROUND             Background at centroid position                            [count]
#  14 ELLIPTICITY            1 - B_IMAGE/A_IMAGE                                       
#  15 FLAGS                  Extraction flags                                          
         1     10.996     80.444 237.9944993 +32.9335783    67.42  0.007227755 -14.0412 -13.2687   0.0055     202991.2     1027.109      324.014    0.594  24
         2    141.030     88.251 237.9777962 +32.9331003    37.36   0.00400554 -13.1721 -12.0348   0.0174     65149.23     1041.853     1859.545    0.741   0
         3    192.801     30.712 237.9712303 +32.9393773    32.72  0.003507476 -12.8484 -12.4254   0.0122      93359.7     1048.487       948.56    0.263  17
         4    136.382     11.150 237.9785006 +32.9413105    88.49  0.009486639 -15.3466 -14.1291   0.0026       448362     1087.466     64.56063    0.746  24
         5     75.124    252.766 237.9860249 +32.9153754    55.30  0.005928522 -14.2989 -12.4508   0.0119     95567.34      1049.07     2034.406    0.686   2
         6     66.172    109.879 237.9873751 +32.9305898    26.01  0.002788062  99.0000  99.0000  99.0000     -5673.54     1026.043     1227.556    0.539   0
         7    423.058     92.122 237.9415870 +32.9334487     4.49 0.0004816268 -11.4950 -11.5069   0.0281     40063.15     1035.845      2195.64    0.089   0
         8    917.187     89.314 237.8781584 +32.9350569     4.72 0.0005065034 -11.9082 -11.4066   0.0308     36529.11     1034.847     1913.467    0.133   0
         9     86.224    121.097 237.9847854 +32.9294481    13.21  0.001416704 -12.1657 -11.9037   0.0196     57741.54     1040.045     1660.331    0.192   2
        10    554.072    140.231 237.9247047 +32.9286681     4.19  0.000449513 -10.8800  -9.6559   0.1533      7283.69     1027.845     2267.673    0.086   0
        11    988.822    195.745 237.8688275 +32.9238931     4.35 0.0004663851 -14.7454 -14.7938   0.0016     827037.8     1210.951     2004.552    0.069   0
        12    182.994    256.617 237.9721752 +32.9152580     4.25 0.0004551759 -11.8749 -11.9701   0.0184     61382.62     1040.462     2337.682    0.052   0
        13    253.015    270.647 237.9631692 +32.9139513     5.11 0.0005477081  -9.4429  -9.6506   0.1540     7248.691     1027.692     2336.195    0.054   0
        14    886.698    310.043 237.8817896 +32.9114362     4.43 0.0004748508  -9.3053  -9.5659   0.1665     6704.647     1027.704      2056.23    0.161   0
        15    569.189    411.577 237.9224032 +32.8997691    23.08  0.002474523 -16.9695 -16.9784   0.0004      6185368     2035.832     2277.746    0.345   4
        16    783.356    341.744 237.8950113 +32.9077838     4.06 0.0004354516 -12.1524 -12.2631   0.0141     80399.38     1045.563     2141.585    0.058   0
        17    156.208    375.263 237.9754477 +32.9025317     4.08 0.0004376534 -12.7775 -12.8280   0.0085     135267.7     1058.488     2333.941    0.085   0
        18    206.958    400.086 237.9689008 +32.9000220     4.07 0.0004361619 -11.8340 -12.0073   0.0178     63522.51     1041.548     2328.932    0.101   0
        19    373.565    458.809 237.9474417 +32.8942087     4.20 0.0004500542  -9.8508 -10.2755   0.0867        12888     1028.918     2303.473    0.178   0
        20     80.139    717.363 237.9847286 +32.8658399   114.51   0.01227679 -15.6899 -12.3686   0.0128     88603.07     1047.437     1975.581    0.940  50
        21    963.796    502.557 237.8716506 +32.8911061     3.88 0.0004160366 -12.6005 -12.6302   0.0101     112735.8     1052.984     1837.751    0.019   0
        22    231.865    531.211 237.9655235 +32.8861050     5.34 0.0005723763  -9.2684  -9.5626   0.1670     6684.295      1027.67     2303.885    0.040   0
        23    751.103    651.991 237.8987467 +32.8746108     3.80 0.0004070312  -9.6439  -9.7880   0.1357     8225.892     1027.987     1949.004    0.032   0
        24     88.446    993.861 237.9832753 +32.8363741     7.08 0.0007594092 -11.5274 -11.6483   0.0247      45637.2     1037.046     1820.573    0.156   0
        25    709.141    674.140 237.9041010 +32.8721378     4.47 0.0004791669  -8.6797  -8.0923   0.6459     1725.448     1026.289     1977.453    0.204   0
        26    688.932    695.215 237.9066658 +32.8698367     3.66  0.000392531 -11.4702 -11.5299   0.0275     40921.27      1036.08       1981.5    0.051   0
        27    534.266    669.570 237.9265404 +32.8721611     4.01 0.0004299903  -9.3286  -9.3291   0.2070     5390.559     1027.442     2158.696    0.031   0
        28    314.436    581.264 237.9548610 +32.8809898     4.05 0.0004338686  -9.6472 -10.1016   0.1018     10980.51     1028.831     2288.378    0.171   0
        29    440.010    619.626 237.9386990 +32.8772358     3.75 0.0004019278 -12.5546 -12.6188   0.0102     111558.8     1052.506     2248.948    0.075   0
        30    588.951    952.583 237.9191502 +32.8421232     3.70 0.0003964988  -9.9117 -10.1320   0.0989     11293.01     1028.733     1829.499    0.142   0
        31    754.361    947.790 237.8979443 +32.8430723     3.97 0.0004259376 -12.6230 -12.6148   0.0103     111156.5      1052.58     1647.482    0.130   0
        32    653.276   1007.349 237.9108292 +32.8364531     3.88 0.0004162429 -12.4681 -12.4790   0.0116      98085.7     1049.727      1710.15    0.127   0
        33    155.022    813.700 237.9749891 +32.8557692     3.71 0.0003980151 -11.7843 -11.8231   0.0210     53610.76     1039.138     2165.764    0.054   0
        34    579.393    568.215 237.9208858 +32.8830907     3.17 0.0003396427  -9.1783  -9.9157   0.1206     9253.094     1027.947     2187.226    0.409   0
        35    779.119    836.364 237.8949137 +32.8550211     3.71 0.0003974492 -10.6664 -10.7789   0.0546     20491.22     1031.052     1739.224    0.067   0
        36    723.145    883.314 237.9020316 +32.8498663     3.73 0.0003994814 -11.8333 -11.9174   0.0193      58473.5     1040.278     1757.222    0.114   0
