#   1 NUMBER                 Running object number                                     
#   2 X_IMAGE                Object position along x                                    [pixel]
#   3 Y_IMAGE                Object position along y                                    [pixel]
#   4 ALPHA_J2000            Right ascension of barycenter (J2000)                      [deg]
#   5 DELTA_J2000            Declination of barycenter (J2000)                          [deg]
#   6 FWHM_IMAGE             FWHM assuming a gaussian core                              [pixel]
#   7 FWHM_WORLD             FWHM assuming a gaussian core                              [deg]
#   8 MAG_BEST               Best of MAG_AUTO and MAG_ISOCOR                            [mag]
#   9 MAG_APER               Fixed aperture magnitude vector                            [mag]
#  10 MAGERR_APER            RMS error vector for fixed aperture mag.                   [mag]
#  11 FLUX_APER              Flux vector within fixed circular aperture(s)              [count]
#  12 FLUXERR_APER           RMS error vector for aperture flux(es)                     [count]
#  13 BACKGROUND             Background at centroid position                            [count]
#  14 ELLIPTICITY            1 - B_IMAGE/A_IMAGE                                       
#  15 FLAGS                  Extraction flags                                          
         1    833.484    183.475 200.9219419 +36.2166628   182.72   0.01970842 -15.8006 -12.2329   0.0097     78191.07     701.9903      1180.08    0.911  16
         2    532.557     48.744 200.9625537 +36.2302780     7.61 0.0008206231  -9.8164  -9.9915   0.0741     9922.386     677.1657      1240.51    0.355   0
         3    485.082     89.746 200.9688351 +36.2257299     6.31 0.0006801142 -10.3333 -10.3452   0.0536     13742.55     678.6502     1259.505    0.294   0
         4    551.942    144.988 200.9597598 +36.2199852     5.97 0.0006438221  -9.7202  -9.7187   0.0952     7717.222     676.3131     1304.119    0.270   0
         5    620.568    165.506 200.9505190 +36.2179789     8.13 0.0008770491 -10.9324 -10.9510   0.0309     24010.33     682.3093     1325.069    0.218   0
         6    261.011    293.996 200.9984499 +36.2031061     4.21 0.0004538225  -8.8659  -9.6333   0.1029     7133.715     675.8506     1312.537    0.004   0
         7    202.275    330.742 201.0062450 +36.1989804     5.12 0.0005525094 -10.1225 -10.0273   0.0717     10254.34     677.3072     1314.693    0.196   0
         8    455.441    391.184 200.9721933 +36.1932286     4.99 0.0005386103  -9.8163 -10.0494   0.0703     10465.15     677.2145       1384.3    0.165   0
         9    877.581    630.951 200.9151522 +36.1686707     4.08 0.0004401014 -11.8324 -10.0456   0.0705     10428.83     677.3337      1230.58    0.077   0
        10    888.011    887.881 200.9132516 +36.1410718    58.63  0.006323624 -13.8047 -12.4590   0.0080     96297.77     708.2825     546.5435    0.143  16
        11    172.959    790.692 201.0092118 +36.1494337     4.24 0.0004573597  -8.8791 -10.4872   0.0471     15663.47     679.2252     1328.917    0.072   0
        12    320.545    475.676 200.9900957 +36.1837457     4.39 0.0004737484 -10.4209 -10.4988   0.0466     15831.83     679.3627     1384.834    0.069   0
        13    897.939    449.224 200.9127809 +36.1882709     4.05 0.0004368864 -11.4833  99.0000  99.0000      -6774.9     673.5116     1014.704    0.101   0
        14    457.083    503.366 200.9717444 +36.1811701     4.19 0.0004514426 -12.2079 -12.2432   0.0097     78937.16     702.1463     1399.891    0.073   0
        15    841.097    830.310 200.9196476 +36.1471280    78.98  0.008519469 -13.9087 -12.8626   0.0056     139645.5     723.5452     1085.198    0.480  16
        16    111.825    724.556 201.0175384 +36.1563633     4.89 0.0005279236  -8.7609  -8.7293   0.2361     3102.447     674.6051     1327.161    0.109   0
        17    182.440    543.569 201.0084584 +36.1760357     4.57 0.0004932039 -10.4579 -10.6334   0.0412     17920.36      680.112     1362.604    0.119   0
        18    444.194    543.850 200.9733887 +36.1767789     4.19 0.0004521349 -12.0846 -12.1526   0.0105     72615.06     699.8367     1399.807    0.090   0
        19    838.578    487.187 200.9206606 +36.1840181     6.17 0.0006650359 -10.8763 -11.2442   0.0236     31454.21      684.769     1312.034    0.183   0
        20    417.320    850.291 200.9763622 +36.1437475     1.60 0.0001721469  -9.3003 -10.7031   0.0387     19108.99     680.5111     1326.356    0.167   0
