#   1 NUMBER                 Running object number                                     
#   2 X_IMAGE                Object position along x                                    [pixel]
#   3 Y_IMAGE                Object position along y                                    [pixel]
#   4 ALPHA_J2000            Right ascension of barycenter (J2000)                      [deg]
#   5 DELTA_J2000            Declination of barycenter (J2000)                          [deg]
#   6 FWHM_IMAGE             FWHM assuming a gaussian core                              [pixel]
#   7 FWHM_WORLD             FWHM assuming a gaussian core                              [deg]
#   8 MAG_BEST               Best of MAG_AUTO and MAG_ISOCOR                            [mag]
#   9 MAG_APER               Fixed aperture magnitude vector                            [mag]
#  10 MAGERR_APER            RMS error vector for fixed aperture mag.                   [mag]
#  11 FLUX_APER              Flux vector within fixed circular aperture(s)              [count]
#  12 FLUXERR_APER           RMS error vector for aperture flux(es)                     [count]
#  13 BACKGROUND             Background at centroid position                            [count]
#  14 ELLIPTICITY            1 - B_IMAGE/A_IMAGE                                       
#  15 FLAGS                  Extraction flags                                          
         1    851.983     87.675 200.9156474 +36.1181478   117.50   0.01267909 -15.0658 -12.8919   0.0045     143473.2     600.2525     844.5761    0.504  19
         2    816.645     45.714 200.9204586 +36.1225537    69.02  0.007448247 -13.6298 -12.2448   0.0079     79053.41     572.8226     655.1535    0.817  19
         3    826.821      9.828 200.9191553 +36.1264392    90.80  0.009798083 -13.7643 -12.7107   0.0050     121412.8     557.9427     396.6193    0.812  24
         4     11.446     78.551 201.0283870 +36.1166366     0.90 9.667601e-05  -8.1987  -9.5745   0.0833     6757.781      518.298     932.9638    0.386  16
         5    680.951    206.405 200.9383779 +36.1048923     5.61 0.0006049429 -15.4444 -15.4746   0.0007      1548254     1030.799     1106.508    0.043   4
         6    768.111    204.001 200.9266949 +36.1054051     4.72 0.0005096558 -14.9717 -15.0069   0.0010      1006343     889.7322     1107.279    0.043   0
         7    605.764    169.197 200.9485250 +36.1086696     4.51 0.0004869348  -7.8619  -8.7460   0.1856     3150.697     538.4359     1102.568    0.304   0
         8    121.273    215.323 201.0134064 +36.1022727     4.53 0.0004890335 -13.1948 -13.2418   0.0034     198024.6     622.5582     1023.492    0.088   0
         9    544.344    213.306 200.9566831 +36.1037496     3.78 0.0004077454  -8.5692  -9.0674   0.1382      4236.12     539.1517     1097.711    0.198   0
        10    333.552    277.137 200.9848320 +36.0962667     5.25 0.0005663143  -8.5554  -8.8449   0.1695     3451.212     538.6664     1077.024    0.127   0
        11    622.265    337.533 200.9460175 +36.0906311     4.19 0.0004517573 -10.8123 -10.8829   0.0264      22551.5     547.5934      1096.98    0.071   0
        12    261.620    384.311 200.9942814 +36.0845366     7.50 0.0008089375  -9.2707  -9.2314   0.1189     4926.878     539.4416      1059.67    0.251   0
        13    197.927    446.628 201.0027054 +36.0776503     5.90 0.0006366444  -9.0926  -9.3043   0.1112     5268.828     539.5547     1034.231    0.346   0
        14     26.574    495.473 201.0255825 +36.0718862     6.13 0.0006615502  -9.0666  -9.2316   0.1189     4927.554      539.457     966.4997    0.254   0
        15    140.277    536.296 201.0102679 +36.0678428     4.63 0.0005001213 -12.9244 -12.9683   0.0043       153934     604.5396     1005.321    0.167   0
        16    882.889    859.650 200.9101880 +36.0352913    20.40  0.002201545 -12.5336 -11.3911   0.0167     36010.53     553.6892     944.5811    0.031   2
        17    716.846    892.621 200.9323757 +36.0312659     0.71 7.680295e-05  -7.1147  -7.6575   0.5050     1156.131     537.6609     993.6208    0.334   0
        18    109.865    888.678 201.0136944 +36.0298897     4.32 0.0004662957  -8.6578  -8.9312   0.1566     3736.774     538.9049     853.7682    0.300   0
        19    893.220    905.945 200.9087253 +36.0303470     6.57 0.0007090146 -11.4208 -11.3083   0.0180     33366.62     552.4646      901.543    0.463   0
        20     48.342    779.604 201.0221380 +36.0414237     3.84 0.0004142909  -8.4029  -7.7869   0.4483     1302.389     537.6682     899.1669    0.150   0
        21    882.468    763.906 200.9104072 +36.0455775    14.90  0.001607641 -12.0088 -11.3484   0.0173      34622.9      553.077      977.933    0.540   2
        22    222.373    726.463 200.9989186 +36.0476567     4.55 0.0004913323 -10.2309 -10.2127   0.0485     12163.56     542.8151     978.6798    0.200   0
        23    532.478    731.514 200.9573585 +36.0480353     3.49 0.0003767405  -9.5998  -9.7720   0.0725     8105.777     540.9279      1034.09    0.034   0
        24    539.083    710.356 200.9565110 +36.0503281     4.96 0.0005351048 -10.0996 -10.1980   0.0491      12000.1     542.7398     1042.437    0.129   0
        25    882.457    705.988 200.9105073 +36.0518005     5.78 0.0006242234 -10.3205 -11.2495   0.0190     31609.32     551.6688     995.1306    0.303   0
        26    883.809    686.485 200.9103593 +36.0539000     8.46 0.0009132327 -11.0683 -11.2075   0.0197     30409.79     551.0361     994.8143    0.354   0
        27    883.784    660.493 200.9104068 +36.0566927     6.33 0.0006832971 -10.5326 -11.1821   0.0201     29705.91     550.8204     1001.737    0.583   0
        28    884.492    729.490 200.9101946 +36.0492812    10.85  0.001170314 -11.5358 -11.2667   0.0187     32113.04     551.9266     982.5767    0.416   2
        29    487.282    677.489 200.9635102 +36.0537066     3.84 0.0004142176 -10.1696 -10.2880   0.0452     13037.41     543.1273     1047.584    0.119   0
        30    767.026    602.413 200.9261534 +36.0625941     3.83 0.0004129109 -10.2942 -10.4420   0.0393     15024.36      543.876     1084.449    0.069   0
        31    882.838    925.673 200.9100825 +36.0281972    19.82   0.00213904 -12.5035 -11.4386   0.0160     37621.12     554.3865     918.7932    0.511   2
        32    865.328    692.781 200.9128251 +36.0531699     4.97 0.0005358189  -9.1487 -10.6570   0.0324     18315.52     545.6262      1050.32    0.164   0
        33    880.812    795.172 200.9105760 +36.0422133    14.08  0.001519742 -12.1552 -11.3604   0.0172     35008.55     552.9709     971.2321    0.520   2
        34    885.044    964.678 200.9097206 +36.0240126    20.55  0.002217251 -12.4132 -11.4539   0.0158     38156.46     554.6425     902.9508    0.214   2
        35    881.553    893.808 200.9103089 +36.0316173    15.40  0.001662008 -11.5015 -11.4281   0.0162     37258.87     554.1494     934.0427    0.525   3
        36    705.529    568.814 200.9344533 +36.0660247     4.59 0.0004952273  -8.6582  -9.1076   0.1332     4395.878     539.1954     1085.237    0.186   0
