#   1 NUMBER                 Running object number                                     
#   2 X_IMAGE                Object position along x                                    [pixel]
#   3 Y_IMAGE                Object position along y                                    [pixel]
#   4 ALPHA_J2000            Right ascension of barycenter (J2000)                      [deg]
#   5 DELTA_J2000            Declination of barycenter (J2000)                          [deg]
#   6 FWHM_IMAGE             FWHM assuming a gaussian core                              [pixel]
#   7 FWHM_WORLD             FWHM assuming a gaussian core                              [deg]
#   8 MAG_BEST               Best of MAG_AUTO and MAG_ISOCOR                            [mag]
#   9 MAG_APER               Fixed aperture magnitude vector                            [mag]
#  10 MAGERR_APER            RMS error vector for fixed aperture mag.                   [mag]
#  11 FLUX_APER              Flux vector within fixed circular aperture(s)              [count]
#  12 FLUXERR_APER           RMS error vector for aperture flux(es)                     [count]
#  13 BACKGROUND             Background at centroid position                            [count]
#  14 ELLIPTICITY            1 - B_IMAGE/A_IMAGE                                       
#  15 FLAGS                  Extraction flags                                          
         1    220.484    205.898 327.7674136 +28.9459701     6.75 0.0007283977  -9.4683  -9.5895   0.0508     6851.988     320.2268     626.1019    0.265   0
         2    159.185    302.521 327.7747546 +28.9354130     6.87 0.0007412271  -9.1832  -9.2911   0.0665     5205.321     318.8947     625.6664    0.245   0
         3    296.209    686.673 327.7568940 +28.8943684     5.55 0.0005996744 -10.5196 -10.5564   0.0213     16693.97      327.769     622.2673    0.113   0
         4    746.399    829.102 327.7009457 +28.8801073     5.81 0.0006277637 -10.5857 -10.6105   0.0203     17546.98     328.3593     613.2144    0.090   0
         5    154.257    829.625 327.7740819 +28.8786253     6.69 0.0007226302  -9.8817 -10.5867   0.0208      17166.5     328.1805     591.4376    0.603   0
         6    727.485    818.972 327.7033056 +28.8811534     5.77 0.0006231252  -8.6196  -8.8426   0.1001     3443.733     317.5195     614.2257    0.144   0
         7     91.508    780.771 327.7819512 +28.8837340     5.34 0.0005760183  -9.5143 -10.5440   0.0216     16504.77     327.6504     596.9554    0.464   0
         8     78.792    774.799 327.7835365 +28.8843461     3.42 0.0003695545  -8.5466 -10.6236   0.0201     17759.59     328.5125     591.6293    0.643   0
         9     69.783    766.110 327.7846704 +28.8852601     5.02  0.000542377  -9.3552 -10.6167   0.0202     17647.98       328.53     591.2028    0.495   0
        10     63.191    767.207 327.7854819 +28.8851257     3.46 0.0003740599  -8.6105 -10.5713   0.0210     16924.19     327.8334     586.3792    0.654   0
        11    560.200    741.438 327.7241524 +28.8891058     5.67 0.0006126149  -8.8867  -8.9719   0.0890     3879.289     317.7387     619.2891    0.175   0
        12    272.254    718.680 327.7597758 +28.8908627     5.96 0.0006434427  -9.1051  -9.1572   0.0752     4601.333     318.4648     622.5015    0.180   0
        13    222.554    640.743 327.7661038 +28.8991367     5.49 0.0005928561 -11.0775 -11.1171   0.0131     27979.43        336.3     622.3914    0.072   0
        14     81.881    628.057 327.7835130 +28.9001597     1.57 0.0001698463  -7.4917  -9.2086   0.0717     4824.576     318.6488     614.3511    0.007   0
        15    206.693    568.701 327.7682379 +28.9068580     5.66 0.0006105627  -8.5821  -9.4209   0.0591     5866.132     319.4825     623.5992    0.321   0
        16    520.080    565.795 327.7295271 +28.9079288     6.82 0.0007367989  -9.1615  -9.4289   0.0587     5909.417     319.4023     624.4477    0.196   0
        17    523.579    540.583 327.7291549 +28.9106528     6.31 0.0006808347  -8.4590  -8.4872   0.1385     2482.353     316.6466     624.1656    0.273   0
        18    899.155    506.607 327.6828312 +28.9152060     6.33  0.000683688 -10.3541 -10.4258   0.0239     14801.39     326.2879     602.0326    0.106   0
        19    681.287    497.066 327.7097728 +28.9157173     0.63 6.840534e-05  -7.1313  99.0000  99.0000    -436.9313     314.8231     615.4146    0.079   0
        20     21.259    467.706 327.7913947 +28.9172828     6.38 0.0006888189  -9.5228  -9.4548   0.0573     6052.212      319.593     590.9272    0.233   0
        21     84.392    782.801 327.7828253 +28.8834980     3.44 0.0003716778  -8.5680 -10.5367   0.0217     16393.53     327.4627     590.5737    0.412   0
