#   1 NUMBER                 Running object number                                     
#   2 X_IMAGE                Object position along x                                    [pixel]
#   3 Y_IMAGE                Object position along y                                    [pixel]
#   4 ALPHA_J2000            Right ascension of barycenter (J2000)                      [deg]
#   5 DELTA_J2000            Declination of barycenter (J2000)                          [deg]
#   6 FWHM_IMAGE             FWHM assuming a gaussian core                              [pixel]
#   7 FWHM_WORLD             FWHM assuming a gaussian core                              [deg]
#   8 MAG_BEST               Best of MAG_AUTO and MAG_ISOCOR                            [mag]
#   9 MAG_APER               Fixed aperture magnitude vector                            [mag]
#  10 MAGERR_APER            RMS error vector for fixed aperture mag.                   [mag]
#  11 FLUX_APER              Flux vector within fixed circular aperture(s)              [count]
#  12 FLUXERR_APER           RMS error vector for aperture flux(es)                     [count]
#  13 BACKGROUND             Background at centroid position                            [count]
#  14 ELLIPTICITY            1 - B_IMAGE/A_IMAGE                                       
#  15 FLAGS                  Extraction flags                                          
         1    853.145     88.722 200.9175995 +36.1173257   115.98   0.01251319 -14.6205 -12.4075   0.0059      91831.3     497.8634     739.6791    0.474  19
         2    816.555     46.071 200.9225815 +36.1218087    71.87  0.007754142 -13.3514 -11.8860   0.0092     56806.95     479.8468       616.74    0.756  19
         3    821.597      9.384 200.9219786 +36.1257711    78.80   0.00850173 -13.4894 -12.2405   0.0063     78740.53     459.8874     441.3428    0.782  24
         4    695.734    199.757 200.9384504 +36.1049183     5.19  0.000560489 -15.4985 -15.5246   0.0007      1621232     1006.214     909.3502    0.097   4
         5    782.879    197.467 200.9267911 +36.1054195     5.24 0.0005652484 -15.0278 -15.0576   0.0009      1054454     853.8931      909.116    0.102   0
         6    136.519    208.403 201.0132779 +36.1023263     4.78 0.0005157381 -13.2501 -13.2987   0.0029     208685.7     553.3362     860.0457    0.048   0
         7    559.322    206.287 200.9566951 +36.1038147     7.20 0.0007766848  -8.7372  -9.2345   0.0994     4940.697     452.0934     904.2069    0.364   0
         8    348.426    270.046 200.9847905 +36.0963284     6.36 0.0006859702  -8.5831  -8.7954   0.1486      3297.16     451.1456     890.9199    0.202   0
         9    637.106    330.824 200.9460356 +36.0906429     5.01  0.000540517 -10.8891 -10.9960   0.0201     25026.51     462.9933     903.7059    0.144   0
        10    277.252    376.556 200.9940956 +36.0846550     8.40 0.0009060787  -9.2843  -9.3774   0.0872     5635.675     452.4649     881.6554    0.467   0
        11    213.580    439.254 201.0024852 +36.0777176     7.19 0.0007756936  -9.0429  -8.9194   0.1326     3696.298     451.3667     867.6074    0.158   0
        12     42.013    488.414 201.0253362 +36.0719107     5.78 0.0006237903  -9.0658  -9.2029   0.1022     4798.979     451.8254     824.9356    0.114   0
        13    155.684    529.248 201.0100438 +36.0678599     4.55 0.0004912227 -12.9871 -13.0341   0.0035     163548.1     532.6597     848.8507    0.095   0
        14    547.727    724.393 200.9572039 +36.0480298     4.37 0.0004720147  -9.6738  -9.8518   0.0565     8723.686      454.105     865.4374    0.141   0
        15    883.720    876.576 200.9119690 +36.0326371     5.71 0.0006165691 -10.0204 -10.9580   0.0208     24165.45     462.5528      796.322    0.574   0
        16    237.654    719.263 200.9986848 +36.0476598     4.79 0.0005167461 -10.2442 -10.2552   0.0392     12649.61     456.2738     831.2729    0.159   0
        17    554.241    703.471 200.9563747 +36.0503004     6.26 0.0006751511 -10.1956 -10.2707   0.0386     12831.54     456.3985     870.3427    0.124   0
        18    502.367    670.455 200.9633795 +36.0536998     4.41 0.0004761278 -10.2152 -10.3133   0.0372     13344.45     456.7043     873.4246    0.183   0
        19     63.252    772.545 201.0218978 +36.0414015     5.29  0.000571153  -8.7073  -8.8071   0.1470     3333.153     451.1276     781.6097    0.296   0
        20    881.500    741.503 200.9125293 +36.0471652     4.47 0.0004820993  -9.4892 -10.8651   0.0226     22183.57     461.7278     830.4827    0.560   0
        21    782.090    595.745 200.9261119 +36.0625604     4.46 0.0004812467 -10.3490 -10.4930   0.0316     15746.82     457.9801     894.8021    0.178   0
        22    125.873    881.411 201.0132961 +36.0298762     6.19 0.0006682159  -9.1393  -9.4681   0.0802     6126.987     452.6984     755.9551    0.119   0
        23    720.529    562.300 200.9344133 +36.0659795     6.40 0.0006907691  -8.3988  -8.9556   0.1283     3821.588     451.4741     895.4858    0.288   0
        24    880.244    685.403 200.9128066 +36.0531983     7.99 0.0008618751 -10.5233 -10.7925   0.0241     20750.03     460.6039     844.6486    0.197   0
        25    909.841    898.627 200.9084331 +36.0303400     4.43 0.0004775832  -8.8413  99.0000  99.0000    -3803.348     449.2766     746.5705    0.178   0
        26    883.017    925.542 200.9119674 +36.0273661     4.64 0.0005010653  -9.7035 -10.9726   0.0205     24492.53     462.7295     785.6838    0.592   0
