#   1 NUMBER                 Running object number                                     
#   2 X_IMAGE                Object position along x                                    [pixel]
#   3 Y_IMAGE                Object position along y                                    [pixel]
#   4 ALPHA_J2000            Right ascension of barycenter (J2000)                      [deg]
#   5 DELTA_J2000            Declination of barycenter (J2000)                          [deg]
#   6 FWHM_IMAGE             FWHM assuming a gaussian core                              [pixel]
#   7 FWHM_WORLD             FWHM assuming a gaussian core                              [deg]
#   8 MAG_BEST               Best of MAG_AUTO and MAG_ISOCOR                            [mag]
#   9 MAG_APER               Fixed aperture magnitude vector                            [mag]
#  10 MAGERR_APER            RMS error vector for fixed aperture mag.                   [mag]
#  11 FLUX_APER              Flux vector within fixed circular aperture(s)              [count]
#  12 FLUXERR_APER           RMS error vector for aperture flux(es)                     [count]
#  13 BACKGROUND             Background at centroid position                            [count]
#  14 ELLIPTICITY            1 - B_IMAGE/A_IMAGE                                       
#  15 FLAGS                  Extraction flags                                          
         1    830.060    111.793 327.8181580 +28.9549764   181.50   0.01960334 -15.4864 -11.9468   0.0110     60079.28      606.084     985.3548    0.936  18
         2    854.106     37.243 327.8153730 +28.9630699     7.91 0.0008542561 -12.0240 -12.1414   0.0092     71871.86     610.9601      866.299    0.102   3
         3    847.552      2.397 327.8162715 +28.9668094     7.36 0.0007952122 -10.4457 -10.8145   0.0233     21173.23     454.1435     873.4937    0.497  24
         4    425.589     88.234 327.8682303 +28.9565161     7.36 0.0007950892 -13.0729 -13.1048   0.0041     174548.5     651.4897     1050.449    0.246   0
         5    444.344    101.548 327.8658770 +28.9551279     7.21  0.000778323 -12.9324 -12.9761   0.0045     155033.1     644.0463     1059.423    0.258   0
         6     44.500     91.791 327.9153415 +28.9551742     6.67  0.000720686 -11.2581 -11.3236   0.0191      33839.6      595.098     868.2363    0.205   0
         7    197.737    130.177 327.8962942 +28.9514246     7.34 0.0007930293 -13.4181 -13.4492   0.0031     239695.6     676.1822     1009.616    0.243   0
         8    747.533    100.740 327.8283904 +28.9559652     7.30 0.0007884963  -9.3324  -8.8092   0.1893     3339.604     582.2751     1089.805    0.436   0
         9    493.841    125.167 327.8596961 +28.9527055     3.93  0.000424783  -8.6471  -9.3506   0.1152     5498.454      583.185     1075.721    0.258   0
        10    470.945    132.484 327.8625081 +28.9518601     6.33 0.0006841113  -9.4770  -9.6608   0.0867     7316.981     584.0131     1075.368    0.182   0
        11    707.166    204.596 327.8331174 +28.9446728     6.35 0.0006863617 -11.8199 -11.8875   0.0115     56887.36     604.6397     1126.571    0.192   0
        12    172.698    198.642 327.8992112 +28.9439827     6.87  0.000742143 -10.4005 -10.4486   0.0422     15116.02     587.2933     1027.719    0.279   0
        13    585.724    218.217 327.8480970 +28.9429050     6.48 0.0006995184 -11.8109 -11.8706   0.0117     56007.75     604.4654     1116.916    0.186   0
        14    437.128    238.096 327.8664171 +28.9403935     6.51 0.0007026165 -12.1605 -12.1896   0.0089     75134.95     612.3407     1101.657    0.220   0
        15    854.802    276.270 327.8146834 +28.9373103    21.43  0.002314523 -11.2233 -11.3502   0.0186     34678.81     595.4665     968.0009    0.199   3
        16    298.827    240.143 327.8835098 +28.9398271     7.68 0.0008296028  -9.5243  -9.2994   0.1207     5245.365     583.1255     1076.633    0.246   0
        17    602.961    301.622 327.8457528 +28.9339587     5.95 0.0006426293 -12.3756 -12.4096   0.0073      92012.1     619.1003     1136.444    0.156   0
        18    261.003    293.995 327.8880458 +28.9339284     4.20 0.0004540787  -8.8499  -9.3741   0.1127     5618.778     583.0565     1090.645    0.003   0
        19    751.341    305.942 327.8273987 +28.9338589     6.22 0.0006717131  -9.8798  -9.4145   0.1086     5831.814     583.2133     1147.269    0.242   0
        20    567.767    334.922 327.8500183 +28.9302827     5.98 0.0006454066 -11.9969 -12.0272   0.0102     64698.79     608.0336     1142.951    0.172   0
        21    499.663    346.206 327.8584081 +28.9288976     5.91 0.0006387926 -11.0688 -11.1382   0.0226     28528.46     592.9431     1139.434    0.182   0
        22    143.952    357.458 327.9023497 +28.9267940     8.13  0.000878115  -9.7793 -10.1699   0.0544     11693.63     585.8347     1078.896    0.191   0
        23    494.165    370.044 327.8590265 +28.9263149     5.81 0.0006271043 -10.4950 -10.4784   0.0411     15536.36     587.4723     1145.469    0.187   0
        24    328.619    371.712 327.8794857 +28.9257221    10.21  0.001102709 -10.0879 -10.2651   0.0499      12765.5     586.3245     1129.314    0.420   0
        25    550.991    388.269 327.8519553 +28.9244916     7.18 0.0007755286  -9.3861  -9.6636   0.0865     7335.655     583.9557      1156.23    0.348   0
        26    359.125    400.776 327.8756395 +28.9226661     6.08 0.0006563597  -9.0856  -9.6087   0.0909     6973.768     583.8661     1141.455    0.254   0
        27    266.778    429.145 327.8869806 +28.9193772     5.75 0.0006210487 -12.4887 -12.5651   0.0064     106177.5     624.8707      1130.36    0.161   0
        28    860.530    424.608 327.8136009 +28.9213371     5.84 0.0006304167 -10.9077 -10.9932   0.0257     24961.96     591.4536     1032.558    0.170   0
        29    477.607    418.904 327.8609476 +28.9210078     6.55 0.0007070758  -8.8867  -9.1820   0.1344     4707.692     582.7313     1157.798    0.302   0
        30    863.628    489.004 327.8130555 +28.9144043     5.62 0.0006068154  -9.4626  99.0000  99.0000    -2669.951     580.6094     1068.378    0.192   0
        31    583.864    909.797 327.8465582 +28.8683653     4.11 0.0004435424 -11.4308  99.0000  99.0000    -40450.02     580.7245     836.2289    0.042   0
        32     54.173    824.350 327.9122217 +28.8762482     5.21 0.0005622504 -10.2064 -10.3172   0.0476     13393.02     586.5432     1053.701    0.129   0
        33     38.969    800.485 327.9141629 +28.8787817     4.97 0.0005363456  -8.7363  -8.4685   0.2590     2440.016      581.856     1064.518    0.385   0
        34    667.694    585.481 327.8370272 +28.9035256     5.53 0.0005969841 -10.9895 -11.0730   0.0239      26866.1      592.274     1166.288    0.131   0
        35    301.162    567.083 327.8823727 +28.9045973     5.91 0.0006378161 -10.4074 -10.5604   0.0381     16755.07     587.9907     1152.017    0.173   0
        36    798.115    540.171 327.8210234 +28.9087295     5.29 0.0005714695 -14.8467 -14.8771   0.0011     892937.6      885.317     1165.537    0.120   0
        37    858.261    515.748 327.8136515 +28.9115089     5.51 0.0005953907 -11.7950 -11.8328   0.0121     54089.45     603.5925     1080.687    0.125   0
        38    806.241    515.097 327.8200826 +28.9114517     6.71 0.0007242288 -10.0236 -10.6546   0.0350     18275.02     588.6204      1158.05    0.136   0
        39    504.882    485.090 327.8574061 +28.9139424     5.61 0.0006064195 -11.1027 -11.1932   0.0215     30011.87     593.5521     1161.052    0.140   0
        40    223.793    455.427 327.8922252 +28.9164367     5.66 0.0006117529 -11.1461 -11.2072   0.0212     30399.05     593.5544     1126.995    0.212   0
        41     60.192    890.658 327.9113042 +28.8691171     4.33  0.000467826 -10.8371  99.0000  99.0000    -15125.64     580.7574     924.4553    0.026   0
        42    359.949    881.515 327.8742945 +28.8708567     3.67 0.0003961996  -7.6153  99.0000  99.0000    -34070.43     580.8724      1006.92    0.355   0
        43    887.251    887.476 327.8091323 +28.8715163    62.36  0.006735511 -13.4853 -12.1164   0.0094     70233.16     610.3362     540.9825    0.141  16
        44    236.671    885.596 327.8895145 +28.8701079     4.51 0.0004875007 -12.7488 -12.4871   0.0068     98822.68     621.8597      985.778    0.046   0
        45    840.831    829.851 327.8150128 +28.8776135    80.83   0.00873001 -13.6606 -12.5221   0.0066     102059.1     623.2361     934.6916    0.518  16
        46    532.623    709.255 327.8534026 +28.8898518     5.07 0.0005480815 -13.1643 -13.2171   0.0037     193563.9       658.92      1168.99    0.072   0
        47    748.320    500.092 327.8272794 +28.9129268     5.44 0.0005874638 -12.1644 -12.2367   0.0085     78467.58     613.6998     1165.831    0.130   0
        48    846.601    591.415 327.8149016 +28.9033253     6.10 0.0006583735 -10.3274 -10.4729   0.0412     15458.57     587.1304     1115.082    0.071   0
        49    795.050    762.905 327.8208387 +28.8847166     7.33 0.0007919433 -10.7348 -10.8831   0.0284      22554.3     590.4835     1153.715    0.066   0
        50    464.587    770.236 327.8616529 +28.8831107     3.44 0.0003716039  -8.3738  -8.6273   0.2238     2824.305     581.9391     1162.049    0.401   0
        51    448.962    853.545 327.8633692 +28.8740931     4.86 0.0005246209 -12.1573 -12.1981   0.0088     75726.88     612.5979     1120.458    0.080   0
        52    797.023    687.130 327.8207866 +28.8928882     5.13 0.0005545603 -13.3877 -13.4335   0.0031     236267.3     674.9559     1168.351    0.092   0
        53    105.464    690.585 327.9062348 +28.8907944     5.43 0.0005868436 -10.8102 -10.9226   0.0274     23390.51     590.8052     1100.775    0.176   0
        54    600.075    646.541 327.8452279 +28.8967779     5.78 0.0006247427  -9.5873  -9.6256   0.0895     7083.524     583.8641     1169.486    0.145   0
        55    248.355    661.690 327.8886530 +28.8942686     7.75 0.0008373446  -9.4518  -9.8839   0.0707     8986.271     584.7109     1147.954    0.157   0
        56    651.909    647.131 327.8388208 +28.8968423     5.59 0.0006039856 -10.5189 -10.6527   0.0350     18242.56     588.6714     1170.308    0.081   0
        57    305.468    492.596 327.8820337 +28.9126360     5.45 0.0005890046 -13.5136 -13.5467   0.0028     262221.2      684.404     1147.907    0.131   0
        58    163.394    844.077 327.8986758 +28.8743981     4.71 0.0005088859  -9.6066  -9.7883   0.0771     8228.178      584.256     1091.274    0.104   0
        59    811.218    567.086 327.8193360 +28.9058608     5.15 0.0005564591 -11.4245 -11.5352   0.0158     41122.71     598.2775     1152.795    0.108   0
        60    901.473    608.787 327.8080764 +28.9015869     4.03 0.0004347818  -9.0963  99.0000  99.0000    -54571.15     580.8231     919.9231    0.164   0
        61    743.935    608.864 327.8275455 +28.9011931     5.14 0.0005553549 -11.7595 -11.7820   0.0127     51618.57     602.6632     1166.262    0.103   0
        62    696.376    557.483 327.8335536 +28.9066137     5.38 0.0005814824 -11.6898 -11.7018   0.0136     47940.79     601.1039     1166.312    0.120   0
        63    360.725    569.382 327.8750056 +28.9044986     5.67 0.0006126281  -9.2050  -9.5778   0.0935     6778.255     583.7988      1155.47    0.131   0
        64    301.903    551.142 327.8823225 +28.9063172     5.34 0.0005771028 -12.3227 -12.3847   0.0075     89928.31     618.3663     1151.286    0.109   0
        65    307.379    529.607 327.8817017 +28.9086518     5.64 0.0006093216 -10.4679 -10.4986   0.0403     15827.79     587.3363     1150.339    0.200   0
        66    571.930    822.183 327.8482567 +28.8777784     4.96 0.0005358863 -12.7098 -12.7085   0.0057     121169.3     630.8704     1152.505    0.070   0
        67    672.417    800.294 327.8358965 +28.8803857     5.16  0.000556876 -10.7247 -10.6713   0.0345      18557.9     588.7567     1173.372    0.066   0
        68    403.883    815.128 327.8690379 +28.8781212     5.14 0.0005553105  -9.6091  -9.6653   0.0863     7346.916     584.0585     1144.356    0.077   0
