#   1 NUMBER                 Running object number                                     
#   2 X_IMAGE                Object position along x                                    [pixel]
#   3 Y_IMAGE                Object position along y                                    [pixel]
#   4 ALPHA_J2000            Right ascension of barycenter (J2000)                      [deg]
#   5 DELTA_J2000            Declination of barycenter (J2000)                          [deg]
#   6 FWHM_IMAGE             FWHM assuming a gaussian core                              [pixel]
#   7 FWHM_WORLD             FWHM assuming a gaussian core                              [deg]
#   8 MAG_BEST               Best of MAG_AUTO and MAG_ISOCOR                            [mag]
#   9 MAG_APER               Fixed aperture magnitude vector                            [mag]
#  10 MAGERR_APER            RMS error vector for fixed aperture mag.                   [mag]
#  11 FLUX_APER              Flux vector within fixed circular aperture(s)              [count]
#  12 FLUXERR_APER           RMS error vector for aperture flux(es)                     [count]
#  13 BACKGROUND             Background at centroid position                            [count]
#  14 ELLIPTICITY            1 - B_IMAGE/A_IMAGE                                       
#  15 FLAGS                  Extraction flags                                          
         1     10.513     81.021 200.8919657 +36.1194365    64.70  0.006980484 -13.6097 -12.7844   0.0064     129944.3     771.0134     391.3992    0.603  24
         2    145.170     85.290 200.8738953 +36.1193475    45.45  0.004903886 -13.1942 -11.8770   0.0152     56339.07     789.0532     1332.486    0.773   0
         3    192.721     30.621 200.8676112 +36.1253481    32.32  0.003486837 -12.3746 -11.8996   0.0149     57523.26     789.4283      793.446    0.170  17
         4    135.969     11.018 200.8752587 +36.1272981    86.97  0.009383071 -14.8367 -13.6097   0.0032       277882     823.1926     236.6916    0.745  24
         5    290.629     34.346 200.8544702 +36.1252144     4.89 0.0005273759  -9.8777  99.0000  99.0000    -50375.85       771.04     1099.644    0.322   0
         6     63.885    109.812 200.8847560 +36.1164915    18.95  0.002044449  -6.6858  99.0000  99.0000    -20694.36     770.9528     948.8977    0.557   2
         7    377.755     90.142 200.8426877 +36.1194585     4.55 0.0004909675 -11.3971 -11.4232   0.0229     37090.69     782.9094     1568.733    0.078   0
         8    539.671     97.516 200.8209555 +36.1191017     7.00 0.0007554019 -10.0217 -10.0894   0.0775     10858.23     774.5744     1600.121    0.181   0
         9     75.513    267.583 200.8829205 +36.0995811    18.31   0.00197495 -11.6393 -11.6372   0.0189     45171.16     785.5068     1488.817    0.371   3
        10     75.198    250.480 200.8829926 +36.1014168    48.00  0.005178336 -14.0079 -11.8993   0.0149     57509.01      789.296     1480.129    0.775  18
        11    730.026    206.141 200.7952437 +36.1079434     7.03  0.000758311 -10.1401 -10.5677   0.0500     16868.22     776.4901      1593.31    0.162   0
        12    309.045    265.317 200.8516058 +36.1004613     4.19 0.0004525728 -12.6681 -12.7211   0.0072     122584.3     809.8324     1665.825    0.040   0
        13     75.504    392.047 200.8827042 +36.0862155    16.15  0.001742267 -12.8427 -11.7838   0.0165     51701.87     787.6253     1477.354    0.684   2
        14     77.759    309.828 200.8825455 +36.0950508     8.82 0.0009510613 -11.2587 -11.6427   0.0188     45401.89     785.4946     1504.326    0.611   0
        15     78.433    331.433 200.8824173 +36.0927326    10.77  0.001162286 -11.7445 -11.6520   0.0186     45793.47     785.6407     1502.453    0.412   0
        16     77.906    344.586 200.8824649 +36.0913187     7.73 0.0008339598 -11.3076 -11.6823   0.0181     47090.99     786.1604     1501.204    0.073   0
        17     79.853    736.415 200.8815199 +36.0492472    39.59  0.004271181 -14.2568 -11.8257   0.0159     53738.64     788.2075     1433.818    0.697   2
        18     83.915    384.632 200.8815893 +36.0870347     6.91 0.0007450806 -11.0497 -11.5324   0.0208     41014.98     784.1401     1547.938    0.425   2
        19     77.124    526.666 200.8822518 +36.0717637     5.01 0.0005400799 -12.7529 -12.2621   0.0108     80320.72     796.5941     1471.552    0.403   0
        20     76.183    424.060 200.8825572 +36.0827795     8.30 0.0008955183 -11.4761 -11.6600   0.0185      46133.8      785.856     1472.818    0.372   0
        21    689.379    429.409 200.8003304 +36.0838597     3.80 0.0004101468 -10.0002 -10.1295   0.0746     11267.12     774.2938     1568.759    0.067   0
        22     78.448    439.591 200.8822264 +36.0811179     9.83  0.001061015 -11.6795 -11.6533   0.0186     45849.45     785.6585     1488.343    0.250   2
        23   1024.494    446.228 200.7553702 +36.0829340     4.24 0.0004574206 -10.2576  -9.8296   0.0829     8547.844     652.2245      1347.01    0.160  16
        24    330.636    443.524 200.8484071 +36.0813828     5.14 0.0005543713  -8.7664  -9.5392   0.1283     6541.462     773.0928     1652.756    0.339   0
        25     76.927    451.837 200.8824090 +36.0797988     8.16 0.0008802646 -11.4355 -11.6824   0.0181     47094.95     786.0975     1478.206    0.170   2
        26     80.600    477.207 200.8818721 +36.0770845     5.31 0.0005725446 -10.5838 -11.6118   0.0193     44126.69     784.9387     1510.137    0.365   2
        27    719.571    494.714 200.7961757 +36.0769269     3.58  0.000386067 -11.2630 -11.3528   0.0244     34762.32     782.1656      1523.36    0.067   0
        28     80.218    679.722 200.8815699 +36.0553362    33.83   0.00364935 -13.7891 -11.9232   0.0146     58787.33     789.8073     1458.608    0.500   2
        29     84.045    956.487 200.8805743 +36.0256262    10.84  0.001169913 -11.9543 -11.6934   0.0180     47570.89     786.3344     1327.625    0.108   0
        30    355.394   1012.656 200.8441233 +36.0203329     3.13 0.0003373885  -8.5456  -6.4310   2.2412     373.5964     770.9867     1425.992    0.119   0
        31     79.497    593.038 200.8818179 +36.0646429    11.26  0.001214848 -11.9051 -11.6657   0.0184     46375.27     785.8044     1480.097    0.282   0
        32    596.656    863.674 200.8120461 +36.0369789     3.17 0.0003424768 -10.2625 -10.4968   0.0533     15802.21     776.0385     1400.737    0.059   0
        33    636.300    883.932 200.8067004 +36.0349090     3.51 0.0003787718  -9.1503  -9.0132   0.2081     4029.793     772.3237     1361.215    0.162   0
        34    310.813    901.207 200.8502856 +36.0321803     1.66 0.0001794005  -8.8843  -8.5818   0.3094     2708.494     771.5691     1503.406    0.260   0
        35     83.388    902.319 200.8807568 +36.0314412    23.45   0.00253025 -13.1384 -11.8327   0.0158     54084.59     788.2746     1352.346    0.263   2
        36    185.566    803.381 200.8672365 +36.0423451     4.37 0.0004714027  -8.8528  -9.8091   0.1002     8387.559     773.5591     1573.971    0.147   0
        37     85.477    847.994 200.8805716 +36.0372807     7.54  0.000813142 -11.3421 -11.7150   0.0176     48529.91     786.4468     1407.498    0.234   0
        38     85.393    575.302 200.8810584 +36.0665636     6.89  0.000743625 -10.8587 -11.4208   0.0230     37011.18     782.7336     1536.297    0.513   0
        39     79.739    824.828 200.8813809 +36.0397527     9.17 0.0009896447 -11.7659 -11.7899   0.0165     51993.21     787.7605     1381.543    0.186   2
        40    655.543    979.514 200.8039652 +36.0246960     3.31 0.0003575094 -10.5241 -10.7076   0.0440     19188.66     777.2151     1282.043    0.108   0
        41     83.280    868.080 200.8808309 +36.0351177    12.26  0.001322975 -12.2662 -11.7599   0.0169     50579.93     787.3332     1378.484    0.274   2
