#   1 NUMBER                 Running object number                                     
#   2 X_IMAGE                Object position along x                                    [pixel]
#   3 Y_IMAGE                Object position along y                                    [pixel]
#   4 ALPHA_J2000            Right ascension of barycenter (J2000)                      [deg]
#   5 DELTA_J2000            Declination of barycenter (J2000)                          [deg]
#   6 FWHM_IMAGE             FWHM assuming a gaussian core                              [pixel]
#   7 FWHM_WORLD             FWHM assuming a gaussian core                              [deg]
#   8 MAG_BEST               Best of MAG_AUTO and MAG_ISOCOR                            [mag]
#   9 MAG_APER               Fixed aperture magnitude vector                            [mag]
#  10 MAGERR_APER            RMS error vector for fixed aperture mag.                   [mag]
#  11 FLUX_APER              Flux vector within fixed circular aperture(s)              [count]
#  12 FLUXERR_APER           RMS error vector for aperture flux(es)                     [count]
#  13 BACKGROUND             Background at centroid position                            [count]
#  14 ELLIPTICITY            1 - B_IMAGE/A_IMAGE                                       
#  15 FLAGS                  Extraction flags                                          
         1    840.765     80.795 238.0186390 +32.9324779   141.49   0.01519008 -14.9638 -12.9054   0.0047     145268.4      623.334     876.1219    0.604  16
         2    824.081     10.025 238.0209133 +32.9400022    88.28  0.009478047 -13.9443 -12.8366   0.0047     136344.6     587.2007     387.5457    0.792  24
         3    491.023     39.540 238.0636163 +32.9359656     5.29 0.0005681895  -9.3761  99.0000  99.0000    -8382.038     562.2506     898.1652    0.101   0
         4     64.192    110.334 238.1182709 +32.9272457     5.74 0.0006165575 -13.8301 -13.8696   0.0022       353069     701.8848     1045.878    0.022   0
         5    729.064    119.674 238.0329053 +32.9280269     5.87 0.0006301735 -10.0889  -6.3459   1.7681     345.4399       562.42     1162.789    0.166   0
         6    750.782    124.247 238.0301087 +32.9275950     5.82 0.0006252495  -9.6779  99.0000  99.0000    -9493.378     562.2029     1162.643    0.172   0
         7    700.049    187.670 238.0365012 +32.9206792     6.26 0.0006720256 -11.9178 -11.9691   0.0104     61327.06     588.7971     1162.728    0.121   0
         8    321.672    182.597 238.0850782 +32.9202144     6.43  0.000690435  -9.8721 -10.0775   0.0573     10739.45     566.9111     1128.298    0.175   0
         9    476.630    178.945 238.0651954 +32.9210196     6.58 0.0007067485  -8.9672  -9.6690   0.0833      7372.33     565.5508     1150.521    0.246   0
        10    111.408    251.543 238.1119299 +32.9122737     5.54  0.000594782 -13.7873 -13.8239   0.0022     338510.3     696.6158       1068.2    0.046   0
        11    761.218    272.409 238.0284901 +32.9117784     5.76 0.0006180597 -12.2151 -12.2701   0.0080     80914.48      596.936     1162.266    0.144   0
        12    234.791    271.249 238.0960558 +32.9105003     7.33 0.0007871188 -10.0481 -10.2984   0.0469     13162.67     568.0259     1110.028    0.230   0
        13    580.297    323.264 238.0516132 +32.9058623     5.46 0.0005864096 -11.3211 -11.4269   0.0169     37220.01      578.579     1151.644    0.135   0
        14      5.065    312.730 238.1254559 +32.9054413     6.63 0.0007118425  -8.5954  -8.2856   0.2467      2061.71     468.3899     1021.832    0.228  16
        15    286.608    336.879 238.0892772 +32.9036217     5.44 0.0005842012 -11.1394 -11.1947   0.0208     30051.62     575.3644      1121.11    0.130   0
        16     42.392    340.090 238.1206110 +32.9026172     6.02 0.0006468354  -9.0832  -9.1954   0.1286     4766.069       564.35     1036.125    0.086   0
        17    449.865    377.850 238.0682469 +32.8996780     5.54 0.0005945341 -10.8990 -11.0106   0.0245     25365.82     573.3248     1138.608    0.165   0
        18    510.534    428.663 238.0603638 +32.8944059     5.33 0.0005723314 -12.1633 -12.1965   0.0085     75612.92      594.907     1140.613    0.126   0
        19    157.806    445.834 238.1055912 +32.8916228     5.80 0.0006226712  -9.7959  -9.6799   0.0825     7446.398     565.3463      1072.74    0.207   0
        20    422.977    460.974 238.0715366 +32.8907171     3.41 0.0003658591  -7.1537  -6.5521   1.4621     417.6939     562.3568     1131.163    0.031   0
        21    269.284    487.844 238.0912047 +32.8874314     5.24 0.0005628411 -12.4472 -12.5026   0.0066     100240.7     605.2418     1104.986    0.102   0
        22     12.582    488.895 238.1241393 +32.8866234     5.98 0.0006425078 -10.4373 -10.3408   0.0440     13687.68      554.186     1008.724    0.159  16
        23    439.294    495.434 238.0693764 +32.8870757     5.77 0.0006195548  -9.7326  -9.7668   0.0762     8067.147     565.7788     1130.554    0.213   0
        24    778.001    509.047 238.0258914 +32.8865169     3.57 0.0003836456  -8.4934  -8.7893   0.1866     3278.929     563.4845     1146.294    0.004   0
        25    884.665    951.952 238.0113812 +32.8394331    39.00  0.004186575 -13.7110 -11.5145   0.0156     40346.59     579.7896     947.7449    0.744  18
        26    512.372   1019.035 238.0589952 +32.8312782     5.39 0.0005784271  -8.5212  -3.3223  27.2318     21.32661     534.7708     947.5445    0.513  16
        27    800.014   1013.004 238.0221224 +32.8326828     5.28 0.0005669619  -9.8677  -9.6645   0.0836     7341.957     565.2368     999.6911    0.238   0
        28    879.537    804.197 238.0123137 +32.8552203    12.16  0.001305903 -11.9849 -11.3871   0.0175     35879.71     577.8757     1017.144    0.382   2
        29    810.026    861.237 238.0211227 +32.8489387     4.82 0.0005173699 -12.8076 -12.8514   0.0049     138210.2     620.6265     1062.291    0.119   0
        30    859.124    785.899 238.0149661 +32.8571237     5.54 0.0005952634 -12.0589 -12.1529   0.0089     72639.47     593.6561     1073.217    0.142   0
        31    883.821    783.307 238.0118031 +32.8574654    10.78  0.001157335 -11.3106 -11.3736   0.0177     35435.04     577.7917     1012.342    0.652   2
        32    883.801    724.899 238.0119144 +32.8637113     6.60 0.0007090666 -10.5893 -11.2769   0.0193     32415.48     576.3286     1032.794    0.372   2
        33    879.761    758.902 238.0123693 +32.8600646     4.97 0.0005334854 -10.1206 -11.3273   0.0185     33956.24     577.0895     1034.045    0.374   0
        34    719.784    703.745 238.0329937 +32.8655434     9.38  0.001006538 -10.0096 -10.0653   0.0580     10620.27     566.9058     1114.562    0.207   0
        35    129.635    626.897 238.1088476 +32.8721842     6.59 0.0007072069 -10.0485 -10.2131   0.0507     12168.98     567.5726      1026.88    0.223   0
        36    907.896    618.619 238.0090210 +32.8751396     4.89  0.000524566 -11.0266 -10.3789   0.0436     14176.66     568.5349     973.2407    0.116   0
        37    301.196    751.292 238.0865960 +32.8593451     5.28 0.0005672748 -10.8871 -10.9717   0.0254     24471.77      572.966     1038.457    0.163   0
        38    358.650    998.871 238.0787456 +32.8330240     4.91 0.0005271991  -8.7296  -8.8383   0.1785     3430.296     563.7103     915.5554    0.541   0
        39    882.965    861.008 238.0117684 +32.8491539    25.42  0.002729539 -13.1755 -11.4800   0.0161      39083.8     579.1985     987.2011    0.582   2
        40    380.219    695.343 238.0765684 +32.8655400     5.08 0.0005452875 -12.7779 -12.8354   0.0049     136192.6     619.8564     1078.431    0.118   0
        41    631.439    776.771 238.0441877 +32.8575010     4.14 0.0004449014  -8.3728  -8.6257   0.2170     2820.073     563.4555     1081.379    0.532   0
        42    884.395    744.953 238.0118008 +32.8615684     7.75 0.0008324927 -10.8636 -11.2930   0.0190     32901.03     576.5702     1026.481    0.334   0
