#   1 NUMBER                 Running object number                                     
#   2 X_IMAGE                Object position along x                                    [pixel]
#   3 Y_IMAGE                Object position along y                                    [pixel]
#   4 ALPHA_J2000            Right ascension of barycenter (J2000)                      [deg]
#   5 DELTA_J2000            Declination of barycenter (J2000)                          [deg]
#   6 FWHM_IMAGE             FWHM assuming a gaussian core                              [pixel]
#   7 FWHM_WORLD             FWHM assuming a gaussian core                              [deg]
#   8 MAG_BEST               Best of MAG_AUTO and MAG_ISOCOR                            [mag]
#   9 MAG_APER               Fixed aperture magnitude vector                            [mag]
#  10 MAGERR_APER            RMS error vector for fixed aperture mag.                   [mag]
#  11 FLUX_APER              Flux vector within fixed circular aperture(s)              [count]
#  12 FLUXERR_APER           RMS error vector for aperture flux(es)                     [count]
#  13 BACKGROUND             Background at centroid position                            [count]
#  14 ELLIPTICITY            1 - B_IMAGE/A_IMAGE                                       
#  15 FLAGS                  Extraction flags                                          
         1      9.838     81.482 237.9942828 +32.9338046    60.87  0.006541964 -13.1942 -12.3298   0.0077     85488.92     607.3112     433.6583    0.617  24
         2    192.627     30.107 237.9708853 +32.9397680    29.51   0.00317149 -12.0032 -11.4432   0.0180     37781.86     627.7527     694.6034    0.191   1
         3    136.298     10.797 237.9781573 +32.9416929    85.11  0.009146919 -14.4034 -13.1555   0.0039       182902     654.8972     337.0126    0.746  24
         4    144.838     84.959 237.9769304 +32.9337751    33.15   0.00356297 -12.3352 -11.4964   0.0172     39679.21     628.5248     1058.274    0.600   2
         5    913.967     91.005 237.8780926 +32.9350343     6.21 0.0006670628 -12.1186 -12.0588   0.0104     66608.88      638.914     1116.621    0.116   0
         6    419.923     93.844 237.9415692 +32.9335147     5.56 0.0005978454 -11.5693 -11.6560   0.0149     45963.31     631.0026     1229.484    0.122   0
         7     64.181    107.617 237.9872543 +32.9311450    11.25  0.001208905  -9.7633  99.0000  99.0000     -16814.2     612.2442     796.1959    0.476   2
         8    926.007     98.026 237.8765341 +32.9343118     4.95 0.0005321359  -8.8140  -9.4670   0.1091     6120.597     614.7729     1148.551    0.582   0
         9    551.013    141.972 237.9246441 +32.9286880     5.08 0.0005462059 -11.0861 -10.9623   0.0278     24262.14     622.0894     1252.699    0.146   0
        10    154.271    131.913 237.9756365 +32.9287721     4.87 0.0005230117  -8.0379  99.0000  99.0000    -14988.93     612.5908      1254.59    0.375   0
        11    985.636    197.581 237.8687112 +32.9237982     5.38 0.0005783932 -14.7910 -14.8263   0.0011     852154.1     895.0481     1145.782    0.094   0
        12    977.975    181.991 237.8697208 +32.9254487     7.61 0.0008181972 -10.0452 -10.6413   0.0373     18052.59     619.5547     1148.881    0.197   0
        13     75.749    251.615 237.9855150 +32.9157584     8.87 0.0009528754 -11.3915 -11.4353   0.0182     37507.48     627.6097     1163.199    0.664   2
        14    950.630    207.096 237.8731935 +32.9226948     6.19 0.0006647511  -9.0467  -9.8830   0.0745     8978.564      616.158      1159.34    0.284   0
        15    179.795    258.430 237.9721369 +32.9152922     5.01 0.0005381011 -11.9306 -12.0019   0.0110     63206.63     637.5814     1283.653    0.127   0
        16    511.827    252.618 237.9294921 +32.9167454     0.42 4.540873e-05  -7.1798  99.0000  99.0000    -1250.413     612.3309     1266.282    0.320   0
        17    694.034    267.120 237.9060603 +32.9156427     1.38 0.0001485708  -7.9620  -8.3385   0.3077     2164.724     613.3698     1241.919    0.027   0
        18    249.879    272.578 237.9631091 +32.9139542     5.35 0.0005751859  -9.4359  -9.5343   0.1026     6512.251      615.191     1282.743    0.074   0
        19    566.045    413.348 237.9222569 +32.8996725    13.57  0.001458512 -17.0078 -17.0155   0.0003      6400266     1890.862     1259.013    0.397   4
        20    883.714    312.044 237.8816195 +32.9112969     4.80 0.0005162646  -9.3796  -9.4860   0.1072     6228.756     615.1276      1165.74    0.172   0
        21    575.606    323.794 237.9211791 +32.9092835     3.46 0.0003716622  -8.5959  -9.0260   0.1635     4077.644     613.9934     1260.625    0.419   0
        22    780.220    343.546 237.8948625 +32.9076720     4.64 0.0004988507 -12.1631 -12.2318   0.0089     78115.87     643.6152     1200.966    0.067   0
        23    152.983    377.109 237.9753743 +32.9025192     4.77   0.00051209 -12.8282 -12.8608   0.0052     139413.1      667.032     1280.961    0.123   0
        24    432.871    354.630 237.9394619 +32.9056281     5.31 0.0005702372  -8.8093  -9.2907   0.1283     5203.123     614.6242     1271.128    0.367   0
        25    437.083    364.444 237.9389042 +32.9045879     7.03 0.0007551242  -9.3966  -9.7605   0.0834     8020.511     615.8209     1270.362    0.039   0
        26     78.405    374.220 237.9849585 +32.9026397     3.45 0.0003706214  -9.3845 -11.3031   0.0205     33209.14     625.6068     1169.401    0.409   0
        27    784.654    375.483 237.8942403 +32.9042638     6.61 0.0007098476  -9.1491  -9.3739   0.1189     5617.667     614.8792     1191.623    0.193   0
        28    336.589    378.390 237.9517886 +32.9028439     4.69  0.000503753  -9.0261  -9.3817   0.1179     5658.437     614.4986     1273.702    0.173   0
        29    203.776    401.881 237.9688072 +32.8999954     4.70 0.0005053974 -11.8347 -11.9456   0.0115     60012.45     636.5111     1278.679    0.128   0
        30     80.216    397.494 237.9846850 +32.9001526     5.94 0.0006381533 -10.1983 -11.2736   0.0210     32318.85     625.5903     1177.705    0.759   0
        31    370.404    460.716 237.9473045 +32.8941150     4.66 0.0005004978  -9.9916 -10.2679   0.0524     12798.88     617.6718     1266.178    0.180   0
        32     76.159    482.482 237.9850570 +32.8910438     4.23   0.00045434  -9.7554 -11.2976   0.0206     33040.39     625.8616     1147.055    0.565   0
        33    960.654    504.420 237.8714245 +32.8908884     4.42 0.0004748458 -12.6702 -12.7070   0.0059     121008.5     660.0497     1070.835    0.040   0
        34     77.998    555.274 237.9846930 +32.8832557    22.53  0.002421004 -12.7530 -11.4643   0.0177     38523.65     627.9467     1153.004    0.498   0
        35    203.529    518.095 237.9686372 +32.8875534     1.55 0.0001662385  -7.6047  -8.8218   0.1973     3378.523     613.8989      1269.29    0.326   0
        36    228.910    533.343 237.9653512 +32.8859850     4.44 0.0004776594  -9.3171  -9.5075   0.1051     6353.529      615.161     1267.949    0.154   0
        37     84.331    897.830 237.9832794 +32.8465991    10.84    0.0011647 -11.6566 -11.4005   0.0187     36325.97     627.1727     1077.005    0.189   0
        38    436.854    621.463 237.9384969 +32.8770718     4.10 0.0004403656 -12.6286 -12.6662   0.0061     116542.1     658.3075     1242.759    0.109   0
        39    720.017    885.205 237.9016995 +32.8495362     4.17 0.0004482827 -11.8838 -11.9370   0.0116     59537.69     636.0743     1034.218    0.179   0
        40     81.856    842.284 237.9836943 +32.8525393     4.47 0.0004808658  -9.7742 -11.3013   0.0205     33153.02     625.9575     1092.945    0.524   0
        41     78.656    648.372 237.9844453 +32.8732907     6.20 0.0006660417 -10.6772 -11.4391   0.0181     37639.72     627.7638     1142.792    0.370   0
        42    748.158    653.936 237.8984686 +32.8743641     4.22 0.0004533739  -9.7061  -9.5848   0.0979     6822.411     615.2308     1116.884    0.149   0
        43    650.120   1009.184 237.9104659 +32.8360916     4.55 0.0004889334 -12.5406 -12.5676   0.0067     106426.6     654.4872     1013.508    0.232   0
        44     84.013    818.155 237.9834597 +32.8551279     3.97 0.0004265854  -9.6351 -11.3374   0.0198     34273.77     626.2524     1113.648    0.512   0
        45    776.001    838.155 237.8945903 +32.8547103     4.24 0.0004553282 -10.7815 -10.9022   0.0294      22954.9     621.6321     1026.497    0.168   0
        46    151.859    815.545 237.9747545 +32.8555792     3.80 0.0004084228 -11.8431 -11.8638   0.0124     55658.77     634.7654     1206.578    0.165   0
        47     84.193    766.139 237.9835279 +32.8606970     6.03 0.0006475793 -10.6086 -11.3982   0.0188     36248.29      627.074     1134.761    0.347   0
        48     83.581    799.378 237.9835481 +32.8571370     3.74  0.000402113  -9.5446 -11.3333   0.0199     34144.43     626.0652     1121.655    0.799   0
        49    685.780    697.100 237.9064066 +32.8695901     3.90 0.0004188431 -11.6674 -11.7275   0.0140     49092.06     632.3081     1129.209    0.113   0
        50     79.479    745.945 237.9841685 +32.8628469     6.15 0.0006612873 -10.5605 -11.3868   0.0190     35867.51     627.0576     1114.969    0.602   0
        51     82.195    734.604 237.9838396 +32.8640680     3.73 0.0004003983  -9.5936 -11.3555   0.0195     34851.36     626.3813     1135.727    0.623   0
        52     80.611    676.845 237.9841443 +32.8702474     9.13 0.0009807555 -11.4879 -11.4513   0.0179     38065.48     627.7812     1147.138    0.454   0
        53     80.448    726.277 237.9840786 +32.8649550     5.57 0.0005989652 -10.2720 -11.3874   0.0190     35890.39     627.0329     1127.206    0.571   0
        54    894.367    628.793 237.8797353 +32.8774126     5.25 0.0005641857  -8.6794  -8.8634   0.1899     3510.572     613.7106     1052.992    0.220   0
        55    706.130    676.127 237.9038285 +32.8718854     4.27 0.0004586537  -8.9363  -8.8268   0.1965     3393.985     613.9744     1127.913    0.079   0
        56    531.194    671.582 237.9262983 +32.8719405     4.15  0.000446345  -9.4214  -9.5198   0.1039     6425.966      614.828     1202.933    0.046   0
        57     78.726    616.594 237.9844919 +32.8766929     8.32 0.0008944653 -11.2432 -11.3749   0.0192      35477.7     626.7498     1149.982    0.463   0
        58     98.393    557.949 237.9820693 +32.8830210     5.90 0.0006341262  -9.2284  -9.6883   0.0891     7504.219     615.5595     1263.544    0.297   0
        59    751.229    949.629 237.8975867 +32.8427156     4.62 0.0004968711 -12.6956 -12.7229   0.0058     122788.6     660.6593     987.4662    0.207   0
        60    311.229    583.155 237.9546941 +32.8808590     4.49 0.0004822825  -9.6969  -9.8824   0.0746     8973.381     616.1042     1258.838    0.132   0
        61    400.704    787.343 237.9428563 +32.8592231     4.06 0.0004361927  -8.9601  -9.0942   0.1536     4342.027     614.2911     1194.156    0.174   0
        62    576.369    570.241 237.9206676 +32.8829016     6.15 0.0006614019  -9.4685  -9.5149   0.1044     6396.653     615.0922     1218.096    0.083   0
        63    611.573    547.083 237.9161855 +32.8854677     3.93  0.000422526  -8.7284  -8.5247   0.2593     2569.577     613.5348     1212.828    0.168   0
        64     85.271    995.658 237.9829873 +32.8361285     5.53 0.0005946895 -10.7370 -10.9065   0.0293     23046.24     621.8055     1048.404    0.171   0
        65    585.688    954.704 237.9188270 +32.8417653     4.34 0.0004664183 -10.0523 -10.1837   0.0566     11843.51     617.3881     1062.232    0.220   0
