#   1 NUMBER                 Running object number                                     
#   2 X_IMAGE                Object position along x                                    [pixel]
#   3 Y_IMAGE                Object position along y                                    [pixel]
#   4 ALPHA_J2000            Right ascension of barycenter (J2000)                      [deg]
#   5 DELTA_J2000            Declination of barycenter (J2000)                          [deg]
#   6 FWHM_IMAGE             FWHM assuming a gaussian core                              [pixel]
#   7 FWHM_WORLD             FWHM assuming a gaussian core                              [deg]
#   8 MAG_BEST               Best of MAG_AUTO and MAG_ISOCOR                            [mag]
#   9 MAG_APER               Fixed aperture magnitude vector                            [mag]
#  10 MAGERR_APER            RMS error vector for fixed aperture mag.                   [mag]
#  11 FLUX_APER              Flux vector within fixed circular aperture(s)              [count]
#  12 FLUXERR_APER           RMS error vector for aperture flux(es)                     [count]
#  13 BACKGROUND             Background at centroid position                            [count]
#  14 ELLIPTICITY            1 - B_IMAGE/A_IMAGE                                       
#  15 FLAGS                  Extraction flags                                          
         1     76.234    271.907 200.8833744 +36.0992782    79.90  0.008641228 -14.5953 -12.3424   0.0133     86490.53     1057.975     2105.363    0.862   2
         2     11.125     80.191 200.8923961 +36.1196836    67.91  0.007344462 -14.0868 -13.3341   0.0052     215601.2     1042.178     303.7133    0.587  24
         3    149.734     80.721 200.8736928 +36.1199718    60.55  0.006548135 -13.7936 -12.3198   0.0136     84711.01     1057.612     1800.887    0.812  16
         4    192.719     30.817 200.8679533 +36.1254321    30.88  0.003339521 -12.8145 -12.3718   0.0129     88866.34     1058.594     965.6122    0.213  17
         5    135.385     11.188 200.8757139 +36.1273960    88.72  0.009595276 -15.3593 -14.1542   0.0026     458842.1     1099.838     47.36947    0.746  24
         6     66.042    110.795 200.8849483 +36.1165374    27.46  0.002969198  99.0000  99.0000  99.0000    -5154.523      1037.13      1257.06    0.514   2
         7     83.597    122.744 200.8825649 +36.1152991    35.85  0.003877531 -12.9310 -12.1320   0.0161     71255.22     1054.224     1684.231    0.779   3
         8    381.307     91.255 200.8424338 +36.1194118     5.76 0.0006227427 -11.2354 -11.1124   0.0407     27858.84     1044.174     2257.941    0.087   0
         9     77.346    458.580 200.8829942 +36.0792540    60.71  0.006565291 -14.3064 -12.2644   0.0143      80495.8     1056.615     2088.494    0.848  19
        10    312.485    266.228 200.8515118 +36.1004715     5.44  0.000588435 -12.5339 -12.5777   0.0107     107418.4     1062.937     2399.252    0.073   0
        11    692.233    429.977 200.8001005 +36.0838248     5.30 0.0005727584  -9.7959  -9.8974   0.1241     9098.508     1039.468     2240.542    0.125   0
        12   1026.986    446.803 200.7549338 +36.0828135     5.26 0.0005684494  -9.6253  -7.9787   0.5646     1554.122     808.0344     1872.974    0.012  24
        13     79.423    527.634 200.8826290 +36.0718508    22.69  0.002453718 -12.8768 -12.5619   0.0109     105862.3     1062.457      2107.94    0.553   3
        14     79.866    696.797 200.8823610 +36.0537035   116.37   0.01258519 -15.7203 -12.4197   0.0124     92873.36     1059.367     2047.694    0.937  18
        15    722.382    495.281 200.7959616 +36.0768910     5.81 0.0006283554 -11.1959 -11.2771   0.0350      32422.2     1045.179     2163.504    0.095   0
        16    599.536    864.332 200.8121093 +36.0370026     5.47 0.0005918139 -10.3251 -10.5451   0.0685      16521.2     1041.398     1960.779    0.128   0
        17    658.272    980.203 200.8040619 +36.0247128     5.41 0.0005846426 -10.4779 -10.5572   0.0677     16705.54     1041.237     1768.818    0.077   0
