#   1 NUMBER                 Running object number                                     
#   2 X_IMAGE                Object position along x                                    [pixel]
#   3 Y_IMAGE                Object position along y                                    [pixel]
#   4 ALPHA_J2000            Right ascension of barycenter (J2000)                      [deg]
#   5 DELTA_J2000            Declination of barycenter (J2000)                          [deg]
#   6 FWHM_IMAGE             FWHM assuming a gaussian core                              [pixel]
#   7 FWHM_WORLD             FWHM assuming a gaussian core                              [deg]
#   8 MAG_BEST               Best of MAG_AUTO and MAG_ISOCOR                            [mag]
#   9 MAG_APER               Fixed aperture magnitude vector                            [mag]
#  10 MAGERR_APER            RMS error vector for fixed aperture mag.                   [mag]
#  11 FLUX_APER              Flux vector within fixed circular aperture(s)              [count]
#  12 FLUXERR_APER           RMS error vector for aperture flux(es)                     [count]
#  13 BACKGROUND             Background at centroid position                            [count]
#  14 ELLIPTICITY            1 - B_IMAGE/A_IMAGE                                       
#  15 FLAGS                  Extraction flags                                          
         1    835.031    289.482 238.0200806 +33.0189593   125.69   0.01347662 -15.0145 -12.2034   0.0103     76093.63     719.4008     1252.531    0.858  19
         2    830.572    142.437 238.0208866 +33.0346427   170.30   0.01826075 -15.8004 -12.3429   0.0091     86529.71     722.9621      1195.58    0.880  19
         3    452.835    117.285 238.0694450 +33.0362852     8.11  0.000869349 -14.2305 -14.2584   0.0018     505064.9     855.5677      1301.06    0.226   0
         4    429.972    191.340 238.0722595 +33.0283169     8.26 0.0008855468 -10.3020 -10.3328   0.0557     13586.28     697.4184     1338.853    0.345   0
         5     54.514    246.182 238.1203861 +33.0214077     9.48  0.001016355 -10.8110 -10.8830   0.0337      22552.7     700.5671     1228.665    0.262   0
         6    169.835    266.275 238.1055426 +33.0195891     7.14 0.0007660862 -11.8276 -11.8594   0.0140     55432.95     712.1658     1302.107    0.234   0
         7    293.322    281.976 238.0896583 +33.0182606     7.49  0.000803068  -9.7137  -9.9757   0.0773      9778.71     695.9742      1350.15    0.220   0
         8    281.307    284.879 238.0911964 +33.0179171     6.38 0.0006836151  -9.4893  -9.8474   0.0869     8688.787     695.5826     1348.396    0.141   0
         9    261.011    294.002 238.0937875 +33.0168863     4.21 0.0004509672  -8.8525  -9.8413   0.0874     8639.833     695.3114     1347.817    0.004   0
        10    485.951    356.708 238.0647989 +33.0108216     6.41  0.000686981 -12.5054 -12.5354   0.0077     103311.8     728.8539     1415.603    0.166   0
        11    702.657    781.043 238.0362912 +32.9661275     5.52 0.0005917405 -11.1665 -11.2477   0.0242     31556.17     703.7148     1463.021    0.158   0
        12    888.182    887.986 238.0123119 +32.9552204    57.96   0.00621441 -13.8578 -12.5249   0.0077     102315.8     728.1956     551.8057    0.134  16
        13    714.792    881.675 238.0345726 +32.9554195     3.70 0.0003969258 -10.3753  99.0000  99.0000    -29531.61     692.3547     1150.622    0.073   0
        14    840.694    830.269 238.0184971 +32.9612515    77.89  0.008352176 -13.8463 -12.8725   0.0057     140934.8     741.6465     1123.897    0.478  16
        15    660.949    780.322 238.0416453 +32.9660897     7.84 0.0008403853 -10.2444 -10.4661   0.0493     15361.91     698.0157     1462.678    0.085   0
        16     95.628    776.834 238.1142046 +32.9648834     5.65 0.0006055295 -11.6061 -11.7135   0.0159     48462.23     709.6763     1336.204    0.119   0
        17    245.970    759.007 238.0949398 +32.9672101     3.47 0.0003724017  -7.3127  -8.8696   0.2133     3530.408     693.4523     1421.973    0.018   0
        18    550.426    674.132 238.0560029 +32.9771189     7.36 0.0007889459  -9.1238  -9.0439   0.1818     4145.273     694.0063     1459.428    0.276   0
        19    707.865    679.097 238.0357863 +32.9770235     5.88 0.0006309053 -10.8093 -10.8858   0.0336     22611.61     700.6075     1463.869    0.148   0
        20    798.881    800.523 238.0239105 +32.9643122    22.13  0.002372903 -12.8891 -11.6248   0.0172     44660.41     708.4507     1389.211    0.461   0
        21    717.753    644.144 238.0345730 +32.9807815     5.69 0.0006097205 -11.4307 -11.4680   0.0198     38655.33     706.2516     1457.052    0.130   0
        22    710.055    770.764 238.0353582 +32.9672450     5.90  0.000632968 -10.4388 -10.4823   0.0486     15592.59     698.0789     1463.362    0.224   0
