#   1 NUMBER                 Running object number                                     
#   2 X_IMAGE                Object position along x                                    [pixel]
#   3 Y_IMAGE                Object position along y                                    [pixel]
#   4 ALPHA_J2000            Right ascension of barycenter (J2000)                      [deg]
#   5 DELTA_J2000            Declination of barycenter (J2000)                          [deg]
#   6 FWHM_IMAGE             FWHM assuming a gaussian core                              [pixel]
#   7 FWHM_WORLD             FWHM assuming a gaussian core                              [deg]
#   8 MAG_BEST               Best of MAG_AUTO and MAG_ISOCOR                            [mag]
#   9 MAG_APER               Fixed aperture magnitude vector                            [mag]
#  10 MAGERR_APER            RMS error vector for fixed aperture mag.                   [mag]
#  11 FLUX_APER              Flux vector within fixed circular aperture(s)              [count]
#  12 FLUXERR_APER           RMS error vector for aperture flux(es)                     [count]
#  13 BACKGROUND             Background at centroid position                            [count]
#  14 ELLIPTICITY            1 - B_IMAGE/A_IMAGE                                       
#  15 FLAGS                  Extraction flags                                          
         1    852.049     88.447 200.9164762 +36.1184095   102.80   0.01111855 -15.3989 -13.3261   0.0038       214021     740.7386     1009.143    0.466  19
         2    817.862     47.283 200.9211437 +36.1227457    83.28  0.009007288 -14.3414 -12.8940   0.0054     143741.4     716.7488     721.6243    0.755  19
         3    828.830     10.276 200.9197207 +36.1267503    95.26   0.01030273 -14.1804 -13.1799   0.0040     187056.1     695.5234     319.1211    0.815  24
         4    353.829     78.008 200.9836186 +36.1182452     3.93 0.0004248074  -9.5347 -11.3263   0.0217     33926.06     676.9943     1226.562    0.501   0
         5    237.596     82.002 200.9992723 +36.1175106     4.17 0.0004509579  -9.8124 -11.4163   0.0200     36857.54     678.1129      1217.25    0.213   0
         6    181.798     82.400 201.0067892 +36.1173206     3.44 0.0003724836  -9.5393 -11.4090   0.0201     36610.21     677.9479     1193.274    0.412   0
         7    134.593     83.212 201.0131477 +36.1171082     3.45 0.0003734098  -9.5150 -11.5043   0.0185     39969.21     679.2039     1178.284    0.420   0
         8    157.752     84.573 201.0100254 +36.1170234     7.15  0.000773415 -10.9306 -11.4853   0.0188     39276.75     679.2065     1198.974    0.407   0
         9    115.046     85.358 201.0157779 +36.1168258     6.17 0.0006675725 -10.7393 -11.5082   0.0184     40113.91     679.5698     1180.615    0.403   0
        10     93.165     86.160 201.0187245 +36.1166814     2.95 0.0003187587  -9.6686 -11.4013   0.0203     36349.68     678.1467     1177.778    0.266   0
        11    686.220    209.201 200.9386364 +36.1050101     4.75 0.0005137153 -15.3631 -15.3929   0.0008      1436034     1076.696     1400.937    0.020   0
        12    773.323    206.804 200.9269064 +36.1054908     4.76 0.0005146852 -14.8954 -14.9306   0.0011     938065.1     954.2357     1402.278    0.028   0
        13    127.334    218.561 201.0139073 +36.1025453     4.72 0.0005100878 -13.1034 -13.1554   0.0043     182878.7     730.1182     1276.522    0.052   0
        14    550.295    215.992 200.9569364 +36.1039298     4.22 0.0004567875  -8.4725  -8.9665   0.1874     3860.164     666.0055      1389.55    0.063   0
        15    627.666    340.315 200.9463247 +36.0907707     4.82 0.0005209529 -10.7858 -10.9372   0.0309     23706.91     673.5255     1387.647    0.039   0
        16     32.295    498.785 201.0262523 +36.0721817     5.17 0.0005588357  -8.8481  -8.7868   0.2211     3271.268     665.8594     1191.751    0.381   0
        17    883.775    880.353 200.9110348 +36.0333961    81.83  0.008850202 -14.7265 -11.8518   0.0135     55046.52     684.9865     1144.856    0.880  18
        18    146.043    539.444 201.0108706 +36.0681150     4.67 0.0005054863 -12.8421 -12.8871   0.0054     142837.4     716.4334     1251.049    0.058   0
        19    492.787    680.433 200.9639653 +36.0538747     4.51 0.0004878037 -10.1050 -10.0732   0.0679      10697.6     668.4363     1312.547    0.061   0
        20    886.146   1008.989 200.9105266 +36.0195796    10.51   0.00113715 -11.7570 -11.4894   0.0187     39423.55     679.2238      1082.42    0.537  16
        21    227.917    729.660 200.9995436 +36.0478920     4.68 0.0005066412 -10.1617 -10.1847   0.0613     11854.23     669.1676     1208.687    0.060   0
        22    544.465    713.231 200.9569580 +36.0504844     6.19 0.0006693914 -10.0817 -10.2604   0.0572     12710.27     669.4313     1305.732    0.057   0
        23    772.110    605.136 200.9264745 +36.0626851     4.81 0.0005204002 -10.1531 -10.1505   0.0632     11486.55     668.9555     1372.653    0.037   0
        24    883.275    604.758 200.9115080 +36.0630089     7.96 0.0008605784 -11.0778 -11.3964   0.0203      36187.1     678.0684     1271.689    0.447   0
        25    537.704    734.265 200.9578358 +36.0482068     5.23 0.0005653788  -9.6547  -9.8910   0.0802     9044.455     668.0609     1293.803    0.084   0
        26    697.871    759.841 200.9362367 +36.0458713     0.98 0.0001065087  -7.5488  -8.3122   0.3420     2112.882      665.368     1306.891    0.197   0
        27    315.549    690.471 200.9878093 +36.0523335     0.00            0  -9.8546  -9.6963   0.0959     7560.295     667.3929     1265.905    0.432   0
        28    881.292    627.638 200.9117413 +36.0605453     8.90 0.0009626406 -11.3046 -11.4832   0.0188     39200.71     679.1418     1273.568    0.795   2
        29    883.155    641.751 200.9114697 +36.0590335    11.65  0.001259643 -11.6136 -11.5472   0.0178     41579.94     680.0721     1258.563    0.734   2
        30    898.137    907.825 200.9090615 +36.0304806    11.37  0.001229491 -10.2627 -10.3772   0.0514     14154.25     669.8958     1075.275    0.226   3
