#   1 NUMBER                 Running object number                                     
#   2 X_IMAGE                Object position along x                                    [pixel]
#   3 Y_IMAGE                Object position along y                                    [pixel]
#   4 ALPHA_J2000            Right ascension of barycenter (J2000)                      [deg]
#   5 DELTA_J2000            Declination of barycenter (J2000)                          [deg]
#   6 FWHM_IMAGE             FWHM assuming a gaussian core                              [pixel]
#   7 FWHM_WORLD             FWHM assuming a gaussian core                              [deg]
#   8 MAG_BEST               Best of MAG_AUTO and MAG_ISOCOR                            [mag]
#   9 MAG_APER               Fixed aperture magnitude vector                            [mag]
#  10 MAGERR_APER            RMS error vector for fixed aperture mag.                   [mag]
#  11 FLUX_APER              Flux vector within fixed circular aperture(s)              [count]
#  12 FLUXERR_APER           RMS error vector for aperture flux(es)                     [count]
#  13 BACKGROUND             Background at centroid position                            [count]
#  14 ELLIPTICITY            1 - B_IMAGE/A_IMAGE                                       
#  15 FLAGS                  Extraction flags                                          
         1    832.868    169.858 327.8179538 +28.9488550   192.04   0.02074126 -15.9014 -12.4479   0.0085     95314.46     748.5605     1233.538    0.904  18
         2    857.094     38.953 327.8152734 +28.9630207     7.91 0.0008543226 -12.0365 -12.2154   0.0105     76941.77     742.4774     1015.691    0.095   3
         3    428.837     89.988 327.8681101 +28.9564493     7.32 0.0007901447 -13.0729 -13.1072   0.0048     174935.2     774.6394     1304.446    0.275   0
         4    447.591    103.322 327.8657581 +28.9550600     7.10  0.000766643 -12.9484 -12.9965   0.0053     157978.8     769.1665     1318.535    0.258   0
         5     47.895     93.581 327.9152086 +28.9550913     6.70 0.0007236708 -11.3165 -11.3993   0.0218     36283.45     728.6387      1048.33    0.217   0
         6    201.086    131.912 327.8961696 +28.9513534     7.55  0.000815917 -13.4259 -13.4622   0.0036     242602.7     796.2512     1244.922    0.282   0
         7    751.035    102.175 327.8282367 +28.9559447     7.86 0.0008485007  -9.2676  99.0000  99.0000    -381.9461     716.0208     1362.668    0.289   0
         8    474.129    133.846 327.8624014 +28.9518379     7.33 0.0007913364  -9.3552  -9.5453   0.1186     6578.537     718.2938     1345.879    0.455   0
         9    710.340    206.263 327.8330165 +28.9446273     5.97 0.0006451965 -11.8088 -11.8699   0.0143     55969.29     735.3423     1424.009    0.205   0
        10    175.947    200.092 327.8991080 +28.9439427     7.21 0.0007783247 -10.4363 -10.4680   0.0509      15389.3     721.4744     1274.325    0.321   0
        11    588.878    219.912 327.8480018 +28.9428527     5.95 0.0006424828 -11.8035 -11.8778   0.0142     56381.51     735.6008     1405.696    0.196   0
        12    440.367    239.763 327.8663157 +28.9403398     6.18  0.000667309 -12.1824 -12.2285   0.0104     77874.77     742.7328     1385.398    0.214   0
        13    302.203    241.743 327.8833937 +28.9397764     7.55  0.000815011  -9.5554  -9.5397   0.1192     6544.726     718.2416     1348.004    0.264   0
        14    606.166    303.315 327.8456606 +28.9339091     5.72 0.0006175455 -12.3730 -12.4176   0.0088     92690.59     747.7031     1441.147    0.182   0
        15    261.001    294.003 327.8883581 +28.9340404  -153.74  -0.01660467  -8.8270  -9.4462   0.1298     6004.584     717.9121     1369.491    0.013   0
        16    754.497    307.468 327.8273115 +28.9338322     6.02 0.0006506927  -9.7676  -8.3907   0.3428     2271.422     716.9348     1456.392    0.209   0
        17    570.985    336.630 327.8499288 +28.9302310     5.49 0.0005928598 -11.9846 -12.0169   0.0125      64086.2     737.8412     1450.382    0.177   0
        18    502.903    347.962 327.8583181 +28.9288388     5.56  0.000600043 -11.0788 -11.1315   0.0278     28353.47     725.8329     1447.607    0.229   0
        19    147.335    358.906 327.9022490 +28.9267569     7.02 0.0007578661  -9.8188 -10.3850   0.0549     14256.14     721.0817     1359.021    0.294   0
        20    497.233    371.651 327.8589610 +28.9262719     5.31 0.0005733356 -10.4353 -10.2374   0.0629     12444.08     720.4532     1458.443    0.240   0
        21    332.017    373.666 327.8793809 +28.9256370     7.42  0.000801644  -9.9818 -10.3286   0.0578     13534.49     720.8113     1434.026    0.308   0
        22    554.050    389.848 327.8518923 +28.9244541     5.65 0.0006098278  -9.3328  -9.8029   0.0936     8340.019     718.9873     1472.749    0.155   0
        23    362.515    401.998 327.8755407 +28.9226615     3.75 0.0004046429  -8.9013 -10.0499   0.0746     10470.46     719.6068       1452.9    0.381   0
        24    270.012    430.843 327.8869044 +28.9193185     5.50 0.0005938465 -12.5020 -12.5968   0.0075       109326     753.1485     1437.416    0.187   0
        25    863.753    426.357 327.8135174 +28.9212927     5.19 0.0005609299 -10.5797  -9.7542   0.0979     7974.306     718.8803     1298.707    0.225   0
        26    480.936    420.113 327.8608567 +28.9210089     5.54 0.0005979456  -8.7991  -8.8541   0.2238     3480.586     717.3765     1478.256    0.497   0
        27    308.623    494.321 327.8819742 +28.9125767     5.16 0.0005574576 -13.5208 -13.5587   0.0033     265153.1     803.3363     1463.781    0.147   0
        28    887.997    887.886 327.8094119 +28.8716209    57.35  0.006194309 -13.8755 -12.5657   0.0077     106236.2     752.2764      554.154    0.142  16
        29    586.988    911.245 327.8465481 +28.8683542     3.49 0.0003771688 -11.1446  99.0000  99.0000    -129917.6     715.9397     1028.803    0.038   0
        30    108.735    692.351 327.9061866 +28.8907285     5.02 0.0005424693 -10.9014 -11.1279   0.0279     28259.87     725.7407      1402.73    0.147   0
        31    904.629    610.576 327.8080220 +28.9015435     3.13 0.0003383376  -8.8110  99.0000  99.0000    -88074.77     715.9802     1098.651    0.150   0
        32    849.464    593.026 327.8148825 +28.9032980     5.23 0.0005649358 -10.1854 -10.3952   0.0544     14390.06      721.108     1420.445    0.141   0
        33    363.737    571.459 327.8749710 +28.9044047     5.25 0.0005675235  -9.1539  -9.5140   0.1220     6391.285     718.2286     1482.376    0.059   0
        34    304.196    568.698 327.8823371 +28.9045511     5.09 0.0005498508 -10.4558 -10.7169   0.0406     19352.84     722.6459     1473.587    0.134   0
        35    801.190    541.939 327.8209726 +28.9086830     4.80 0.0005179344 -14.8531 -14.8901   0.0012     903773.6     982.1412     1496.446    0.129   0
        36    861.442    517.540 327.8135837 +28.9114617     5.02 0.0005421013 -11.6293 -11.2147   0.0258     30611.13     726.6301     1376.987    0.135   0
        37    476.250    533.643 327.8611572 +28.9087638     3.34 0.0003605513  -7.6944  -8.8036   0.2345     3322.209     717.2809     1485.986    0.342   0
        38    866.619    490.617 327.8130086 +28.9143755     5.17 0.0005588193  -9.0189  99.0000  99.0000    -25973.94     715.7573     1343.942    0.320   0
        39    507.951    486.781 327.8573537 +28.9138932     5.00 0.0005398771 -11.1150 -11.2168   0.0257     30671.69     726.7108     1486.226    0.142   0
        40    226.995    457.163 327.8921565 +28.9163728     5.56 0.0006010287 -11.1803 -11.2649   0.0246     32058.93     726.9484     1431.927    0.239   0
        41     63.458    892.193 327.9112812 +28.8690790     3.84 0.0004152411 -10.6691  99.0000  99.0000    -42890.11       715.96     1134.919    0.015   0
        42     42.132    802.325 327.9141416 +28.8787076     4.89 0.0005282909  -9.0132  -8.3859   0.3443     2261.295     716.8907     1350.363    0.270   0
        43    675.424    801.946 327.8358865 +28.8803529     4.23 0.0004573629 -10.6826 -10.4994   0.0495     15839.49       721.55     1508.589    0.038   0
        44    239.795    887.202 327.8895058 +28.8700676     4.13 0.0004462424 -12.6753 -12.0487   0.0122     65988.71     738.5641     1224.234    0.052   0
        45    751.501    501.808 327.8272115 +28.9128838     5.00 0.0005400246 -12.1728 -12.2389   0.0103     78623.58     742.8481     1494.377    0.129   0
        46    407.054    816.779 327.8690129 +28.8780802     4.32 0.0004665154  -9.6385  -9.7357   0.0996     7839.304     718.8132     1465.387    0.065   0
        47    451.979    855.239 327.8633670 +28.8740495     4.23 0.0004570245 -12.1581 -12.1685   0.0109     73685.18     741.2822     1432.918    0.086   0
        48    574.976    823.889 327.8482455 +28.8777370     4.22  0.000456098 -12.7205 -12.6996   0.0068     120181.2     756.8582     1477.631    0.090   0
        49    672.301    734.988 327.8364350 +28.8875601     1.08 0.0001168051  -8.4653 -10.4783   0.0504     15534.98     721.4646     1511.147    0.055   0
        50    467.815    771.589 327.8616156 +28.8831030     3.44 0.0003714789  -8.5506  -8.7251   0.2519     3090.538     716.8764      1492.43    0.417   0
        51    841.151    830.406 327.8153386 +28.8776986    78.20  0.008446215 -13.9243 -12.9489   0.0055       151208     766.9815     1155.636    0.489  16
        52    797.797    764.383 327.8208551 +28.8847053     6.94 0.0007494027 -10.8757 -11.1135   0.0282     27886.13      725.372     1480.941    0.085   0
        53    800.110    688.879 327.8207515 +28.8928469     4.53 0.0004895963 -13.4017 -13.4498   0.0036     239846.8     795.3855       1501.4    0.084   0
        54    535.689    710.963 327.8533764 +28.8898065     4.46 0.0004816575 -13.1778 -13.2437   0.0043       198368     782.2025     1502.865    0.080   0
        55    603.321    648.590 327.8451702 +28.8966973     5.40 0.0005827716  -9.6281  -9.7632   0.0971     8040.451     718.8226     1503.268    0.120   0
        56    251.169    663.140 327.8886566 +28.8942398     5.79  0.000625065  -9.6448 -10.2688   0.0611      12809.3     720.6403     1472.823    0.117   0
        57    655.031    648.791 327.8387788 +28.8968050     4.90 0.0005295758 -10.4562 -10.6338   0.0437     17927.53      722.032     1504.389    0.151   0
        58    166.519    845.690 327.8986631 +28.8743537     4.86 0.0005248522  -9.5902  -9.6789   0.1049     7439.625     718.6136      1392.87    0.124   0
        59     57.349    825.902 327.9122021 +28.8762063     4.56  0.000492847 -10.2283 -10.3505   0.0567     13809.86     720.8867     1333.956    0.150   0
        60    670.732    587.284 327.8369878 +28.9034719     4.83 0.0005219484 -10.9568 -11.0156   0.0309     25483.41     724.9838     1498.162    0.147   0
        61    746.968    610.619 327.8275085 +28.9011476     4.67 0.0005043276 -11.7601 -11.7132   0.0164     48447.26     732.6816     1500.457    0.088   0
        62    699.537    559.227 327.8334955 +28.9065671     4.83 0.0005212103 -11.6656 -11.5714   0.0187     42515.38     730.8135     1499.114    0.130   0
        63    814.322    568.816 327.8192846 +28.9058195     4.71 0.0005087382 -11.3458 -11.4127   0.0215     36733.41     728.7732     1474.546    0.128   0
        64    305.025    552.819 327.8822740 +28.9062642     4.93 0.0005324065 -12.3768 -12.4729   0.0083     97533.34     749.1464     1471.003    0.131   0
        65    310.551    531.195 327.8816445 +28.9086083     5.05 0.0005450316 -10.5437 -10.6069   0.0448     17488.95      722.041      1468.97    0.150   0
