#   1 NUMBER                 Running object number                                     
#   2 X_IMAGE                Object position along x                                    [pixel]
#   3 Y_IMAGE                Object position along y                                    [pixel]
#   4 ALPHA_J2000            Right ascension of barycenter (J2000)                      [deg]
#   5 DELTA_J2000            Declination of barycenter (J2000)                          [deg]
#   6 FWHM_IMAGE             FWHM assuming a gaussian core                              [pixel]
#   7 FWHM_WORLD             FWHM assuming a gaussian core                              [deg]
#   8 MAG_BEST               Best of MAG_AUTO and MAG_ISOCOR                            [mag]
#   9 MAG_APER               Fixed aperture magnitude vector                            [mag]
#  10 MAGERR_APER            RMS error vector for fixed aperture mag.                   [mag]
#  11 FLUX_APER              Flux vector within fixed circular aperture(s)              [count]
#  12 FLUXERR_APER           RMS error vector for aperture flux(es)                     [count]
#  13 BACKGROUND             Background at centroid position                            [count]
#  14 ELLIPTICITY            1 - B_IMAGE/A_IMAGE                                       
#  15 FLAGS                  Extraction flags                                          
         1    853.697     89.068 200.9163969 +36.1142559   119.33   0.01291697 -14.7169 -12.4924   0.0056     99303.25     510.6941     743.5351    0.498  19
         2    819.084     46.213 200.9211289 +36.1187717    68.99  0.007467374 -13.3267 -11.8442   0.0097     54659.18     488.2651     615.6528    0.808  19
         3    821.589      9.487 200.9208639 +36.1227444    79.27  0.008580851 -13.5519 -12.3181   0.0061     84575.85     472.5012     431.9203    0.779  24
         4    684.515    173.063 200.9389512 +36.1046451     5.69 0.0006160981 -15.5017 -15.5314   0.0007      1631410     1013.348     925.4084    0.080   4
         5    771.688    170.707 200.9272504 +36.1051799     4.48 0.0004844836 -15.0245 -15.0583   0.0009      1055171     859.5012     927.0201    0.050   0
         6    125.011    181.284 201.0140608 +36.1019313     4.12 0.0004459316 -13.2502 -13.3028   0.0029     209474.3     561.9808     872.3279    0.037   0
         7    547.865    179.103 200.9572880 +36.1035514     6.76 0.0007320415  -8.6872  -8.9965   0.1264     3968.088     461.6719     920.8619    0.287   0
         8     42.012    234.969 201.0250926 +36.0958608     0.00            0  -8.3855  -8.0616   0.2980     1677.376     460.2221     851.8171    0.011   0
         9    337.178    243.020 200.9854473 +36.0959647     5.67 0.0006141822  -8.6836  -8.6178   0.1787     2799.853     460.8315     906.6131    0.146   0
        10    625.966    303.982 200.9465533 +36.0903228     4.18 0.0004528899 -10.8683 -10.9358   0.0217     23676.32     472.1096     922.7077    0.057   0
        11    808.378    302.187 200.9220673 +36.0911035     2.55 0.0002765265  -8.0597  -6.2978   1.5101     330.4505     459.4899     924.3084    0.413   0
        12    266.035    349.911 200.9947798 +36.0841920     6.53 0.0007063661  -9.3839  -9.5902   0.0734     6855.971     463.1557     896.2709    0.092   0
        13    202.416    412.092 201.0031918 +36.0772700     7.60 0.0008224462  -8.9406  -9.0126   0.1245     4027.541      461.717     882.3071    0.369   0
        14     30.558    460.992 201.0261572 +36.0714228     4.64  0.000502612  -9.1571  -9.4352   0.0845     5944.015     462.5986     835.5192    0.141   0
        15    144.460    501.850 201.0107850 +36.0673892     3.94 0.0004260062 -12.9766 -13.0232   0.0036     161911.4      540.397     862.6438    0.025   0
        16    883.400    896.200 200.9108461 +36.0272162     3.44 0.0003728994  -9.0589 -11.0202   0.0201     25590.03     472.9704     805.2835    0.416   0
        17    898.375    870.321 200.9088872 +36.0300577     3.98 0.0004306272 -10.2382 -10.6006   0.0293     17387.68     468.8187     783.2798    0.074   0
        18    114.572    852.992 201.0140674 +36.0293833     6.49 0.0007026919  -8.7030  -8.2577   0.2488     2009.408     460.4025     779.4531    0.198   0
        19    882.812    797.614 200.9111155 +36.0378572     3.44 0.0003725988  -8.9165 -10.9689   0.0210     24409.54     472.4219     828.4952    0.419   0
        20     52.335    744.606 201.0226424 +36.0408779     6.00 0.0006494753  -8.7522  -8.9664   0.1299     3859.596     461.5872     797.4587    0.360   0
        21    632.008    679.960 200.9449971 +36.0497535     0.00            0  -7.9272  -8.1688   0.2700     1851.517     460.3816     895.7221    0.018   0
        22    543.183    675.968 200.9569237 +36.0498971     5.44 0.0005885122 -10.1249 -10.2456   0.0404     12537.94     466.1485     892.3015    0.127   0
        23    491.341    643.067 200.9639460 +36.0532806     3.59 0.0003884227 -10.1919 -10.2331   0.0408     12394.96     466.1615     893.7218    0.054   0
        24    709.142    535.269 200.9349316 +36.0656223     5.08 0.0005502808  -8.3764  -8.7046   0.1651     3032.865     461.1004     913.3187    0.239   0
        25    882.781    807.776 200.9111001 +36.0367600     5.26 0.0005688804  -9.8255 -10.9561   0.0213      24122.4     472.3079     826.2318    0.287   0
        26    624.005    749.002 200.9459341 +36.0422742     3.77 0.0004085104  -7.3840  -8.1469   0.2755     1814.544     460.3485       879.37    0.307   0
        27    883.800    791.195 200.9109954 +36.0385534     3.47 0.0003752355  -9.0444 -10.9511   0.0214     24013.74     472.2124     827.9514    0.656   0
        28    226.643    691.501 200.9993654 +36.0471864     4.03 0.0004361259 -10.3042 -10.4148   0.0346      14653.4     467.3456     848.1086    0.049   0
        29    536.694    696.922 200.9577527 +36.0476139     3.53 0.0003823861  -9.6902  -9.9198   0.0543     9288.347     464.5182     886.3708    0.070   0
        30    690.944    587.729 200.9372705 +36.0599004     1.06 0.0001147856  -7.3695  -8.0733   0.2949     1695.551     460.3618     909.7418    0.080   0
        31    464.831    633.834 200.9675220 +36.0541911     3.90 0.0004224225  -7.9814  -7.8750   0.3538     1412.506      460.234     893.2033    0.255   0
        32    770.979    568.498 200.9265674 +36.0622337     3.74 0.0004051288 -10.3251 -10.4555   0.0334     15212.68     467.7085      912.256    0.085   0
        33    868.521    658.833 200.9133016 +36.0527938     5.51 0.0005960775  -9.3451 -10.4534   0.0335     15183.29     467.6673     886.0964    0.196   0
        34    882.684    913.481 200.9109086 +36.0253482     3.93 0.0004259083  -9.3018 -11.0050   0.0204     25233.88     472.9969     801.1845    0.513   0
        35    886.137    947.251 200.9103803 +36.0217136     4.54 0.0004911753  -9.5076 -10.9553   0.0213     24104.73     472.3238      789.861    0.528   0
