#   1 NUMBER                 Running object number                                     
#   2 X_IMAGE                Object position along x                                    [pixel]
#   3 Y_IMAGE                Object position along y                                    [pixel]
#   4 ALPHA_J2000            Right ascension of barycenter (J2000)                      [deg]
#   5 DELTA_J2000            Declination of barycenter (J2000)                          [deg]
#   6 FWHM_IMAGE             FWHM assuming a gaussian core                              [pixel]
#   7 FWHM_WORLD             FWHM assuming a gaussian core                              [deg]
#   8 MAG_BEST               Best of MAG_AUTO and MAG_ISOCOR                            [mag]
#   9 MAG_APER               Fixed aperture magnitude vector                            [mag]
#  10 MAGERR_APER            RMS error vector for fixed aperture mag.                   [mag]
#  11 FLUX_APER              Flux vector within fixed circular aperture(s)              [count]
#  12 FLUXERR_APER           RMS error vector for aperture flux(es)                     [count]
#  13 BACKGROUND             Background at centroid position                            [count]
#  14 ELLIPTICITY            1 - B_IMAGE/A_IMAGE                                       
#  15 FLAGS                  Extraction flags                                          
         1      9.796     81.390 327.7915685 +28.8489956    59.95  0.006476017 -13.1114 -12.2297   0.0080      77959.8     576.7861     448.7107    0.616  24
         2    191.948     30.161 327.7691837 +28.8549656    29.27  0.003161988 -11.9938 -11.4243   0.0175     37128.04     597.8206     674.5259    0.220   1
         3    136.359     10.744 327.7760965 +28.8569223    84.37  0.009114061 -14.2884 -13.0204   0.0042     161488.9     620.4598     365.3003    0.746  24
         4    206.604     20.147 327.7673961 +28.8560810     5.99 0.0006469653  -9.1448  99.0000  99.0000    -22184.38     581.9389     688.3242    0.408   1
         5    141.506     87.995 327.7752819 +28.8486079    31.73  0.003427797 -12.4352 -11.3897   0.0180     35964.76     597.1895     1015.079    0.621   0
         6    463.814     26.982 327.7356027 +28.8559699     4.96 0.0005361991 -10.4137  99.0000  99.0000    -1415.511     581.8566     796.4097    0.239   0
         7    296.727     50.231 327.7561926 +28.8530582     5.00 0.0005402776 -10.4714  99.0000  99.0000    -16585.95     582.0212     943.4439    0.075   0
         8    721.267    138.362 327.7035451 +28.8445827     4.95 0.0005351082 -15.9413 -15.9669   0.0006      2436403      1247.77     1147.441    0.067   6
         9    277.638     67.488 327.7585113 +28.8511515     5.61 0.0006061139 -10.7625  99.0000  99.0000    -866.2001     582.0048     1026.653    0.124   0
        10    977.685     68.380 327.6720226 +28.8527353     6.43 0.0006946586  -9.1754  99.0000  99.0000    -23436.34     582.0871     908.5648    0.198   0
        11    737.172     81.811 327.7017068 +28.8507165     5.43 0.0005869715  -9.7343  99.0000  99.0000    -11900.78     581.7906     1055.589    0.039   0
        12    924.033    104.874 327.6785703 +28.8486747     5.37 0.0005805358 -10.5931 -10.7965   0.0308        20826     590.9153     1069.896    0.091   0
        13    193.033    111.315 327.7688625 +28.8462204     5.09 0.0005493663 -11.1829 -10.6150   0.0363     17620.05     589.5574     1178.983    0.139   0
        14     65.413    104.856 327.7846431 +28.8466033     8.39 0.0009062582  -9.1448  99.0000  99.0000    -14790.03     582.0542     761.9175    0.207   2
        15    727.326    124.442 327.7028277 +28.8460977     5.53 0.0005976316 -11.9630 -12.1351   0.0093      71456.2     611.9608     1145.202    0.193   3
        16    432.435    125.148 327.7392560 +28.8453124     5.96 0.0006441836  -8.8129  -3.7227  20.5000     30.83632     582.0839     1171.431    0.139   0
        17     85.053    142.975 327.7821284 +28.8425427     6.42 0.0006934605 -10.8896 -10.9327   0.0272     23608.33     592.0912     1046.212    0.289   0
        18    744.716    139.892 327.7006449 +28.8444738     7.49 0.0008094669 -10.2856 -10.4970   0.0405     15805.78     588.7875     1141.527    0.214   0
        19    773.671    144.469 327.6970577 +28.8440495     5.21 0.0005627992  -8.5114  -9.1776   0.1353     4688.774     584.1138     1134.501    0.405   0
        20    651.949    145.601 327.7120921 +28.8436366     4.67 0.0005049749  -8.9240  -9.1147   0.1433     4424.671     583.7217     1163.039    0.115   0
        21    269.548    160.513 327.7592971 +28.8411043     5.10 0.0005507923 -11.1445 -11.2602   0.0203     31922.45     595.6397     1192.168    0.142   0
        22    917.836    149.183 327.6792377 +28.8438837     3.94 0.0004254956  -8.7369 -10.0990   0.0582     10954.33     586.6587     1087.863    0.265   0
        23    573.799    148.508 327.7217397 +28.8431355     4.57 0.0004932412  -8.2767  99.0000  99.0000    -71.90462     581.9389     1169.789    0.244   0
        24    406.530    168.652 327.7423570 +28.8405601     5.04 0.0005439125 -11.7528 -11.8109   0.0124     53008.66     604.2983     1185.216    0.160   0
        25    493.578    169.664 327.7316017 +28.8406617     5.42 0.0005858896  -9.6847 -10.2864   0.0490     13018.36     587.6191      1179.48    0.139   0
        26    528.654    281.458 327.7270157 +28.8286956     5.85 0.0006324428 -16.1992 -16.2162   0.0005      3065462     1368.013     1180.373    0.099   6
        27    585.665    181.348 327.7201998 +28.8396240     5.78 0.0006239435  -8.8690  -9.3859   0.1117     5680.288     584.3904     1175.309    0.156   0
        28    750.733    186.125 327.6997983 +28.8395044     5.28 0.0005698792  -9.7885 -10.3168   0.0477     13388.15     587.7764     1141.885    0.145   0
        29    903.411    235.640 327.6808282 +28.8345299     4.69 0.0005069738 -13.5714 -13.6170   0.0027     279770.1     691.7505     1096.868    0.040   0
        30    708.980    207.625 327.7049078 +28.8370872     6.52 0.0007047961  -9.6242 -10.0419   0.0613     10393.92     586.3217     1153.854    0.218   0
        31    468.396    290.003 327.7344392 +28.8276291     4.88 0.0005276627 -15.6231 -15.6134   0.0007      1759410      1103.74     1184.827    0.135   7
        32    514.727    258.025 327.7287890 +28.8311879     4.77 0.0005151319 -13.1624 -13.2037   0.0037       191190     659.0767     1182.126    0.159   3
        33    483.375    279.171 327.7326136 +28.8288328     4.75 0.0005134474 -14.3690 -14.3797   0.0015     564771.2     788.0843      1184.48    0.134   3
        34     83.863    225.017 327.7820851 +28.8336963     8.36 0.0009028657 -10.6138 -10.9234   0.0275     23408.13     592.0229     1130.812    0.116   0
        35    274.184    257.646 327.7585013 +28.8306453     4.81 0.0005199902 -13.5516 -13.5926   0.0027     273550.2     689.5268     1196.324    0.140   0
        36     54.443    232.727 327.7857011 +28.8327927     7.00  0.000755815 -10.0257 -10.6810   0.0342     18723.74     590.0252     985.7496    0.392   0
        37    659.973    254.515 327.7108562 +28.8319154     4.61  0.000497684 -12.0640 -12.1245   0.0094     70764.55     611.6782     1165.815    0.080   0
        38   1028.150    237.916 327.6654150 +28.8345792     5.67 0.0006125842  -9.0329  -8.3731   0.2118     2234.815     435.8082     1057.052    0.481  24
        39    320.748    254.506 327.7527571 +28.8310973     4.91 0.0005303459 -11.8459 -11.9006   0.0114      57574.1     606.2947     1192.501    0.133   0
        40    116.118    243.085 327.7780590 +28.8318279     5.11 0.0005520038  -9.0794  99.0000  99.0000    -5643.274     581.9883     1194.018    0.265   0
        41    672.135    258.563 327.7093448 +28.8315082     4.87 0.0005265456 -10.6650 -10.7888   0.0310     20678.45     590.8853     1163.285    0.114   0
        42     77.532    248.655 327.7828122 +28.8311326     7.26 0.0007839162 -10.7060 -11.3229   0.0191      33818.3     596.3063     1101.538    0.630   0
        43    768.428    267.828 327.6974300 +28.8307396     4.60 0.0004963796 -12.0274 -12.0772   0.0098     67747.55      610.381     1135.207    0.094   0
        44    212.522    271.016 327.7660869 +28.8290536     4.89 0.0005284298 -11.8671 -11.9482   0.0110     60157.02     607.3273     1196.441    0.142   0
        45    250.817    261.565 327.7613787 +28.8301659     5.20  0.000561792  -9.7102  -9.9729   0.0653     9753.204     586.1302     1196.459    0.120   0
        46    577.317    270.314 327.7210302 +28.8300140     4.75  0.000513591 -10.7024 -10.8337   0.0298     21550.64     591.1732      1176.57    0.143   0
        47     77.886    271.757 327.7827149 +28.8286433     4.52 0.0004878735  -9.7990 -11.2416   0.0206     31378.83     595.4437     1101.234    0.532   0
        48    189.857    293.857 327.7688337 +28.8265360     4.87 0.0005261779 -12.0084 -12.0936   0.0096     68778.88     610.8347      1196.14    0.154   0
        49   1008.203    282.251 327.6677813 +28.8297531     5.19 0.0005606693  -8.3346  99.0000  99.0000    -2040.295     581.9224     1052.269    0.382   0
        50     76.096    283.727 327.7829082 +28.8273486     6.81 0.0007353696 -10.6525 -11.2477   0.0205     31554.89     595.4693     1091.317    0.152   0
        51    264.758    312.536 327.7595396 +28.8247055     4.73 0.0005109719 -10.8147 -10.7956   0.0308      20807.6     590.8589     1194.235    0.168   0
        52    205.168    333.589 327.7668512 +28.8222906     4.73 0.0005109794 -13.4527 -13.5037   0.0029     252047.1     681.5875     1195.818    0.136   0
        53    104.608    309.601 327.7793266 +28.8246297     4.88 0.0005269269  -9.5894  -8.5717   0.2360     2683.348     583.0248     1193.714    0.156   0
        54    941.020    312.990 327.6760117 +28.8262810     4.12  0.000445007  -8.3578  -8.6780   0.2140     2959.385     583.0445      1064.63    0.407   0
        55    844.731    319.181 327.6878910 +28.8253855     4.94 0.0005334459 -10.0504 -10.0790   0.0592     10754.92      586.688      1098.61    0.141   0
        56    814.959    338.548 327.6915251 +28.8232271     4.86 0.0005254702  -9.3821  -9.4778   0.1027     6181.878     584.7689     1105.482    0.149   0
        57    119.690    351.341 327.7773672 +28.8201675     4.60 0.0004973171  -9.5858  99.0000  99.0000    -3974.202     582.1036     1193.649    0.182   0
        58     28.370    353.166 327.7886415 +28.8197460     3.45 0.0003723484  -7.7138  99.0000  99.0000    -60013.36     582.0048     853.5421    0.440   0
        59    213.986    363.136 327.7656940 +28.8191271     4.78 0.0005160348 -10.9522 -11.1117   0.0232     27840.79     593.8757     1194.391    0.158   0
        60    840.767    361.339 327.6882869 +28.8208317     4.97 0.0005365984  -8.4399  -7.8231   0.4699     1346.569     582.6816     1090.924    0.166   0
        61    986.503    372.531 327.6702626 +28.8199703     4.36  0.000470635  -8.7734  -8.7842   0.1942      3263.42     583.4871      1031.38    0.252   0
        62     77.844    375.333 327.7824797 +28.8174784     4.19  0.000452606  -9.6028 -11.2171   0.0211     30679.76     595.0212     1096.065    0.666   0
        63     78.609    383.189 327.7823670 +28.8166335     3.45 0.0003731286  -9.3156 -11.2704   0.0201     32221.44     595.4433     1099.784    0.429   0
        64    547.338    390.346 327.7244619 +28.8170031     4.90 0.0005295972  -9.9037 -10.0340   0.0617     10318.11     586.4038     1171.889    0.203   0
        65     69.394    387.804 327.7834944 +28.8161134     2.87  0.000309993  -9.2528 -11.1692   0.0220     29353.87     594.3672     1049.959    0.423   0
        66     78.787    393.812 327.7823204 +28.8154889     3.46 0.0003733671  -9.3537 -11.2677   0.0201      32142.8     595.4908     1098.145    0.652   0
        67    967.337    463.449 327.6724291 +28.8101246     4.66 0.0005033527 -15.7141 -15.7420   0.0006      1980629       1152.8     1015.589    0.059   4
        68    123.332    397.844 327.7768098 +28.8151637     4.57 0.0004937614  -8.9035  99.0000  99.0000     -6175.92     581.9883     1188.489    0.275   0
        69    346.060    440.617 327.7492051 +28.8110973     4.57 0.0004936935 -13.5351 -13.5859   0.0028     271874.5     689.0024     1182.982    0.144   0
        70    819.961    421.067 327.6907237 +28.8143440     4.48 0.0004837587 -11.2076 -11.2183   0.0210     30714.12     595.0679     1086.664    0.130   0
        71    119.993    419.519 327.7771720 +28.8128191     5.42 0.0005856342  -8.4191  99.0000  99.0000      -7178.3     581.9554     1185.671    0.263   0
        72     77.162    423.315 327.7824526 +28.8123047     3.92 0.0004237478  -9.5131 -11.2197   0.0210     30753.57     595.0845     1084.615    0.617   0
        73    173.382    442.751 327.7705250 +28.8104458     4.66 0.0005030908 -11.7135 -11.8118   0.0124     53053.13     604.3801     1187.709    0.144   0
        74    272.709    485.872 327.7581598 +28.8060406     4.52 0.0004880737 -14.9776 -15.0107   0.0010      1009885     918.5579     1184.313    0.124   0
        75    807.727    447.573 327.6921756 +28.8114576     5.41 0.0005841202 -12.0026 -12.0470   0.0100      65885.8     609.6966     1084.738    0.206   0
        76    419.631    437.454 327.7401267 +28.8116168     5.36 0.0005785353  -8.6942  -9.3919   0.1111      5711.68     584.5351      1178.13    0.147   0
        77    722.938    441.413 327.7026605 +28.8119196     4.61 0.0004976919  -9.1336  -9.3317   0.1174     5403.495     584.3376      1116.38    0.200   0
        78    668.839    449.485 327.7093235 +28.8109201     4.61 0.0004981608  -9.1750  -9.2060   0.1318     4812.736     584.0848     1133.291    0.135   0
        79    425.928    449.454 327.7393217 +28.8103385     4.70 0.0005079604  -9.3615  -9.7394   0.0808     7866.378      585.374     1176.776    0.184   0
        80   1016.019    462.786 327.6664187 +28.8103108     4.55 0.0004918659 -11.4783 -11.4717   0.0166     38785.14     592.8657     999.2419    0.082  16
        81     40.104    477.887 327.7869022 +28.8063309     4.80 0.0005185718 -12.1641 -12.1988   0.0088     75773.54     613.7844     900.2422    0.202   0
        82    353.808    460.058 327.7482039 +28.8090205     4.58 0.0004950783  -9.1887  -9.8070   0.0760     8371.528     585.5734     1181.359    0.157   0
        83    177.611    468.783 327.7699427 +28.8076501     5.29 0.0005719357  -8.7696  -9.5778   0.0937     6778.349     584.7125     1185.054    0.164   0
        84    950.883    506.638 327.6743658 +28.8054302     4.40 0.0004752406 -13.9531 -13.9958   0.0020     396586.6     732.8577     1006.899    0.091   0
        85    571.860    477.597 327.7212364 +28.8076571     4.96 0.0005353287  -9.1898  -9.2313   0.1288     4926.207     584.0513     1154.003    0.188   0
        86    465.499    480.725 327.7343640 +28.8070634     4.91 0.0005298994  -9.0566  -8.8523   0.1824     3474.843     583.5283     1170.834    0.130   0
        87     74.499    497.507 327.7826094 +28.8043007     4.30 0.0004643579  -9.6230 -11.1797   0.0218     29641.38     594.7621     1065.998    0.777   0
        88     97.995    505.451 327.7796895 +28.8035022     4.89 0.0005277095  -8.7275  -8.8997   0.1746     3629.682     583.5126     1179.933    0.102   0
        89    347.997    525.372 327.7487723 +28.8019659     4.49   0.00048477 -11.1869 -11.2950   0.0196     32960.53     595.8179     1175.674    0.179   0
        90    999.008    525.986 327.6683803 +28.8034581     0.84  9.03551e-05  -8.2118  99.0000  99.0000    -2446.029     581.8236       982.38    0.004   0
        91    431.862    548.920 327.7383627 +28.7996311     4.35 0.0004699815 -12.5529 -12.6152   0.0061     111196.1     628.0771     1166.531    0.138   0
        92     76.829    530.842 327.7822443 +28.8007132     3.89 0.0004205633  -9.3431 -11.1795   0.0218     29634.82     594.6143     1079.191    0.248   0
        93    608.745    742.350 327.7160855 +28.7792070     7.01 0.0007567572 -10.2987 -10.5029   0.0402     15890.86     588.7748     1072.371    0.249   0
        94    123.886   1025.664 327.7752895 +28.7474907     5.21 0.0005629194  -8.1024  99.0000  99.0000    -3705.927     473.3727     1047.672    0.291  16
        95    577.057    641.982 327.7202239 +28.7899499     3.44 0.0003711825  -8.4882  -9.1207   0.1425     4449.252     583.9457     1114.676    0.021   0
        96     84.499    896.991 327.7804486 +28.7612639     3.75 0.0004055074  -9.5545 -11.2765   0.0200     32405.21     595.7297     1020.355    0.382   0
        97    461.953    884.887 327.7338846 +28.7634888     4.26  0.000460103 -12.5197 -12.5888   0.0063     108521.9     626.9507     1072.562    0.168   0
        98    423.633    931.529 327.7385087 +28.7583684     5.62 0.0006073869  -8.7704  -9.5096   0.0998     6365.777     584.7983     1066.068    0.299   3
        99    502.915    923.685 327.7287405 +28.7594055     4.17 0.0004506994  -9.1601  -9.2012   0.1324     4791.809     583.9774     1045.098    0.190   0
       100   1002.070    893.350 327.6671937 +28.7638655     5.34  0.000577111  -9.0888  -9.4237   0.1079     5881.327     584.4929     637.8436    0.290   0
       101    888.886    889.699 327.6811734 +28.7639917     4.96 0.0005362845  -9.8350  -9.9636   0.0658     9669.912     586.2582     861.1501    0.291   0
       102    274.789    906.350 327.7569386 +28.7607210     4.16 0.0004490542 -12.0875 -12.1555   0.0091     72813.08     612.5305     1095.063    0.167   0
       103     82.487    881.997 327.7807317 +28.7628751     3.76 0.0004063362  -9.4779 -11.2677   0.0201     32142.66     595.6677      1017.77    0.385   0
       104    860.587    884.786 327.6846774 +28.7644542     3.44 0.0003713919  -8.0760  99.0000  99.0000    -1407.301     581.8566     903.4642    0.416   0
       105   1008.776    867.061 327.6664239 +28.7667151     3.75 0.0004054351  -8.5375  99.0000  99.0000    -8880.821     582.0542     684.2381    0.250   0
       106     78.116    812.349 327.7814327 +28.7703720     4.82 0.0005205783 -10.0527 -11.2931   0.0197     32904.85     596.0679     1024.873    0.281   0
       107    316.147    869.682 327.7519174 +28.7647742     4.74 0.0005115726 -10.0647 -10.2423   0.0510     12499.72       587.48     1104.557    0.166   0
       108    465.766    813.847 327.7335751 +28.7711557     4.21 0.0004546622 -13.7083 -13.7505   0.0024     316361.2     704.9457     1096.386    0.155   0
       109    716.326    838.325 327.7025890 +28.7691191     4.33 0.0004678435 -11.6638 -11.7218   0.0134        48832     602.7587     993.7221    0.199   0
       110    413.777    842.450 327.7399279 +28.7679467     4.22 0.0004562134 -11.1258 -11.1938   0.0215     30028.04     594.7635     1097.923    0.161   0
       111    142.515    842.444 327.7734134 +28.7672862     4.07 0.0004401064 -11.7574 -11.7589   0.0130     50531.78     603.4474     1118.497    0.159   0
       112    884.075    830.715 327.6818979 +28.7703384     4.93 0.0005328828 -13.2144 -13.2470   0.0036     198979.7     662.0972     919.2022    0.213   0
       113     83.670    845.343 327.7806707 +28.7668291     4.07 0.0004397044  -9.5850 -11.2286   0.0208     31006.71     595.1586     1041.038    0.420   0
       114    261.905    789.925 327.7587961 +28.7732393     4.40 0.0004753578  -9.6644  -9.7067   0.0833     7632.939     585.3234     1137.923    0.209   0
       115    785.997    827.994 327.6940114 +28.7703988     4.12 0.0004446884  -8.2909  -8.5633   0.2378     2662.757     583.0652     967.0923    0.415   0
       116    788.202    776.600 327.6938537 +28.7759440     6.26 0.0006758478  -8.7752  -8.8015   0.1910     3315.981     583.1974     986.6575    0.363   0
       117     71.876    790.659 327.7822533 +28.7726947     9.23 0.0009975113 -11.0352 -11.1152   0.0231     27929.71     593.9615     1003.959    0.387   0
       118    498.190    801.606 327.7296001 +28.7725535     4.36 0.0004714683  -9.8202  -9.7059   0.0833     7626.871      585.108     1092.927    0.185   0
       119    147.601    796.345 327.7728920 +28.7722678     4.18  0.000451589 -11.0992 -11.1668   0.0220     29290.35     594.3405     1136.505    0.133   0
       120     79.306    680.752 327.7815909 +28.7845601     6.70 0.0007238181 -10.8323 -11.3422   0.0188     34424.56     596.6729     1070.189    0.694   0
       121     77.700    708.940 327.7817238 +28.7815177     8.71 0.0009407587 -11.2025 -11.3157   0.0193     33595.54     596.2772     1058.415    0.580   0
       122    442.616    670.485 327.7367585 +28.7865532     4.56 0.0004921541  -9.1149  -9.5379   0.0972     6533.504     584.8045     1145.229    0.171   0
       123    884.952    755.248 327.6819568 +28.7784755     4.71 0.0005090332 -10.8273 -10.8659   0.0289     22201.11      591.513     951.8876    0.237   0
       124    572.089    703.498 327.7206985 +28.7833069     4.25 0.0004593922  -9.0987  -9.4504   0.1053     6027.829     584.7031     1099.297    0.182   0
       125    276.463    747.060 327.7570971 +28.7778954     3.85 0.0004161931  -8.8946  -9.0631   0.1503     4219.334     583.8308     1148.286    0.157   0
       126    267.336    743.227 327.7582327 +28.7782864     4.17 0.0004500056 -10.4195 -10.5118   0.0399     16021.58     588.9117     1149.741    0.173   0
       127    827.413    742.447 327.6890888 +28.7797188     4.31 0.0004660559  -9.4858  -9.3952   0.1108      5728.84     584.4112     982.9286    0.174   0
       128    381.927    742.457 327.7440876 +28.7786481     4.17 0.0004508848 -12.2989 -12.3728   0.0076     88946.17     619.0491     1138.011    0.165   0
       129    964.786    656.869 327.6723176 +28.7892689     4.83 0.0005212473  -9.5522  -9.3646   0.1139     5570.057     584.4417     947.8204    0.181   0
       130    848.388    760.342 327.6864596 +28.7778396     4.57 0.0004941962 -10.8459 -10.8762   0.0287     22411.24     591.5694     966.8091    0.190   0
       131    674.675    714.740 327.7080077 +28.7823412     4.53 0.0004893579  -9.8536  -9.9123   0.0690      9223.89     586.0189     1055.343    0.196   0
       132    740.189    747.009 327.6998472 +28.7790193     5.69  0.000614808  -8.5633  -8.1248   0.3558       1777.9     582.5212     1018.842    0.274   0
       133    307.217    739.021 327.7533188 +28.7788369     4.99 0.0005394926  -8.4180  -8.7342   0.2032     3116.478     583.1612      1148.04    0.185   0
       134    945.489    723.572 327.6745529 +28.7820331     4.88 0.0005271114 -10.9303 -10.9814   0.0261     24692.64     592.5651     933.8921    0.192   0
       135    527.672    674.811 327.7262473 +28.7862922     4.24 0.0004577336  -9.6711  -9.9418   0.0672     9478.209     586.0947     1122.717    0.197   0
       136    302.087    650.092 327.7541558 +28.7884103     4.38 0.0004728743  -9.8678  -9.9120   0.0690     9221.279     586.0178     1168.166    0.133   0
       137    573.944    651.695 327.7205863 +28.7888954     4.47 0.0004831933 -10.1927 -10.2874   0.0490     13030.11     587.6567       1113.2    0.173   0
       138    288.187    696.189 327.7557664 +28.7834075     3.72 0.0004023606  -8.2423  -8.5770   0.2348     2696.395     582.9811     1161.255    0.259   0
       139    283.754    724.705 327.7562483 +28.7803229     4.27   0.00046123  -8.9210  -8.5729   0.2358     2686.298     583.2068     1153.816    0.035   0
       140    585.052    708.702 327.7190864 +28.7827771     4.03 0.0004352305  -9.2000  -9.6886   0.0847     7506.635     585.2695     1092.395    0.155   0
       141    127.900    707.486 327.7755295 +28.7817977     4.11 0.0004444306 -10.2186  -9.5141   0.0994     6391.841     584.8586     1158.413    0.162   0
       142    870.269    679.973 327.6839364 +28.7865549     4.38 0.0004736694 -10.7748 -10.8139   0.0303     21162.92     591.1065     984.5284    0.158   0
       143    797.264    674.920 327.6929613 +28.7869261     4.70 0.0005072138  -8.9031  -9.0431   0.1531     4142.255     583.8799     1017.369    0.102   0
       144    251.787    666.134 327.7603294 +28.7865584     4.77 0.0005152636  -9.8226  -9.6802   0.0853     7448.434     585.2119     1170.993    0.175   0
       145    259.446    639.706 327.7594444 +28.7894259     4.47 0.0004829128 -10.1878 -10.1299   0.0566     11270.67     586.8914     1172.467    0.218   0
       146     77.748    657.017 327.7818383 +28.7871147     3.62 0.0003908202 -10.1850 -11.3098   0.0194     33412.02     596.2003     1070.118    0.414   2
       147    320.000    881.293 327.7514152 +28.7635321     4.10 0.0004432882  -9.4348  -9.7257   0.0818     7767.511     585.2499     1100.309    0.151   0
       148    829.160    539.148 327.6893250 +28.8016373     4.45 0.0004805135  -8.2538  -6.4885   1.6053     393.9063     582.2727     1047.326    0.165   0
       149    944.660    968.352 327.6741150 +28.7556453     5.57 0.0006012485  -9.1117 -10.1839   0.0538     11845.98     587.0222     599.8914    0.420   0
       150    388.710    954.575 327.7427669 +28.7557996     4.34 0.0004688023 -10.6436 -10.7684   0.0316     20294.34     590.6741     1064.403    0.208   0
       151     79.593    642.195 327.7816448 +28.7887170     3.45 0.0003729836  -9.4487 -11.2418   0.0206     31383.45     595.2041     1082.845    0.418   0
       152    852.829    618.022 327.6862272 +28.7931914     6.63 0.0007166281  -9.3849  -9.5385   0.0971     6537.496     584.7407     1011.075    0.328   0
       153    158.789    620.686 327.7719163 +28.7912299     4.43 0.0004783856 -11.1889 -11.3072   0.0194     33333.33     596.1512     1177.264    0.189   0
       154     71.395    622.811 327.7827020 +28.7907863     3.46 0.0003733652  -9.3261 -11.1799   0.0218     29646.15     594.4256     1040.927    0.426   0
       155    728.096    626.620 327.7016093 +28.7919677     4.25 0.0004588357 -10.7598 -10.8039   0.0306      20968.7     591.0081     1061.171    0.152   0
       156    152.575    608.159 327.7727125 +28.7925651     4.37 0.0004725448 -11.6484 -11.6975   0.0137      47751.5     602.1512      1178.13    0.180   0
       157     61.764    988.735 327.7830422 +28.7513186     4.47 0.0004824097 -13.0043 -13.0734   0.0042     169579.5     650.8425      894.067    0.174   0
       158     90.072    581.803 327.7804909 +28.7952525     4.54 0.0004904316 -11.3538 -11.5608   0.0155     42105.08     599.7704     1141.725    0.151   0
       159    314.500   1009.691 327.7518006 +28.7496783     4.29 0.0004638169 -10.7222 -10.8064   0.0305        21017     591.0772      1051.12    0.209   0
       160    628.135    584.864 327.7140456 +28.7962296     4.26 0.0004597598 -11.4056 -11.4744   0.0167     38882.52     598.5378     1111.529    0.150   0
       161     61.118    963.426 327.7831806 +28.7540452     4.50 0.0004863245 -11.9271 -12.0627   0.0099     66845.74     610.0273     897.4824    0.176   0
       162    175.350    565.520 327.7699987 +28.7972171     4.95 0.0005342634  -9.2341  -9.8593   0.0724     8784.724     585.8643     1180.357    0.237   0
       163    169.349    997.633 327.7697431 +28.7506237     4.27  0.000460847 -12.1444 -12.2142   0.0087     76852.88     614.2083     1056.891    0.173   0
       164    125.535   1011.995 327.7751176 +28.7489681     4.13 0.0004460236  -8.6878  99.0000  99.0000    -3567.491     582.0212     1049.573    0.263   0
       165    136.012   1000.495 327.7738510 +28.7502334     3.75 0.0004052976  -8.2399  99.0000  99.0000    -1220.395     582.0377     1052.543    0.355   0
       166     97.511    769.395 327.7791379 +28.7750498     5.34 0.0005768704 -12.0979 -12.1779   0.0090      74331.3     613.1342     1130.887    0.355   0
       167    424.983    925.691 327.7383554 +28.7590010     5.99 0.0006470862  -8.8320  -9.3454   0.1160       5472.4     584.4163     1068.054    0.403   3
       168    126.960    973.655 327.7750302 +28.7531044     4.26 0.0004605164 -12.4891 -12.5280   0.0066     102612.3     624.6051     1059.258    0.164   0
