#   1 NUMBER                 Running object number                                     
#   2 X_IMAGE                Object position along x                                    [pixel]
#   3 Y_IMAGE                Object position along y                                    [pixel]
#   4 ALPHA_J2000            Right ascension of barycenter (J2000)                      [deg]
#   5 DELTA_J2000            Declination of barycenter (J2000)                          [deg]
#   6 FWHM_IMAGE             FWHM assuming a gaussian core                              [pixel]
#   7 FWHM_WORLD             FWHM assuming a gaussian core                              [deg]
#   8 MAG_BEST               Best of MAG_AUTO and MAG_ISOCOR                            [mag]
#   9 MAG_APER               Fixed aperture magnitude vector                            [mag]
#  10 MAGERR_APER            RMS error vector for fixed aperture mag.                   [mag]
#  11 FLUX_APER              Flux vector within fixed circular aperture(s)              [count]
#  12 FLUXERR_APER           RMS error vector for aperture flux(es)                     [count]
#  13 BACKGROUND             Background at centroid position                            [count]
#  14 ELLIPTICITY            1 - B_IMAGE/A_IMAGE                                       
#  15 FLAGS                  Extraction flags                                          
         1    839.989     81.584 327.8144428 +28.8485305   153.59   0.01659622 -17.5312 -15.0546   0.0022      1051537       2087.5     3033.108    0.594  19
         2    826.020     10.977 327.8163397 +28.8561063    96.67   0.01044564 -16.5822 -15.0458   0.0021      1043081     1997.598    -592.7457    0.790  25
         3    476.953     10.610 327.8594875 +28.8552529     5.91 0.0006382637 -10.5936  99.0000  99.0000    -260758.5      1851.62     2224.774    0.416  16
         4    174.493     82.113 327.8966944 +28.8467602   125.84   0.01359767 -16.3953 -13.2287   0.0110     195645.3     1983.225     3985.793    0.919  18
         5    589.523     31.325 327.8455227 +28.8533094     7.06 0.0007630898 -12.1897  99.0000  99.0000    -153443.1     1958.629     3069.072    0.345   0
         6    879.363    473.114 327.8086355 +28.8064237    48.07  0.005194507 -14.6912 -13.0117   0.0134     160210.6     1978.589     4598.272    0.868  16
         7    750.979     58.741 327.8254996 +28.8507666     7.42 0.0008015369 -12.8585 -13.0676   0.0127     168674.1     1979.822     3390.109    0.056   3
         8      3.493     55.686 327.9178954 +28.8491607     3.26 0.0003523218  -9.0544  99.0000  99.0000    -52524.79     1549.806      3040.39    0.300  16
         9    563.064     83.298 327.8486660 +28.8476389     7.21 0.0007792349 -14.0319 -13.3733   0.0097     223521.3     1986.681     4601.788    0.481   0
        10    615.682     96.328 327.8421308 +28.8463692     6.26 0.0006767092 -13.0259 -13.1274   0.0121       178223     1981.137       5023.1    0.107   0
        11    733.804    108.140 327.8275029 +28.8453977     5.80 0.0006266904 -11.8707  99.0000  99.0000    -10293.73     1957.964     5077.536    0.049   0
        12    510.584    136.475 327.8550220 +28.8417715     5.48 0.0005919188 -10.3499  99.0000  99.0000    -49039.52     1958.407     5009.843    0.078   0
        13    585.354    192.929 327.8456434 +28.8358781     5.57 0.0006019256 -14.5172 -14.5814   0.0033     680055.4     2043.111     5066.416    0.038   0
        14    695.045    192.953 327.8320874 +28.8361562     5.76 0.0006222762 -14.2518 -14.3231   0.0041     536099.8     2025.634     5083.067    0.034   0
        15    119.344    189.322 327.9032424 +28.8350592     5.45  0.000588827 -12.1967 -12.3560   0.0244     87577.91     1969.775     4449.945    0.034   0
        16    386.119    218.462 327.8702023 +28.8326123     5.33 0.0005756078 -12.1298 -12.1846   0.0286     74789.74     1968.207     4953.375    0.059   0
        17    174.080    218.613 327.8964050 +28.8320448     5.28 0.0005704187 -11.7072 -11.8098   0.0403     52958.14     1964.935     4595.757    0.069   0
        18     94.064    243.404 327.9062311 +28.8291631     5.31  0.000573652 -12.5713 -12.5846   0.0198     108100.2     1971.883     4374.545    0.074   0
        19    796.893    242.077 327.8193820 +28.8311201     6.44  0.000696179 -10.2347  99.0000  99.0000    -2129.216     1958.352     5084.488    0.024   0
        20    758.653    263.721 327.8240552 +28.8286895     5.65 0.0006103072 -12.5091 -12.5825   0.0199     107897.4     1972.243     5085.613    0.042   0
        21     71.554    268.424 327.9089500 +28.8264070     5.60 0.0006051503 -11.4166 -11.3687   0.0604     35276.96     1962.684     4301.405    0.091   0
        22    411.802    282.922 327.8668696 +28.8257301     5.46 0.0005901165 -11.2776 -11.3986   0.0588     36262.52     1962.644     4977.988    0.040   0
        23     64.611    284.132 327.9097685 +28.8246956     6.58  0.000710671 -10.1028  -9.7328   0.2722     7818.302     1959.294     4275.482    0.081   0
        24    610.086    294.237 327.8423400 +28.8250206     6.54 0.0007066062 -10.2661 -10.3776   0.1503      14159.3     1960.103     5065.403    0.127   0
        25    745.960    312.728 327.8255052 +28.8233744     5.45 0.0005885734 -10.3100 -10.9434   0.0893     23843.19     1961.282     5080.099    0.303   0
        26    290.789    329.159 327.8817085 +28.8204322     5.04 0.0005450672 -11.6372 -11.6818   0.0453     47068.77     1963.909     4835.792    0.015   0
        27    390.123    346.777 327.8693910 +28.8187906     5.15 0.0005562817 -11.9312 -12.0791   0.0315     67863.03     1967.106     4927.733    0.031   0
        28     87.720    353.536 327.9067392 +28.8172745     5.27 0.0005694284 -12.7653 -12.8244   0.0159     134826.4     1975.653         4334    0.078   0
        29    118.586    382.866 327.9028521 +28.8141937     5.21 0.0005633351 -12.1698 -12.2383   0.0272     78583.84     1968.248     4410.671    0.085   0
        30    757.297    383.846 327.8239323 +28.8157368     5.30  0.000572739 -11.7974 -11.9350   0.0359     59427.44     1965.923     5054.167    0.055   0
        31    755.428    396.525 327.8241326 +28.8143653     6.26 0.0006766384 -10.6915 -10.9357   0.0900     23674.19     1961.316     5047.415    0.049   0
        32    617.422    424.052 327.8411171 +28.8110455     5.05 0.0005456157 -12.2483 -12.3029   0.0256     83401.56     1968.805     5006.053    0.055   0
        33    283.596    445.941 327.8823078 +28.8078247     5.25 0.0005670356 -10.8887 -10.9245   0.0909     23431.91     1960.953     4785.195    0.058   0
        34    177.358    456.295 327.8954075 +28.8064319     5.41 0.0005841465 -10.1290  -9.9319   0.2266     9391.813     1959.495     4527.804    0.143   0
        35    492.796    485.104 327.8563654 +28.8041441     4.84 0.0005232982 -12.1010 -12.1458   0.0296     72164.86     1967.212     4929.317    0.028   0
        36    548.269    495.504 327.8494866 +28.8031658     4.99 0.0005388486 -11.6050 -11.8349   0.0394     54195.36     1965.313     4949.844    0.060   0
        37    341.778    847.158 327.8741285 +28.7647255     4.96 0.0005363225 -10.4371 -10.4002   0.1472      14456.7     1959.864     3984.186    0.097   0
        38    881.843    811.221 327.8075172 +28.7699823   184.24   0.01990731 -16.8060 -13.6002   0.0079     275482.2     1992.882     4003.537    0.941  24
        39      5.507   1007.333 327.9152544 +28.7465815    51.15  0.005526522 -14.5251 -12.8127   0.0136     133374.1     1668.626     302.0643    0.808  26
        40    851.570   1008.144 327.8107827 +28.7486775     4.43 0.0004783739 -10.2971  99.0000  99.0000    -2391.649     1958.518     3909.549    0.246   0
        41    455.903    991.152 327.8596810 +28.7494982     4.20 0.0004537332  -9.9408  -9.2148   0.4385     4852.094     1959.026     3585.703    0.360   0
        42    780.695    979.508 327.8196035 +28.7515847     4.48 0.0004837326 -14.4130 -14.4596   0.0036     607909.1     2034.743     4006.932    0.102   0
        43    364.553    982.057 327.8709833 +28.7502426     5.07 0.0005482007 -12.6189 -12.6951   0.0179       119680     1973.571     3459.042    0.186   0
        44    850.471    828.982 327.8113491 +28.7679882     4.69 0.0005068057 -11.4367 -12.0000   0.0338     63096.29     1966.556     4377.706    0.127   0
        45    301.978    798.755 327.8791635 +28.7698399     5.20 0.0005615675 -10.3918 -10.6277   0.1194     17827.58      1960.46     4096.932    0.231   0
        46    599.416    803.912 327.8424160 +28.7700511     4.23 0.0004574679  -9.8822  -9.8310   0.2486     8558.327     1959.444     4443.041    0.263   0
        47    646.557    784.148 327.8366420 +28.7723023     4.90  0.000529178 -10.2853 -10.3705   0.1513     14067.22     1960.257     4547.387    0.120   0
        48    705.962    768.037 327.8293440 +28.7741907     4.84  0.000523339 -10.4182 -10.3638   0.1523        13981     1960.246     4633.795    0.090   0
        49    790.168    826.466 327.8188028 +28.7681065     4.67 0.0005043233 -10.3151 -10.0905   0.1958     10869.43     1959.739     4507.071    0.183   0
        50    412.239    566.004 327.8661186 +28.7952155     4.66 0.0005037361 -14.2831 -14.3430   0.0040     546014.3     2026.214     4843.811    0.049   0
        51    628.025    738.917 327.8390409 +28.7771307     4.33  0.000468109 -12.1505 -12.1900   0.0284     75159.55     1967.868     4667.333    0.049   0
        52    233.442    714.539 327.8878370 +28.7787401     5.12 0.0005527022 -10.8256 -10.4882   0.1358     15677.31     1960.186     4213.142    0.093   0
        53     80.191    729.240 327.9067288 +28.7767550     7.01 0.0007577866 -10.7420 -11.2425   0.0678     31405.02     1961.914     3794.979    0.260   0
        54    408.387    684.864 327.8663019 +28.7823927     4.52  0.000488135 -13.8078 -13.8598   0.0062     349881.6     2002.519     4601.478    0.065   0
        55    690.289    598.361 327.8316913 +28.7924415     4.70 0.0005076799 -10.4583 -10.8344   0.0987     21565.76     1960.881     4962.247    0.099   0
        56     86.432    648.762 327.9061593 +28.7854467     4.58 0.0004952332  -9.9699 -10.1365   0.1877     11339.54     1959.799     4010.832    0.227   0
        57    536.262    601.488 327.8507108 +28.7917100     4.64 0.0005014749 -12.6917 -12.7724   0.0167     128512.2     1974.854      4898.37    0.029   0
        58    436.228    654.173 327.8629384 +28.7857730     4.54  0.000490791 -12.7183 -12.7651   0.0168     127651.3     1974.305     4710.804    0.071   0
        59    624.595    976.619 327.8388863 +28.7514981     4.68 0.0005061785 -10.9349 -11.0984   0.0774     27501.12     1960.864     3858.176    0.180   0
        60    653.408    847.681 327.8356414 +28.7654711     4.30 0.0004643797 -13.1237 -13.1985   0.0113       190291     1982.221     4359.631    0.071   0
        61    547.246    617.538 327.8493147 +28.7900080     4.75   0.00051302 -10.7527 -10.9270   0.0907      23485.9     1961.237     4883.014    0.065   0
        62    297.400    585.274 327.8802573 +28.7928408     4.83 0.0005222403 -12.4658 -12.6430   0.0188     114074.7     1972.476     4636.529    0.046   0
        63     21.612    558.377 327.9143928 +28.7950198     5.82 0.0006285741 -10.0549  -9.7795   0.2606     8161.982     1958.452     3956.203    0.150   0
        64    686.394    916.962 327.8313997 +28.7580869     4.61 0.0004979589 -11.1483 -11.3482   0.0616     34617.54     1962.213     4152.634    0.147   0
        65    286.755    880.325 327.8808415 +28.7610074     4.73 0.0005109569 -10.2943 -10.1074   0.1928     11039.92     1959.705     3756.207    0.175   0
        66    112.128    865.273 327.9024442 +28.7621747     5.24 0.0005662019 -10.4648  99.0000  99.0000       -22216     1958.629     3454.259    0.267   0
        67    466.238    890.555 327.8586515 +28.7603689     4.50 0.0004865704 -10.4368 -10.2358   0.1713     12425.59     1960.159     3988.871    0.232   0
        68    321.760    794.273 327.8767314 +28.7703745     4.69 0.0005070503 -11.9330 -11.9686   0.0348     61296.32     1966.106      4148.57    0.112   0
