#   1 NUMBER                 Running object number                                     
#   2 X_IMAGE                Object position along x                                    [pixel]
#   3 Y_IMAGE                Object position along y                                    [pixel]
#   4 ALPHA_J2000            Right ascension of barycenter (J2000)                      [deg]
#   5 DELTA_J2000            Declination of barycenter (J2000)                          [deg]
#   6 FWHM_IMAGE             FWHM assuming a gaussian core                              [pixel]
#   7 FWHM_WORLD             FWHM assuming a gaussian core                              [deg]
#   8 MAG_BEST               Best of MAG_AUTO and MAG_ISOCOR                            [mag]
#   9 MAG_APER               Fixed aperture magnitude vector                            [mag]
#  10 MAGERR_APER            RMS error vector for fixed aperture mag.                   [mag]
#  11 FLUX_APER              Flux vector within fixed circular aperture(s)              [count]
#  12 FLUXERR_APER           RMS error vector for aperture flux(es)                     [count]
#  13 BACKGROUND             Background at centroid position                            [count]
#  14 ELLIPTICITY            1 - B_IMAGE/A_IMAGE                                       
#  15 FLAGS                  Extraction flags                                          
         1    841.221     79.940 238.0186290 +32.9326067   133.66   0.01432498 -14.5128 -12.3703   0.0062     88743.71     502.9217     739.6707    0.612  16
         2    820.648      9.602 238.0213865 +32.9400490    78.31  0.008393483 -13.5234 -12.2962   0.0062      82889.5     470.1025     443.6212    0.769  24
         3    490.552     40.898 238.0636959 +32.9357954     5.62 0.0006021844  -9.5682  99.0000  99.0000    -1295.761     456.6819     760.5145    0.170   0
         4     63.604    111.892 238.1183585 +32.9270193     6.53 0.0007002631 -13.8406 -13.8743   0.0019     354594.2     621.1442     851.0304    0.066   0
         5    728.670    121.059 238.0330032 +32.9279120     7.14 0.0007650845 -10.2520  -9.6901   0.0666     7516.594     460.7655     918.5522    0.031   0
         6    750.295    125.622 238.0302206 +32.9274853     7.36 0.0007883376  -9.8717  -7.0088   0.7803     636.0932     457.0429     918.7863    0.078   0
         7    370.162    141.887 238.0789700 +32.9246905     8.22 0.0008813951  -9.8111  -9.9044   0.0547     9156.892     461.6291     903.2477    0.085   0
         8    699.620    189.164 238.0366161 +32.9205705     6.97 0.0007467488 -11.8767 -11.9192   0.0090     58570.14     487.6072     919.8329    0.029   0
         9    321.222    184.235 238.0851758 +32.9200378     6.93 0.0007422331  -9.8383  -9.9353   0.0532     9421.386     461.7595     900.4581    0.099   0
        10    476.364    180.664 238.0652762 +32.9208546     8.80  0.000943209  -9.2033  -9.5396   0.0764     6543.822     460.2759     911.7485    0.175   0
        11    110.886    253.093 238.1120407 +32.9121002     6.27 0.0006724288 -13.8077 -13.8410   0.0019     343877.9     616.8734     864.3787    0.054   0
        12    760.854    273.886 238.0286172 +32.9117073     6.60 0.0007068489 -12.2269 -12.2770   0.0067     81434.84     499.3107     919.6733    0.054   0
        13    233.585    273.329 238.0962635 +32.9102913    13.17  0.001411705 -10.3742 -10.3365   0.0370     13633.52     464.1107     889.9401    0.439   0
        14    579.961    324.749 238.0517383 +32.9057825     6.31 0.0006763085 -11.3344 -11.4315   0.0139     37378.06     476.7419     912.4606    0.064   0
        15      4.678    314.066 238.1255571 +32.9052962     7.75  0.000831087  -8.5895  -8.2636   0.2024     2020.479      376.589     838.7398    0.126  16
        16    286.109    338.465 238.0894111 +32.9034955     6.06 0.0006491396 -11.1704 -11.2169   0.0168     30674.62      473.226     896.8555    0.014   0
        17     41.809    341.681 238.1207444 +32.9024584     8.87 0.0009502623  -9.0487  -9.1495   0.1091     4568.706     459.1504     846.2443    0.208   0
        18    449.481    379.375 238.0683829 +32.8995937     5.95 0.0006374751 -10.8755 -10.9666   0.0209     24358.13     469.8145     906.3446    0.049   0
        19    510.160    430.277 238.0605118 +32.8943367     5.86 0.0006283473 -12.1830 -12.2235   0.0070     77515.06     497.2849     906.8088    0.050   0
        20    157.221    447.488 238.1057523 +32.8915068     6.31 0.0006763408  -9.9767 -10.0481   0.0480     10452.58     462.3685     867.3013    0.037   0
        21    540.869    455.408 238.0565299 +32.8917432     5.12  0.000548325  -8.8154  -9.1798   0.1062      4698.22     459.2466     906.8166    0.632   0
        22    268.880    489.409 238.0913570 +32.8873539     5.80 0.0006217027 -12.4653 -12.5129   0.0055     101196.7     509.0628     887.1102    0.070   0
        23     12.094    490.525 238.1242896 +32.8865046     6.64 0.0007118065 -10.4955 -10.4690   0.0318     15403.39       450.76     829.5455    0.180  16
        24    438.972    496.739 238.0695284 +32.8870515     6.47 0.0006930839  -9.7747  -9.7150   0.0651     7691.478     460.9372      901.566    0.139   0
        25    777.392    510.580 238.0260994 +32.8865177     5.87 0.0006294882  -8.4660  -8.7098   0.1633     3047.368     458.1411     909.5308    0.134   0
        26    883.844    949.275 238.0117198 +32.8400392     4.36 0.0004671479  -9.4357 -11.0084   0.0202     25314.14     470.3354     788.6492    0.315   0
        27    512.300   1020.248 238.0592271 +32.8314430     6.86 0.0007354465  -8.7023  -8.4710   0.1893     2445.768     426.4091     788.5109    0.317  16
        28    799.477   1014.441 238.0224264 +32.8328594     5.31 0.0005686905  -9.9382  -9.8458   0.0578     8676.334     461.3815     819.6789    0.173   0
        29    887.579    854.267 238.0113981 +32.8501788     4.15 0.0004446041  -9.1683 -10.8160   0.0240      21203.1     468.1704     803.7845    0.550   0
        30    880.396    720.604 238.0125402 +32.8644096     3.46 0.0003709121  -8.9166 -10.8846   0.0225     22586.13     468.7447     846.3751    0.702   0
        31    594.340    713.508 238.0492324 +32.8643749     3.94 0.0004219761  -8.2179  -8.9290   0.1336     3729.212     458.7703     881.6083    0.494   0
        32    858.686    787.525 238.0152132 +32.8572151     5.68 0.0006092277 -11.9981 -12.0839   0.0078      68161.7     492.6561      864.416    0.126   0
        33    630.473    778.685 238.0444888 +32.8575266     6.20 0.0006643053  -8.4428  -8.6213   0.1772     2808.781     458.2813     868.3134    0.298   0
        34      2.595    736.474 238.1250674 +32.8602558     5.09 0.0005454686  -9.1239 -10.0516   0.0370     10486.91     357.7502     813.5027    0.671  16
        35    300.755    752.826 238.0868089 +32.8593600     5.78 0.0006196693 -10.8660 -10.9319   0.0216     23591.03     469.3935     846.0658    0.128   0
        36    718.828    706.042 238.0332822 +32.8655166    11.22   0.00120237 -10.0026 -10.0059   0.0499     10054.89     462.1024     890.4918    0.295   0
        37    907.821    620.165 238.0091895 +32.8751933     5.17 0.0005538195 -11.1194 -10.7960   0.0244     20816.04     467.8754     803.0581    0.118   0
        38    602.556    669.017 238.0482545 +32.8691412     6.97 0.0007474304  -9.1447  -9.1958   0.1046     4768.022     459.2204     893.2516    0.626   0
        39    809.713    862.773 238.0213669 +32.8490577     5.12 0.0005489992 -12.8305 -12.8729   0.0041     140981.2     528.2509     857.7719    0.094   0
        40    129.080    628.320 238.1090412 +32.8721474     6.07 0.0006508987 -10.0752 -10.1539   0.0436     11523.26     463.0363      841.593    0.131   0
        41    628.005    694.447 238.0449480 +32.8665008     5.33 0.0005715706  -8.2896  -8.5647   0.1866     2666.177      458.049     888.3416    0.510   0
        42    379.887    696.951 238.0767596 +32.8655400     5.51 0.0005903353 -12.8059 -12.8535   0.0041     138479.9     527.1105     869.1317    0.076   0
        43    887.329    940.823 238.0112870 +32.8409499     3.95 0.0004234592  -9.3033 -10.9320   0.0216      23593.7     469.4578     785.0381    0.620   0
        44    886.177    962.696 238.0113986 +32.8386147     6.94 0.0007432941 -10.2040 -10.9661   0.0210     24346.71     469.8084     782.8497    0.655   0
        45    358.116   1000.565 238.0790243 +32.8331091     7.04 0.0007542195  -8.6486  -7.9252   0.3359     1479.329      457.491     771.7497    0.033   0
