#   1 NUMBER                 Running object number                                     
#   2 X_IMAGE                Object position along x                                    [pixel]
#   3 Y_IMAGE                Object position along y                                    [pixel]
#   4 ALPHA_J2000            Right ascension of barycenter (J2000)                      [deg]
#   5 DELTA_J2000            Declination of barycenter (J2000)                          [deg]
#   6 FWHM_IMAGE             FWHM assuming a gaussian core                              [pixel]
#   7 FWHM_WORLD             FWHM assuming a gaussian core                              [deg]
#   8 MAG_BEST               Best of MAG_AUTO and MAG_ISOCOR                            [mag]
#   9 MAG_APER               Fixed aperture magnitude vector                            [mag]
#  10 MAGERR_APER            RMS error vector for fixed aperture mag.                   [mag]
#  11 FLUX_APER              Flux vector within fixed circular aperture(s)              [count]
#  12 FLUXERR_APER           RMS error vector for aperture flux(es)                     [count]
#  13 BACKGROUND             Background at centroid position                            [count]
#  14 ELLIPTICITY            1 - B_IMAGE/A_IMAGE                                       
#  15 FLAGS                  Extraction flags                                          
         1      9.517     81.682 200.8949696 +36.1170675    59.11  0.006376009 -13.0760 -12.1977   0.0082     75694.77     569.4529     446.8111    0.627  24
         2    192.332     29.534 200.8706129 +36.1231943    27.04  0.002917181 -11.5276 -11.3122   0.0192     33486.63     592.0186     679.3743    0.257   0
         3    136.391     10.713 200.8781374 +36.1250619    84.02  0.009062809 -14.2634 -13.0215   0.0041     161656.1     616.5037     364.7571    0.744  24
         4    140.738     88.449 200.8773970 +36.1167104    36.55  0.003942142 -12.4873 -11.3913   0.0179     36016.62     592.9427     1014.488    0.650   2
         5    399.432     69.626 200.8428184 +36.1194597     4.81 0.0005190457 -10.9262  -8.8788   0.1766      3560.55     579.1456      1038.29    0.060   0
         6    560.799     77.003 200.8212103 +36.1191125     3.80  0.000410049  -8.0855  99.0000  99.0000    -11277.48     577.4431     1049.193    0.381   0
         7     63.960    109.777 200.8876267 +36.1141989    11.65  0.001256986  -9.7814  99.0000  99.0000    -7919.722     577.5739     779.7734    0.522   2
         8    535.576    103.299 200.8245338 +36.1162137     6.56  0.000707104  -9.6996 -10.0915   0.0581     10879.54     582.3613     1163.389    0.392   0
         9    752.146    185.553 200.7953956 +36.1079577     9.13   0.00098433 -10.1482 -10.3427   0.0462      13711.7     583.5273     1153.189    0.120   0
        10    330.706    245.044 200.8516631 +36.1003946     4.36 0.0004700533 -12.7352 -12.7944   0.0052     131141.5     631.8677     1200.639    0.011   0
        11     72.222    246.889 200.8862396 +36.0994702     6.18 0.0006665982 -10.5560 -11.3029   0.0194     33200.91     591.8341     1078.366    0.290   2
        12     76.166    361.996 200.8854758 +36.0870967     3.96 0.0004268845  -9.4943 -11.1507   0.0222        28859     589.8211     1095.292    0.515   0
        13     80.270    394.003 200.8848612 +36.0836646     4.71 0.0005084596  -9.8752 -11.1676   0.0219     29310.42     590.1404     1112.712    0.631   0
        14    711.653    409.044 200.8003807 +36.0838012     4.17 0.0004502354 -10.0417 -10.2225   0.0516     12274.82     582.9761     1144.965    0.043   0
        15    352.392    422.855 200.8484058 +36.0813240     5.46 0.0005888053  -8.9160  -9.5504   0.0954     6609.301     580.4114     1196.414    0.198   0
        16    165.978    461.153 200.8732608 +36.0766816     3.91 0.0004214396  -8.4888  -9.3030   0.1197     5262.435     579.8961      1198.18    0.503   0
        17    741.841    474.364 200.7962168 +36.0768556     3.97 0.0004277205 -11.2893 -11.2917   0.0196      32859.8     591.7379     1120.063    0.047   0
        18     98.403    505.173 200.8822083 +36.0717549     4.05 0.0004364231 -11.3442 -11.4298   0.0173     37316.44     593.3473     1191.219    0.005   0
        19     78.817    533.037 200.8847703 +36.0687016     3.17 0.0003421204  -9.3688 -11.1329   0.0226     28390.14     589.7344     1097.705    0.495   0
        20     79.013    823.735 200.8841484 +36.0374255     4.31 0.0004654328  -9.7514 -11.2035   0.0212     30296.16     590.6058     1031.419    0.634   0
        21     81.373    772.207 200.8839385 +36.0429762     6.58 0.0007096849 -10.6465 -11.2892   0.0196     32784.05     591.4505     1059.081    0.662   0
        22    696.159    755.851 200.8017813 +36.0464448     4.48 0.0004829058  -8.5045  -8.9524   0.1651     3810.424     579.3513      1050.67    0.188   0
        23     80.604    732.112 200.8841234 +36.0472879     5.94 0.0006406008 -10.4113 -11.3006   0.0194     33130.38     591.7883     1071.614    0.328   0
        24     81.546    681.883 200.8841004 +36.0526948    11.48  0.001238703 -11.7738 -11.3344   0.0188      34179.5      592.327     1090.521    0.477   0
        25    677.825    958.443 200.8038394 +36.0245972     3.97 0.0004286618 -10.6097 -10.6973   0.0335     19006.61     585.7753     980.2181    0.079   0
        26    658.302    862.979 200.8066343 +36.0348150     3.81 0.0004110769  -9.2279  -9.3763   0.1119     5630.408     580.1035     1025.835    0.051   0
        27     81.960    843.098 200.8837148 +36.0353505     8.82 0.0009516562 -11.1622 -11.2480   0.0203     31564.31     591.1104     1038.284    0.460   0
        28    618.807    842.765 200.8119531 +36.0368816     3.89 0.0004197489 -10.3262 -10.4305   0.0427     14866.52     583.8763     1047.357    0.056   0
        29     83.690    887.175 200.8833933 +36.0306132     8.25 0.0008899573 -11.0992 -11.2707   0.0199     32232.36     591.4089     1029.211    0.559   0
        30    377.153    991.398 200.8439599 +36.0202221     4.94 0.0005327468  -8.8109  -8.9037   0.1726     3643.323     579.0346     1064.605    0.111   0
        31    207.387    782.387 200.8670717 +36.0422358     4.50 0.0004849895  -8.7697  -9.1654   0.1357     4636.167     579.4305     1153.845    0.144   0
