#   1 NUMBER                 Running object number                                     
#   2 X_IMAGE                Object position along x                                    [pixel]
#   3 Y_IMAGE                Object position along y                                    [pixel]
#   4 ALPHA_J2000            Right ascension of barycenter (J2000)                      [deg]
#   5 DELTA_J2000            Declination of barycenter (J2000)                          [deg]
#   6 FWHM_IMAGE             FWHM assuming a gaussian core                              [pixel]
#   7 FWHM_WORLD             FWHM assuming a gaussian core                              [deg]
#   8 MAG_BEST               Best of MAG_AUTO and MAG_ISOCOR                            [mag]
#   9 MAG_APER               Fixed aperture magnitude vector                            [mag]
#  10 MAGERR_APER            RMS error vector for fixed aperture mag.                   [mag]
#  11 FLUX_APER              Flux vector within fixed circular aperture(s)              [count]
#  12 FLUXERR_APER           RMS error vector for aperture flux(es)                     [count]
#  13 BACKGROUND             Background at centroid position                            [count]
#  14 ELLIPTICITY            1 - B_IMAGE/A_IMAGE                                       
#  15 FLAGS                  Extraction flags                                          
         1     11.394     79.991 237.9943920 +32.9340246    68.95  0.007401864 -14.4863 -13.7687   0.0046     321711.3     1368.216     210.9439    0.582  24
         2    192.410     31.209 237.9713054 +32.9396782    34.59  0.003713153 -13.4136 -12.8762   0.0107       141413      1390.99       1161.1    0.293  19
         3    143.523     86.930 237.9774447 +32.9335951    52.94  0.005682496 -13.9447 -12.7963   0.0115       131381      1389.87     2562.895    0.734   2
         4    135.420     11.246 237.9786538 +32.9416815    89.54  0.009611573 -15.7855 -14.5800   0.0023     679176.1     1429.645    -168.6805    0.747  24
         5     66.065    110.813 237.9873165 +32.9308536    28.84  0.003095499  99.0000  99.0000  99.0000    -10283.87     1366.034     1624.632    0.511   2
         6     83.274    122.723 237.9850843 +32.9296190    34.80   0.00373604 -13.2024 -12.5134   0.0149     101242.5     1384.629     2235.248    0.686   3
         7    915.859     91.396 237.8784634 +32.9349046     5.85 0.0006281144 -11.6855 -10.6400   0.0825     18030.35     1369.098     2711.881    0.116   0
         8    421.969     94.115 237.9417475 +32.9334791     6.32 0.0006785277 -11.4940 -11.4193   0.0403     36958.51     1372.704     3147.219    0.136   0
         9    553.055    142.278 237.9248442 +32.9286251     5.38 0.0005774491 -10.5208  99.0000  99.0000    -6797.004     1366.188     3215.578    0.165   0
        10     78.184    165.823 237.9856390 +32.9249910    21.97  0.002357992 -12.6681 -12.3631   0.0170     88151.51     1381.576     2876.451    0.268   2
        11    987.196    197.603 237.8690963 +32.9236910     6.21 0.0006663271 -14.6634 -14.6999   0.0021       758527     1497.979     2798.214    0.133   0
        12    181.929    258.783 237.9721372 +32.9152807     5.98  0.000642198 -11.8518 -11.9577   0.0246     60682.84     1377.171     3314.838    0.102   0
        13    567.711    413.092 237.9223741 +32.8996550     7.44 0.0007991222 -16.9292 -16.9372   0.0004      5954942     2200.896     3223.017    0.038   4
        14    782.039    343.684 237.8950688 +32.9075804     6.11 0.0006555858 -12.0911 -12.1584   0.0205     73003.99     1379.368     3010.944    0.134   0
        15    155.103    377.520 237.9753070 +32.9025008     5.76 0.0006179754 -12.6617 -12.6876   0.0127     118860.7     1387.616     3308.714    0.051   0
        16    205.867    402.376 237.9687484 +32.8999585     6.09 0.0006539881 -11.9703 -12.0537   0.0226     66296.98     1378.229     3303.555    0.084   0
        17     80.729    767.617 237.9839525 +32.8605461   158.13   0.01697442 -16.1114 -12.8269   0.0112     135130.3      1390.62     2716.188    0.956  50
        18     76.685    349.428 237.9854157 +32.9053237   134.44   0.01443123 -16.1944  99.0000  99.0000            0            0     2881.068    0.941  51
        19    962.270    504.437 237.8716382 +32.8907728     6.02 0.0006464061 -12.4949 -12.5154   0.0148     101431.5     1384.358     2540.817    0.163   0
        20    777.859    838.377 237.8945398 +32.8545895     5.43  0.000583092 -10.5253 -10.6708   0.0802     18548.41     1369.386     2387.115    0.122   0
        21    651.742   1009.554 237.9103153 +32.8359679     5.87 0.0006304335 -12.3124 -12.2971   0.0181     82956.14     1381.094     2341.558    0.090   0
        22     87.127    996.014 237.9826178 +32.8361004    11.92  0.001279269 -12.4056 -12.1080   0.0215     69695.98     1378.653     2498.946    0.247   0
        23    752.840    949.891 237.8975028 +32.8425893     5.99 0.0006425856 -12.4641 -12.4306   0.0160     93811.36     1382.943     2244.457    0.124   0
        24    721.659    885.502 237.9016333 +32.8494141     6.08 0.0006525526 -11.7795 -11.8162   0.0280        53269     1375.748     2414.631    0.129   0
        25    153.917    815.894 237.9744731 +32.8555490     5.93 0.0006367897 -11.6503 -11.6832   0.0317     47129.16     1374.632     3050.126    0.110   0
        26    587.631    954.892 237.9186409 +32.8416746     5.34 0.0005730551  -9.8805 -10.2816   0.1147        12961     1368.327     2527.084    0.295   0
        27    438.562    621.721 237.9384575 +32.8770117     5.86 0.0006295412 -12.4743 -12.5215   0.0147     101997.9      1384.46      3180.14    0.090   0
        28    687.389    697.379 237.9064280 +32.8694834     5.97 0.0006404915 -11.3025 -11.3582   0.0426     34936.68      1371.72     2764.425    0.177   0
