#   1 NUMBER                 Running object number                                     
#   2 X_IMAGE                Object position along x                                    [pixel]
#   3 Y_IMAGE                Object position along y                                    [pixel]
#   4 ALPHA_J2000            Right ascension of barycenter (J2000)                      [deg]
#   5 DELTA_J2000            Declination of barycenter (J2000)                          [deg]
#   6 FWHM_IMAGE             FWHM assuming a gaussian core                              [pixel]
#   7 FWHM_WORLD             FWHM assuming a gaussian core                              [deg]
#   8 MAG_BEST               Best of MAG_AUTO and MAG_ISOCOR                            [mag]
#   9 MAG_APER               Fixed aperture magnitude vector                            [mag]
#  10 MAGERR_APER            RMS error vector for fixed aperture mag.                   [mag]
#  11 FLUX_APER              Flux vector within fixed circular aperture(s)              [count]
#  12 FLUXERR_APER           RMS error vector for aperture flux(es)                     [count]
#  13 BACKGROUND             Background at centroid position                            [count]
#  14 ELLIPTICITY            1 - B_IMAGE/A_IMAGE                                       
#  15 FLAGS                  Extraction flags                                          
         1    840.460     79.509 200.9201081 +36.1154631   132.97   0.01436382 -14.4750 -12.3588   0.0062     87801.58     500.6372     738.9136    0.609  16
         2    822.533      9.388 200.9226602 +36.1229608    80.22  0.008665957 -13.5008 -12.2654   0.0063     80567.05     465.5926     438.6283    0.788  24
         3    699.671    174.574 200.9387803 +36.1047971     5.22 0.0005636225 -15.5033 -15.5313   0.0007      1631255     1011.103     914.6512    0.115   4
         4    786.797    172.247 200.9271057 +36.1053126     5.00 0.0005401004 -15.0252 -15.0580   0.0009      1054908     856.7537     915.7355    0.118   0
         5    140.776    182.768 201.0136811 +36.1021889     4.41 0.0004762677 -13.2571 -13.3031   0.0029     209531.8     558.0615     866.9243    0.078   0
         6    563.199    180.920 200.9570608 +36.1036965     6.66  0.000719296  -8.7766  -9.3432   0.0910     5461.019     457.5738     909.9659    0.260   0
         7    755.365    193.598 200.9312739 +36.1029176     4.77 0.0005149543  -8.7470  -9.5296   0.0767     6483.795     458.0302     916.3062    0.387   0
         8    352.494    244.657 200.9851648 +36.0961827     6.08 0.0006569925  -8.7142  -8.6672   0.1691     2930.193     456.2915     897.2454    0.327   0
         9    641.103    305.498 200.9463498 +36.0905179     4.57 0.0004932299 -10.9112 -11.0345   0.0196     25928.67       468.91     910.0822    0.152   0
        10    281.287    351.446 200.9944724 +36.0844607     9.16 0.0009896281  -9.2958  -9.3252   0.0925     5371.368      457.627     888.3565    0.329   0
        11    218.129    413.705 201.0027978 +36.0775589     6.91 0.0007461896  -9.0079  -9.0229   0.1220     4065.888     456.8749     875.6451    0.436   0
        12     46.644    462.225 201.0256674 +36.0717966     5.03 0.0005429875  -9.0608  -9.1449   0.1091     4549.671     457.0884      831.679    0.177   0
        13    160.289    503.105 201.0103485 +36.0677500     4.19 0.0004525867 -12.9929 -13.0402   0.0035     164474.7     537.5523     857.2064    0.085   0
        14    884.206    922.595 200.9124687 +36.0247944     3.45 0.0003727054  -9.0234 -10.9654   0.0209     24331.94     467.6955     787.7703    0.409   0
        15    882.403    873.204 200.9128139 +36.0301084     3.44 0.0003716592  -9.0026 -10.9447   0.0213     23872.58     467.4249     805.0252    0.415   0
        16    131.267    854.407 201.0134494 +36.0298246     6.45 0.0006964727  -8.8643  -8.6054   0.1790     2768.058     456.1514     775.6242    0.178   0
        17    242.424    692.656 200.9989223 +36.0475919     4.14 0.0004469218 -10.3234 -10.4055   0.0346     14527.63     462.5768     841.4346    0.091   0
        18    480.548    635.705 200.9671489 +36.0544625     4.30 0.0004644941  -7.9071  -7.0842   0.7247     681.8631     455.0066     883.6627    0.442   0
        19    724.211    536.833 200.9347172 +36.0658565     6.39 0.0006907806  -8.3662  -8.2324   0.2520     1963.149     455.5817     902.7441    0.269   0
        20    876.472    535.998 200.9143180 +36.0664077     3.01 0.0003247491  -8.7450 -10.3155   0.0375     13371.59     461.8376     876.0354    0.376   0
        21    883.838    900.994 200.9125634 +36.0271198     3.96  0.000428165  -9.2902 -10.9821   0.0206     24707.02     467.9209     793.8433    0.505   0
        22     68.522    745.646 201.0220972 +36.0413413     6.82 0.0007367695  -8.7554  -8.9904   0.1257     3946.123      456.835     793.7621    0.196   0
        23    883.214    772.533 200.9129170 +36.0409533     5.10 0.0005509717  -9.8496 -10.9236   0.0217     23412.19     467.3412     824.6599    0.269   0
        24    552.029    698.297 200.9574375 +36.0479410     3.94 0.0004255003  -9.7585  -9.9452   0.0525     9508.068     459.8432     876.4521    0.129   0
        25    558.524    677.479 200.9566125 +36.0502030     5.80 0.0006268164 -10.2573 -10.3063   0.0378     13258.93     461.9412     881.7568    0.055   0
        26    786.143    569.943 200.9263489 +36.0624786     4.08 0.0004409894 -10.3396 -10.4957   0.0319     15786.06     463.2185     901.5278    0.141   0
        27    506.884    644.549 200.9636016 +36.0535910     4.03 0.0004353348 -10.1883 -10.2915   0.0383     13080.18     461.8065     883.4352    0.055   0
        28    910.863    594.247 200.9095878 +36.0602380     1.15 0.0001240352  -7.8318  99.0000  99.0000    -16030.16     454.5675     794.2349    0.083   0
        29    883.841    659.893 200.9130700 +36.0530864     7.83 0.0008461432 -10.3624 -10.7153   0.0261     19325.62     465.1249     845.3714    0.271   0
        30    913.787    871.972 200.9086134 +36.0303358     3.33 0.0003602441  -8.6631  99.0000  99.0000    -11328.87     454.4388     750.0296    0.080   0
