#   1 NUMBER                 Running object number                                     
#   2 X_IMAGE                Object position along x                                    [pixel]
#   3 Y_IMAGE                Object position along y                                    [pixel]
#   4 ALPHA_J2000            Right ascension of barycenter (J2000)                      [deg]
#   5 DELTA_J2000            Declination of barycenter (J2000)                          [deg]
#   6 FWHM_IMAGE             FWHM assuming a gaussian core                              [pixel]
#   7 FWHM_WORLD             FWHM assuming a gaussian core                              [deg]
#   8 MAG_BEST               Best of MAG_AUTO and MAG_ISOCOR                            [mag]
#   9 MAG_APER               Fixed aperture magnitude vector                            [mag]
#  10 MAGERR_APER            RMS error vector for fixed aperture mag.                   [mag]
#  11 FLUX_APER              Flux vector within fixed circular aperture(s)              [count]
#  12 FLUXERR_APER           RMS error vector for aperture flux(es)                     [count]
#  13 BACKGROUND             Background at centroid position                            [count]
#  14 ELLIPTICITY            1 - B_IMAGE/A_IMAGE                                       
#  15 FLAGS                  Extraction flags                                          
         1    832.319    173.556 327.8177907 +28.9485216   201.33   0.02173966 -16.0598 -12.5448   0.0083     104208.8     798.4175      1334.41    0.906  18
         2    855.589     40.016 327.8152427 +28.9629674     7.20  0.000777381 -12.1031 -12.2747   0.0106     81262.97     790.8652     1086.292    0.198   3
         3    427.332     91.108 327.8680607 +28.9563832     6.34 0.0006840666 -13.0427 -13.0804   0.0052       170671     818.9839     1408.949    0.217   0
         4    446.024    104.445 327.8657163 +28.9549938     6.23 0.0006726143 -12.9189 -12.9693   0.0057     154068.4     813.8187     1424.193    0.200   0
         5     45.964     94.546 327.9151977 +28.9550340     6.33 0.0006838765 -11.3293 -11.3988   0.0233     36267.17     776.8311     1111.929    0.222   0
         6    199.470    133.007 327.8961232 +28.9512862     6.57 0.0007092453 -13.3962 -13.4345   0.0039     236489.5     838.7361     1338.199    0.203   0
         7    749.374    102.798 327.8282191 +28.9559374     6.02 0.0006500123  -9.0053  99.0000  99.0000     -959.666     764.7675     1477.152    0.215   0
         8    472.472    134.340 327.8623717 +28.9518401     6.28 0.0006776818  -9.3304  -9.6828   0.1116     7466.364     767.4849     1453.455    0.305   0
         9    708.781    207.338 327.8329782 +28.9445724     5.49 0.0005930591 -11.7738 -11.8465   0.0155     54778.82     782.7447     1543.159    0.122   0
        10    174.394    201.170 327.8990493 +28.9438779     7.17 0.0007743305 -10.3402 -10.3397   0.0611     13673.63     769.2459     1371.988    0.301   0
        11    587.398    220.937 327.8479486 +28.9428014     5.63 0.0006074226 -11.7934 -11.8574   0.0154     55332.09     782.7522     1522.405    0.120   0
        12    438.840    240.855 327.8662615 +28.9402789     5.71 0.0006167007 -12.1474 -12.1956   0.0113     75550.38     789.4139     1497.835    0.171   0
        13    300.443    242.855 327.8833630 +28.9397103     6.40 0.0006911232  -9.3340  -9.1370   0.1843     4516.535      766.545     1455.079    0.208   0
        14    604.655    304.299 327.8456077 +28.9338636     5.25 0.0005668453 -12.3746 -12.4280   0.0092      93580.5     794.9993     1556.252    0.124   0
        15    261.016    293.992 327.8881066 +28.9340999     4.20 0.0004534266  -8.8611  -9.2985   0.1588     5240.764     766.4788     1477.707    0.007   0
        16    753.042    308.233 327.8272575 +28.9338131     5.14 0.0005545271  -9.6521  -8.7589   0.2609     3188.375     766.0901     1575.702    0.104   0
        17    569.429    337.566 327.8498785 +28.9301904     5.26 0.0005677791 -11.9167 -11.9558   0.0141     60576.02     784.5519     1570.341    0.138   0
        18    501.228    348.862 327.8582794 +28.9288007     5.41 0.0005837673 -11.0163 -11.0388   0.0323     26031.96     773.5944      1565.51    0.140   0
        19    145.224    359.952 327.9022500 +28.9266959     6.70 0.0007237358 -10.0845 -10.7568   0.0417     20078.89     771.5394     1458.682    0.266   0
        20    495.746    372.692 327.8588972 +28.9262194     5.30 0.0005721399 -10.3791 -10.1321   0.0739      11293.8     768.7737     1576.396    0.127   0
        21    330.253    374.552 327.8793455 +28.9255976     6.47 0.0006983211  -9.8288 -10.3773   0.0590     14155.93     769.6393     1548.496    0.177   0
        22    552.434    390.542 327.8518466 +28.9244398     6.14 0.0006629171  -9.3204  -9.8070   0.0996     8371.196     767.8227     1592.907    0.252   0
        23    360.404    403.782 327.8755455 +28.9225254     3.45 0.0003727007  -8.8875  -9.8881   0.0924     9021.024     767.6245      1569.96    0.412   0
        24    268.454    431.822 327.8868380 +28.9192693     5.33 0.0005755564 -12.4944 -12.5762   0.0081     107265.8     799.3327     1550.327    0.121   0
        25    861.840    427.231 327.8135175 +28.9212644     5.15 0.0005561263 -10.6105 -10.5292   0.0514     16280.86     770.3723     1387.586    0.166   0
        26    479.170    420.829 327.8608252 +28.9209911     3.93 0.0004241182  -8.8192  -9.2592   0.1647     5054.328     766.5908     1596.435    0.264   0
        27     61.961    892.866 327.9111760 +28.8690657     4.41 0.0004765519 -10.3726  99.0000  99.0000    -55257.48     765.0056     1193.507    0.055   0
        28    888.027    887.958 327.8091506 +28.8716907    57.10  0.006165748 -14.0007 -12.6884   0.0073     118950.6     802.8964     548.6945    0.149  16
        29    847.972    593.918 327.8148213 +28.9032708     6.08 0.0006569998 -10.3320 -10.4637   0.0546     15328.24     769.9771     1528.101    0.107   0
        30    302.812    569.726 327.8822431 +28.9044996     5.17 0.0005579876 -10.4027 -10.5553   0.0502     16677.22     770.4364     1588.751    0.102   0
        31    303.555    553.800 327.8821916 +28.9062174     4.94   0.00053302 -12.3091 -12.3796   0.0096     89505.85     793.5082     1587.316    0.070   0
        32    859.651    518.433 327.8135638 +28.9114328     4.91 0.0005301432 -11.6202 -11.4452   0.0223     37851.62     777.3834     1469.747    0.106   0
        33    309.142    532.197 327.8815559 +28.9085592     5.03 0.0005436105 -10.3525 -10.2814   0.0645     12958.42     769.0995     1585.406    0.103   0
        34    864.742    491.507 327.8130009 +28.9143465     4.76 0.0005142704  -8.9118  99.0000  99.0000    -18503.78     765.1139     1445.829    0.245   0
        35    506.511    487.690 327.8572788 +28.9138569     5.06  0.000546348 -11.0929 -11.2132   0.0275     30568.96     775.0165     1602.485    0.122   0
        36    225.561    458.121 327.8920718 +28.9163259     5.29 0.0005709942 -11.1033 -11.1794   0.0284     29631.01     774.6498     1544.589    0.105   0
        37    238.427    887.896 327.8893916 +28.8700554     4.89 0.0005276498 -12.5161 -11.6222   0.0190     44553.84     779.4509     1293.455    0.059   0
        38    902.826    611.342 327.8080007 +28.9015303     3.03 0.0003271106  -8.0487  99.0000  99.0000    -102686.5     765.1139     1181.043    0.246   0
        39    749.984    502.679 327.8271546 +28.9128558     4.96 0.0005356866 -12.1294 -12.2018   0.0113     75981.51     789.4666     1611.783    0.087   0
        40     55.907    827.071 327.9120922 +28.8761388     5.04 0.0005440686 -10.1944 -10.3797   0.0589     14186.72     769.7139     1420.278    0.015   0
        41    573.551    824.803 327.8481535 +28.8777061     4.77  0.000514582 -12.6735 -12.6752   0.0074     117508.8     802.3854     1586.448    0.074   0
        42    839.277    828.807 327.8153178 +28.8779421    80.79  0.008724022 -13.9700 -13.1089   0.0051     175207.6     820.2061     1243.426    0.343  16
        43    307.136    495.226 327.8818973 +28.9125372     5.03  0.000543601 -13.4750 -13.5053   0.0036     252427.1     843.5714     1580.237    0.078   0
        44    165.076    846.904 327.8985562 +28.8742835     5.06 0.0005463284  -9.5304  -9.4277   0.1411     5903.134     767.0187     1489.491    0.172   0
        45    405.482    817.826 327.8689328 +28.8780315     5.73 0.0006186444  -9.1113  99.0000  99.0000    -4041.923     765.0056      1587.04    0.128   0
        46    673.971    802.856 327.8358029 +28.8803238     4.84 0.0005226957 -10.6308 -10.3497   0.0606     13800.66     769.6315     1625.245    0.075   0
        47    585.491    911.468 327.8464627 +28.8683989     4.12 0.0004449678 -10.6012  99.0000  99.0000    -162006.9     765.1139     1085.229    0.059   0
        48    450.561    856.130 327.8632680 +28.8740193     4.77 0.0005147179 -12.0096 -11.7581   0.0168     50496.04     781.3756     1557.666    0.051   0
        49    796.585    765.131 327.8207487 +28.8846959     8.42 0.0009097067 -11.3229 -11.3441   0.0244     34487.06     776.2794     1592.444    0.162   0
        50    107.085    693.294 327.9061119 +28.8906838     5.20 0.0005611124 -10.9521 -11.1022   0.0305     27597.79     774.0789      1503.02    0.036   0
        51    798.665    689.726 327.8206777 +28.8928252     4.80  0.000518175 -13.3535 -13.4016   0.0040     229426.3     836.6876     1619.175    0.068   0
        52    534.214    711.832 327.8532952 +28.8897780     4.82 0.0005199763 -13.1298 -13.1880   0.0047     188458.4     824.1547     1619.599    0.053   0
        53    601.748    649.157 327.8451077 +28.8967013     4.75 0.0005127837  -9.5592  -9.8361   0.0970     8598.546     767.9399     1620.307    0.112   0
        54    249.632    663.987 327.8885751 +28.8942079     6.47 0.0006991731  -9.4918 -10.2584   0.0658     12686.63     768.9466     1583.614    0.215   0
        55    653.573    649.695 327.8387032 +28.8967740     5.19 0.0005607695 -10.3988 -10.5578   0.0501     16716.18      770.492     1623.109    0.079   0
        56    669.246    588.145 327.8369195 +28.9034449     4.96 0.0005355927 -10.9311 -10.9233   0.0359     23405.27     772.7022     1616.181    0.071   0
        57    745.585    611.434 327.8274293 +28.9011275     4.89  0.000527937 -11.7027 -11.6887   0.0179     47368.56      780.247     1616.593    0.080   0
        58    698.081    560.113 327.8334260 +28.9065376     4.91 0.0005302345 -11.5961 -11.5473   0.0203     41584.36     778.4766     1615.649    0.111   0
        59    812.727    569.655 327.8192361 +28.9057969     4.85  0.000523984 -11.3068 -11.3779   0.0237     35576.86     776.5663     1588.825    0.083   0
        60    799.729    542.794 327.8209084 +28.9086584     4.93 0.0005318123 -14.8077 -14.8418   0.0013     864408.6     1008.681     1612.829    0.081   0
        61    362.232    572.005 327.8748952 +28.9044059     5.01 0.0005414225  -9.0635  -9.5262   0.1288     6463.624     766.8775     1596.104    0.187   0
