#   1 NUMBER                 Running object number                                     
#   2 X_IMAGE                Object position along x                                    [pixel]
#   3 Y_IMAGE                Object position along y                                    [pixel]
#   4 ALPHA_J2000            Right ascension of barycenter (J2000)                      [deg]
#   5 DELTA_J2000            Declination of barycenter (J2000)                          [deg]
#   6 FWHM_IMAGE             FWHM assuming a gaussian core                              [pixel]
#   7 FWHM_WORLD             FWHM assuming a gaussian core                              [deg]
#   8 MAG_BEST               Best of MAG_AUTO and MAG_ISOCOR                            [mag]
#   9 MAG_APER               Fixed aperture magnitude vector                            [mag]
#  10 MAGERR_APER            RMS error vector for fixed aperture mag.                   [mag]
#  11 FLUX_APER              Flux vector within fixed circular aperture(s)              [count]
#  12 FLUXERR_APER           RMS error vector for aperture flux(es)                     [count]
#  13 BACKGROUND             Background at centroid position                            [count]
#  14 ELLIPTICITY            1 - B_IMAGE/A_IMAGE                                       
#  15 FLAGS                  Extraction flags                                          
         1    840.154     78.853 327.8144960 +28.8487026   141.75   0.01531825 -14.8362 -12.6909   0.0053     119227.1     585.2896      818.379    0.619  18
         2    752.292     57.117 327.8254091 +28.8508250     8.54 0.0009231325 -12.9938 -12.9966   0.0041     157994.1     601.6206     859.2448    0.310   3
         3    590.402     29.764 327.8454873 +28.8533647     6.46  0.000697623 -12.9850 -12.9569   0.0043     152325.2        599.1     804.2404    0.165   0
         4    820.890     10.009 327.8170429 +28.8560767    81.95  0.008855679 -13.9002 -12.6972   0.0050     119920.2     554.4813     404.0148    0.768  24
         5    477.867      9.882 327.8594471 +28.8552219     5.62 0.0006076093 -10.9790  -9.2239   0.1107     4892.979     498.7979     725.8377    0.355  16
         6    564.794     81.908 327.8485258 +28.8476776     6.79 0.0007337776 -12.9038 -12.9456   0.0043     150749.7     598.5893     1005.317    0.044   0
         7    616.511     95.266 327.8421005 +28.8463687     6.72 0.0007261829 -13.1838 -13.2269   0.0034     195328.8     616.9787     1061.332    0.083   0
         8    355.006     64.596 327.8744999 +28.8490086     4.19 0.0004529379  -9.1803 -10.4727   0.0379     15455.31     538.9822     915.9718    0.592   0
         9    319.802     79.611 327.8788143 +28.8472993     3.46 0.0003741567  -9.1006 -10.8267   0.0275     21412.17     541.7087     966.9751    0.424   0
        10    734.631    106.773 327.8274723 +28.8454268     6.78 0.0007324074 -12.4002 -12.3801   0.0069     89547.23     572.3879     1070.849    0.086   0
        11     32.487    116.035 327.9142369 +28.8426295     7.27 0.0007851727  -9.6615  -8.4339   0.2449     2363.472     533.0254     969.9213    0.083   0
        12    511.293    135.090 327.8550088 +28.8418076     6.31 0.0006816677 -11.1336 -10.9401   0.0248     23770.44     543.0319     1062.103    0.069   0
        13      3.852    129.193 327.9177432 +28.8411364     6.67 0.0007207411  -8.5551  99.0000  99.0000    -4225.788     425.8763     965.8834    0.229  16
        14    586.178    191.648 327.8456151 +28.8359001     6.40 0.0006913994 -14.7331 -14.7609   0.0011     802354.6     827.1007     1069.133    0.066   0
        15    415.480    141.245 327.8668363 +28.8408994     7.13 0.0007703401  -9.3691  -9.0609   0.1377     4210.812     533.9211     1054.363    0.127   0
        16    171.231    139.883 327.8970286 +28.8404181     8.70 0.0009404824  -9.1282  -8.6431   0.2021      2865.89      533.246     1004.861    0.118   0
        17    695.824    191.720 327.8320634 +28.8361701     6.50 0.0007025822 -14.4534 -14.4829   0.0013     621074.9     770.3712     1072.108    0.062   0
        18    359.330    152.640 327.8737483 +28.8395271     6.90 0.0007454254 -10.1453 -10.2352   0.0470     12418.67     537.7208     1047.674    0.101   0
        19    120.306    187.961 327.9032029 +28.8351028     6.13  0.000662767 -12.2306 -12.2788   0.0076     81568.21     568.9203     995.6406    0.026   0
        20    349.886    178.476 327.8748519 +28.8367173     6.66  0.000719214  -9.5241  -9.7121   0.0758     7670.581     535.5984     1048.415    0.109   0
        21    770.119    179.877 327.8229094 +28.8376343     4.53 0.0004898865  -9.2318 -10.0846   0.0540     10810.17      537.032     1072.409    0.211   0
        22    495.294    188.114 327.8568565 +28.8360499     7.82 0.0008450664  -9.6650  -9.9454   0.0613     9509.658     536.4114     1062.278    0.105   0
        23    169.418    198.875 327.8971058 +28.8340532     6.32  0.000683334 -10.0919 -10.2616   0.0459     12724.23     537.9075      1010.66    0.080   0
        24    386.981    217.106 327.8701720 +28.8326474     6.16 0.0006657974 -12.3839 -12.4277   0.0067     93561.38     574.2221     1055.437    0.062   0
        25    174.979    217.291 327.8963728 +28.8320820     6.11 0.0006601087 -11.9463 -12.0042   0.0096     63337.83      560.895     1012.218    0.039   0
        26    489.061    204.756 327.8575862 +28.8342398     8.10 0.0008749075  -9.4977  -9.6898   0.0774     7515.131     535.4212     1061.786    0.149   0
        27     95.027    242.026 327.9061921 +28.8292082     6.12 0.0006611841 -12.8355 -12.8695   0.0046     140540.4     594.2562     987.9174    0.012   0
        28    797.942    240.508 327.8193244 +28.8311673     6.66 0.0007193132 -10.6506 -10.6121   0.0334     17573.38     540.1565     1073.102    0.087   0
        29    759.531    262.292 327.8240192 +28.8287219     6.43 0.0006946853 -12.7097 -12.7577   0.0050     126793.2     588.5261     1072.933    0.094   0
        30     72.554    267.003 327.9089069 +28.8264570     6.26 0.0006769174 -11.7477 -11.7913   0.0116     52061.47     555.7022     980.2455    0.032   0
        31    806.491    260.319 327.8182202 +28.8290527    13.13  0.001418533 -10.1340 -10.0447   0.0559     10419.95     536.7907     1072.829    0.061   0
        32    412.791    281.539 327.8668239 +28.8257665     6.12 0.0006615567 -11.5416 -11.6006   0.0137     43676.14     552.0184     1056.981    0.076   0
        33    775.685    274.571 327.8219930 +28.8274387     7.07 0.0007641409 -10.2001 -10.3434   0.0426     13720.09     538.3107     1072.947    0.134   0
        34    690.979    267.989 327.8324774 +28.8279347     5.00  0.000540291  -8.5710  -8.8020   0.1746      3317.27     533.2174     1071.539    0.585   0
        35     65.639    282.798 327.9097220 +28.8247361     6.29    0.0006799 -10.3859 -10.4698   0.0380     15414.01     538.9334     977.6992    0.064   0
        36    610.682    292.526 327.8423413 +28.8250859     6.36 0.0006876481 -10.5857 -10.6528   0.0322     18244.62     540.4819     1067.209    0.071   0
        37    437.812    290.192 327.8637104 +28.8248976     7.95 0.0008596317  -9.3780  -9.5848   0.0851     6822.391     534.9181     1058.015    0.247   0
        38    832.261    290.220 327.8149635 +28.8258937     5.88 0.0006349703  -8.4483  99.0000  99.0000    -8392.603     531.9458     1070.535    0.161   0
        39    472.052    293.673 327.8594705 +28.8246096     6.42 0.0006940782  -9.1527  -9.2956   0.1110     5226.862     534.3217     1059.475    0.126   0
        40    555.761    295.419 327.8491215 +28.8246346     3.44 0.0003717887  -8.4643  -8.8099   0.1733     3341.569     533.3789     1062.417    0.384   0
        41    746.663    310.839 327.8254923 +28.8234553     6.44 0.0006959451 -10.3834 -10.3958   0.0406     14398.57     538.6702     1071.347    0.068   0
        42    598.621    308.410 327.8437932 +28.8233428     6.23 0.0006730512 -10.0168 -10.1516   0.0507     11498.99     537.0248     1065.073    0.068   0
        43    291.706    327.894 327.8816731 +28.8204581     5.79 0.0006255243 -11.8987 -11.9475   0.0101     60119.71     559.6019      1039.74    0.042   0
        44    822.253    322.488 327.8161227 +28.8223895     6.63 0.0007162585  -9.5066  99.0000  99.0000    -1720.929     531.9458     1069.009    0.068   0
        45    391.060    345.439 327.8693522 +28.8188215     5.91 0.0006390314 -12.0975 -12.1485   0.0085      72343.7     564.9373      1051.49    0.070   0
        46     88.685    352.175 327.9067006 +28.8173159     6.04 0.0006529741 -13.0062 -13.0427   0.0040     164851.5     604.4502     984.2523    0.037   0
        47    149.304    337.953 327.8992454 +28.8190063     6.84 0.0007388809 -10.0340 -10.0879   0.0538      10843.1     537.0325     1001.596    0.045   0
        48    900.292    333.454 327.8064525 +28.8214028     6.88 0.0007437266  -8.8958  99.0000  99.0000    -11309.23     531.9458     938.5182    0.301   0
        49    329.661    351.125 327.8769254 +28.8180510     6.57 0.0007104006  -9.5818  -9.6260   0.0820     7086.028     535.2358     1045.613    0.063   0
        50    119.648    381.676 327.9028009 +28.8142155     6.05 0.0006536334 -12.3744 -12.4310   0.0066     93839.35     574.3292     991.0724    0.080   0
        51    758.090    382.548 327.8239070 +28.8157526     6.06 0.0006545953 -12.0295 -12.1151   0.0087     70151.73     563.9381     1065.302    0.093   3
        52    756.347    394.959 327.8240924 +28.8144101     6.36 0.0006875564 -10.9835 -11.1352   0.0208     28450.41     545.1821     1064.087    0.105   3
        53    908.844    384.301 327.8052739 +28.8159420     5.65 0.0006111023  -9.3779  99.0000  99.0000    -19132.77     531.8856     907.6934    0.265   0
        54    593.696    399.610 327.8441798 +28.8134974     6.34 0.0006855272  -9.7967  -9.8427   0.0673     8650.996     535.9662     1059.161    0.112   0
        55     40.292    396.425 327.9125698 +28.8124194     4.18 0.0004518567  -8.5246  -8.9572   0.1514     3827.072     533.6964     962.1033    0.539   0
        56    560.867    401.963 327.8482307 +28.8131604     6.32 0.0006825163  -9.7193  -9.5401   0.0887     6547.065     534.9391     1057.596    0.066   0
        57    618.255    422.726 327.8410890 +28.8110674     5.92 0.0006398766 -12.5014 -12.5500   0.0060     104712.8     579.0291     1059.167    0.079   0
        58    445.404    423.641 327.8624450 +28.8105289     6.15 0.0006649541  -9.9833  -9.9801   0.0593     9818.545     536.3763     1051.608    0.090   0
        59    481.928    430.000 327.8579162 +28.8099365     7.53 0.0008136735  -9.0104  -8.2973   0.2776     2084.182     532.7592     1052.895    0.210   0
        60    511.489    436.656 327.8542473 +28.8092943     5.94 0.0006417651 -10.1699 -10.0258   0.0569     10240.09     536.7517     1053.691    0.077   0
        61    284.438    444.478 327.8822830 +28.8078698     5.91 0.0006383734 -11.1508 -11.2086   0.0195     30440.92     546.0062     1031.415    0.097   0
        62    315.893    441.133 327.8784046 +28.8083114     7.31 0.0007896551  -9.3477  -9.3374   0.1069     5431.805     534.5225     1038.285    0.278   0
        63    877.010    466.262 327.8090111 +28.8070255     6.05 0.0006542174 -11.9010 -11.9549   0.0100     60528.46     559.6558     1018.475    0.104   0
        64    178.644    454.776 327.8953292 +28.8064869     6.33  0.000683655 -10.3880 -10.4383   0.0391     14973.77     538.8629     1003.645    0.113   0
        65    493.650    483.717 327.8563364 +28.8041749     5.64 0.0006097174 -12.3705 -12.4279   0.0067     93575.74     574.2701      1051.16    0.070   0
        66    549.054    494.221 327.8494653 +28.8031834     5.75 0.0006217998 -11.6225 -11.6770   0.0128     46860.11     553.5308     1053.211    0.069   0
        67    330.018    482.406 327.8765575 +28.8038977     6.10 0.0006591313  -9.8150  -9.9140   0.0630     9238.375     536.0013     1038.774    0.101   0
        68     81.098    492.644 327.9072871 +28.8021515     7.07 0.0007644625  -9.3999  -9.5143   0.0909     6393.114     534.8821     966.6071    0.201   0
        69    235.280    496.657 327.8882275 +28.8021175     6.22  0.000671932  -9.6313  -9.6577   0.0797     7296.065     535.4086     1015.908    0.106   0
        70    413.124    564.643 327.8660872 +28.7952441     5.52 0.0005969434 -14.5131 -14.5449   0.0013     657608.5     782.1372     1040.837    0.051   0
        71    851.306    827.391 327.8113207 +28.7680251     5.36 0.0005788213 -11.3076 -11.4273   0.0160     37233.93      549.166     984.9593    0.090   0
        72    846.832   1024.702 327.8114000 +28.7467403     5.98 0.0006462879  -9.9376  -9.9437   0.0515     9494.716     450.3863      928.372    0.227  24
        73    852.398   1006.411 327.8107566 +28.7487263     5.65 0.0006109314 -10.9268 -11.0131   0.0232     25424.39     543.5572     928.9865    0.202   0
        74    456.957    989.614 327.8596311 +28.7495373     6.26 0.0006766529 -10.3463 -10.3710   0.0415     14073.21       538.43     890.9405    0.168   0
        75    781.538    978.075 327.8195754 +28.7516035     5.43 0.0005873259 -14.6498 -14.6807   0.0012     745225.4     809.6586     943.6454    0.125   0
        76    237.030    984.580 327.8868025 +28.7495163     6.85 0.0007398083 -10.3457 -10.3479   0.0424     13777.69     538.2631     841.7743    0.236   0
        77    365.628    980.550 327.8709317 +28.7502811     5.87 0.0006343256 -12.8459 -12.8922   0.0045       143506     595.5428     876.6308    0.146   0
        78    790.814    824.844 327.8187985 +28.7681478     5.41 0.0005847161 -10.6037 -10.6360   0.0327      17963.9     540.2335     999.8317    0.158   0
        79    724.508    855.506 327.8269143 +28.7646750     4.88 0.0005270386  -8.7209  -8.8350   0.1695     3419.768     533.6106     986.6243    0.260   0
        80    764.020    906.414 327.8219114 +28.7592857     5.71  0.000617085  -8.5877  -8.3018   0.2764     2092.722      532.688     970.8517    0.368   0
        81    635.225    879.371 327.8378837 +28.7618763     5.51 0.0005959558  -9.1544  -9.2776   0.1129     5140.911     534.2515     967.4635    0.039   0
        82    911.692    882.495 327.8037304 +28.7622351     5.05 0.0005459035  -8.7432  99.0000  99.0000    -15521.61      532.006     847.9386    0.278   0
        83    113.180    863.806 327.9023977 +28.7622177     6.25 0.0006755771 -11.1468 -11.1357   0.0208     28464.25     544.8654     874.1212    0.190   0
        84    342.490    845.808 327.8741209 +28.7647491     5.74 0.0006202248 -10.6033 -10.6286   0.0329     17842.64     540.2366     938.6187    0.114   0
        85    287.805    878.924 327.8807932 +28.7610383     5.77 0.0006230581 -10.5441 -10.6036   0.0336     17435.39     539.9592     913.2429    0.159   0
        86    114.710    839.159 327.9022702 +28.7648789     6.73 0.0007268981  -9.7641  -9.4490   0.0965     6020.061     534.7227     886.7741    0.286   0
        87    885.602    860.208 327.8070061 +28.7645727     3.46 0.0003734626  -9.3770 -11.1704   0.0202     29386.07     545.4056     918.1451    0.412   0
        88    322.773    792.771 327.8766870 +28.7704168     5.51 0.0005956573 -12.1935 -12.2438   0.0078     78982.98      567.755     959.0156    0.097   0
        89    295.804    833.800 327.8799167 +28.7659239     3.44 0.0003720238  -8.1814  -8.3883   0.2553     2266.277     532.7996      935.975    0.651   0
        90    883.010    796.990 327.8074776 +28.7713822     5.72 0.0006179387 -10.2441 -11.2064   0.0195     30378.96     545.7579     942.5099    0.479   2
        91    886.695    809.810 327.8069917 +28.7700092     8.25 0.0008917119 -10.8646 -11.1960   0.0197     30088.84      545.889     928.2822    0.829   2
        92    687.284    915.485 327.8313667 +28.7581143     5.24 0.0005657728 -11.3406 -11.4020   0.0164     36373.93     548.6868     959.3031    0.125   0
        93    303.034    797.125 327.8791142 +28.7698967     5.77 0.0006234429 -10.6039 -10.6839   0.0313     18773.77     540.6674     953.7719    0.149   0
        94    600.274    802.319 327.8423876 +28.7700953     5.29  0.000571708 -10.2566 -10.2961   0.0445     13135.48     538.1135     993.1714    0.105   0
        95    883.499    787.639 327.8074396 +28.7723916     6.40 0.0006918217 -10.3366 -11.2029   0.0196     30281.35     545.9185      945.088    0.609   0
        96     53.021    792.247 327.9100066 +28.7697768     6.78  0.000733048 -10.3261 -10.3426   0.0426     13710.25     538.3061     883.8564    0.233   0
        97    887.175    771.990 327.8070229 +28.7740881     6.13 0.0006625424 -10.3249 -11.1251   0.0210     28185.38     544.7668     938.5751    0.478   0
        98    880.302    902.713 327.8075589 +28.7599767     5.21 0.0005633289 -10.0893 -11.2207   0.0193     30780.86     546.2644     917.2807    0.204   0
        99    647.584    782.642 327.8365918 +28.7723366     5.40 0.0005835683 -10.5887 -10.6069   0.0335     17489.04     539.9841     1005.752    0.087   0
       100    706.910    766.725 327.8293023 +28.7742027     5.35 0.0005782925 -10.6474 -10.7025   0.0308     19099.34     540.8771     1015.645    0.114   0
       101    884.487    758.998 327.8073861 +28.7754822     6.46 0.0006980688 -10.4769 -11.1809   0.0200     29672.21     545.6541       950.59    0.315   2
       102    304.101    638.811 327.8793733 +28.7869682     5.74 0.0006208473  -9.7347 -10.0306   0.0567     10285.42     536.7281     1004.629    0.026   0
       103    510.172    764.686 327.8536086 +28.7739238     7.13  0.000770589  -8.9360  -8.7108   0.1899     3050.177     533.3323     994.7833    0.055   0
       104     81.178    727.860 327.9066897 +28.7767918     6.34 0.0006849644 -10.7115 -10.8135   0.0278     21153.69     541.7815     917.8043    0.171   0
       105    494.958    729.863 327.8555730 +28.7776396     5.82 0.0006284873  -9.7749  -9.8915   0.0643     9048.746     536.1219     1005.849    0.051   0
       106    234.461    712.967 327.8877926 +28.7787938     5.79 0.0006259526 -11.1767 -11.2121   0.0194     30537.56     546.1384     966.9346    0.110   0
       107    579.406    707.289 327.8451964 +28.7802881     5.61 0.0006063962  -9.2069  -9.3021   0.1104     5258.463     534.3815     1022.263    0.056   0
       108    628.896    737.546 327.8390096 +28.7771514     5.26 0.0005689683 -12.3861 -12.4366   0.0066     94328.05     574.5419     1018.931    0.071   0
       109    778.034    696.924 327.8206851 +28.7819076     5.60 0.0006050982  -9.5491  -9.5221   0.0902     6439.504     534.9188     1038.012    0.111   0
       110    879.287    723.153 327.8081143 +28.7793339     4.38 0.0004728742  -9.5680 -11.1309   0.0209     28337.52      545.101     974.7087    0.306   0
       111    603.235    641.361 327.8424132 +28.7874568     6.68 0.0007218785  -9.5075  -9.6150   0.0829     7014.583     535.2173     1041.094    0.143   0
       112    880.004    687.003 327.8081123 +28.7832333     3.00   0.00032457  -9.2187 -11.0828   0.0218     27110.24     544.3467     980.9859    0.000   0
       113    409.299    683.487 327.8662679 +28.7824211     5.39 0.0005823717 -14.0550 -14.0867   0.0018     431198.5     706.1371       1016.1    0.064   0
       114    298.331    583.916 327.8802218 +28.7928720     5.61 0.0006064512 -12.4979 -12.5591   0.0060     105598.8     579.4806     1015.742    0.076   0
       115    885.395    894.793 327.8069489 +28.7608434     3.46 0.0003743597  -9.2732 -11.1738   0.0201     29480.77     545.4637        908.2    0.420   0
       116     87.244    647.200 327.9061418 +28.7855039     6.19 0.0006685342 -10.4701 -10.5434   0.0355     16494.96     539.3901     943.0577    0.153   0
       117    784.592    655.479 327.8199748 +28.7863926     5.72  0.000618038  -9.8878 -10.0107   0.0577     10099.28     536.5817     1046.797    0.096   0
       118    437.146    652.778 327.8629033 +28.7858032     5.39 0.0005819706 -12.9575 -12.9935   0.0041     157545.9      601.421     1026.973    0.062   0
       119    389.746    669.518 327.8687176 +28.7838771     5.71 0.0006168885  -9.3884  -9.6480   0.0804     7231.331     535.3784     1016.525    0.111   0
       120    462.283    657.436 327.8597866 +28.7853651     6.29 0.0006798761  -9.5491  -9.7798   0.0713     8164.445     535.7542     1026.556    0.150   0
       121    178.649    926.179 327.8941570 +28.7556622     6.54 0.0007063439 -10.1691 -10.0981   0.0533     10945.51     537.0355     860.0515    0.261   0
       122    524.199    587.628 327.8523082 +28.7930493     5.62 0.0006073546  -8.8052  -9.5235   0.0901     6447.603      534.728      1046.54    0.236   0
       123    889.453    965.493 327.8062784 +28.7532308     6.63 0.0007165857 -10.6631 -11.2733   0.0184     32308.49     546.9484     875.9278    0.389   0
       124    268.556    970.487 327.8829441 +28.7511169     8.44 0.0009119334  -9.3947  -9.5553   0.0875     6639.384      535.087     860.0304    0.235   0
       125    884.336    938.008 327.8069762 +28.7561813     6.05 0.0006538149 -10.4328 -11.2513   0.0187     31661.25     546.5939     895.5648    0.235   0
       126    537.099    600.130 327.8506840 +28.7917343     5.49 0.0005928103 -12.9039 -12.9607   0.0043     152853.4     599.5073     1046.879    0.075   0
       127    548.183    616.174 327.8492756 +28.7900326     5.60 0.0006054107 -11.0834 -11.1882   0.0198     29873.82     545.6144     1045.399    0.105   0
       128    691.115    596.900 327.8316643 +28.7924728     5.83 0.0006304226 -10.6865 -10.7951   0.0283     20799.77     541.6772     1052.017    0.087   0
       129    872.323   1003.943 327.8083019 +28.7490423     5.97 0.0006452595 -10.0300 -10.8288   0.0274     21454.82     541.9352     909.5562    0.197   0
       130    467.344    888.863 327.8585949 +28.7604264     5.54 0.0005983979 -10.7617 -10.8177   0.0277     21235.82     541.7898     938.9228    0.132   0
       131    449.786    540.242 327.8616176 +28.7979687     5.02 0.0005430238  -8.8059  -8.8166   0.1723     3362.212     533.4036     1046.811    0.324   0
       132     22.666    556.765 327.9143459 +28.7950864     6.26 0.0006766286 -10.4702 -10.5433   0.0355     16493.94      539.627     937.9022    0.097   0
       133    835.296    551.744 327.8139601 +28.7977044     6.72 0.0007262812  -8.8530  99.0000  99.0000    -3810.625     531.9307     1055.269    0.093   0
       134    625.563    975.075 327.8388447 +28.7515334     5.47 0.0005915592 -11.1718 -11.2291   0.0191     31020.21     546.3007     923.4611    0.136   0
       135    654.281    846.283 327.8356103 +28.7654920     5.21 0.0005633882 -13.3488 -13.3948   0.0030     227990.5     630.0489     984.1079    0.092   0
