#   1 NUMBER                 Running object number                                     
#   2 X_IMAGE                Object position along x                                    [pixel]
#   3 Y_IMAGE                Object position along y                                    [pixel]
#   4 ALPHA_J2000            Right ascension of barycenter (J2000)                      [deg]
#   5 DELTA_J2000            Declination of barycenter (J2000)                          [deg]
#   6 FWHM_IMAGE             FWHM assuming a gaussian core                              [pixel]
#   7 FWHM_WORLD             FWHM assuming a gaussian core                              [deg]
#   8 MAG_BEST               Best of MAG_AUTO and MAG_ISOCOR                            [mag]
#   9 MAG_APER               Fixed aperture magnitude vector                            [mag]
#  10 MAGERR_APER            RMS error vector for fixed aperture mag.                   [mag]
#  11 FLUX_APER              Flux vector within fixed circular aperture(s)              [count]
#  12 FLUXERR_APER           RMS error vector for aperture flux(es)                     [count]
#  13 BACKGROUND             Background at centroid position                            [count]
#  14 ELLIPTICITY            1 - B_IMAGE/A_IMAGE                                       
#  15 FLAGS                  Extraction flags                                          
         1    833.831    188.601 200.9197235 +36.2169504   200.22   0.02160285 -16.1828 -12.6317   0.0084     112895.1     874.5286     1481.598    0.905  16
         2    517.519     57.477 200.9624439 +36.2301418     6.53 0.0007049143  -9.5312  -9.1837   0.1943      4714.81     843.4168     1574.505    0.031   0
         3    469.950     98.553 200.9687642 +36.2255963     6.94 0.0007487338 -10.4099 -10.5276   0.0566     16257.37     846.7602     1602.241    0.168   0
         4    536.978    153.986 200.9596630 +36.2198340     6.21  0.000669512  -9.4997  -9.3324   0.1694     5407.243     843.2178     1669.417    0.214   0
         5    605.681    174.392 200.9503980 +36.2178369     8.78 0.0009471417 -10.6772 -10.7731   0.0452     20382.43     847.8589     1695.344    0.097   0
         6    260.995    293.996 200.9964915 +36.2040138     0.00            0  -8.9348  -9.8571   0.1046     8766.938     844.2608     1674.868    0.007   0
         7    186.864    339.496 201.0063674 +36.1989151     7.15 0.0007718597 -10.2879 -10.4307   0.0618     14869.17     846.3976     1671.901    0.190   0
         8    440.579    399.693 200.9721861 +36.1931775     7.46 0.0008049344 -10.2448 -10.6319   0.0514     17896.85     847.2205     1779.922    0.138   0
         9    442.227    468.883 200.9718444 +36.1857528     2.63 0.0002836259  -9.7330 -10.1009   0.0836     10973.46     845.1276     1797.982    0.312   0
        10    888.276    888.184 200.9112500 +36.1419822    56.20  0.006063393 -14.5837 -12.8778   0.0068     141612.9     882.9952      548.017    0.147  17
        11    305.142    484.213 200.9902262 +36.1837157     5.79  0.000624814 -10.1367 -10.1242   0.0819     11212.06     845.2456      1778.69    0.178   0
        12    882.540    457.725 200.9127332 +36.1881879     5.12 0.0005522463 -11.3540  99.0000  99.0000    -23194.03     841.9705     1403.689    0.064   0
        13    167.050    552.158 201.0086479 +36.1760232     5.58 0.0006022761 -10.4208 -10.5362   0.0561     16386.56     846.8694     1737.932    0.047   0
        14    862.218    639.639 200.9151601 +36.1685980     5.31 0.0005731692 -12.1805 -12.0835   0.0137     68138.86     861.7556      1695.15    0.067   0
        15    841.230    830.307 200.9176606 +36.1480661    75.86  0.008185196 -14.2337 -13.2861   0.0047     206262.4     901.0912     1338.244    0.456  16
        16    429.083    552.386 200.9734641 +36.1767491     5.26 0.0005680254 -12.0334 -12.0931   0.0136     68746.55     861.9784     1798.624    0.061   0
        17    441.908    511.938 200.9718124 +36.1811288     5.29 0.0005707958 -12.0781 -12.1084   0.0134     69719.86       862.47      1799.55    0.079   0
