#   1 NUMBER                 Running object number                                     
#   2 X_IMAGE                Object position along x                                    [pixel]
#   3 Y_IMAGE                Object position along y                                    [pixel]
#   4 ALPHA_J2000            Right ascension of barycenter (J2000)                      [deg]
#   5 DELTA_J2000            Declination of barycenter (J2000)                          [deg]
#   6 FWHM_IMAGE             FWHM assuming a gaussian core                              [pixel]
#   7 FWHM_WORLD             FWHM assuming a gaussian core                              [deg]
#   8 MAG_BEST               Best of MAG_AUTO and MAG_ISOCOR                            [mag]
#   9 MAG_APER               Fixed aperture magnitude vector                            [mag]
#  10 MAGERR_APER            RMS error vector for fixed aperture mag.                   [mag]
#  11 FLUX_APER              Flux vector within fixed circular aperture(s)              [count]
#  12 FLUXERR_APER           RMS error vector for aperture flux(es)                     [count]
#  13 BACKGROUND             Background at centroid position                            [count]
#  14 ELLIPTICITY            1 - B_IMAGE/A_IMAGE                                       
#  15 FLAGS                  Extraction flags                                          
         1    852.017     88.060 200.9157883 +36.1183253   118.48    0.0127843 -14.8048 -12.6076   0.0053     110415.9     538.3244     780.5759    0.495  19
         2    817.109     46.357 200.9205476 +36.1227112    70.84  0.007644148 -13.4954 -12.0154   0.0088     63999.42     516.3314     631.2346    0.799  19
         3    825.346      9.551 200.9195155 +36.1266913    86.36   0.00931849 -13.6028 -12.4473   0.0057      95260.4     499.1652     426.7741    0.806  24
         4    119.574     57.611 201.0140041 +36.1195113     2.28 0.0002464509  -9.5559 -10.0555   0.0505     10524.02     489.5251     796.9567    0.154   0
         5    767.044     73.067 200.9272050 +36.1196992     1.57 0.0001695185  -8.7958 -10.6490   0.0295     18180.51     493.5946     860.5268    0.012   0
         6    680.930    207.991 200.9384791 +36.1049510     5.18 0.0005593001 -15.4719 -15.4914   0.0007      1572356     1010.315     984.8766    0.047   0
         7    768.133    205.704 200.9267994 +36.1054423     5.22  0.000563067 -14.9991 -15.0229   0.0009      1021282     863.2802     985.8806    0.048   0
         8    121.155    216.903 201.0134615 +36.1023905     5.00 0.0005391932 -13.2053 -13.2514   0.0031     199791.9     578.3205      919.624    0.062   0
         9    544.484    214.007 200.9567489 +36.1039179     3.49 0.0003767381  -8.2807  -9.0191   0.1304     4051.598     486.3449     978.1824    0.374   0
        10    333.368    278.645 200.9849033 +36.0963656     5.72 0.0006176097  -8.7353  -8.9095   0.1442     3662.731     486.1722     961.1704    0.164   0
        11    622.331    339.262 200.9460701 +36.0906724     5.03 0.0005425003 -10.8663 -10.9400   0.0227     23769.38     496.4439     976.3024    0.072   0
        12    262.046    385.646 200.9942390 +36.0846567     7.10  0.000765716  -9.1628  -8.8878   0.1471     3590.194     486.2169     948.1712    0.248   0
        13    198.319    448.074 201.0026466 +36.0777611     6.19 0.0006680866  -9.0651  -9.1200   0.1189     4446.488     486.6706     928.5681    0.283   0
        14     26.339    497.150 201.0255784 +36.0719854     4.36 0.0004705567  -9.0391  -9.0562   0.1260     4192.604      486.431     874.4199    0.135   0
        15    140.084    538.078 201.0102601 +36.0679161     5.03 0.0005428598 -12.9380 -12.9875   0.0039     156675.9     559.4191     905.0255    0.086   0
        16    880.115    866.706 200.9105162 +36.0346907    10.20  0.001101081 -10.7651 -11.1466   0.0188     28750.68      498.986     860.8922    0.783   2
        17    882.679    887.558 200.9101326 +36.0324560     7.00 0.0007548335 -10.5473 -11.1596   0.0186     29095.57     499.1322     848.6295    0.361   0
        18    883.881    877.740 200.9099907 +36.0335148    10.84  0.001169999 -11.1977 -11.1700   0.0185     29375.23      499.352     849.3297    0.496   2
        19    886.008    861.496 200.9097373 +36.0352672     5.62 0.0006060153 -10.0859 -11.1079   0.0195     27744.14      498.375     849.8048    0.586   0
        20    880.576    860.793 200.9104658 +36.0353277     3.45 0.0003727847  -9.1592 -11.1155   0.0194     27938.27     498.3259     860.5306    0.418   0
        21    532.683    733.335 200.9572920 +36.0480512     5.10 0.0005499403  -9.6201  -9.7736   0.0654     8117.733     488.5936     928.8981    0.108   0
        22    222.151    728.398 200.9988786 +36.0476924     5.33 0.0005753737 -10.2520 -10.2917   0.0408     13082.33      490.911     883.2929    0.153   0
        23    539.056    712.343 200.9564806 +36.0503262     7.15 0.0007711489 -10.1125 -10.1716   0.0455     11711.91     490.3209     934.7831    0.029   0
        24    767.291    604.259 200.9261325 +36.0625908     5.00  0.000539977 -10.3047 -10.3778   0.0377     14161.63     491.6359     967.8795    0.144   0
        25    888.395    755.802 200.9096219 +36.0466371     3.44 0.0003712573  -8.9807 -10.9190   0.0231     23312.29       496.08     872.4431    0.428   0
        26    705.415    570.776 200.9344845 +36.0660166     3.44 0.0003709772  -8.2352  -8.7205   0.1714     3077.398     485.7482      968.575    0.412   0
        27    487.346    679.434 200.9634702 +36.0537172     5.01 0.0005405478 -10.1485 -10.1608   0.0459     11595.99     490.3024     938.0845    0.052   0
        28    883.349    958.983 200.9099049 +36.0247789     5.38 0.0005799753 -10.0223 -11.1103   0.0195     27804.36     498.4451     831.4797    0.561   0
        29    893.307    907.168 200.9086719 +36.0303773    10.02  0.001081315 -11.3776 -11.0845   0.0199     27151.89     498.1311     823.5895    0.262   0
        30    884.205    808.850 200.9100804 +36.0409222     6.03 0.0006504382 -10.3623 -11.0962   0.0197     27446.06     498.2521     869.5677    0.587   0
        31    110.320    890.356 201.0135153 +36.0299566     3.96 0.0004273296  -8.5370  -9.0453   0.1273     4150.685     486.4913     784.1193    0.418   0
