#   1 NUMBER                 Running object number                                     
#   2 X_IMAGE                Object position along x                                    [pixel]
#   3 Y_IMAGE                Object position along y                                    [pixel]
#   4 ALPHA_J2000            Right ascension of barycenter (J2000)                      [deg]
#   5 DELTA_J2000            Declination of barycenter (J2000)                          [deg]
#   6 FWHM_IMAGE             FWHM assuming a gaussian core                              [pixel]
#   7 FWHM_WORLD             FWHM assuming a gaussian core                              [deg]
#   8 MAG_BEST               Best of MAG_AUTO and MAG_ISOCOR                            [mag]
#   9 MAG_APER               Fixed aperture magnitude vector                            [mag]
#  10 MAGERR_APER            RMS error vector for fixed aperture mag.                   [mag]
#  11 FLUX_APER              Flux vector within fixed circular aperture(s)              [count]
#  12 FLUXERR_APER           RMS error vector for aperture flux(es)                     [count]
#  13 BACKGROUND             Background at centroid position                            [count]
#  14 ELLIPTICITY            1 - B_IMAGE/A_IMAGE                                       
#  15 FLAGS                  Extraction flags                                          
         1     11.129     80.214 237.9946155 +32.9341130    67.76  0.007267894 -14.0752 -13.3119   0.0053     211233.5     1037.915     320.0457    0.585  24
         2    149.334     80.757 237.9768708 +32.9344019    62.56  0.006710888 -13.8413 -12.2914   0.0139     82523.39     1053.304     1779.707    0.813  16
         3    192.588     30.934 237.9714279 +32.9398276    32.86  0.003524516 -12.8523 -12.3886   0.0127     90251.09     1055.194     967.2831    0.229  17
         4    135.742     11.180 237.9787707 +32.9417940    88.38  0.009480475 -15.3379 -14.1381   0.0026     452114.3      1095.31     63.04998    0.744  24
         5     77.542    408.758 237.9853553 +32.8992138    90.79  0.009737968 -14.6985 -12.2575   0.0143     79982.69     1052.758     2094.023    0.922  18
         6     66.538    111.124 237.9874327 +32.9309533    29.67    0.0031825  99.0000  -9.1435   0.2473     4543.542     1034.747     1268.622    0.507   2
         7     85.936    121.255 237.9849198 +32.9299207    30.11  0.003229201 -12.3949 -12.1625   0.0156     73282.54     1051.137     1676.246    0.608   2
         8    914.543     92.339 237.8786016 +32.9350406     4.32 0.0004632802 -11.8406 -11.5296   0.0277     40911.38     1043.381     1993.521    0.078   0
         9    421.280     95.336 237.9419244 +32.9335209     4.55 0.0004879717 -11.4696 -11.5434   0.0274     41434.08     1043.709     2282.724    0.109   0
        10    551.898    143.344 237.9250511 +32.9287177     4.49  0.000481775 -10.7239  -9.4516   0.1863     6034.297      1035.02     2318.905    0.130   0
        11    986.145    198.410 237.8691866 +32.9238907     4.63 0.0004971332 -14.5885 -14.6327   0.0018     712981.7     1193.548     2046.593    0.073   0
        12    181.357    259.957 237.9723620 +32.9153554     4.50 0.0004822542 -11.7709 -11.8842   0.0201     56714.86      1047.42     2385.632    0.080   0
        13    251.376    274.075 237.9633433 +32.9140230     5.41 0.0005803813  -9.3928  -9.7773   0.1381     8145.214     1035.617     2385.234    0.229   0
        14    884.008    312.698 237.8820572 +32.9114475     3.11 0.0003335152  -9.0545  -9.2100   0.2326     4830.408     1034.553     2095.814    0.066   0
        15    567.021    414.250 237.9225250 +32.8998400    20.52  0.002201105 -16.8294 -16.8429   0.0004      5459520     1948.864     2324.002    0.228   4
        16    780.747    344.569 237.8952436 +32.9077968     4.75 0.0005093423 -12.0097 -12.1110   0.0163     69884.55     1050.444     2181.407    0.085   0
        17    154.492    378.648 237.9755467 +32.9026202     4.56  0.000488776 -12.6203 -12.6314   0.0102     112861.4     1060.623     2381.054    0.079   0
        18    205.113    403.394 237.9689951 +32.9001054     4.86 0.0005210788 -11.7606 -11.9255   0.0193     58913.75     1047.656     2377.725    0.111   0
        19    371.486    461.987 237.9475150 +32.8942644     5.34 0.0005726281  -9.7896 -10.2467   0.0897      12550.5     1036.621     2351.335    0.260   0
        20     83.501    909.005 237.9834747 +32.8458364    85.45   0.00916603 -15.2581 -12.3816   0.0128     89668.21     1054.855     1871.369    0.899  18
        21     79.212    674.727 237.9845473 +32.8708306    76.12  0.008164909 -15.3212 -12.4467   0.0120     95205.78      1056.31     2034.704    0.846  18
        22    960.906    505.177 237.8717834 +32.8910878     4.67 0.0005008971 -12.4656 -12.4939   0.0115     99439.12     1057.397     1865.475    0.046   0
        23    531.709    673.025 237.9264975 +32.8721337     4.26 0.0004565751  -9.2313  -9.5789   0.1657     6784.862     1035.201     2194.109    0.081   0
        24    650.786   1010.475 237.9104973 +32.8364073     4.85 0.0005203906 -12.3118 -12.2870   0.0139     82184.37     1053.224     1729.042    0.057   0
        25     86.421    997.176 237.9829037 +32.8364330     7.90   0.00084723 -11.2262 -11.5246   0.0278     40723.23     1043.104     1837.385    0.152   0
        26    686.349    698.119 237.9066038 +32.8698326     4.73 0.0005077544 -11.6175 -11.6508   0.0248     45743.25      1044.74     2011.274    0.039   0
        27    748.544    654.720 237.8987167 +32.8746154     4.30 0.0004611416  -9.4195  -9.6409   0.1565      7184.02     1035.443     1978.577    0.020   0
        28    437.866    622.722 237.9386467 +32.8772724     4.84 0.0005186909 -12.4364 -12.4695   0.0118      97231.3     1056.875     2293.769    0.104   0
        29    776.206    839.261 237.8947759 +32.8549857     4.79 0.0005139302 -10.5533 -10.6026   0.0647     17419.95     1037.708     1761.741    0.021   0
        30    230.137    534.862 237.9654932 +32.8861358     4.07 0.0004367898  -9.2362  -9.6385   0.1569     7168.304     1035.323      2352.62    0.188   0
        31    720.460    886.300 237.9018263 +32.8498301     4.70 0.0005043544 -11.6772 -11.7234   0.0232     48906.23     1045.324     1780.969    0.043   0
        32    751.640    950.816 237.8976899 +32.8430196     4.82 0.0005170827 -12.4661 -12.4405   0.0121     94664.47     1056.096     1663.346    0.052   0
        33    586.389    956.094 237.9188729 +32.8420547     4.54 0.0004874518  -9.8162 -10.0437   0.1081     10410.66     1036.105     1854.865    0.175   0
        34    153.229    817.014 237.9747355 +32.8558293     5.03 0.0005395719 -11.6515 -11.6543   0.0247     45890.27     1044.226     2205.529    0.052   0
        35    312.317    585.005 237.9548380 +32.8809879     4.25 0.0004563529  -9.5798  -9.9080   0.1224     9187.521     1035.693     2336.856    0.348   0
