#   1 NUMBER                 Running object number                                     
#   2 X_IMAGE                Object position along x                                    [pixel]
#   3 Y_IMAGE                Object position along y                                    [pixel]
#   4 ALPHA_J2000            Right ascension of barycenter (J2000)                      [deg]
#   5 DELTA_J2000            Declination of barycenter (J2000)                          [deg]
#   6 FWHM_IMAGE             FWHM assuming a gaussian core                              [pixel]
#   7 FWHM_WORLD             FWHM assuming a gaussian core                              [deg]
#   8 MAG_BEST               Best of MAG_AUTO and MAG_ISOCOR                            [mag]
#   9 MAG_APER               Fixed aperture magnitude vector                            [mag]
#  10 MAGERR_APER            RMS error vector for fixed aperture mag.                   [mag]
#  11 FLUX_APER              Flux vector within fixed circular aperture(s)              [count]
#  12 FLUXERR_APER           RMS error vector for aperture flux(es)                     [count]
#  13 BACKGROUND             Background at centroid position                            [count]
#  14 ELLIPTICITY            1 - B_IMAGE/A_IMAGE                                       
#  15 FLAGS                  Extraction flags                                          
         1    833.930    188.902 200.9196431 +36.2167067   202.55   0.02185712 -16.2981 -12.7245   0.0083     122975.6     940.0054     1590.251    0.904  24
         2    516.781     55.444 200.9624667 +36.2301169     6.40 0.0006907966  -9.6183  -8.7917   0.2999     3286.153     907.4871     1685.708    0.251   0
         3    469.144     95.749 200.9687925 +36.2256455     6.24 0.0006735263 -10.3642 -10.5088   0.0619     15977.92     910.9512     1715.463    0.242   0
         4    535.912    151.168 200.9597276 +36.2198883     5.87 0.0006334034  -9.4691  -9.4364   0.1657     5950.563     908.1952     1789.203    0.248   0
         5    604.904    171.523 200.9504272 +36.2179045     8.49 0.0009158528 -10.7253 -10.7915   0.0478     20730.59     912.3566     1822.472    0.183   0
         6    260.999    293.987 200.9963833 +36.2037263   -38.43 -0.004146889  -8.8502  -9.6845   0.1319     7478.012     908.2316     1804.521    0.008   0
         7    186.545    336.849 201.0063005 +36.1988978     5.11 0.0005513782 -10.0750 -10.1888   0.0830     11899.47      909.908      1800.93    0.205   0
         8    439.706    396.973 200.9722065 +36.1931932     5.83 0.0006287167 -10.0924 -10.6222   0.0558     17737.12     911.4849     1920.043    0.099   0
         9    441.242    509.165 200.9717997 +36.1811432     4.32 0.0004665854 -12.0518 -12.0332   0.0154     65053.77     924.4724     1944.714    0.086   0
        10    888.434    888.253 200.9111310 +36.1417222    55.78  0.006019489 -14.6811 -12.9868   0.0066     156570.2     948.8979     551.9055    0.141  17
        11    881.964    454.791 200.9127388 +36.1882774     4.23 0.0004561518 -11.5860  99.0000  99.0000    -30930.35     906.4531     1511.149    0.042   0
        12    304.450    481.368 200.9902099 +36.1837230     4.69 0.0005062793 -10.1826 -10.1360   0.0872     11334.74     909.7783      1920.84    0.143   0
        13    841.219    830.410 200.9175642 +36.1478003    74.13   0.00799902 -14.3627 -13.4270   0.0045     234854.9     968.8718     1434.097    0.444  16
        14    797.458    800.761 200.9234863 +36.1508587    20.67  0.002230839 -12.0489 -11.9323   0.0169     59281.53     922.9353     1867.142    0.406   3
        15     95.859    730.872 201.0177451 +36.1562892     3.41 0.0003680381  -8.6717  -8.7587   0.3091     3187.841       907.46     1811.714    0.182   0
        16    166.412    549.196 201.0086127 +36.1760218     4.68 0.0005049785 -10.4753 -10.7044   0.0517     19132.84     911.5616     1874.455    0.213   0
        17    861.544    636.734 200.9151685 +36.1686691     4.36 0.0004705123 -12.1955 -12.0512   0.0152      66140.8     924.6405     1826.915    0.045   0
        18    428.451    549.624 200.9734440 +36.1767582     4.32 0.0004658272 -11.9624 -12.0383   0.0154     65358.62      924.429     1944.496    0.072   0
