#   1 NUMBER                 Running object number                                     
#   2 X_IMAGE                Object position along x                                    [pixel]
#   3 Y_IMAGE                Object position along y                                    [pixel]
#   4 ALPHA_J2000            Right ascension of barycenter (J2000)                      [deg]
#   5 DELTA_J2000            Declination of barycenter (J2000)                          [deg]
#   6 FWHM_IMAGE             FWHM assuming a gaussian core                              [pixel]
#   7 FWHM_WORLD             FWHM assuming a gaussian core                              [deg]
#   8 MAG_BEST               Best of MAG_AUTO and MAG_ISOCOR                            [mag]
#   9 MAG_APER               Fixed aperture magnitude vector                            [mag]
#  10 MAGERR_APER            RMS error vector for fixed aperture mag.                   [mag]
#  11 FLUX_APER              Flux vector within fixed circular aperture(s)              [count]
#  12 FLUXERR_APER           RMS error vector for aperture flux(es)                     [count]
#  13 BACKGROUND             Background at centroid position                            [count]
#  14 ELLIPTICITY            1 - B_IMAGE/A_IMAGE                                       
#  15 FLAGS                  Extraction flags                                          
         1      9.753     81.386 237.9939653 +32.9330403    60.14   0.00645136 -13.1095 -12.2421   0.0080     78857.88     580.7919     451.2825    0.619  24
         2    192.567     29.891 237.9705895 +32.9390214    27.62  0.002963251 -11.6760 -11.3876   0.0182     35896.05     601.7006     693.5485    0.247   0
         3    135.859     10.801 237.9778989 +32.9409120    84.85  0.009102285 -14.3171 -13.0600   0.0041     167499.7     627.2012     363.2062    0.746  24
         4    141.561     87.912 237.9770398 +32.9326901    30.25  0.003245106 -12.4388 -11.4164   0.0177     36861.02     602.0852      1038.74    0.594   2
         5    416.619     86.674 237.9417436 +32.9335387     6.72 0.0007209173 -11.4851 -11.5154   0.0162     40380.23     603.6093     1143.435    0.024   0
         6    910.625     83.464 237.8783514 +32.9351433     7.70 0.0008258638 -11.9803 -11.8114   0.0125     53034.57     608.8438     1034.191    0.200   0
         7     63.865    111.316 237.9869715 +32.9299859    10.36  0.001110955 -10.0739  99.0000  99.0000    -5545.797     586.6962     800.3807    0.548   2
         8    982.270    190.084 237.8689948 +32.9239344     6.57 0.0007052122 -14.8208 -14.8488   0.0011     870001.5     882.7195     1104.195    0.102   0
         9    547.730    134.721 237.9248417 +32.9287443     5.95 0.0006386213 -11.0720 -10.9377   0.0273     23717.05     596.6841      1196.48    0.045   0
        10     76.770    230.333 237.9851179 +32.9173066     6.18 0.0006624698 -10.4037 -11.2095   0.0214      30464.8     599.4885     1124.951    0.471   0
        11    176.551    251.220 237.9722810 +32.9153373     5.70 0.0006111551 -11.9587 -12.0118   0.0104     63783.61     613.2098      1226.65    0.010   0
        12    366.367    245.023 237.9479367 +32.9164937     1.45 0.0001554386  -7.6606  99.0000  99.0000     -886.199     586.5302     1221.076    0.083   0
        13     78.308    250.994 237.9848863 +32.9151036     6.30 0.0006756409 -10.5695 -11.3353   0.0191     34206.37     601.0143     1129.676    0.503   0
        14    246.693    265.296 237.9632586 +32.9140169     6.13 0.0006572549  -9.5689  -9.7711   0.0791     8099.049     590.2362     1226.487    0.089   0
        15     74.711    280.707 237.9852985 +32.9119202     4.28 0.0004586979  -9.8124 -11.2880   0.0199     32750.02     600.4893     1113.968    0.606   0
        16    562.811    406.140 237.9224764 +32.8997899    20.54  0.002203578 -17.0417 -17.0482   0.0003      6595883     1908.412     1206.615    0.214   4
        17    880.328    304.207 237.8819006 +32.9114869     8.16 0.0008756109  -9.4866  -9.6302   0.0900     7113.131     589.5708     1124.158    0.284   0
        18    776.908    336.097 237.8951200 +32.9078186     5.58 0.0005985345 -12.1948 -12.2478   0.0085     79273.13      619.634     1155.966    0.110   0
        19     72.180    327.610 237.9855453 +32.9069034     5.61 0.0006013406 -10.1486 -11.2527   0.0205     31700.11     599.7112     1095.649    0.727   2
        20    149.774    369.860 237.9755211 +32.9025940     5.39 0.0005782818 -12.8498 -12.8777   0.0049       141603     644.2006     1225.303    0.014   0
        21    429.540    347.667 237.9396665 +32.9056928     4.91 0.0005262106  -8.5270  -9.3106   0.1207     5299.376     588.8839     1216.923    0.390   0
        22    434.697    356.645 237.9389906 +32.9047471     6.10 0.0006544319  -9.4343  -9.6602   0.0876     7312.779     589.7215      1216.59    0.344   0
        23     77.167    406.269 237.9847750 +32.8985142     7.63 0.0008180875 -10.8900 -11.2391   0.0208     31306.87     599.8071     1113.785    0.327   0
        24     79.000    367.004 237.9846051 +32.9027133     4.79 0.0005143531 -10.0854 -11.2564   0.0205     31810.33     599.8059     1128.456    0.618   2
        25    782.099    368.451 237.8944039 +32.9043756     6.43  0.000690295  -9.2339  -9.3149   0.1202       5320.8     588.8929     1147.244    0.359   0
        26    333.178    371.138 237.9519909 +32.9029359     6.80 0.0007292638  -9.0468  -9.3540   0.1160     5515.685     588.9592     1219.503    0.047   0
        27    200.519    394.698 237.9689705 +32.9000737     5.30 0.0005684336 -11.8568 -11.9503   0.0110     60271.56     611.7764     1223.915    0.012   0
        28    367.155    453.170 237.9474997 +32.8942615     5.34 0.0005726932  -9.9528 -10.1573   0.0556     11559.37     591.4697     1213.962    0.034   0
        29     78.354    488.636 237.9844862 +32.8897189     5.98 0.0006419437 -10.2996 -11.1859   0.0218     29809.83     599.2315     1113.866    0.458   0
        30    957.235    496.801 237.8717401 +32.8911076     5.58 0.0005989133 -12.7024 -12.7438   0.0055     125172.5     637.5482     1040.968    0.156   0
        31     76.753    552.008 237.9845865 +32.8829454    18.10  0.001941638 -12.0072 -11.4257   0.0176     37178.09     602.1846     1105.061    0.316   2
        32    225.503    525.780 237.9655511 +32.8861368     5.27 0.0005654801  -9.4271  -9.5807   0.0942     6796.216      589.552     1213.964    0.013   0
        33     85.127    909.873 237.9829197 +32.8447405     4.56 0.0004894863  -9.8854 -11.2529   0.0206     31706.62     600.0872     1039.767    0.213   0
        34    716.582    877.402 237.9020155 +32.8498427     4.81 0.0005165489 -11.9139 -11.9627   0.0109     60965.25     611.7734      1007.89    0.158   0
        35    397.151    779.606 237.9431269 +32.8594693     4.25 0.0004560897  -8.8364  -8.9403   0.1695     3768.062     588.1672     1150.054    0.210   0
        36     85.388    855.205 237.9829767 +32.8505807     3.44 0.0003695333  -9.3236 -11.2215   0.0211     30804.68     599.3704     1064.648    0.423   0
        37    608.315    539.374 237.9164290 +32.8856745     5.19 0.0005566666  -8.8464  -9.1427   0.1408     4540.233      588.545     1165.752    0.121   0
        38    772.569    830.427 237.8949102 +32.8550029     4.97 0.0005326541 -10.8328 -10.8910   0.0285     22718.88     596.1515     1001.283    0.154   0
        39    433.619    614.089 237.9387160 +32.8772441     4.81 0.0005157022 -12.6455 -12.7012   0.0057     120364.5     635.8438     1193.474    0.054   0
        40    702.624    668.716 237.9041308 +32.8720991     6.16 0.0006604147  -8.9380  -8.5092   0.2519      2533.31     587.7084     1092.266    0.110   0
        41    891.160    620.535 237.8800260 +32.8777239     6.25 0.0006700125  -8.9247  -8.9013   0.1757     3635.282     588.1273     1023.171    0.121   0
        42     77.221    801.424 237.9841129 +32.8563041     7.97 0.0008545015 -11.0669 -11.2844   0.0200     32640.04     600.2003     1045.698    0.796   0
        43     82.638    830.362 237.9833705 +32.8532272     5.58 0.0005989638 -10.2391 -11.2909   0.0199     32835.64     600.4926     1064.264    0.341   0
        44     83.422    807.259 237.9833082 +32.8556971     7.29 0.0007821941 -10.9131 -11.3157   0.0194     33594.64     600.7922     1072.648    0.418   0
        45    148.667    808.120 237.9749412 +32.8557764     4.40 0.0004724413 -11.8632 -11.8895   0.0116     56989.27     610.4495     1159.241    0.053   0
        46    744.672    646.141 237.8987735 +32.8746175     4.92 0.0005281609  -9.7071  -9.7972   0.0772     8296.498     590.1054     1081.529    0.128   0
        47    527.585    664.134 237.9265854 +32.8721404     5.32 0.0005704251  -9.3408  -9.3746   0.1138     5621.114     589.0039     1158.018    0.133   0
        48     77.057    676.133 237.9843417 +32.8696871    12.18  0.001306365 -11.9098 -11.4430   0.0173      37774.3     602.4644     1085.307    0.363   0
        49    682.454    689.505 237.9066849 +32.8698269     4.66 0.0004998616 -11.8511 -11.9016   0.0115     57627.95     610.7111     1093.953    0.064   0
        50     78.723    723.597 237.9840493 +32.8646215     6.14 0.0006587445 -10.4661 -11.3190   0.0194     33698.86     600.7222     1082.342    0.326   2
        51     80.035    732.693 237.9838660 +32.8636533     7.91 0.0008488396 -10.9174 -11.3264   0.0192     33926.81     600.8494     1084.911    0.569   0
        52     81.791    709.394 237.9836794 +32.8661467     3.45 0.0003698754  -9.3596 -11.2642   0.0203     32038.52     599.9496     1101.745    0.419   0
        53     76.209    611.400 237.9845577 +32.8765996     3.44 0.0003688869  -9.3983 -11.2898   0.0199     32803.24     600.2682     1092.296    0.410   0
        54    307.807    575.568 237.9549138 +32.8810329     4.95 0.0005312194  -9.5172  -9.5619   0.0958     6679.848     589.2219     1208.373    0.102   0
        55    747.746    941.754 237.8979200 +32.8430478     5.08 0.0005454094 -12.7320 -12.7686   0.0054     128064.7     638.8641     965.4689    0.179   0
        56    572.817    562.453 237.9209456 +32.8831182     7.85 0.0008416767  -9.7457  -9.8495   0.0736     8705.297      590.295     1170.279    0.119   0
        57    646.676   1001.290 237.9107838 +32.8364306     4.92 0.0005282902 -12.5787 -12.6097   0.0062     110627.8     632.0809     988.8704    0.179   0
        58     82.426    987.984 237.9831366 +32.8363896     7.05 0.0007562739 -11.0122 -11.0302   0.0251     25826.52     597.3229     1000.636    0.117   0
        59     95.153    550.454 237.9822291 +32.8831597     5.38 0.0005771312  -9.6621 -10.1481   0.0560     11461.59     591.4777     1200.621    0.079   0
        60    582.248    946.805 237.9191289 +32.8420858     4.63  0.000496289  -9.9674 -10.0077   0.0637      10071.1     590.7744     1033.956    0.104   0
