#   1 NUMBER                 Running object number                                     
#   2 X_IMAGE                Object position along x                                    [pixel]
#   3 Y_IMAGE                Object position along y                                    [pixel]
#   4 ALPHA_J2000            Right ascension of barycenter (J2000)                      [deg]
#   5 DELTA_J2000            Declination of barycenter (J2000)                          [deg]
#   6 FWHM_IMAGE             FWHM assuming a gaussian core                              [pixel]
#   7 FWHM_WORLD             FWHM assuming a gaussian core                              [deg]
#   8 MAG_BEST               Best of MAG_AUTO and MAG_ISOCOR                            [mag]
#   9 MAG_APER               Fixed aperture magnitude vector                            [mag]
#  10 MAGERR_APER            RMS error vector for fixed aperture mag.                   [mag]
#  11 FLUX_APER              Flux vector within fixed circular aperture(s)              [count]
#  12 FLUXERR_APER           RMS error vector for aperture flux(es)                     [count]
#  13 BACKGROUND             Background at centroid position                            [count]
#  14 ELLIPTICITY            1 - B_IMAGE/A_IMAGE                                       
#  15 FLAGS                  Extraction flags                                          
         1    752.951     59.920 327.8253750 +28.8507373     6.86 0.0007402335 -13.0053 -12.9807   0.0038       155690     550.0679     791.0587    0.422   2
         2    842.767     77.308 327.8142417 +28.8490874   138.77   0.01498156 -14.9798 -12.3981   0.0062      91043.3     519.7837     734.4944    0.620  19
         3    590.986     32.912 327.8454415 +28.8532421     4.60 0.0004970824 -12.9587 -12.9212   0.0040     147388.3     546.2469     764.0966    0.068   0
         4    820.140      9.704 327.8172029 +28.8563131    78.48  0.008472529 -13.6317 -12.4027   0.0058     91431.89     489.8715     429.5782    0.767  24
         5    478.200     12.008 327.8594209 +28.8552102     4.31 0.0004650951 -11.8927 -11.5726   0.0123     42565.13     480.9012     685.6004    0.149  16
         6    643.541     23.356 327.8389758 +28.8544029     5.06 0.0005457663  -8.5989  99.0000  99.0000    -38213.75     473.9628     716.6921    0.364   0
         7    794.099     62.272 327.8202883 +28.8505862    10.54  0.001138062 -11.3841 -11.5822   0.0125     42940.62     496.1471     740.3904    0.110   3
         8    813.387     72.397 327.8178816 +28.8495435    11.29  0.001218584 -11.1486 -11.2169   0.0173     30674.63     489.7068     768.8441    0.190   3
         9    565.472     84.317 327.8484630 +28.8476411     4.93 0.0005316993 -12.8027 -12.8864   0.0041       142743     544.1401     902.8149    0.097   0
        10    617.158     97.700 327.8420478 +28.8463292     4.85 0.0005237024 -13.1376 -13.1938   0.0032     189456.5     565.1387      941.306    0.096   0
        11    356.708     67.625 327.8742820 +28.8489129     5.88 0.0006352598  -9.7388 -10.3600   0.0375     13931.88     481.2289      832.864    0.259   0
        12    320.862     79.806 327.8786770 +28.8475100     4.23 0.0004563106  -9.1515 -10.5935   0.0304      17274.1     482.9752     862.9196    0.634   0
        13    410.664     85.566 327.8675745 +28.8471169     6.49  0.000700327  -9.7416 -10.4600   0.0343     15276.18     482.0059     893.2565    0.227   0
        14    735.292    109.194 327.8274330 +28.8453860     4.89 0.0005275469 -12.3781 -12.3784   0.0063     89406.45     519.0081     943.3962    0.095   0
        15     33.363    118.517 327.9140752 +28.8426067     5.04 0.0005446246  -9.6891  -8.6072   0.1862     2772.588     475.4497     865.9522    0.156   0
        16    511.924    137.431 327.8549413 +28.8417857     4.74 0.0005118258 -11.1365 -11.0440   0.0202     26156.63     487.5905     936.8422    0.118   0
        17      4.115    131.573 327.9176526 +28.8411253     4.45 0.0004802737  -9.0386  99.0000  99.0000     -1520.36     382.6837     862.3146    0.042  16
        18    586.882    194.046 327.8455447 +28.8358758     4.68 0.0005055246 -14.6992 -14.7339   0.0011     782605.1     784.8691     943.2692    0.067   0
        19    696.520    194.093 327.8320088 +28.8361448     4.77 0.0005154695 -14.4185 -14.4561   0.0013     605954.7     726.3995     945.0663    0.066   0
        20    416.149    143.590 327.8667506 +28.8408809     4.55 0.0004914731  -9.4926  -9.3248   0.0964     5369.147     476.7998     931.1365    0.041   0
        21    171.718    142.481 327.8969318 +28.8403798     4.96 0.0005355332  -9.1103  -8.5414   0.1979     2609.481     475.4041     893.7152    0.147   0
        22    360.004    155.059 327.8736535 +28.8395036     4.86 0.0005244677 -10.0528 -10.1677   0.0447     11670.62     480.0262     926.4134    0.042   0
        23    121.132    190.399 327.9030545 +28.8350892     4.47 0.0004822328 -12.1823 -12.2591   0.0070     80102.48     514.4205     886.3439    0.028   0
        24    350.558    181.060 327.8747539 +28.8366792     4.54 0.0004906376  -9.3829  -9.4965   0.0824      6289.07     477.2952     926.6036    0.137   0
        25    771.233    180.674 327.8228181 +28.8377762     8.10 0.0008749492  -9.5966  -9.9472   0.0546     9525.123     479.0005     944.7539    0.224   0
        26    495.938    190.785 327.8567808 +28.8359986     5.05 0.0005452756  -9.5902  -9.8919   0.0574     9052.398     478.7404     936.6099    0.081   0
        27    387.708    219.484 327.8700702 +28.8326345     4.56 0.0004926972 -12.3241 -12.3940   0.0062     90699.12     519.6304     930.9705    0.051   0
        28    170.239    201.206 327.8969643 +28.8340507     4.66 0.0005032029  -9.9249 -10.1488   0.0454     11468.91     479.8682     897.9175    0.076   0
        29    175.731    219.787 327.8962387 +28.8320634     4.43 0.0004779595 -11.8739 -11.9408   0.0092     59747.86     504.5323     899.1924    0.026   0
        30    490.639    207.225 327.8573937 +28.8342146     6.13 0.0006620121  -9.1423  -9.4699   0.0844     6137.061     477.1756     936.1631    0.126   0
        31    440.613    207.561 327.8635689 +28.8340523     4.77 0.0005152584  -8.5139  -9.0773   0.1210     4274.672     476.1455     934.3128    0.150   0
        32    768.797    217.975 327.8230263 +28.8337524     6.39 0.0006899077  -8.9072  -9.1523   0.1129     4580.603     476.2393      945.438    0.273   0
        33     95.816    244.520 327.9060410 +28.8291951     4.45 0.0004804194 -12.7860 -12.8452   0.0043     137427.5     541.6339     880.0376    0.020   0
        34    145.953    228.410 327.8998929 +28.8310585     6.22 0.0006711201  -8.3082  -8.1569   0.2816     1831.246     474.9144     892.3798    0.245   0
        35    798.546    242.973 327.8192917 +28.8311336     4.98 0.0005376321 -10.6566 -10.6826   0.0280     18751.55     483.8182     945.4227    0.097   0
        36    760.220    264.655 327.8239694 +28.8287031     4.76 0.0005136759 -12.6797 -12.7431   0.0047     125092.2     535.9338     945.1755    0.115   0
        37     73.314    269.559 327.9087546 +28.8264405     4.50 0.0004860158 -11.6973 -11.7600   0.0107     50581.64     499.9824     873.3616    0.017   0
        38    808.131    262.781 327.8180594 +28.8290239    10.69  0.001154221 -10.2714 -10.2735   0.0406     12864.15     480.7664     944.9043    0.162   0
        39    413.544    284.022 327.8667177 +28.8257483     4.48 0.0004838339 -11.4800 -11.5523   0.0129      41775.9     495.5726     933.3601    0.053   0
        40    776.363    276.876 327.8219462 +28.8274268     5.04 0.0005439867 -10.1219 -10.3556   0.0377     13875.45     481.2392     945.0878    0.090   0
        41    692.104    269.864 327.8323653 +28.8279724     5.41  0.000583828  -8.7621  -8.8489   0.1492     3463.754     475.8531     945.0166    0.170   0
        42     98.811    276.395 327.9055896 +28.8257694     3.45  0.000372534  -8.1323  -8.7704   0.1603     3222.135      475.499     880.7339    0.420   0
        43     66.459    285.231 327.9095606 +28.8247348     4.58 0.0004946782 -10.3717 -10.4951   0.0332     15777.64     482.3055     870.8826    0.022   0
        44    611.478    295.069 327.8422556 +28.8250560     4.63 0.0005001721 -10.4709 -10.5944   0.0303     17288.64     483.0354     942.6147    0.060   0
        45    438.429    292.488 327.8636244 +28.8248992     5.16 0.0005572739  -9.1989  -9.4024   0.0898      5767.25     477.0218     933.8251    0.109   0
        46    832.997    292.371 327.8149165 +28.8258983     5.67 0.0006115854  -8.6923  99.0000  99.0000    -4526.606     473.8152     942.5335    0.122   0
        47    472.804    296.162 327.8593716 +28.8245902     4.96 0.0005357697  -9.1627  -9.2928   0.0993      5213.22     476.5713     934.4156    0.134   0
        48    556.374    296.552 327.8490544 +28.8247582     6.45 0.0006961378  -8.7444  -8.9634   0.1343     3848.998      476.002     937.2808    0.178   0
        49    324.397    299.199 327.8776840 +28.8238880     3.46 0.0003734366  -8.0619  -8.0983   0.2971     1735.103     474.7299     924.1609    0.425   0
        50    160.142    302.165 327.8979527 +28.8231506     4.50 0.0004855112  -7.9258  -8.0344   0.3152     1635.945     474.8785     892.9919    0.173   0
        51    747.290    313.201 327.8254451 +28.8234418     4.89 0.0005280276 -10.3374 -10.4318   0.0351     14883.97     481.7101     943.7471    0.147   0
        52    599.240    310.789 327.8437271 +28.8233322     4.90 0.0005287245  -9.8675 -10.0457   0.0499     10429.87     479.3664     940.6318    0.164   0
        53    292.460    330.307 327.8815474 +28.8204563     4.31 0.0004654779 -11.8567 -11.9134   0.0094     58259.66     503.8322     920.4917    0.053   0
        54    251.670    314.270 327.8866233 +28.8220801     6.01  0.000648847  -8.4729  -8.9162   0.1403     3685.286     475.9828     913.2622    0.230   0
        55    219.669    319.833 327.8905593 +28.8213993     4.21 0.0004545044  -8.3779  -8.4884   0.2077     2485.147     475.2852     906.8262    0.129   0
        56    465.795    320.997 327.8601743 +28.8218975     5.10 0.0005509784  -9.0402  -9.3575   0.0936     5533.386     476.7526     933.5332    0.220   0
        57    822.963    324.882 327.8160748 +28.8223717     4.72 0.0005098163  -9.6185  -8.3955   0.2262     2281.292     475.1913     941.3583    0.027   0
        58     89.487    354.691 327.9065396 +28.8173123     4.36 0.0004702798 -12.9665 -13.0136   0.0037     160489.1     552.2332     877.4766    0.020   0
        59    391.781    347.808 327.8692430 +28.8188228     4.40 0.0004748376 -12.0443 -12.1139   0.0079     70072.68     509.4106     928.7994    0.055   0
        60    900.321    335.881 327.8064983 +28.8213784     4.51 0.0004871895  -9.0419  99.0000  99.0000    -9101.541     474.0432     842.4272    0.202   0
        61    150.085    340.593 327.8990958 +28.8189858     4.51 0.0004864268  -9.8867 -10.0367   0.0503     10343.59     479.3479      889.989    0.078   0
        62    330.363    353.337 327.8768103 +28.8180719     4.57 0.0004928694  -9.5966  -9.6063   0.0745     6958.584     477.6591     924.8434    0.087   0
        63    120.381    384.188 327.9026507 +28.8142143     4.38 0.0004724357 -12.3223 -12.3963   0.0062     90887.65     519.5498     882.6298    0.146   0
        64    758.843    384.952 327.8238409 +28.8157422     4.52 0.0004879543 -12.0001 -12.0718   0.0082      67409.1     508.3268     940.4323    0.102   3
        65    756.954    397.445 327.8240431 +28.8143919     4.59  0.000495159 -10.9492 -11.1122   0.0190     27852.26     488.4721     940.0829    0.153   3
        66    909.003    386.703 327.8053015 +28.8159257     4.19 0.0004522273  -9.5582  99.0000  99.0000    -13477.42     473.8823     817.7104    0.138   0
        67     41.328    398.330 327.9123719 +28.8124885     4.44 0.0004788954  -8.4002  -8.4983   0.2059     2507.857     475.3774     860.6938    0.152   0
        68    594.233    402.201 327.8441165 +28.8134735     4.54 0.0004906245  -9.8234  -9.9824   0.0529     9839.349     479.0052     935.0836    0.066   0
        69    561.661    404.430 327.8481314 +28.8131518     4.81 0.0005188854  -9.6610  -9.4816   0.0836     6203.455     477.3302     934.3503    0.097   0
        70    618.971    425.121 327.8410058 +28.8110667     4.44 0.0004791814 -12.4618 -12.5297   0.0056     102774.9      525.408     934.9278    0.084   0
        71    446.112    425.993 327.8623394 +28.8105387     4.51  0.000486683  -9.8592  -9.8157   0.0616     8438.421     478.3931     929.7397    0.038   0
        72    482.516    432.216 327.8578305 +28.8099600     4.98 0.0005374323  -8.9963  -8.2967   0.2477      2082.98     475.0602     931.6379    0.032   0
        73    512.228    439.082 327.8541459 +28.8092952     4.39 0.0004738049 -10.1006  -9.9583   0.0541      9623.35     479.0119     932.1704    0.092   0
        74    285.218    446.984 327.8821450 +28.8078705     4.32 0.0004659506 -11.0734 -11.1105   0.0191     27810.54     488.2425     914.5169    0.076   0
        75    316.439    443.578 327.8783001 +28.8083166     4.37 0.0004722025  -9.3355  -9.4305   0.0875     5918.431      477.061     919.2064    0.026   0
        76    877.666    468.619 327.8089677 +28.8070249     4.61 0.0004975401 -11.7700 -11.8919   0.0096      57117.5     503.2272     900.9785    0.099   0
        77    832.678    449.989 327.8145664 +28.8089201     2.81 0.0003034281  -7.7470  99.0000  99.0000    -6821.001     473.9628     936.7633    0.110   0
        78    179.296    457.324 327.8951919 +28.8064873     4.38  0.000472375 -10.3814 -10.3907   0.0365     14331.67     481.5157     891.8371    0.036   0
        79    142.436    454.142 327.8997493 +28.8067359     6.22 0.0006711429  -8.3032  -8.1244   0.2902     1777.366     474.9395     882.9318    0.111   0
        80    494.393    486.139 327.8562289 +28.8041818     4.27 0.0004613551 -12.3319 -12.4061   0.0062      91713.8     520.0817     929.6644    0.052   0
        81    549.826    496.577 327.8493612 +28.8031968     4.35 0.0004692666 -11.5680 -11.6571   0.0117     46007.36     497.6005     931.3646    0.083   0
        82    330.723    484.596 327.8764331 +28.8039348     4.53 0.0004885867  -9.7601  -9.9362   0.0552     9429.428     478.8576     918.4838    0.141   0
        83     81.536    495.210 327.9071604 +28.8021567     4.73 0.0005106861  -9.3548  -9.5941   0.0754     6880.727      477.605     862.8219    0.060   0
        84    236.087    499.289 327.8880757 +28.8021118     4.41 0.0004758085  -9.6160  -9.7867   0.0632     8216.382     478.3568     900.6111    0.010   0
        85    413.841    567.098 327.8659664 +28.7952587     4.18 0.0004508422 -14.4849 -14.5231   0.0012     644507.1     739.5316     920.8834    0.051   0
        86    791.674    827.257 327.8186937 +28.7681822     4.15 0.0004475494 -10.6070 -10.6576   0.0287      18325.3     483.5322     890.6362    0.041   0
        87    847.683   1026.855 327.8112911 +28.7468219     4.26 0.0004603881  -9.7952  -9.7757   0.0502     8133.513     376.2331     837.0598    0.094  24
        88    853.256   1009.008 327.8106477 +28.7487581     4.27  0.000461135 -10.8614 -10.9321   0.0224     23595.21     486.2362      838.713    0.078   0
        89    873.642   1006.329 327.8081394 +28.7490971     6.02 0.0006503328 -10.1580 -10.5823   0.0307     17096.58     482.9228     819.4262    0.066   0
        90    782.362    980.610 327.8194631 +28.7516412     4.17 0.0004499813 -14.6154 -14.6515   0.0011       725449     766.3395     849.1232    0.079   0
        91    237.571    987.776 327.8866494 +28.7495005     4.82 0.0005199919 -10.3143 -10.2711   0.0407     12836.25     480.6594      768.932    0.156   0
        92    366.280    983.301 327.8707837 +28.7503089     4.42 0.0004776219 -12.8041 -12.8600   0.0042     139317.7     542.5056     794.7368    0.108   0
        93    295.622    836.634 327.8798718 +28.7659276     4.33 0.0004676609  -8.5197  -8.4785   0.2096      2462.56     475.2332     839.4105    0.161   0
        94    303.756    799.847 327.8789615 +28.7699104     4.16 0.0004487017 -10.5776 -10.7142   0.0272     19306.05     484.0915      853.965    0.032   0
        95     53.522    795.157 327.9098473 +28.7697775     4.90 0.0005293882 -10.2841 -10.3955   0.0363     14394.36     481.5351     798.9702    0.105   0
        96    882.110    797.129 327.8076100 +28.7716513     6.90 0.0007451034 -10.4963 -11.0066   0.0209     25273.05     487.1764     847.2634    0.689   0
        97    601.033    804.893 327.8422707 +28.7701160     4.20 0.0004536165 -10.2368 -10.3474   0.0379     13770.43     481.1846     884.3663    0.087   0
        98    852.170    829.885 327.8112233 +28.7680490     4.25 0.0004587757 -11.2797 -11.4367   0.0143     37556.17      493.362     878.2682    0.095   0
        99    323.467    795.401 327.8765409 +28.7704393     4.07 0.0004388935 -12.1460 -12.2101   0.0073     76568.11     512.7247     858.6451    0.077   0
       100    883.199    862.795 327.8073138 +28.7645810     3.47 0.0003744609  -9.1418 -10.9782   0.0215     24619.52     486.6711      832.029    0.653   0
       101    912.003    885.180 327.8037051 +28.7622410     3.34 0.0003604604  -8.9038  99.0000  99.0000    -9735.901      473.775     769.8701    0.103   0
       102    841.398    854.188 327.8124923 +28.7654047     3.42 0.0003697232  -7.7512  -8.7600   0.1618     3191.579     475.4561      874.739    0.413   0
       103    707.691    769.222 327.8291997 +28.7742244     4.21 0.0004549011 -10.6101 -10.6786   0.0281     18682.75     483.7301     902.8115    0.080   0
       104    113.696    866.702 327.9022399 +28.7622254     4.56 0.0004927547 -11.1376 -11.1863   0.0178     29821.36     489.6087     789.6964    0.165   0
       105    648.257    785.091 327.8364935 +28.7723670     4.02 0.0004337576 -10.5655 -10.6494   0.0289     18186.73     483.5131     894.1704    0.053   0
       106    636.073    881.865 327.8377554 +28.7619128     4.70 0.0005076074  -9.0580  -9.2192   0.1062     4871.686     476.5656     865.1843    0.164   0
       107    288.460    881.759 327.8806409 +28.7610489     4.30 0.0004646589 -10.5486 -10.5978   0.0302     17343.15     483.0504     821.6244    0.093   0
       108    495.726    732.179 327.8554462 +28.7776839     4.53 0.0004892419  -9.7206  -9.6604   0.0710      7314.25     477.8718     896.4736    0.049   0
       109    510.946    767.146 327.8534804 +28.7739558     4.67 0.0005043988  -8.7454  -8.3496   0.2359     2187.021     475.1551     887.5199    0.113   0
       110     81.785    730.568 327.9065259 +28.7768068     4.52 0.0004876296 -10.6150 -10.7472   0.0264     19901.25     484.2413     825.8718    0.121   0
       111    881.088    766.079 327.8078126 +28.7749933     5.64 0.0006083677  -9.9341 -10.9950   0.0212     25004.35     487.0385     856.5827    0.519   0
       112    629.663    739.978 327.8389002 +28.7771797     4.08  0.000440242 -12.3360 -12.3958   0.0062     90848.29     519.7144     905.4752    0.064   0
       113    151.771    860.385 327.8975587 +28.7630032     5.54 0.0005977124  -8.6532  -8.7807   0.1588     3252.925     475.5285     803.8516    0.259   0
       114    581.470    914.675 327.8444099 +28.7582422     5.02  0.000542233  -8.3478  -8.8100   0.1546     3342.101     475.8159     847.4138    0.230   0
       115    661.194    748.596 327.8349882 +28.7763302     3.44  0.000371885  -7.7575  -8.1817   0.2752     1873.553     474.8429     905.0658    0.420   0
       116    580.337    709.818 327.8450620 +28.7803048     4.12 0.0004453053  -9.2792  -9.3032   0.0984     5263.651     476.7578     907.7384    0.137   0
       117    606.451    713.154 327.8418314 +28.7800109     4.38 0.0004731138  -7.9329  -7.4267   0.5513     934.7173     474.4958     910.2211    0.294   0
       118    235.136    715.664 327.8876422 +28.7788036     4.06 0.0004381875 -11.1608 -11.2084   0.0175     30433.01     489.7912     864.2536    0.069   0
       119     87.874    649.870 327.9059815 +28.7855144     4.59 0.0004952195 -10.4023 -10.5278   0.0322     16259.88     482.5554     845.8829    0.101   0
       120    304.801    641.490 327.8792344 +28.7869698     4.30 0.0004637598  -9.6714  -9.7828   0.0634     8187.021     478.2085     894.4877    0.065   0
       121    778.615    699.272 327.8206218 +28.7819353     4.30 0.0004640414  -9.5574  -9.6278   0.0731     7097.417     477.7716     920.3581    0.101   0
       122    410.028    685.986 327.8661369 +28.7824435     4.10 0.0004422257 -14.0217 -14.0620   0.0017       421520     659.7334     902.5462    0.055   0
       123    688.155    917.973 327.8312403 +28.7581536     4.18 0.0004510243 -11.3114 -11.3876   0.0149     35895.65     492.5328     859.2558    0.097   0
       124    524.734    589.469 327.8522249 +28.7931283     4.73 0.0005110109  -8.9170  -9.5258   0.0802     6461.376      477.412     926.7029    0.203   0
       125    299.029    586.382 327.8800864 +28.7928910     4.15 0.0004475312 -12.4472 -12.5305   0.0055     102853.2     525.3243     902.3756    0.054   0
       126    603.968    643.940 327.8423106 +28.7874598     4.23 0.0004565245  -9.3450  -9.2661   0.1018      5086.96     476.7051     923.6634    0.089   0
       127    462.812    659.852 327.8596895 +28.7853915     4.31 0.0004654244  -9.4411  -9.5780   0.0765     6779.308     477.5519      911.863    0.036   0
       128    390.449    672.036 327.8685882 +28.7838966     4.51 0.0004872362  -9.3495  -9.6377   0.0724     7162.924     477.7926     903.4459    0.141   0
       129    437.874    655.263 327.8627783 +28.7858229     4.12 0.0004450328 -12.9164 -12.9628   0.0039     153152.5     548.8787     912.0284    0.050   0
       130    785.421    657.837 327.8198846 +28.7864153     4.32 0.0004658447  -9.8404  -9.9938   0.0523     9942.665     479.1255     927.2759    0.084   0
       131    764.955    908.988 327.8217878 +28.7593125     4.01 0.0004326294  -8.7013  -8.5412   0.1978     2609.049     475.2969     867.9004    0.031   0
       132    725.161    857.938 327.8268239 +28.7647122     4.30 0.0004639725  -8.6058  -8.9486   0.1361     3797.005     476.0148     880.3969    0.090   0
       133    179.208    929.134 327.8939984 +28.7556682     4.88 0.0005264197 -10.0559 -10.0030   0.0519     10028.09     479.2629     782.1235    0.187   0
       134    537.861    602.555 327.8505721 +28.7917518     4.21 0.0004548121 -12.8560 -12.9195   0.0040     147163.7     546.0976     927.0954    0.068   0
       135    884.667    961.784 327.8068892 +28.7539223     5.06 0.0005459429  -9.8816 -11.0334   0.0204     25903.71     487.4738     803.9321    0.154   0
       136    655.073    848.785 327.8354938 +28.7655234     4.05 0.0004377507 -13.3137 -13.3662   0.0028     222071.9       579.42     877.9431    0.063   0
       137    269.249    973.614 327.8827776 +28.7511064     5.46 0.0005891899  -9.3859  -9.6462   0.0719     7218.931     477.7554     780.5183    0.191   0
       138    343.205    848.489 327.8739713 +28.7647712     4.22 0.0004559289 -10.5708 -10.6548   0.0287     18277.24     483.5336     842.3662    0.106   0
       139    548.962    618.597 327.8491620 +28.7900517     4.28 0.0004623055 -11.0257 -11.1589   0.0183     29078.66     488.9304     925.2269    0.072   0
       140    691.871    599.292 327.8315743 +28.7924886     4.37 0.0004722476 -10.5997 -10.6772   0.0282     18659.19     483.7574     932.0256    0.070   0
       141    457.643    992.318 327.8594907 +28.7495682     4.48 0.0004840892 -10.3360 -10.4467   0.0347     15089.53     481.9223     805.1322    0.135   0
       142    835.978    554.023 327.8139021 +28.7977227     4.61 0.0004980593  -9.0030  99.0000  99.0000    -1599.524     473.8421     933.9318    0.137   0
       143    450.310    543.014 327.8615264 +28.7979447     5.07 0.0005474389  -8.9299  -9.2711   0.1013     5110.312      476.704     925.0798    0.080   0
       144     23.257    559.369 327.9141879 +28.7950966     4.54 0.0004902047 -10.4216 -10.5036   0.0329     15901.92     482.3303     841.0576    0.042   0
       145    758.302    564.735 327.8234619 +28.7963761     4.12 0.0004452812  -8.3958  -8.8679   0.1466     3524.863     475.8852     933.7604    0.170   0
       146    524.855    926.380 327.8513649 +28.7568394     4.13 0.0004463514  -8.4534  -8.7695   0.1605      3219.61     475.6981     837.5485    0.271   0
       147    626.336    977.629 327.8387179 +28.7515736     4.12 0.0004450569 -11.1067 -11.1854   0.0178     29796.46     489.4791     832.0312    0.084   0
       148    115.262    842.088 327.9021097 +28.7648807     4.85 0.0005235707  -9.8408  -9.7405   0.0660     7874.146     478.1779     800.2616    0.153   0
       149    468.035    891.547 327.8584621 +28.7604485     4.09 0.0004413786 -10.7568 -10.8476   0.0241     21830.29     485.3803     841.9067    0.104   0
