#   1 NUMBER                 Running object number                                     
#   2 X_IMAGE                Object position along x                                    [pixel]
#   3 Y_IMAGE                Object position along y                                    [pixel]
#   4 ALPHA_J2000            Right ascension of barycenter (J2000)                      [deg]
#   5 DELTA_J2000            Declination of barycenter (J2000)                          [deg]
#   6 FWHM_IMAGE             FWHM assuming a gaussian core                              [pixel]
#   7 FWHM_WORLD             FWHM assuming a gaussian core                              [deg]
#   8 MAG_BEST               Best of MAG_AUTO and MAG_ISOCOR                            [mag]
#   9 MAG_APER               Fixed aperture magnitude vector                            [mag]
#  10 MAGERR_APER            RMS error vector for fixed aperture mag.                   [mag]
#  11 FLUX_APER              Flux vector within fixed circular aperture(s)              [count]
#  12 FLUXERR_APER           RMS error vector for aperture flux(es)                     [count]
#  13 BACKGROUND             Background at centroid position                            [count]
#  14 ELLIPTICITY            1 - B_IMAGE/A_IMAGE                                       
#  15 FLAGS                  Extraction flags                                          
         1    833.711    195.140 238.0205362 +33.0292203   190.19   0.02040319 -15.8640 -12.2791   0.0096      81590.9     719.4785     1216.406    0.914  16
         2    452.219    117.673 238.0696814 +33.0364681     7.60 0.0008150642 -14.2235 -14.2531   0.0018     502631.6     853.3127     1305.445    0.187   0
         3    429.330    191.671 238.0724913 +33.0285016     7.50 0.0008047467 -10.2869 -10.2973   0.0574     13149.96     695.3099     1341.279    0.253   0
         4     53.843    246.484 238.1206275 +33.0216159     9.47  0.001015467 -10.7838 -10.8448   0.0348     21773.18     698.3842     1230.597    0.300   0
         5    169.260    266.656 238.1057653 +33.0197800     7.23 0.0007754436 -11.8303 -11.8682   0.0138     55883.08     710.3946     1304.116    0.221   0
         6    292.555    281.826 238.0899007 +33.0184981     9.12 0.0009788428  -9.7126 -10.0494   0.0720     10465.23     694.2273     1352.158    0.279   0
         7    280.941    284.547 238.0913877 +33.0181757     6.92 0.0007418807  -9.4296  -9.8167   0.0892     8446.807     693.4806     1350.655    0.195   0
         8    261.014    294.000 238.0939304 +33.0171113     0.00            0  -8.8663  -9.6125   0.1075     6998.694     692.6079     1350.821    0.002   0
         9    485.375    357.040 238.0650008 +33.0109894     6.25 0.0006700725 -12.4968 -12.5351   0.0076     103285.7     726.8479     1417.069    0.133   0
        10    709.532    771.145 238.0354968 +32.9673601     5.35 0.0005739004 -10.4032 -10.4609   0.0494     15288.89     695.8846      1464.03    0.036   0
        11    888.027    887.980 238.0123841 +32.9553566    58.31  0.006254944 -13.8535 -12.5167   0.0078     101554.4     726.1407     553.1796    0.146  16
        12    714.256    881.994 238.0346996 +32.9555320     4.08 0.0004375014 -10.3078  99.0000  99.0000    -32091.67     690.3506     1153.842    0.065   0
        13    840.753    830.303 238.0185502 +32.9613918    78.83  0.008456673 -13.8912 -12.8936   0.0056     143694.4     740.6889     1123.454    0.484  16
        14    801.913    801.485 238.0235854 +32.9643664    18.68  0.002004022 -12.5374 -11.6501   0.0168     45712.69     706.7873     1386.988    0.343   2
        15    660.617    780.472 238.0417602 +32.9662325     9.03 0.0009688334 -10.2531 -10.4697   0.0491     15412.48     696.1229     1463.697    0.049   0
        16     95.024    777.288 238.1143728 +32.9650308     5.44  0.000584073 -11.5190 -11.6870   0.0162     47292.29     707.4221     1338.416    0.133   0
        17    707.323    679.404 238.0359383 +32.9771538     5.68 0.0006092069 -10.9518 -11.0334   0.0293      25902.6     699.6873     1463.418    0.043   0
        18    649.810    703.598 238.0432806 +32.9744149     3.45 0.0003702174  -9.1307 -10.2298   0.0611     12357.02     694.7335     1463.547    0.422   0
        19     43.499    843.857 238.1208656 +32.9577776     4.85 0.0005198706  -9.3678 -10.7358   0.0385     19692.96     697.5811     1271.935    0.493   0
        20    717.185    644.500 238.0347322 +32.9809086     5.47 0.0005870651 -11.4347 -11.5071   0.0191     40071.79     704.8849     1457.201    0.057   0
        21    549.788    674.403 238.0561731 +32.9772637     4.21 0.0004517199  -9.0525  -9.2141   0.1550     4848.961      691.968     1460.304    0.228   0
        22    702.060    781.387 238.0364383 +32.9662461     5.31 0.0005701866 -11.1746 -11.2668   0.0237     32115.85     701.9807     1463.762    0.041   0
