#   1 NUMBER                 Running object number                                     
#   2 X_IMAGE                Object position along x                                    [pixel]
#   3 Y_IMAGE                Object position along y                                    [pixel]
#   4 ALPHA_J2000            Right ascension of barycenter (J2000)                      [deg]
#   5 DELTA_J2000            Declination of barycenter (J2000)                          [deg]
#   6 FWHM_IMAGE             FWHM assuming a gaussian core                              [pixel]
#   7 FWHM_WORLD             FWHM assuming a gaussian core                              [deg]
#   8 MAG_BEST               Best of MAG_AUTO and MAG_ISOCOR                            [mag]
#   9 MAG_APER               Fixed aperture magnitude vector                            [mag]
#  10 MAGERR_APER            RMS error vector for fixed aperture mag.                   [mag]
#  11 FLUX_APER              Flux vector within fixed circular aperture(s)              [count]
#  12 FLUXERR_APER           RMS error vector for aperture flux(es)                     [count]
#  13 BACKGROUND             Background at centroid position                            [count]
#  14 ELLIPTICITY            1 - B_IMAGE/A_IMAGE                                       
#  15 FLAGS                  Extraction flags                                          
         1     92.345    128.653 327.7831403 +28.9539745    12.08  0.001304353 -11.2284 -10.9024   0.0277     22960.31     586.0763     942.7384    0.515   0
         2     83.089    177.813 327.7841677 +28.9486523    12.08  0.001304915 -11.9624 -11.3199   0.0190     33724.89     590.6979     936.9687    0.763   0
         3     75.896    214.288 327.7849701 +28.9447025    13.94  0.001505839 -12.2260 -11.4268   0.0173     37214.85     592.2208     929.7468    0.543   2
         4    216.019    205.984 327.7676657 +28.9459477     7.89  0.000852506  -9.8078 -10.1958   0.0527     11975.83     581.1617     986.9463    0.248   0
         5     79.093    268.887 327.7844449 +28.9388251    29.83  0.003222178 -12.9713 -11.5166   0.0159     40424.05     593.5423      937.312    0.165   2
         6     65.354    478.135 327.7856450 +28.9162354    26.07  0.002816368 -13.2125 -11.5318   0.0157     40993.78     593.6873     932.1789    0.157   2
         7    155.055    302.219 327.7749749 +28.9354223     8.35  0.000901678  -9.5923  -9.7389   0.0801     7862.634      579.649     991.6881    0.119   0
         8     75.432    367.288 327.7846631 +28.9282091     4.12 0.0004452647  -9.5619 -11.1980   0.0212     30145.07     589.1012     929.9893    0.532   0
         9     73.049    402.854 327.7848731 +28.9243694    10.06  0.001086368 -11.5661 -11.3856   0.0179     35829.61     591.5404     929.3658    0.121  18
        10     91.625    408.448 327.7825636 +28.9238129     9.67  0.001044006 -10.9996 -11.0083   0.0252     25310.91     587.0941     963.9413    0.456   0
        11    659.335    579.361 327.7119942 +28.9067931     2.26 0.0002445742  -9.4819 -10.5942   0.0367     17284.67     583.6503     968.2159    0.215   0
        12    218.580    640.006 327.7663239 +28.8991697     6.28  0.000678252 -10.7070 -10.6190   0.0358     17684.85     583.5802     999.1346    0.075   0
        13     70.418    556.967 327.7848314 +28.9077507    15.41   0.00166461 -12.2820 -11.5781   0.0151     42781.84     594.3765     943.5244    0.589   2
        14     71.392    519.597 327.7847999 +28.9117813    21.50   0.00232186 -12.9432 -11.3779   0.0180      35577.7     591.3069     944.5957    0.485   2
        15    894.918    506.268 327.6830445 +28.9152437     7.21 0.0007782629 -10.4223 -10.5456   0.0383     16528.71     583.4551     883.7574    0.165   0
        16    742.344    828.545 327.7011635 +28.8801347     6.62 0.0007151022 -10.2296 -10.1011   0.0575     10975.56     580.9415      951.559    0.127   0
        17     17.017    466.954 327.7916461 +28.9173193     6.57 0.0007097741  -8.6456  99.0000  99.0000     -10876.8     576.1827     845.1754    0.536   0
        18     78.986    771.277 327.7832627 +28.8846711    82.71  0.008933735 -14.1646 -12.3109   0.0079     84013.98     611.5961     879.2006    0.609  19
        19    932.794    872.804 327.6775311 +28.8758246     3.46 0.0003737765  -9.2554 -11.1096   0.0230     27787.95     588.0042     872.3874    0.653   0
        20    158.557    828.410 327.7732953 +28.8787115    87.71  0.009473591 -14.2790 -12.2561   0.0083     79879.92     609.7961     886.2684    0.634   3
        21      7.217    811.135 327.7920354 +28.8801947    43.47   0.00469516 -12.4701 -11.6586   0.0125     46073.78     529.6138     571.2406    0.638  24
        22    292.245    686.069 327.7571119 +28.8943875     6.76 0.0007303398 -10.1668 -10.0245   0.0616     10228.17     580.5875     998.2483    0.165   0
        23     69.917    675.118 327.7846120 +28.8950136     6.33 0.0006842329 -10.5512 -11.3129   0.0191      33508.8     590.6065     939.5396    0.622   0
        24     92.625    690.559 327.7817692 +28.8934061     5.90  0.000636906  -9.5269 -10.3768   0.0447     14149.38     582.2896     986.5671    0.332   0
        25    515.616    566.206 327.7297872 +28.9078594     3.45 0.0003722089  -9.0594 -10.4794   0.0407     15550.68     582.6975     995.8466    0.409   0
