#   1 NUMBER                 Running object number                                     
#   2 X_IMAGE                Object position along x                                    [pixel]
#   3 Y_IMAGE                Object position along y                                    [pixel]
#   4 ALPHA_J2000            Right ascension of barycenter (J2000)                      [deg]
#   5 DELTA_J2000            Declination of barycenter (J2000)                          [deg]
#   6 FWHM_IMAGE             FWHM assuming a gaussian core                              [pixel]
#   7 FWHM_WORLD             FWHM assuming a gaussian core                              [deg]
#   8 MAG_BEST               Best of MAG_AUTO and MAG_ISOCOR                            [mag]
#   9 MAG_APER               Fixed aperture magnitude vector                            [mag]
#  10 MAGERR_APER            RMS error vector for fixed aperture mag.                   [mag]
#  11 FLUX_APER              Flux vector within fixed circular aperture(s)              [count]
#  12 FLUXERR_APER           RMS error vector for aperture flux(es)                     [count]
#  13 BACKGROUND             Background at centroid position                            [count]
#  14 ELLIPTICITY            1 - B_IMAGE/A_IMAGE                                       
#  15 FLAGS                  Extraction flags                                          
         1    752.255     59.806 327.8253945 +28.8507535     6.35 0.0006861567 -13.0456 -12.9829   0.0038     156005.7       543.22     783.6033    0.457   3
         2    793.511     62.065 327.8202938 +28.8506123    17.04  0.001840545 -11.9159 -11.7798   0.0104     51511.87     492.9137      734.687    0.220   3
         3    853.983     91.140 327.8127533 +28.8476291   138.00   0.01490196 -14.8823 -12.4274   0.0060     93529.49     513.7469     756.5713    0.631  19
         4    590.367     32.846 327.8454554 +28.8532554     4.38 0.0004734286 -12.9610 -12.9142   0.0040     146452.7     538.8626     760.5597    0.054   0
         5    820.122      9.643 327.8171379 +28.8563263    78.02   0.00842461 -13.5830 -12.3412   0.0060     86391.81     480.1382     439.9024    0.769  24
         6    477.606     12.011 327.8594343 +28.8552180     4.16  0.000448844 -11.8937 -11.4876   0.0130     39359.25     471.8671     689.8782    0.114  16
         7    642.917     23.302 327.8389894 +28.8544149     4.81 0.0005190751  -8.6351  99.0000  99.0000    -37364.43      466.069     714.6404    0.417   0
         8    812.837     72.303 327.8178815 +28.8495569    11.85  0.001279318 -11.3707 -11.3751   0.0148     35484.74     484.6281     761.4879    0.151   3
         9    564.835     84.101 327.8484792 +28.8476692     4.62 0.0004983819 -12.8102 -12.8880   0.0041     142950.8     537.2355     889.6552    0.018   0
        10    616.544     97.500 327.8420598 +28.8463547     4.65 0.0005016326 -13.1521 -13.2118   0.0032     192627.9     559.8535     925.4157    0.071   0
        11    355.982     67.398 327.8743140 +28.8489442     6.69 0.0007219728  -9.7184 -10.2632   0.0403     12743.57     472.5693     820.1279    0.123   0
        12    319.010     80.983 327.8788451 +28.8473871     5.06 0.0005462118  -9.1978 -10.4874   0.0329     15665.62     474.1515     853.7799    0.465   0
        13    734.663    108.978 327.8274441 +28.8454118     4.61 0.0004980834 -12.3879 -12.3846   0.0062     89915.79     511.9854     927.4285    0.083   0
        14     32.548    118.217 327.9141244 +28.8426468     4.64 0.0005014705  -9.6928  -8.6919   0.1694     2997.513     467.5952     853.9808    0.116   0
        15    511.300    137.323 327.8549558 +28.8418009     4.47 0.0004824285 -11.1407 -11.0508   0.0198     26323.01     479.9298     921.5546    0.092   0
        16    359.323    154.814 327.8736785 +28.8395341     4.75 0.0005133187 -10.0949 -10.2001   0.0427     12023.65     472.3964      911.033    0.047   0
        17      3.444    131.303 327.9176845 +28.8411623     4.16 0.0004491151  -8.8688  99.0000  99.0000    -1687.523     368.1471     850.4312    0.078  24
        18    586.235    193.858 327.8455598 +28.8358970     4.50 0.0004859098 -14.7092 -14.7436   0.0011     789665.6     782.3146     927.2368    0.045   0
        19    415.401    143.287 327.8667829 +28.8409174     4.77  0.000515167  -9.4416  -9.2814   0.0987     5158.754     468.7231     915.9084    0.156   0
        20    170.946    142.360 327.8969720 +28.8403987     4.73 0.0005106319  -9.0471  -8.5727   0.1890     2685.828     467.4943     880.1882    0.072   0
        21    695.894    193.915 327.8320189 +28.8361641     4.54 0.0004905293 -14.4299 -14.4671   0.0013     612118.4     723.3636       929.47    0.051   0
        22    120.463    190.205 327.9030824 +28.8351151     4.40 0.0004748266 -12.1801 -12.2503   0.0069     79452.55     506.8141     873.1168    0.030   0
        23    349.715    180.802 327.8747985 +28.8367099     4.87 0.0005257015  -9.3673  -9.6324   0.0716     7127.793      469.746     911.0392    0.167   0
        24    770.363    180.742 327.8228562 +28.8377681     7.41 0.0008001825  -9.4540  -9.9185   0.0551     9276.412     470.9664     929.3055    0.348   0
        25    495.116    190.399 327.8568200 +28.8360416     4.93 0.0005320608  -9.6522  -9.8317   0.0597     8564.094     470.4967     921.9008    0.114   0
        26    387.079    219.321 327.8700868 +28.8326539     4.38 0.0004726293 -12.3362 -12.4057   0.0061     91684.59     512.9083     916.1577    0.035   0
        27    169.406    200.979 327.8970113 +28.8340790     4.49 0.0004843371  -9.8752 -10.1126   0.0462     11092.32     471.6949     884.2504    0.056   0
        28    175.063    219.565 327.8962649 +28.8320909     4.29 0.0004632398 -11.8885 -11.9668   0.0088     61196.55     497.7768     885.1895    0.030   0
        29    490.000    207.006 327.8574096 +28.8342395     4.84 0.0005228299  -9.1200  -9.4006   0.0885      5757.62     468.9769     921.7474    0.155   0
        30    439.651    207.620 327.8636251 +28.8340470     5.77 0.0006227203  -8.4652  -8.8293   0.1493     3401.989     467.8246     920.1475    0.166   0
        31    768.346    217.640 327.8230132 +28.8337876     4.85 0.0005232983  -8.8055  -9.1863   0.1077     4726.132     468.5841     929.7737    0.210   0
        32     95.153    244.327 327.9060678 +28.8292193     4.34 0.0004686335 -12.7915 -12.8436   0.0042     137230.4     534.5439     867.0999    0.026   0
        33    145.311    227.710 327.8999176 +28.8311376     3.87 0.0004182961  -8.1807  -7.8722   0.3598     1408.902     466.7978     879.1165    0.195   0
        34    797.920    242.792 327.8192986 +28.8311508     4.54 0.0004902075 -10.6583 -10.7017   0.0271     19084.43     476.0539     929.8623    0.106   0
        35    759.579    264.464 327.8239787 +28.8287209     4.51  0.000487448 -12.6865 -12.7408   0.0046     124828.6     528.7352     929.8623    0.093   0
        36    806.591    262.706 327.8181784 +28.8290267    10.07  0.001087057 -10.2592 -10.2452   0.0410     12533.36     472.6921     929.6418    0.012   0
        37     72.693    269.333 327.9087763 +28.8264677     4.38  0.000472726 -11.7015 -11.7778   0.0104     51418.98     492.8666     861.0241    0.050   0
        38    412.814    283.794 327.8667452 +28.8257722     4.32 0.0004666646 -11.4522 -11.5141   0.0131     40329.61     486.9948     918.8078    0.048   0
        39    691.498    269.370 327.8323726 +28.8280233     5.91 0.0006378645  -8.7418  -8.6782   0.1716     2959.945     467.6277     929.8094    0.336   0
        40    775.672    276.735 327.8219610 +28.8274385     4.88 0.0005268454 -10.1356 -10.3786   0.0363     14172.54     473.5453     929.8623    0.078   0
        41     65.808    285.044 327.9095858 +28.8247574     4.44 0.0004789975 -10.3947 -10.4886   0.0328     15683.81     474.2518     858.8862    0.036   0
        42     21.974    282.274 327.9150049 +28.8249437     4.21 0.0004549232  -8.2538  -8.5447   0.1939     2617.527     467.4315     846.4615    0.098   0
        43    610.777    294.840 327.8422751 +28.8250781     4.41 0.0004759132 -10.4535 -10.5861   0.0301     17156.72     475.0664     926.7162    0.043   0
        44    437.805    292.222 327.8636382 +28.8249270     4.63 0.0004997594  -9.1573  -9.1161   0.1148     4430.362     468.1639      919.433    0.103   0
        45    832.119    292.038 327.8149534 +28.8259293     4.36 0.0004710148  -8.6312  99.0000  99.0000    -5719.345     466.0162     928.1613    0.102   0
        46    472.243    295.724 327.8593774 +28.8246362     4.34 0.0004689375  -9.0709  -9.1963   0.1067     4769.847      468.555     920.2063    0.077   0
        47    555.667    296.639 327.8490750 +28.8247465     5.96 0.0006436434  -8.6251  -8.8345   0.1486     3418.355     467.8333     923.0927    0.259   0
        48    159.779    302.010 327.8979399 +28.8231691     4.77 0.0005150701  -8.0655  -7.9205   0.3440     1472.979      466.582     880.7342    0.207   0
        49    746.673    313.022 327.8254509 +28.8234570     4.58 0.0004944509 -10.2597 -10.3239   0.0381      13475.6     473.2161     928.7755    0.098   0
        50    598.509    310.606 327.8437502 +28.8233487     4.80 0.0005181341  -9.8432 -10.0496   0.0489     10467.16      471.585     925.0452    0.074   0
        51     21.588    308.397 327.9149848 +28.8221282     3.46 0.0003736179  -7.8262  -8.7362   0.1626     3122.409     467.4912     845.1902    0.705   0
        52    291.816    330.162 327.8815660 +28.8204710     4.22 0.0004560619 -11.8529 -11.9165   0.0092     58426.32     496.3092     904.7405    0.017   0
        53    251.357    314.177 327.8866021 +28.8220908     5.48 0.0005919119  -8.6023  -9.1384   0.1125     4522.121     468.4097     897.7214    0.218   0
        54    218.860    319.825 327.8905997 +28.8213999     3.78 0.0004079631  -8.1894  -8.4259   0.2163     2346.165     467.2995     891.9421    0.175   0
        55    464.505    321.004 327.8602687 +28.8218930     3.75  0.000404575  -8.4716  -9.0528   0.1217     4179.353     468.1611     918.8798    0.381   0
        56    822.303    324.904 327.8160835 +28.8223639     4.40 0.0004755919  -9.5357  -7.5412   0.4880     1038.708      466.718      927.265    0.117   0
        57     88.814    354.509 327.9065659 +28.8173318     4.26 0.0004598584 -12.9722 -13.0166   0.0037     160937.9     545.5753      864.832    0.014   0
        58    391.130    347.624 327.8692601 +28.8188403     4.31 0.0004656377 -12.0554 -12.1384   0.0076        71671     503.0221     912.0457    0.034   0
        59    899.591    335.630 327.8065145 +28.8213989     4.40 0.0004751363  -9.1351  99.0000  99.0000    -7510.507     465.8185     831.7307    0.145   0
        60    149.355    340.396 327.8991280 +28.8190068     4.55  0.000491054  -9.8890  -9.9664   0.0528     9694.999     471.0712     877.5098    0.015   0
        61    329.701    353.164 327.8768299 +28.8180885     4.49 0.0004850529  -9.5186  -9.5795   0.0751     6788.895     469.5918     908.4969    0.033   0
        62    119.717    384.062 327.9026744 +28.8142265     4.38 0.0004731447 -12.3443 -12.4186   0.0060      92781.1     513.4544     868.9186    0.151   0
        63    758.178    384.702 327.8238514 +28.8157623     4.31 0.0004649669 -11.9871 -12.0455   0.0083     65796.79     500.0818     925.5437    0.077   2
        64    908.327    386.458 327.8053100 +28.8159439     4.01 0.0004326924  -9.5993  99.0000  99.0000    -12136.67     465.9899     811.4568    0.177   0
        65    756.304    397.211 327.8240515 +28.8144100     4.37 0.0004718994 -10.9209 -11.0538   0.0197     26395.41     479.9675     925.0443    0.103   3
        66     40.561    397.912 327.9124107 +28.8125321     3.86  0.000417291  -8.7779  -9.0166   0.1258     4042.292     468.1404      846.816    0.194   0
        67    593.529    401.979 327.8441350 +28.8134914     4.71 0.0005084178  -9.8119  -9.8949   0.0563     9077.047     470.8736     920.1633    0.100   0
        68    560.949    404.409 327.8481509 +28.8131482     4.61 0.0004979715  -9.6781  -9.4320   0.0860     5926.479     469.1586      919.637    0.097   0
        69    618.307    424.934 327.8410182 +28.8110799     4.28 0.0004619824 -12.4664 -12.5389   0.0054     103652.3     518.7087     919.8637    0.042   0
        70    445.604    425.797 327.8623364 +28.8105547     4.56 0.0004927001  -9.9380 -10.0235   0.0501     10218.62     471.2968     913.5804    0.080   0
        71    481.841    432.069 327.8578471 +28.8099699     4.68   0.00050509  -9.0799  -8.6627   0.1740      2917.84     467.5526     915.6984    0.097   0
        72    511.593    438.950 327.8541568 +28.8093031     4.27 0.0004610485 -10.1361 -10.0058   0.0509     10053.17     471.3655     916.4795    0.062   0
        73    284.510    446.825 327.8821696 +28.8078828     4.18 0.0004518514 -11.1107 -11.1747   0.0177      29504.2     481.5586     897.8523    0.050   0
        74    315.618    443.379 327.8783382 +28.8083328     4.71 0.0005083754  -9.3199  -9.4570   0.0840     6064.667     469.0751     902.9286    0.060   0
        75    493.736    485.994 327.8562421 +28.8041896     4.20 0.0004532975 -12.3459 -12.4240   0.0060     93238.64     513.5575     913.2188    0.028   0
        76    877.106    468.409 327.8089610 +28.8070373     4.47 0.0004823886 -11.7705 -11.8787   0.0095     56426.62     495.3753      889.473    0.062   0
        77    832.002    449.953 327.8145749 +28.8089146     4.70 0.0005073547  -7.8967  99.0000  99.0000    -6448.926     465.8712     920.7304    0.011   0
        78    178.549    457.202 327.8952233 +28.8064960     4.23 0.0004562829 -10.3574 -10.3437   0.0374      13723.9     473.1915     878.0308    0.032   0
        79    141.381    453.599 327.8998208 +28.8067896     3.63 0.0003917919  -8.3100  -7.8891   0.3541     1430.958     466.5331     869.1472    0.162   0
        80    329.928    484.535 327.8764667 +28.8039347     4.12 0.0004443469  -9.7148  -9.7152   0.0664     7692.768     470.0989     903.9288    0.084   0
        81    549.176    496.397 327.8493722 +28.8032077     4.17 0.0004504069 -11.5860 -11.6589   0.0115     46085.42     489.9281     915.6365    0.034   0
        82     80.851    494.955 327.9071861 +28.8021794     4.48  0.000483716  -9.4001  -9.5589   0.0766     6661.207     469.6023     849.8278    0.040   0
        83    235.507    499.056 327.8880850 +28.8021311     4.62 0.0004991803  -9.5531  -9.7343   0.0652     7828.955     470.2235     885.8444    0.058   0
        84    413.209    566.923 327.8659770 +28.7952678     4.16 0.0004491498 -14.4910 -14.5293   0.0012     648229.6      735.688     905.8472    0.029   0
        85    724.349    857.834 327.8268447 +28.7647012     3.99 0.0004305558  -8.6905  -8.9626   0.1322     3846.389     468.0883     865.5686    0.200   0
        86    846.958   1026.633 327.8112961 +28.7468172     4.29 0.0004629842  -9.8263  -9.7422   0.0513     7886.099     372.5086      826.344    0.059  24
        87    852.540   1008.852 327.8106515 +28.7487468     4.21 0.0004544594 -10.8317 -10.8484   0.0237     21844.57     477.5141     827.4484    0.063   0
        88    457.019    992.132 327.8594921 +28.7495643     4.32 0.0004660106 -10.3649 -10.4821   0.0330     15589.39     474.3574     793.4606    0.032   0
        89    781.732    980.404 327.8194585 +28.7516370     4.16 0.0004493239 -14.6284 -14.6639   0.0011     733742.8     764.2107     835.0118    0.056   0
        90    236.891    987.536 327.8866626 +28.7495042     4.76  0.000513847 -10.3556 -10.3691   0.0366     14048.83     473.5319     758.7102    0.170   0
        91    365.618    983.089 327.8707919 +28.7503088     4.35 0.0004700446 -12.8208 -12.8802   0.0041     141927.9     536.7936     784.0042    0.076   0
        92    302.923    799.608 327.8789955 +28.7699193     4.20 0.0004539218 -10.6055 -10.7415   0.0261     19797.27     476.4539     839.2847    0.047   0
        93    112.973    866.509 327.9022630 +28.7622291     4.72 0.0005096548 -11.1535 -11.2115   0.0172     30520.73     482.0988     779.2778    0.125   0
        94    851.504    829.686 327.8112241 +28.7680484     4.25 0.0004591469 -11.2560 -11.4054   0.0144     36488.95     485.2471      863.367    0.062   0
        95    600.227    804.642 327.8422948 +28.7701235     4.07 0.0004398369 -10.2235 -10.3148   0.0384     13363.39     473.0659     868.9162    0.005   0
        96     52.768    795.002 327.9098767 +28.7697798     4.70 0.0005079028 -10.2861 -10.3952   0.0357     14391.01     473.5049     788.3851    0.171   0
        97    322.817    795.203 327.8765517 +28.7704442     4.09 0.0004418686 -12.1582 -12.2312   0.0070     78069.59     505.9494     843.5915    0.034   0
        98    342.609    848.274 327.8739742 +28.7647761     4.21 0.0004547856 -10.5961 -10.6787   0.0277     18683.65     475.8692     828.9291    0.039   0
        99    911.196    884.818 327.8037215 +28.7622553     3.64 0.0003928831  -8.8043  99.0000  99.0000    -9060.171     465.7789     765.5567    0.116   0
       100    884.399    868.805 327.8070678 +28.7639146     3.44 0.0003713651  -9.0231 -10.8551   0.0236     21980.82     477.4953     817.8222    0.413   0
       101    887.005    766.016 327.8070011 +28.7749961     3.27 0.0003536357  -9.2137 -10.8169   0.0244     21220.98      477.033     830.9944    0.423   0
       102    287.774    881.440 327.8806559 +28.7610642     4.34 0.0004687763 -10.5440 -10.5965   0.0298     17321.65     475.1532     810.0756    0.093   0
       103    647.672    784.948 327.8364893 +28.7723637     4.12 0.0004452684 -10.5937 -10.6906   0.0274     18890.34     475.9907     878.4582    0.041   0
       104    580.898    914.295 327.8444040 +28.7582608     5.61 0.0006054583  -8.4145  -8.6962   0.1688     3009.265      467.746     834.1882    0.180   0
       105    635.420    881.643 327.8377586 +28.7619148     4.30 0.0004645652  -8.8610  -8.5394   0.1949     2604.678     467.3589     851.6841    0.146   0
       106    660.393    748.200 327.8350117 +28.7763547     3.03 0.0003275861  -7.9148  -7.9431   0.3370     1503.912     466.6776     889.5026    0.410   0
       107    510.424    767.026 327.8534718 +28.7739520     4.65 0.0005023017  -8.8295  -8.8714   0.1437     3536.261     467.8438     871.6566    0.085   0
       108    706.994    768.919 327.8292088 +28.7742382     4.29 0.0004634452 -10.6586 -10.7694   0.0255     20311.97     476.6981     885.6255    0.060   0
       109    467.387    891.305 327.8584682 +28.7604538     4.16 0.0004492544 -10.7389 -10.7933   0.0249     20764.65     477.0385     829.2908    0.052   0
       110    629.037    739.796 327.8389025 +28.7771822     4.10 0.0004431767 -12.3427 -12.3948   0.0061     90767.02     512.2449     890.7458    0.028   0
       111    687.437    917.787 327.8312495 +28.7581499     4.13 0.0004464423 -11.3054 -11.3820   0.0147     35712.11     484.7327     846.0107    0.033   0
       112     81.182    730.536 327.9065368 +28.7767981     4.70  0.000507428 -10.6769 -10.8038   0.0247     20965.96     477.1054     813.6935    0.058   0
       113    494.915    732.073 327.8554740 +28.7776791     4.76 0.0005140662  -9.7943  -9.8591   0.0582     8783.103     470.7567     880.1965    0.133   0
       114    579.632    709.505 327.8450759 +28.7803226     4.24 0.0004576038  -9.1947  -9.0978   0.1167     4356.468     468.3213     892.8124    0.128   0
       115    605.856    713.134 327.8418303 +28.7799970     4.44 0.0004791223  -7.9325  -7.8795   0.3574     1418.371      466.737     894.9493    0.209   0
       116    234.447    715.469 327.8876611 +28.7788114     4.11 0.0004440989 -11.1801 -11.2710   0.0163     32240.33     482.9388     849.1863    0.037   0
       117     87.279    649.803 327.9059928 +28.7855120     4.59 0.0004951729 -10.4434 -10.5630   0.0307     16795.59     474.8504     831.9543    0.064   0
       118    304.040    641.273 327.8792620 +28.7869818     4.38 0.0004731338  -9.7893 -10.0659   0.0482     10625.42     471.6819     877.2939    0.074   0
       119    777.965    699.124 327.8206244 +28.7819341     4.48 0.0004833546  -9.6528  -9.6813   0.0685     7455.911      469.986     903.2238    0.107   0
       120    409.381    685.809 327.8661475 +28.7824489     4.09 0.0004421275 -14.0320 -14.0717   0.0017     425284.7     655.4423     886.6439    0.027   0
       121    764.398    908.570 327.8217763 +28.7593339     4.17  0.000449772  -8.8067  -8.8721   0.1435     3538.571     467.7268     853.1411    0.209   0
       122    524.052    589.619 327.8522380 +28.7931006     3.75  0.000405282  -8.8825  -9.4928   0.0813     6267.965     469.3536     909.6652    0.158   0
       123    178.405    928.915 327.8940290 +28.7556718     4.64 0.0005005005 -10.1579 -10.1743   0.0437     11741.47     472.2341     770.4343    0.164   0
       124    603.327    643.740 327.8423170 +28.7874675     4.22  0.000456086  -9.4820  -9.5731   0.0756     6748.813     469.6097     906.5308    0.092   0
       125    462.304    659.561 327.8596823 +28.7854100     4.35 0.0004702524  -9.5322  -9.7331   0.0653     7820.268     470.1536     895.8278    0.144   0
       126    784.750    657.612 327.8198904 +28.7864236     4.44 0.0004789185  -9.8374  -9.9517   0.0535     9564.967     471.1195     909.9915    0.094   0
       127    437.226    655.054 327.8627889 +28.7858326     4.11 0.0004434259 -12.9381 -12.9851   0.0038     156326.9     543.4583     895.8114    0.028   0
       128    389.618    671.551 327.8686227 +28.7839354     4.40 0.0004753635  -9.4985  -9.8587   0.0582     8779.993     470.6767     886.7562    0.055   0
       129    298.368    586.222 327.8801026 +28.7928988     4.14 0.0004470356 -12.4602 -12.5391   0.0054     103669.9     518.5987     885.8826    0.048   0
       130     22.617    559.134 327.9142082 +28.7951157     4.58 0.0004947633 -10.3873 -10.4975   0.0326     15812.96     474.4364     829.3047    0.071   0
       131    654.419    848.569 327.8354971 +28.7655257     4.06 0.0004382556 -13.3224 -13.3740   0.0028     223664.3     573.5131      863.202    0.034   0
       132    537.237    602.394 327.8505783 +28.7917572     4.16 0.0004490456 -12.8807 -12.9431   0.0039     150395.6     540.5865     909.8339    0.040   0
       133    295.193    836.216 327.8798558 +28.7659556     5.83 0.0006291486  -8.3956  -8.5371   0.1952     2599.111     467.2113     826.5892    0.277   0
       134    268.596    973.305 327.8827873 +28.7511179     4.72 0.0005094029  -9.3832  -9.5278   0.0787     6473.357     469.3976      771.278    0.106   0
       135    625.682    977.338 327.8387198 +28.7515800     4.15 0.0004482052 -11.1396 -11.2161   0.0171     30650.29     482.2551     819.0104    0.051   0
       136    791.035    827.158 327.8186924 +28.7681715     4.12 0.0004446688 -10.6330 -10.7107   0.0269     19242.59     476.2531     875.1908    0.070   0
       137    548.245    618.419 327.8491792 +28.7900581     4.31 0.0004648823 -11.0394 -11.1418   0.0183     28622.92     481.1008     908.5595    0.053   0
       138    691.295    599.159 327.8315713 +28.7924898     4.23 0.0004572168 -10.6023 -10.6417   0.0286     18058.91     475.5797     915.9537    0.019   0
       139    872.699   1006.206 327.8081709 +28.7490816     4.94  0.000533289  -9.3129 -10.2157   0.0421     12197.89     472.4106     812.0111    0.153   0
       140    524.118    926.464 327.8513793 +28.7568078     4.55 0.0004914776  -8.5411  -8.9022   0.1397     3638.027     468.0426      823.787    0.141   0
       141    449.417    542.853 327.8615688 +28.7979522     4.75 0.0005133581  -8.7784  -9.1156   0.1149     4428.217     468.3596     910.3149    0.210   0
       142    757.918    564.109 327.8234355 +28.7964316     5.51 0.0005952083  -8.3179  -8.2798   0.2473     2050.876     467.0889     918.1825    0.360   0
       143    835.326    553.718 327.8139065 +28.7977426     4.37 0.0004717846  -9.0748  99.0000  99.0000    -1022.752      466.069     917.3773    0.082   0
       144    151.070    860.300 327.8975782 +28.7629951     5.43 0.0005860566  -8.6989  -8.7678   0.1580     3214.405     467.7506       792.93    0.134   0
       145    900.136    959.854 327.8049005 +28.7541433     3.74 0.0004035349  -8.4981  -9.7519   0.0642     7957.037     470.2133     768.2806    0.201   0
       146    114.472    841.838 327.9021416 +28.7648911     4.73 0.0005112311  -9.8499  -9.7992   0.0615      8311.59     470.4409     789.6719    0.125   0
