#   1 NUMBER                 Running object number                                     
#   2 X_IMAGE                Object position along x                                    [pixel]
#   3 Y_IMAGE                Object position along y                                    [pixel]
#   4 ALPHA_J2000            Right ascension of barycenter (J2000)                      [deg]
#   5 DELTA_J2000            Declination of barycenter (J2000)                          [deg]
#   6 FWHM_IMAGE             FWHM assuming a gaussian core                              [pixel]
#   7 FWHM_WORLD             FWHM assuming a gaussian core                              [deg]
#   8 MAG_BEST               Best of MAG_AUTO and MAG_ISOCOR                            [mag]
#   9 MAG_APER               Fixed aperture magnitude vector                            [mag]
#  10 MAGERR_APER            RMS error vector for fixed aperture mag.                   [mag]
#  11 FLUX_APER              Flux vector within fixed circular aperture(s)              [count]
#  12 FLUXERR_APER           RMS error vector for aperture flux(es)                     [count]
#  13 BACKGROUND             Background at centroid position                            [count]
#  14 ELLIPTICITY            1 - B_IMAGE/A_IMAGE                                       
#  15 FLAGS                  Extraction flags                                          
         1    834.799    292.816 238.0204113 +33.0184408   137.32   0.01470635 -15.3736 -12.4949   0.0092      99534.2      846.583     1470.638    0.865  19
         2    830.546    133.758 238.0212153 +33.0353721   176.19   0.01886975 -16.0199 -12.6797   0.0078     117997.6     852.5276     1383.333    0.866  19
         3    455.470    119.758 238.0693960 +33.0358066     8.73 0.0009351649 -14.2324 -14.2281   0.0021     491158.1     955.6122      1537.54    0.142   0
         4    432.338    193.508 238.0722418 +33.0278849     9.09 0.0009730973 -10.1695 -10.1842   0.0752      11848.9      820.856     1587.217    0.303   0
         5     56.462    248.253 238.1204014 +33.0209747    11.10  0.001188349 -10.7215 -10.7487   0.0449     19928.15     823.1064     1444.287    0.312   0
         6    172.504    268.593 238.1054700 +33.0191431     8.92  0.000955182 -11.8125 -11.8280   0.0168      53850.5     833.2552     1541.868    0.154   0
         7    261.025    293.994 238.0940633 +33.0166917   -19.21 -0.002056784  -8.8765  -9.6450   0.1233     7210.827     818.9349     1599.914    0.014   0
         8    488.537    359.024 238.0647496 +33.0104136     7.76  0.000830963 -12.4391 -12.4561   0.0096     96037.89     845.9966      1689.14    0.090   0
         9      2.432    430.269 238.1270187 +33.0014297     8.71 0.0009327093 -10.0911 -10.2203   0.0557     12249.84     628.2604      1506.24    0.569  24
        10    406.065    422.980 238.0752275 +33.0033664     1.34 0.0001436861  -7.5704  -7.6238   0.7921     1120.797     817.4435     1709.113    0.011   0
        11     98.297    779.522 238.1141098 +32.9645044     9.23 0.0009888599 -12.3892 -11.8937   0.0158     57211.89     834.4216     1577.708    0.095   0
        12    840.509    829.950 238.0188086 +32.9612399    74.78  0.008009001 -14.1037 -13.1805   0.0051     187146.5      872.548     1299.105    0.454  16
        13    705.348    783.180 238.0362246 +32.9658436     7.72 0.0008268363 -11.2672 -11.2926   0.0273      32887.8     827.1018     1746.457    0.121   2
        14    712.565    773.132 238.0353151 +32.9669342    10.54  0.001129073 -10.1892 -10.5878   0.0520     17184.28     822.2956     1747.048    0.272   3
        15    552.333    557.867 238.0562301 +32.9894132     2.10 0.0002245704  -9.0401  -9.4322   0.1501     5927.396     819.0275     1730.921    0.208   3
        16    552.010    561.251 238.0562658 +32.9890518     0.76 8.132227e-05  -8.3406  -9.2242   0.1817      4893.96     818.6198     1731.098    0.160   3
        17    888.106    888.065 238.0126090 +32.9551821    56.26    0.0060251 -14.0938 -12.8141   0.0070     133551.7     857.0326     551.3345    0.151  16
        18    710.567    681.422 238.0357218 +32.9766977     7.21 0.0007719929 -10.9137 -10.9348   0.0378     23655.33     824.1919     1748.405    0.042   0
        19    720.368    646.552 238.0345213 +32.9804397     7.76 0.0008312121 -11.3943 -11.4274   0.0242     37235.65     828.3922      1739.79    0.064   0
        20    717.822    883.607 238.0344599 +32.9551809     6.76 0.0007244321  -9.2132  99.0000  99.0000    -42381.24     816.7538     1298.476    0.121   0
        21    798.642    800.367 238.0242277 +32.9642742    29.13   0.00311933 -12.4154 -11.9505   0.0150     60283.84     835.3415     1650.604    0.609   1
