#   1 NUMBER                 Running object number                                     
#   2 X_IMAGE                Object position along x                                    [pixel]
#   3 Y_IMAGE                Object position along y                                    [pixel]
#   4 ALPHA_J2000            Right ascension of barycenter (J2000)                      [deg]
#   5 DELTA_J2000            Declination of barycenter (J2000)                          [deg]
#   6 FWHM_IMAGE             FWHM assuming a gaussian core                              [pixel]
#   7 FWHM_WORLD             FWHM assuming a gaussian core                              [deg]
#   8 MAG_BEST               Best of MAG_AUTO and MAG_ISOCOR                            [mag]
#   9 MAG_APER               Fixed aperture magnitude vector                            [mag]
#  10 MAGERR_APER            RMS error vector for fixed aperture mag.                   [mag]
#  11 FLUX_APER              Flux vector within fixed circular aperture(s)              [count]
#  12 FLUXERR_APER           RMS error vector for aperture flux(es)                     [count]
#  13 BACKGROUND             Background at centroid position                            [count]
#  14 ELLIPTICITY            1 - B_IMAGE/A_IMAGE                                       
#  15 FLAGS                  Extraction flags                                          
         1    841.120     80.023 238.0184371 +32.9325156   134.29   0.01439361 -14.4973 -12.3697   0.0062      88693.7     503.1797     737.0309    0.612  16
         2    821.366      9.467 238.0210890 +32.9399860    78.56  0.008420025 -13.5112 -12.2811   0.0062     81738.49      468.794        436.6    0.777  24
         3    489.482     40.312 238.0636207 +32.9357720     5.95 0.0006375476  -9.6341  99.0000  99.0000      -2292.7     456.9676     756.4431    0.274   0
         4     62.203    111.142 238.1183159 +32.9270068     5.85 0.0006265329 -13.8391 -13.8799   0.0019     356423.1     622.0516       848.18    0.031   0
         5    727.317    120.345 238.0329705 +32.9279002     6.20 0.0006644846 -10.2690  -9.6882   0.0667     7504.117     461.1444     915.8506    0.107   0
         6    749.085    124.847 238.0301703 +32.9274805     6.32 0.0006773905  -9.9638  -5.8947   2.1779     227.9702     457.1699      916.084    0.130   0
         7    369.020    140.876 238.0789021 +32.9247078     9.92  0.001063135  -9.7476  -9.7148   0.0651     7690.241     461.2325     901.0728    0.094   0
         8    698.315    188.380 238.0365769 +32.9205637     6.23 0.0006679857 -11.8748 -11.9409   0.0089      59750.5     488.6243     916.9042    0.062   0
         9    475.132    179.951 238.0652220 +32.9208391     8.45 0.0009056346  -9.2223  -9.6629   0.0683      7330.89     460.9223      909.217    0.146   0
        10    319.936    183.434 238.0851249 +32.9200302     5.65 0.0006057728  -9.8755  -9.9970   0.0504     9972.343     462.4422     897.4703    0.089   0
        11    109.489    252.340 238.1119991 +32.9120832     5.58 0.0005975785 -13.7977 -13.8340   0.0020     341653.9     616.2025     862.8863    0.040   0
        12    759.514    273.111 238.0285842 +32.9116969     5.83 0.0006252463 -12.2201 -12.2809   0.0066     81727.08     499.7301     917.6167    0.089   0
        13    231.778    272.754 238.0962772 +32.9102543    12.14  0.001300808 -10.3185 -10.2923   0.0385     13088.99     464.0604     888.2856    0.296   0
        14    578.582    324.011 238.0517058 +32.9057648     5.55  0.000594566 -11.3501 -11.4451   0.0137     37846.34     477.0752     910.8574    0.056   0
        15      3.883    313.592 238.1254353 +32.9052483     6.65 0.0007126105  -8.5458  -8.2698   0.1965      2032.04     367.6296     836.2336    0.142  16
        16    284.801    337.730 238.0893626 +32.9034750     5.40 0.0005783782 -11.1873 -11.2176   0.0168     30693.17     473.3993     893.6431    0.038   0
        17     40.762    340.754 238.1206567 +32.9024572     7.15 0.0007662138  -9.1101  -9.1818   0.1060      4706.79     459.6254     844.3019    0.193   0
        18    448.120    378.584 238.0683453 +32.8995788     5.34 0.0005720832 -10.8610 -10.9712   0.0209     24462.01       470.16     904.1099    0.057   0
        19    508.774    429.495 238.0604790 +32.8943194     5.16 0.0005526175 -12.1850 -12.2386   0.0069     78604.35      498.118     904.1595    0.089   0
        20    155.961    446.619 238.1056949 +32.8914959     5.63 0.0006031249  -9.9686  -9.9697   0.0516     9725.063     462.1935     866.1962    0.102   0
        21    539.493    454.501 238.0564968 +32.8917385     6.75 0.0007231783  -8.9786  -9.0004   0.1252     3982.376     459.2698     904.5677    0.481   0
        22    267.468    488.674 238.0913218 +32.8873276     5.11 0.0005471995 -12.4728 -12.5255   0.0054       102380     509.9459     884.6981    0.072   0
        23     10.832    489.698 238.1242291 +32.8864866     5.69 0.0006095011 -10.4977 -10.4525   0.0317      15171.1     442.4483      827.886    0.197  16
        24    437.504    496.274 238.0695041 +32.8869973     5.16 0.0005531207  -9.7271  -9.7015   0.0659     7596.331      461.156     899.5187    0.099   0
        25    776.897    509.816 238.0259591 +32.8865001     7.31 0.0007831129  -8.5411  -8.7102   0.1634     3048.332     458.6709     907.7335    0.146   0
        26    884.190    952.798 238.0114683 +32.8395516     3.44 0.0003685475  -9.0353 -10.9652   0.0210     24326.26     469.9746     786.0324    0.651   0
        27    510.668   1019.609 238.0592271 +32.8313886     5.26 0.0005636553  -8.7343  -8.0344   0.2863     1635.958     431.3357     785.7949    0.206  16
        28    798.241   1013.712 238.0223828 +32.8328179     4.67 0.0005010372  -9.9212  -9.8691   0.0566     8864.489     461.8301     816.9888    0.228   0
        29    626.175    693.022 238.0449768 +32.8665422     5.67 0.0006078683  -8.3105  -8.5559   0.1882     2644.571     458.3348     886.1108    0.159   0
        30    270.022    816.679 238.0904211 +32.8523530     0.85 9.094249e-05  -7.2800  -7.8897   0.3472     1431.844     457.8019     819.2104    0.089   0
        31    376.029    717.282 238.0770047 +32.8632535     4.85 0.0005200339  -8.1169  -9.0861   0.1158     4309.543      459.345     862.2628    0.384   0
        32    857.257    786.676 238.0151953 +32.8571945     5.02  0.000537755 -11.9475 -12.0656   0.0080     67026.84     492.3331      863.028    0.161   0
        33    629.393    777.757 238.0444208 +32.8575141     6.63 0.0007107267  -8.5545  -8.5875   0.1828     2722.822     458.3775     867.9398    0.215   0
        34      2.811    736.202 238.1248168 +32.8601740     3.71 0.0003975857  -8.4118  -9.9133   0.0423     9232.266     359.7118     811.6928    0.717  16
        35    299.450    751.951 238.0867617 +32.8593397     4.95 0.0005301891 -10.8741 -10.8989   0.0223     22886.18     469.3339     844.4473    0.150   0
        36    717.423    705.360 238.0332575 +32.8654801    11.90  0.001274972 -10.1838 -10.1665   0.0432     11657.31     463.2757      887.213    0.358   0
        37    906.418    619.336 238.0091691 +32.8751770     4.69 0.0005027716 -11.1919 -10.9570   0.0211     24143.02     470.0029     805.9978    0.128   0
        38    882.639    851.805 238.0118339 +32.8503183     3.96 0.0004239279  -9.0784 -10.9370   0.0215     23703.38     469.6684     810.0387    0.711   0
        39    881.922    877.228 238.0118839 +32.8476050     5.95 0.0006375255 -10.2252 -11.0335   0.0197      25905.7     470.9521     805.4139    0.737   0
        40    378.457    696.153 238.0767300 +32.8655138     4.83 0.0005176732 -12.8044 -12.8534   0.0041     138473.4     527.3326      867.998    0.092   0
        41    127.830    627.445 238.1089825 +32.8721306     5.37 0.0005759092 -10.0758 -10.2505   0.0400     12594.54      463.794      838.127    0.187   0
        42    808.299    861.976 238.0213462 +32.8490285     4.41 0.0004731728 -12.8375 -12.8908   0.0040       143318     529.6579     854.5694    0.104   0
        43    255.484    844.670 238.0922357 +32.8493266     3.91 0.0004194804  -7.9341  -8.5779   0.1845     2698.682      458.519     807.4191    0.496   0
        44    593.011    713.028 238.0491946 +32.8643161     5.32 0.0005706979  -8.3703  -8.7006   0.1648     3021.532      458.463     880.2434    0.336   0
        45    356.464    999.806 238.0790233 +32.8330670     6.73 0.0007214553  -8.7305  -8.6321   0.1755     2836.849     458.5041     767.5496    0.290   0
