#   1 NUMBER                 Running object number                                     
#   2 X_IMAGE                Object position along x                                    [pixel]
#   3 Y_IMAGE                Object position along y                                    [pixel]
#   4 ALPHA_J2000            Right ascension of barycenter (J2000)                      [deg]
#   5 DELTA_J2000            Declination of barycenter (J2000)                          [deg]
#   6 FWHM_IMAGE             FWHM assuming a gaussian core                              [pixel]
#   7 FWHM_WORLD             FWHM assuming a gaussian core                              [deg]
#   8 MAG_BEST               Best of MAG_AUTO and MAG_ISOCOR                            [mag]
#   9 MAG_APER               Fixed aperture magnitude vector                            [mag]
#  10 MAGERR_APER            RMS error vector for fixed aperture mag.                   [mag]
#  11 FLUX_APER              Flux vector within fixed circular aperture(s)              [count]
#  12 FLUXERR_APER           RMS error vector for aperture flux(es)                     [count]
#  13 BACKGROUND             Background at centroid position                            [count]
#  14 ELLIPTICITY            1 - B_IMAGE/A_IMAGE                                       
#  15 FLAGS                  Extraction flags                                          
         1    833.977    196.820 238.0210453 +33.0296590   213.59   0.02289707 -16.5515 -12.9576   0.0077     152413.7      1074.08     1839.077    0.906  24
         2    456.390    127.218 238.0696947 +33.0360294     5.32 0.0005706657 -14.1218 -14.1622   0.0027     462261.7     1143.902     2020.254    0.104   0
         3    433.606    201.466 238.0724984 +33.0280500     5.32 0.0005702284 -10.2366 -10.2023   0.0939     12048.16     1041.248     2083.809    0.087   0
         4    752.856    209.138 238.0314520 +33.0281218     3.76 0.0004035348  -8.2013  99.0000  99.0000    -10821.66     1038.322     2158.077    0.251   0
         5     58.228    256.053 238.1206502 +33.0211673     8.11 0.0008699322 -10.7157 -10.9041   0.0493      22995.1     1043.932     1884.517    0.287   0
         6    173.467    276.093 238.1058052 +33.0193592     5.20 0.0005577662 -11.6896 -11.7113   0.0236     48365.73     1050.048     2020.512    0.111   0
         7    296.552    291.446 238.0899605 +33.0180713     6.06 0.0006493669  -9.3850  -9.5105   0.1773     6371.138     1039.914     2114.531    0.238   0
         8    261.001    294.004 238.0945249 +33.0176981     0.00            0  -8.9111  -9.9357   0.1199     9425.087     1040.325     2099.199    0.003   0
         9    489.200    366.279 238.0650768 +33.0106355     4.71 0.0005051641 -12.3588 -12.3340   0.0134      85825.7      1058.67     2229.261    0.019   0
        10      2.093    436.922 238.1275480 +33.0017248     5.01 0.0005371663 -10.0675  -9.9995   0.0853      9995.73     785.5439     1964.202    0.443  24
        11     46.142    852.847 238.1211635 +32.9575101     6.16 0.0006604344 -10.6252 -11.3400   0.0331     34356.64      1046.62     1934.647    0.463   0
        12    717.725    890.131 238.0348514 +32.9554248     3.72 0.0003993184  -9.6002  99.0000  99.0000    -75703.25     1038.439     1533.148    0.082   0
        13    839.680    829.372 238.0192875 +32.9622390    78.08  0.008370678 -14.1805 -13.6247   0.0043     281757.1     1104.107     1683.757    0.302  16
        14    705.566    790.287 238.0365766 +32.9660353     4.79 0.0005139253 -11.0523 -11.0273   0.0440      25758.3     1044.505     2307.472    0.019   0
        15     98.963    786.282 238.1144952 +32.9647572     5.77 0.0006190869 -12.3084 -12.1745   0.0155      74098.7     1056.041      2063.44    0.079   0
        16    663.984    789.228 238.0419192 +32.9660329     6.77  0.000725241  -9.9679 -10.4936   0.0718     15755.13     1041.757     2308.516    0.278   0
        17    713.082    779.982 238.0356282 +32.9671548     4.88  0.000522799 -10.3281 -10.4163   0.0771     14672.95     1041.907     2307.358    0.092   0
        18    720.734    653.346 238.0348527 +32.9806765     4.63 0.0004959719 -11.2888 -11.2818   0.0349     32561.55     1046.045     2297.179    0.002   0
        19    553.168    683.119 238.0563292 +32.9770366     4.48 0.0004805641  -8.9012  -8.8244   0.3332      3386.56     1039.196     2303.186    0.189   0
        20    710.927    688.187 238.0360555 +32.9769350     4.97 0.0005331633 -10.8369 -11.0303   0.0439      25829.2     1044.522     2305.503    0.113   0
        21    888.481    888.480 238.0129243 +32.9560717    55.08  0.005904505 -14.9099 -13.2321   0.0060       196256     1084.743     557.6908    0.142  17
