#   1 NUMBER                 Running object number                                     
#   2 X_IMAGE                Object position along x                                    [pixel]
#   3 Y_IMAGE                Object position along y                                    [pixel]
#   4 ALPHA_J2000            Right ascension of barycenter (J2000)                      [deg]
#   5 DELTA_J2000            Declination of barycenter (J2000)                          [deg]
#   6 FWHM_IMAGE             FWHM assuming a gaussian core                              [pixel]
#   7 FWHM_WORLD             FWHM assuming a gaussian core                              [deg]
#   8 MAG_BEST               Best of MAG_AUTO and MAG_ISOCOR                            [mag]
#   9 MAG_APER               Fixed aperture magnitude vector                            [mag]
#  10 MAGERR_APER            RMS error vector for fixed aperture mag.                   [mag]
#  11 FLUX_APER              Flux vector within fixed circular aperture(s)              [count]
#  12 FLUXERR_APER           RMS error vector for aperture flux(es)                     [count]
#  13 BACKGROUND             Background at centroid position                            [count]
#  14 ELLIPTICITY            1 - B_IMAGE/A_IMAGE                                       
#  15 FLAGS                  Extraction flags                                          
         1     10.887     80.602 200.8920961 +36.1194225    66.90  0.007241222 -13.9339 -13.1507   0.0056     182093.2     945.2795     340.4323    0.594  24
         2    143.832     86.696 200.8741899 +36.1191308    46.41  0.005023784 -13.4586 -12.2306   0.0134     78023.09     963.5286     1694.912    0.733   2
         3    192.385     30.956 200.8677257 +36.1252665    35.18   0.00380785 -12.7603 -12.3064   0.0125     83665.95     964.9133     888.4525    0.248  17
         4    135.898     11.124 200.8753571 +36.1272483    88.11  0.009537349 -15.1916 -13.9761   0.0028     389439.4     1002.008     122.9402    0.746  24
         5     66.042    110.211 200.8846316 +36.1163852    25.51  0.002761052  99.0000  99.0000  99.0000    -5599.268     942.9338     1146.855    0.538   0
         6     75.101    256.810 200.8832184 +36.1006214    56.19  0.006081931 -14.2237 -12.3010   0.0126     83254.82     964.8329     1865.738    0.714   0
         7     77.225    419.283 200.8827179 +36.0831289    86.82  0.009396876 -14.5404 -12.0660   0.0156      67048.9     960.7293     1868.969    0.933  18
         8    378.985     88.842 200.8425286 +36.1195382     6.30 0.0006821727 -11.2255 -11.1131   0.0370     27876.82     950.3754     1976.006    0.096   0
         9     83.122    122.882 200.8823155 +36.1150675    13.15  0.001423734 -12.1356 -11.7878   0.0200     51894.85     956.9094     1516.121    0.065   2
        10    310.224    263.710 200.8515624 +36.1005191     5.98 0.0006474767 -12.6238 -12.6648   0.0091     116389.1     973.4581     2123.394    0.048   0
        11     77.922    526.723 200.8824825 +36.0715596    23.67  0.002561952 -12.9073 -12.4742   0.0108     97653.52     968.8163     1868.113    0.632   3
        12    690.436    427.774 200.8001883 +36.0838678     5.18 0.0005602456  -9.8243  -9.9681   0.1058     9710.415     945.6379     1987.245    0.110   0
        13   1025.659    444.664 200.7550572 +36.0829287     7.73 0.0008371425  -9.7557  -9.1481   0.1829     4562.898     768.3316     1669.501    0.105  16
        14    720.738    493.013 200.7960320 +36.0769218     6.16 0.0006670195 -11.2476 -11.3033   0.0311     33214.05     951.8313     1920.388    0.057   0
        15     83.169    883.405 200.8813065 +36.0331593    81.44  0.008815428 -14.7297 -12.1635   0.0142     73352.04     962.0543     1713.859    0.903  19
        16     79.426    682.025 200.8820753 +36.0548377    92.08  0.009967077 -15.4376 -12.2941   0.0127     82725.93     964.6959     1827.461    0.905  19
        17    597.801    861.920 200.8121231 +36.0368639     6.07 0.0006564719 -10.2835 -10.5313   0.0631     16312.93     947.3286     1754.611    0.110   0
        18    656.651    977.506 200.8040684 +36.0245717     6.44 0.0006965943 -10.6059 -10.7007   0.0540     19067.01      948.241     1591.956    0.030   0
