#   1 NUMBER                 Running object number                                     
#   2 X_IMAGE                Object position along x                                    [pixel]
#   3 Y_IMAGE                Object position along y                                    [pixel]
#   4 ALPHA_J2000            Right ascension of barycenter (J2000)                      [deg]
#   5 DELTA_J2000            Declination of barycenter (J2000)                          [deg]
#   6 FWHM_IMAGE             FWHM assuming a gaussian core                              [pixel]
#   7 FWHM_WORLD             FWHM assuming a gaussian core                              [deg]
#   8 MAG_BEST               Best of MAG_AUTO and MAG_ISOCOR                            [mag]
#   9 MAG_APER               Fixed aperture magnitude vector                            [mag]
#  10 MAGERR_APER            RMS error vector for fixed aperture mag.                   [mag]
#  11 FLUX_APER              Flux vector within fixed circular aperture(s)              [count]
#  12 FLUXERR_APER           RMS error vector for aperture flux(es)                     [count]
#  13 BACKGROUND             Background at centroid position                            [count]
#  14 ELLIPTICITY            1 - B_IMAGE/A_IMAGE                                       
#  15 FLAGS                  Extraction flags                                          
         1    832.894    176.810 327.8179594 +28.9479909   198.43   0.02142525 -16.0899 -12.5854   0.0083     108183.5     824.9496      1389.68    0.901  18
         2    858.039     38.089 327.8151891 +28.9630005     8.10 0.0008748194 -11.9799 -12.2231   0.0114     77491.27     815.5302     1116.697    0.186   3
         3    429.190     89.116 327.8680698 +28.9564246     7.93 0.0008561511 -13.0863 -13.1182   0.0052     176715.5     845.3793     1467.339    0.299   0
         4    447.915    102.496 327.8657222 +28.9550304     7.85 0.0008474936 -12.9638 -13.0123   0.0057     160300.6     840.7007     1483.829    0.297   0
         5     48.308     92.784 327.9151356 +28.9550547     7.24 0.0007817521 -11.4470 -11.5195   0.0216     40530.58     804.2744     1148.062    0.266   0
         6    201.463    131.080 327.8961103 +28.9513223     8.31 0.0008973993 -13.4446 -13.4810   0.0038     246831.3     866.0707      1395.09    0.296   0
         7    751.046    101.217 327.8282596 +28.9559316     7.16 0.0007730074  -9.2205  99.0000  99.0000    -590.7628     791.4189     1538.597    0.236   0
         8    474.343    133.197 327.8623796 +28.9517894     5.69 0.0006144817  -9.2952  -9.7912   0.1045     8250.529     793.9092     1516.361    0.402   0
         9    710.682    205.489 327.8329930 +28.9445955     6.68  0.000720856 -11.8032 -11.8684   0.0157     55891.82     808.8818     1612.937    0.239   0
        10    176.365    199.611 327.8990394 +28.9438741     8.03 0.0008666385 -10.3903 -10.4191   0.0588     14711.23     795.9188     1430.393    0.383   0
        11    589.160    219.059 327.8479775 +28.9428281     6.73 0.0007267266 -11.8486 -11.9133   0.0151     58254.02     809.7429     1590.433    0.244   0
        12    440.668    239.006 327.8662786 +28.9403036     6.74 0.0007278522 -12.2059 -12.2550   0.0111      79802.3     816.2166      1563.52    0.253   0
        13    302.571    241.394 327.8833382 +28.9396949     6.73 0.0007266174  -9.4404  -9.1620   0.1863     4621.616     792.6763     1520.174    0.335   0
        14    606.481    302.489 327.8456315 +28.9338823     6.19  0.000668739 -12.4003 -12.4453   0.0094     95088.77     820.9501      1627.77    0.241   0
        15    261.023    293.997 327.8883406 +28.9339210     0.00            0  -8.8640  -9.8024   0.1034     8335.915     793.8469     1542.817    0.003   0
        16    754.744    306.484 327.8273007 +28.9338239     5.80 0.0006263915  -9.7725  -6.5947   1.9793     434.3871     791.7128     1648.301    0.237   0
        17    571.311    335.816 327.8498952 +28.9302028     6.03 0.0006515568 -11.9709 -11.9770   0.0143     61774.61     810.8291     1642.367    0.230   0
        18    503.133    347.117 327.8582916 +28.9288130     6.15 0.0006641889 -11.1362 -11.2043   0.0287     30318.85     801.1381     1636.567    0.262   0
        19    147.905    358.432 327.9021560 +28.9266886     6.66 0.0007193388 -10.0613 -10.7442   0.0437     19846.61      797.708     1528.013    0.213   0
        20    497.533    370.809 327.8589249 +28.9262461     5.87 0.0006338442 -10.4190 -10.2547   0.0683     12644.27     795.4922     1648.797    0.253   0
        21    332.208    372.977 327.8793471 +28.9255929     7.79 0.0008411417 -10.0838 -10.4247   0.0584     14787.33     795.7869     1621.776    0.408   0
        22    554.338    389.055 327.8518610 +28.9244237     7.26 0.0007842343  -9.3407  -9.8194   0.1018     8467.828     794.1116     1667.337    0.346   0
        23    270.354    430.018 327.8868467 +28.9192891     6.08 0.0006563867 -12.5287 -12.6204   0.0080     111730.3     825.9595     1623.564    0.225   0
        24    864.133    425.533 327.8134941 +28.9212694     5.46 0.0005899028 -10.3831  99.0000  99.0000    -2593.295      791.598     1459.486    0.223   0
        25    452.389    854.454 327.8633030 +28.8740205     4.70 0.0005074551 -12.0915 -11.8596   0.0158     55441.91     808.7866     1634.513    0.130   0
        26    888.232    888.211 327.8093944 +28.8714765    56.36  0.006084864 -14.0676 -12.7718   0.0070     128449.5     830.8126     551.5542    0.149  16
        27    587.225    910.660 327.8465124 +28.8683049     3.97 0.0004285177 -11.0315  99.0000  99.0000    -158746.8     791.5309     1120.975    0.153   0
        28     57.678    825.216 327.9121226 +28.8761622     5.52 0.0005955697 -10.6905 -11.0645   0.0326     26656.01     799.8835     1479.582    0.204   0
        29     42.732    801.098 327.9140295 +28.8787223     5.34 0.0005768389  -9.4153 -10.1759   0.0734     11758.63     795.2584     1503.416    0.497   0
        30    675.629    801.079 327.8358638 +28.8803342     4.89 0.0005284984 -10.6660 -10.3604   0.0620     13936.42     795.8759     1706.459    0.135   0
        31    849.717    592.280 327.8148700 +28.9032668     6.53 0.0007054592 -10.2961 -10.1907   0.0725     11920.45     795.3093     1596.047    0.321   0
        32    364.095    570.352 327.8749150 +28.9044075     5.32 0.0005748182  -9.1101  -9.6369   0.1204     7157.658     793.7883     1671.155    0.307   0
        33    304.484    567.840 327.8822854 +28.9045264     6.04 0.0006523395 -10.4223 -10.6333   0.0483     17919.21     797.1705     1664.311    0.268   0
        34    801.518    541.139 327.8209488 +28.9086570     5.33  0.000575804 -14.8537 -14.8903   0.0012     903925.6     1038.603     1684.646    0.152   0
        35    861.774    516.736 327.8135640 +28.9114366     5.19 0.0005599762 -11.5350 -10.6630   0.0470     18415.96     797.3262      1548.32    0.173   0
        36    867.028    489.712 327.8129806 +28.9143614     4.76 0.0005136492  -8.5542  99.0000  99.0000     -38249.8     791.4861     1507.022    0.365   0
        37    508.245    485.987 327.8573163 +28.9138632     5.65  0.000610311 -11.1573 -11.2960   0.0264     32990.11     801.7281     1677.978    0.223   0
        38    227.276    456.360 327.8921031 +28.9163407     5.97 0.0006443819 -11.1688 -11.2508   0.0275     31644.66     801.4191     1617.181    0.234   0
        39     63.730    891.431 327.9112077 +28.8690433     4.22 0.0004560308 -10.4988  99.0000  99.0000    -64528.43     791.5085     1259.458    0.162   0
        40    240.098    886.425 327.8894402 +28.8700354     4.62 0.0004986504 -12.6518 -11.8833   0.0155     56666.49     809.2307     1364.995    0.135   0
        41    751.818    501.008 327.8271869 +28.9128570     5.49 0.0005930421 -12.1644 -12.2293   0.0114     77935.38     815.3838     1687.884    0.191   0
        42    575.294    823.080 327.8482016 +28.8777114     4.79  0.000516934 -12.7154 -12.6877   0.0076     118873.5     828.1829     1665.444    0.136   0
        43    840.847    830.114 327.8153876 +28.8776185    76.23  0.008230731 -14.1210 -13.1737   0.0050     185981.1     848.2821     1274.262    0.467  16
        44    167.094    845.290 327.8985592 +28.8742806     6.24 0.0006739033 -11.3677 -11.4172   0.0236     36887.82     803.1413     1527.968    0.226   0
        45    407.295    815.990 327.8689675 +28.8780505     5.82 0.0006283696  -9.1913  99.0000  99.0000    -5218.401     791.4861     1666.432    0.233   0
        46    804.246    799.517 327.8199825 +28.8808241    19.14  0.002066362 -12.8880 -11.8081   0.0166     52871.33     808.1013     1613.488    0.042   2
        47    904.941    609.660 327.8080058 +28.9015314     3.40 0.0003675108  -8.3123  99.0000  99.0000    -109676.3     791.3741     1211.804    0.241   0
        48    798.304    763.379 327.8208044 +28.8847031     9.28  0.001002511 -11.3069 -11.3094   0.0261     33401.93     802.0334     1669.858    0.315   0
        49    108.943    691.547 327.9061289 +28.8906965     5.49  0.000593288 -10.8927 -11.0817   0.0321      27081.6     799.8836     1575.705    0.214   0
        50    800.444    688.027 327.8207236 +28.8928274     5.08 0.0005483815 -13.4054 -13.4509   0.0039     240072.1     863.9533     1692.968    0.138   0
        51    536.033    710.125 327.8533294 +28.8897831     4.95 0.0005347822 -13.1709 -13.2321   0.0047     196263.1     851.2029     1697.617    0.128   0
        52    308.961    493.505 327.8819181 +28.9125471     5.61 0.0006055018 -13.5154 -13.5445   0.0036     261697.3     870.1681     1655.854    0.191   0
        53    603.753    647.557 327.8451189 +28.8966952     5.25 0.0005672377  -9.7061  -9.9270   0.0923     9349.444     794.5007     1695.536    0.245   0
        54    251.853    662.004 327.8885510 +28.8942461     6.77  0.000730854  -9.9061 -10.3957   0.0600     14396.61     795.8868     1660.281    0.081   0
        55    655.319    648.042 327.8387479 +28.8967726     5.42 0.0005854424 -10.4782 -10.6548   0.0474     18278.37     797.2831     1697.432    0.186   0
        56    814.609    568.047 327.8192660 +28.9057904     5.17 0.0005580873 -11.3191 -11.3600   0.0249      34995.7     802.3975     1659.931    0.170   0
        57    747.328    609.738 327.8274759 +28.9011303     5.22 0.0005632715 -11.7474 -11.6867   0.0185     47278.48     806.3252     1691.649    0.165   0
        58    699.855    558.394 327.8334661 +28.9065437     5.32 0.0005747899 -11.6483 -11.5424   0.0211     41395.29     804.3228     1690.613    0.198   0
        59    671.039    586.431 327.8369572 +28.9034505     5.90 0.0006365411 -11.0286 -11.0487   0.0331     26270.59     799.7852     1689.372    0.224   0
        60    305.383    552.030 327.8822137 +28.9062321     5.48 0.0005913407 -12.3461 -12.4201   0.0096     92902.89     820.0681     1662.765    0.182   0
        61    310.946    530.349 327.8815807 +28.9085824     5.43 0.0005864683 -10.3949 -10.3049   0.0652     13242.49     795.6133      1660.87    0.254   0
