#   1 NUMBER                 Running object number                                     
#   2 X_IMAGE                Object position along x                                    [pixel]
#   3 Y_IMAGE                Object position along y                                    [pixel]
#   4 ALPHA_J2000            Right ascension of barycenter (J2000)                      [deg]
#   5 DELTA_J2000            Declination of barycenter (J2000)                          [deg]
#   6 FWHM_IMAGE             FWHM assuming a gaussian core                              [pixel]
#   7 FWHM_WORLD             FWHM assuming a gaussian core                              [deg]
#   8 MAG_BEST               Best of MAG_AUTO and MAG_ISOCOR                            [mag]
#   9 MAG_APER               Fixed aperture magnitude vector                            [mag]
#  10 MAGERR_APER            RMS error vector for fixed aperture mag.                   [mag]
#  11 FLUX_APER              Flux vector within fixed circular aperture(s)              [count]
#  12 FLUXERR_APER           RMS error vector for aperture flux(es)                     [count]
#  13 BACKGROUND             Background at centroid position                            [count]
#  14 ELLIPTICITY            1 - B_IMAGE/A_IMAGE                                       
#  15 FLAGS                  Extraction flags                                          
         1    834.100    199.135 238.0210645 +33.0299166   216.64   0.02327182 -16.6426 -13.0535   0.0073     166490.5     1119.723     1925.421    0.904  24
         2    457.550    127.973 238.0696343 +33.0365414     4.99 0.0005360293 -14.0793 -14.1297   0.0029     448609.4     1180.977       2112.8    0.130   0
         3    434.793    202.132 238.0724262 +33.0285490     5.38 0.0005784128 -10.1933 -10.3025   0.0892      13212.5      1084.87     2179.305    0.206   0
         4     99.025    216.502 238.1155913 +33.0261155    -0.88 -9.450759e-05  -8.2736  -9.9897   0.1189     9905.893      1084.23     1961.053    0.316   0
         5    118.985    229.005 238.1130002 +33.0248319     0.00            0  -8.3883  -9.4448   0.1961      5996.59     1082.747     1994.519    0.003   0
         6     59.568    256.838 238.1205905 +33.0216948     7.44 0.0007989248 -10.7785 -11.0079   0.0467     25301.46     1087.744     1962.083    0.378   0
         7    174.680    276.798 238.1057466 +33.0198695     4.86 0.0005223344 -11.6495 -11.6901   0.0250     47427.91     1092.635     2110.004    0.164   0
         8    298.478    292.013 238.0897949 +33.0185731     5.11 0.0005490559  -9.4380  -9.5914   0.1714     6863.483     1083.375     2208.353    0.263   0
         9    261.020    294.005 238.0946091 +33.0182602     4.22 0.0004534897  -8.8749  -9.9685   0.1211     9714.145     1083.575     2190.075    0.008   0
        10    490.365    367.006 238.0649769 +33.0110609     4.38 0.0004708389 -12.3292 -12.2932   0.0145     82659.83     1100.516     2334.117    0.070   0
        11      2.344    437.750 238.1276076 +33.0021900     4.72 0.0005067411 -10.7299 -10.7880   0.0435     20664.24     828.6525     2037.997    0.399  24
        12    888.516    888.491 238.0128511 +32.9563229    55.12  0.005921675 -14.9661 -13.2930   0.0059     207584.5     1128.832     560.1163    0.145  17
        13    719.025    890.682 238.0346327 +32.9556481     3.60  0.000387138  -9.4570  99.0000  99.0000    -81272.12     1081.821     1567.536    0.189   0
        14    839.434    829.140 238.0192648 +32.9625440    78.16  0.008396133 -14.2543 -13.6868   0.0042     298332.8      1148.84     1765.302    0.282  16
        15    100.273    787.041 238.1143568 +32.9650940     5.36 0.0005757824 -12.4177 -12.2240   0.0154      77554.8     1099.688     2142.204    0.091   0
        16     47.498    853.261 238.1210156 +32.9578690     6.06 0.0006507012 -10.7250 -11.4419   0.0314     37736.48     1090.628      2003.04    0.027   0
        17    665.442    789.846 238.0417008 +32.9662937     5.64 0.0006063692  -9.8545 -10.4028   0.0813     14491.39     1085.317      2413.06    0.414   0
        18    714.283    780.577 238.0354389 +32.9674128     4.33 0.0004646505 -10.2848 -10.3508   0.0853     13813.53     1085.039     2413.911    0.065   0
        19    706.678    790.861 238.0363982 +32.9662930     4.31 0.0004625187 -11.0215 -11.0160   0.0463     25491.24     1087.787     2413.671    0.027   0
        20    721.912    654.073 238.0346840 +32.9809637     4.28 0.0004594045 -11.2536 -11.2829   0.0363     32595.52      1089.54     2406.719    0.063   0
        21    712.152    688.911 238.0358765 +32.9772120     4.35 0.0004672704 -10.6902 -10.9125   0.0510     23173.13     1087.315     2414.946    0.064   0
