#   1 NUMBER                 Running object number                                     
#   2 X_IMAGE                Object position along x                                    [pixel]
#   3 Y_IMAGE                Object position along y                                    [pixel]
#   4 ALPHA_J2000            Right ascension of barycenter (J2000)                      [deg]
#   5 DELTA_J2000            Declination of barycenter (J2000)                          [deg]
#   6 FWHM_IMAGE             FWHM assuming a gaussian core                              [pixel]
#   7 FWHM_WORLD             FWHM assuming a gaussian core                              [deg]
#   8 MAG_BEST               Best of MAG_AUTO and MAG_ISOCOR                            [mag]
#   9 MAG_APER               Fixed aperture magnitude vector                            [mag]
#  10 MAGERR_APER            RMS error vector for fixed aperture mag.                   [mag]
#  11 FLUX_APER              Flux vector within fixed circular aperture(s)              [count]
#  12 FLUXERR_APER           RMS error vector for aperture flux(es)                     [count]
#  13 BACKGROUND             Background at centroid position                            [count]
#  14 ELLIPTICITY            1 - B_IMAGE/A_IMAGE                                       
#  15 FLAGS                  Extraction flags                                          
         1      9.754     81.269 200.8922786 +36.1190800    59.75  0.006471894 -13.0871 -12.2117   0.0081     76682.51     572.2308     447.8985    0.612  24
         2    192.172     30.072 200.8678871 +36.1250640    28.64  0.003102312 -11.9152 -11.3715   0.0182     35368.12     592.8767     675.4385    0.137   1
         3    136.363     10.784 200.8754296 +36.1270109    84.43  0.009145249 -14.2900 -13.0330   0.0041     163386.3     617.9405     361.9407    0.743  24
         4    142.376     87.891 200.8744459 +36.1186929    33.53  0.003632003 -12.7057 -11.4401   0.0171     37675.44     593.8489     1015.341    0.668   0
         5    290.432     28.919 200.8546874 +36.1254296     4.00 0.0004328886 -10.0012  99.0000  99.0000    -36305.83     577.8032     843.5681    0.199   0
         6    377.818     84.718 200.8428213 +36.1196126     4.57 0.0004947054 -11.3456 -11.3252   0.0190     33891.73     592.2858     1113.353    0.045   0
         7    539.385     92.453 200.8210973 +36.1191676     6.61 0.0007160824  -9.8251  -9.9001   0.0693     9120.558      581.736     1131.682    0.080   0
         8     65.574    107.300 200.8847196 +36.1164054    11.35   0.00122932  -9.6787  99.0000  99.0000    -6257.616     577.8032     773.4065    0.563   2
         9    513.330    118.333 200.8245406 +36.1163080     5.05  0.000547382  -8.7647  -9.0448   0.1517     4148.733     579.6281     1168.283    0.474   0
        10    903.687    139.929 200.7720509 +36.1149041     2.32 0.0002516015  -8.4255  -9.8709   0.0711      8879.19      581.681     1097.471    0.224   0
        11    696.813    147.160 200.7998275 +36.1136326     1.10 0.0001190164  -7.9066 -10.0128   0.0625     10119.03     582.0352     1155.451    0.221   0
        12    991.008    155.035 200.7602876 +36.1134763     0.00            0  -7.5140  -9.8333   0.0736     8576.617     581.3235     1072.944    0.015   0
        13    729.589    200.428 200.7953088 +36.1079539     8.77  0.000949741 -10.3830 -10.5393   0.0386     16433.77      584.612     1154.391    0.300   0
        14     69.370    239.877 200.8839057 +36.1020874     4.76 0.0005159936  -9.9780 -11.2345   0.0206     31174.96     591.1219     1060.495    0.478   0
        15    309.122    259.850 200.8516570 +36.1005186     4.22 0.0004573304 -12.7490 -12.8022   0.0052     132089.7     632.4074     1198.937    0.044   0
        16     71.589    266.806 200.8835459 +36.0991827     3.46  0.000374775  -9.2405 -11.2618   0.0201      31967.7     591.2495     1075.468    0.773   0
        17     79.208    393.398 200.8822327 +36.0855209     3.45 0.0003732404  -9.2534 -11.1801   0.0216     29651.01     590.3171     1102.605    0.421   0
        18    689.537    423.944 200.8002024 +36.0837030     4.01 0.0004342877 -10.0209 -10.0468   0.0606     10440.93     582.2708     1146.387    0.062   0
        19     77.282    443.850 200.8823759 +36.0800639     8.17 0.0008851074 -11.0059 -11.2435   0.0204     31434.77     591.3276     1088.123    0.800   2
        20   1024.773    440.774 200.7551471 +36.0826752     3.96 0.0004286274 -10.3545 -10.2159   0.0435     12199.98     488.7705     1015.104    0.049  16
        21    330.261    437.588 200.8484189 +36.0813622     5.06   0.00054827  -8.8619  -9.2610   0.1244     5062.966     579.9571      1192.36    0.140   0
        22    719.773    489.276 200.7960002 +36.0767146     3.72 0.0004030711 -11.3388 -11.4214   0.0174     37031.64     593.5937     1119.626    0.022   0
        23     77.068    520.175 200.8822299 +36.0718150     4.06 0.0004396397 -11.9821 -12.0281   0.0102     64747.78     605.2322     1083.859    0.127   0
        24    343.918    901.090 200.8455474 +36.0313051     1.04 0.0001124579  -8.1383  -7.4668   0.6474       969.91     578.1737     1101.436    0.030   0
        25    355.452   1006.764 200.8437634 +36.0199131     3.62 0.0003924429  -8.5918  -8.6662   0.2148     2927.506     579.1011      1060.44    0.031   0
        26     81.367    840.886 200.8809192 +36.0371668     4.64 0.0005021199  -9.8113 -11.1818   0.0216     29696.38     590.4963     1032.147    0.772   0
        27     76.829    827.179 200.8815597 +36.0386369     3.91 0.0004237175  -9.4542 -11.1674   0.0219     29306.97     590.2194     1018.087    0.258   0
        28    185.508    797.716 200.8670403 +36.0420890     4.16 0.0004509148  -8.8606  -9.3751   0.1120     5624.099     580.2152      1147.01    0.014   0
        29     76.501    796.997 200.8816727 +36.0418978     3.77 0.0004078593  -9.4329 -11.1893   0.0214     29904.14     590.4722       1028.2    0.386   0
        30    436.989    778.002 200.8333305 +36.0448332     4.15 0.0004490268  -8.3906  -8.7193   0.2045     3074.254     578.9197      1125.06    0.413   0
        31    674.108    770.361 200.8015199 +36.0462289     4.78 0.0005178759  -8.1385  -8.6168   0.2248     2797.149     578.9633     1051.244    0.257   0
        32     80.191    765.012 200.8812505 +36.0453635     6.89 0.0007462924 -10.6844 -11.2965   0.0195      33007.1     591.6569     1053.334    0.555   0
        33     78.867    689.763 200.8816004 +36.0534923     7.05 0.0007631936 -10.6341 -11.3044   0.0193     33247.51     591.9659     1071.722    0.846   0
        34    646.192    671.620 200.8054825 +36.0568332     3.43 0.0003716533  -8.0553  -8.7037   0.2074     3030.313     578.8355     1094.659    0.414   0
        35     78.826    745.496 200.8814785 +36.0474692     4.58  0.000496065  -9.8870 -11.2492   0.0203     31599.42     591.3014     1055.158    0.406   0
        36    596.828    858.036 200.8117008 +36.0365691     3.66 0.0003969528 -10.3229 -10.4932   0.0403     15749.81     584.5457      1046.94    0.076   0
        37    636.376    878.212 200.8063490 +36.0344833     3.74 0.0004051545  -9.2871  -9.5497   0.0954     6605.165     580.3937     1024.323    0.152   0
        38    352.887    905.893 200.8443330 +36.0308079     4.11 0.0004454223  -7.7476  99.0000  99.0000    -378.8134     577.8195     1099.123    0.142   0
        39     85.096    570.431 200.8810371 +36.0664038     7.02 0.0007599798 -10.3662 -10.9526   0.0266     24045.85     588.0831     1122.049    0.259   0
        40    655.748    973.867 200.8035406 +36.0241921     4.00 0.0004331011 -10.6508 -10.8218   0.0299     21316.17     586.8571     979.5458    0.094   0
        41     83.075    902.566 200.8805491 +36.0305054     5.15 0.0005583193 -10.1359 -11.2489   0.0203     31591.15     591.2979     1015.765    0.318   0
        42     83.594    876.794 200.8805383 +36.0332918     3.45 0.0003742221  -9.3010 -11.1618   0.0220      29156.6     590.1077     1032.228    0.417   0
