#   1 NUMBER                 Running object number                                     
#   2 X_IMAGE                Object position along x                                    [pixel]
#   3 Y_IMAGE                Object position along y                                    [pixel]
#   4 ALPHA_J2000            Right ascension of barycenter (J2000)                      [deg]
#   5 DELTA_J2000            Declination of barycenter (J2000)                          [deg]
#   6 FWHM_IMAGE             FWHM assuming a gaussian core                              [pixel]
#   7 FWHM_WORLD             FWHM assuming a gaussian core                              [deg]
#   8 MAG_BEST               Best of MAG_AUTO and MAG_ISOCOR                            [mag]
#   9 MAG_APER               Fixed aperture magnitude vector                            [mag]
#  10 MAGERR_APER            RMS error vector for fixed aperture mag.                   [mag]
#  11 FLUX_APER              Flux vector within fixed circular aperture(s)              [count]
#  12 FLUXERR_APER           RMS error vector for aperture flux(es)                     [count]
#  13 BACKGROUND             Background at centroid position                            [count]
#  14 ELLIPTICITY            1 - B_IMAGE/A_IMAGE                                       
#  15 FLAGS                  Extraction flags                                          
         1    831.269    133.954 200.9198120 +36.2223648   176.52   0.01899141 -15.9992 -12.5367   0.0083     103439.3     788.7986     1300.801    0.872  18
         2    515.092     52.626 200.9621958 +36.2302174     6.97 0.0007497109  -9.6739  -9.3227   0.1534     5359.158      757.118     1398.053    0.336   0
         3    467.573     93.428 200.9684569 +36.2257002     5.99 0.0006444096 -10.3379 -10.3319   0.0608     13575.53     759.7838     1421.807    0.290   0
         4    534.195    149.015 200.9594469 +36.2199168     6.71 0.0007216122  -9.6862  -9.8949   0.0907     9077.133     758.0254     1475.096    0.256   0
         5    603.114    168.880 200.9502045 +36.2179767     9.49  0.001020729 -10.8206 -10.8480   0.0379     21837.65     762.6033      1501.35    0.392   0
         6    261.006    293.995 200.9956171 +36.2035679     0.00            0  -8.7713  -9.5512   0.1244     6614.219     757.3619     1489.125    0.003   0
         7    184.464    334.143 201.0057496 +36.1990360     5.41 0.0005821542 -10.1579 -10.3187   0.0615     13411.36     759.7723     1482.744    0.196   0
         8    437.802    394.494 200.9718089 +36.1932748     6.33 0.0006815208 -10.0984 -10.3973   0.0572     14418.16     759.9973      1575.13    0.086   0
         9    841.323    830.536 200.9170798 +36.1475636    77.51  0.008339715 -14.0344 -13.0592   0.0052     167367.3     808.9258     1208.622    0.480  16
        10    888.357    888.146 200.9106913 +36.1415050    57.31  0.006165632 -13.9912 -12.6774   0.0073     117745.1     793.4418     556.3247    0.152  16
        11    155.126    794.097 201.0086905 +36.1495429     3.49 0.0003757729  -9.3680 -10.8808   0.0368      22506.9     762.8439     1497.814    0.197   0
        12     93.953    728.639 201.0169901 +36.1563986     5.25 0.0005649477  -8.6380  -7.5638   0.7740     1060.536     755.8041     1497.083    0.273   0
        13    858.913    705.208 200.9149828 +36.1610754     4.54 0.0004887581  -9.1739  -9.0939   0.1893     4340.846     756.7817     1522.284    0.382   0
        14    880.498    452.683 200.9126048 +36.1882623     4.71 0.0005063888 -11.8393  -9.6665   0.1119     7355.441     757.9048     1280.972    0.172   0
        15    302.802    478.993 200.9896505 +36.1838144     4.69 0.0005042476 -10.3223 -10.3138   0.0618      13350.6     759.6248     1578.946    0.199   0
        16    795.674    801.383 200.9232275 +36.1505687    15.32   0.00164803 -11.9615 -11.6958   0.0176     47678.09     771.0698      1534.65    0.627   2
        17    181.389    768.141 201.0052421 +36.1524064     2.10 0.0002254644  -8.2519  -9.5397   0.1257     6544.428     757.5306     1530.328    0.219   0
        18    860.136    634.661 200.9149601 +36.1686572     4.56 0.0004901735 -12.3237 -12.3327   0.0099      85718.1     783.2444     1504.294    0.097   0
        19    164.613    546.966 201.0079484 +36.1761173     4.73 0.0005091661 -10.4792 -10.6686   0.0447     18511.97     761.2791     1544.093    0.116   0
        20    426.677    547.328 200.9729773 +36.1768256     4.50 0.0004846336 -12.0616 -12.1218   0.0120     70585.93     778.4617     1595.138    0.099   0
        21    439.531    506.851 200.9713457 +36.1812100     4.62 0.0004969686 -12.1578 -12.1698   0.0115     73778.81     779.3414     1595.318    0.103   0
