#   1 NUMBER                 Running object number                                     
#   2 X_IMAGE                Object position along x                                    [pixel]
#   3 Y_IMAGE                Object position along y                                    [pixel]
#   4 ALPHA_J2000            Right ascension of barycenter (J2000)                      [deg]
#   5 DELTA_J2000            Declination of barycenter (J2000)                          [deg]
#   6 FWHM_IMAGE             FWHM assuming a gaussian core                              [pixel]
#   7 FWHM_WORLD             FWHM assuming a gaussian core                              [deg]
#   8 MAG_BEST               Best of MAG_AUTO and MAG_ISOCOR                            [mag]
#   9 MAG_APER               Fixed aperture magnitude vector                            [mag]
#  10 MAGERR_APER            RMS error vector for fixed aperture mag.                   [mag]
#  11 FLUX_APER              Flux vector within fixed circular aperture(s)              [count]
#  12 FLUXERR_APER           RMS error vector for aperture flux(es)                     [count]
#  13 BACKGROUND             Background at centroid position                            [count]
#  14 ELLIPTICITY            1 - B_IMAGE/A_IMAGE                                       
#  15 FLAGS                  Extraction flags                                          
         1      9.748     81.885 200.8920634 +36.1190287    59.48  0.006426002 -13.0859 -12.2069   0.0081     76343.23     570.8028     449.9341    0.613  24
         2    192.389     29.912 200.8676616 +36.1251226    28.14   0.00304002 -11.9007 -11.3929   0.0178     36072.15     591.6749     676.8358    0.193   1
         3    136.712     10.760 200.8751711 +36.1270322    84.10  0.009085161 -14.2854 -13.0230   0.0041     161889.8     615.9031     365.4472    0.743  24
         4    289.464     31.561 200.8546323 +36.1252087     3.99 0.0004306264 -10.1001  99.0000  99.0000    -25893.73     576.2482     857.7165    0.203   0
         5    142.910     85.146 200.8741900 +36.1190426    24.33  0.002628543 -12.1436 -11.3378   0.0187     34285.92     590.9197     996.2175    0.528   2
         6    376.778     87.176 200.8428065 +36.1194584     4.37 0.0004716341 -11.4122 -11.4482   0.0169      37957.7     592.3442     1124.086    0.069   0
         7    220.970     82.019 200.8637225 +36.1195918     0.00            0  -7.0567  99.0000  99.0000    -5103.525     576.1014     1102.094    0.002   0
         8    538.638     94.671 200.8210742 +36.1190859     8.20 0.0008856874 -10.1033 -10.1713   0.0539     11708.78     581.2734     1148.642    0.159   0
         9     64.097    109.035 200.8847162 +36.1162556    13.81  0.001492265  -9.9749  99.0000  99.0000    -9647.436     576.1993     777.5159    0.500   0
        10    512.496    121.491 200.8245297 +36.1161293     3.75 0.0004052818  -8.6211  -8.0621   0.3734      1678.16     577.0734     1170.951    0.587   0
        11    729.515    202.889 200.7952570 +36.1079449     8.85 0.0009561972 -10.2237 -10.4348   0.0424     14924.99     582.6873     1156.374    0.224   0
        12    308.068    262.297 200.8516792 +36.1004237     4.13 0.0004462515 -12.7599 -12.8176   0.0051     133978.2     631.7495     1198.785    0.039   0
        13     74.282    255.289 200.8830540 +36.1005415     4.63 0.0005002829  -9.8530 -11.3390   0.0187     34322.78     590.9035     1086.198    0.494   0
        14     73.355    343.145 200.8830007 +36.0910827     3.97 0.0004289018  -9.4458 -11.1825   0.0215     29717.89     589.0478     1077.612    0.619   0
        15     77.198    387.808 200.8823951 +36.0862860     3.45 0.0003728467  -9.3430 -11.2011   0.0212     30229.85     589.0577     1094.155    0.654   0
        16     76.155    396.841 200.8825167 +36.0853108     3.92 0.0004236406  -9.5366 -11.2034   0.0211     30294.53     589.3084     1088.378    0.259   0
        17     76.015    522.627 200.8822815 +36.0717715     4.00 0.0004321356 -11.9369 -12.0357   0.0101     65205.36     603.6724     1078.852    0.113   0
        18    688.589    426.351 200.8003212 +36.0837841     3.72 0.0004021893  -9.9827 -10.0219   0.0618     10204.19     580.6745     1147.491    0.043   0
        19    329.534    439.956 200.8484491 +36.0813594     4.75 0.0005135162  -8.8982  -9.2245   0.1283     4895.439     578.3194     1192.078    0.158   0
        20   1023.849    443.141 200.7553257 +36.0828562     4.03 0.0004353772 -10.3672 -10.3245   0.0403     13483.41      500.419     1015.826    0.115  16
        21    718.714    491.734 200.7961566 +36.0768262     3.77  0.000406845 -11.3497 -11.4292   0.0172     37296.34     592.2713     1120.005    0.025   0
        22    673.234    773.411 200.8017178 +36.0463873     3.03 0.0003277285  -8.1032  -8.4331   0.2654     2361.836     577.1091     1051.162    0.396   0
        23    354.460   1009.370 200.8439860 +36.0201377     4.16 0.0004490994  -8.6887  -8.8221   0.1857     3379.266     577.8099     1059.849    0.116   0
        24    211.154    980.165 200.8632480 +36.0228932     3.90 0.0004208255  -8.0956  -8.2632   0.3103     2019.738       577.14     1069.976    0.251   0
        25    654.737    976.487 200.8038092 +36.0244801     3.81 0.0004115368 -10.6597 -10.7863   0.0308     20631.47     585.2108      980.551    0.062   0
        26     80.999    768.833 200.8811162 +36.0452849     3.87 0.0004185188  -9.5312 -11.2670   0.0199     32122.11     589.7966     1058.356    0.499   0
        27     81.806    650.139 200.8812475 +36.0580626     6.00 0.0006485524 -10.4131 -11.2129   0.0209     30560.52     589.3096     1096.667    0.520   0
        28     80.457    669.448 200.8813894 +36.0559806     7.46 0.0008060781 -10.9197 -11.2824   0.0197     32581.43     590.2141     1082.581    0.500   0
        29    644.995    673.697 200.8056941 +36.0570453     4.08 0.0004409559  -8.3307  -8.3256   0.2930     2139.133     577.0778     1096.157    0.082   0
        30     78.995    730.748 200.8814617 +36.0493786     4.31 0.0004658895  -9.6554 -11.2412   0.0204     31368.41     589.6204     1061.344    0.629   0
        31     86.412    937.780 200.8800501 +36.0271151     3.44 0.0003713652  -9.1958 -11.1619   0.0219     29157.58     588.5386     1014.723    0.402   0
        32     81.407    807.688 200.8809832 +36.0411038     5.94 0.0006419597 -10.4030 -11.2643   0.0200     32042.91      589.986     1044.595    0.590   0
        33     84.581    901.570 200.8803685 +36.0310076     4.51  0.000487013  -9.8903 -11.2560   0.0201     31797.81     589.7387     1025.472    0.580   0
        34    635.351    880.898 200.8065902 +36.0347174     3.71 0.0004007246  -9.1853  -9.3757   0.1117     5626.854     578.6842      1025.85    0.087   0
        35     84.664    573.094 200.8810198 +36.0663632     5.76 0.0006222126 -10.0190 -10.9268   0.0271     23481.33     586.3789     1122.867    0.189   0
        36    595.774    860.600 200.8119339 +36.0367971     3.57 0.0003854323 -10.3657 -10.4913   0.0403     15722.23     582.8036     1048.134    0.052   0
        37    184.451    800.126 200.8671861 +36.0421991     3.66 0.0003955316  -8.8234  -9.3929   0.1099     5716.686     578.6905      1146.74    0.106   0
        38     85.805    780.607 200.8804483 +36.0440308     3.44 0.0003716061  -9.1981 -11.1798   0.0216     29643.75     588.8089     1078.255    0.430   0
