#   1 NUMBER                 Running object number                                     
#   2 X_IMAGE                Object position along x                                    [pixel]
#   3 Y_IMAGE                Object position along y                                    [pixel]
#   4 ALPHA_J2000            Right ascension of barycenter (J2000)                      [deg]
#   5 DELTA_J2000            Declination of barycenter (J2000)                          [deg]
#   6 FWHM_IMAGE             FWHM assuming a gaussian core                              [pixel]
#   7 FWHM_WORLD             FWHM assuming a gaussian core                              [deg]
#   8 MAG_BEST               Best of MAG_AUTO and MAG_ISOCOR                            [mag]
#   9 MAG_APER               Fixed aperture magnitude vector                            [mag]
#  10 MAGERR_APER            RMS error vector for fixed aperture mag.                   [mag]
#  11 FLUX_APER              Flux vector within fixed circular aperture(s)              [count]
#  12 FLUXERR_APER           RMS error vector for aperture flux(es)                     [count]
#  13 BACKGROUND             Background at centroid position                            [count]
#  14 ELLIPTICITY            1 - B_IMAGE/A_IMAGE                                       
#  15 FLAGS                  Extraction flags                                          
         1    840.500     79.560 200.9172216 +36.1184835   133.70   0.01443212 -14.4953 -12.3659   0.0061     88377.88     499.6523     735.5516    0.614  16
         2    820.904      9.439 200.9199889 +36.1259630    78.21  0.008442362 -13.4932 -12.2644   0.0063     80495.29     464.8585     439.9619    0.777  24
         3    678.516    201.717 200.9387092 +36.1048841     6.27 0.0006767728 -15.4993 -15.5287   0.0007      1627277     1009.506     914.3528    0.112   4
         4    765.740    199.304 200.9270142 +36.1053973     4.68 0.0005051513 -15.0231 -15.0578   0.0009      1054712     856.0895     915.3818    0.083   0
         5    118.585    210.389 201.0137957 +36.1022947     4.07 0.0004398237 -13.2454 -13.2960   0.0029     208165.4     556.2747     860.3804    0.038   0
         6    541.844    208.340 200.9570282 +36.1037720     5.22 0.0005639974  -8.5656  -9.1042   0.1129     4382.259     455.7296      908.506    0.161   0
         7    330.858    272.219 200.9851965 +36.0962834     4.33 0.0004677094  -8.6151  -8.7977   0.1496     3304.254     455.1634     894.1732    0.146   0
         8    619.851    332.803 200.9463152 +36.0906242     4.29 0.0004628623 -10.8774 -10.9888   0.0204     24861.36     466.7415     907.3153    0.081   0
         9    396.591    326.808 200.9762687 +36.0906114     3.44 0.0003714885  -8.1640  -9.2240   0.1012     4893.127     455.7929     897.9482    0.410   0
        10    259.073    379.186 200.9946023 +36.0845738     8.37  0.000903757  -9.2575  -9.3779   0.0879     5638.289     456.4563     883.4534    0.304   0
        11    195.597    441.794 201.0029838 +36.0776556     7.93  0.000856203  -9.0756  -9.1329   0.1100     4499.483     455.7046     867.8828    0.245   0
        12     23.832    490.606 201.0259118 +36.0718939     4.65 0.0005019436  -9.0585  -9.2000   0.1034      4786.08      455.798     824.0323    0.151   0
        13    137.607    531.503 201.0105715 +36.0678407     3.96 0.0004272586 -12.9717 -13.0292   0.0036     162807.9     535.5675      847.163    0.051   0
        14    891.856    900.684 200.9087255 +36.0303818     4.31 0.0004655276 -11.0939 -11.0638   0.0191     26638.81     467.8417     779.7736    0.085   0
        15    536.688    705.670 200.9567145 +36.0503068     5.52 0.0005962108 -10.1615 -10.2762   0.0388     12897.05       460.44     872.8805    0.055   0
        16    107.449    883.885 201.0138754 +36.0298787     4.85 0.0005235642  -8.9944  -9.1935   0.1041     4757.807     455.9993     751.3457    0.144   0
        17    219.689    721.615 200.9991717 +36.0476543     4.05 0.0004368346 -10.2512 -10.2475   0.0398     12559.81     460.2316     831.0214    0.098   0
        18    882.262    813.422 200.9101819 +36.0397326     4.17 0.0004501781  -9.3535 -10.9347   0.0214     23652.46     466.1933     818.2747    0.540   0
        19     44.821    775.071 201.0224972 +36.0413849     4.77 0.0005144826  -8.5727  -8.5215   0.1928     2562.134     454.7556     779.6021    0.229   0
        20    530.247    726.580 200.9575357 +36.0480406     3.75 0.0004050582  -9.6657  -9.8829   0.0554     8977.686      458.269     867.7568    0.136   0
        21    764.842    597.731 200.9263457 +36.0625739     3.92 0.0004232701 -10.3260 -10.4327   0.0336     14895.82     461.4358     898.7064    0.127   0
        22    484.946    672.727 200.9637169 +36.0536951     3.65 0.0003940241 -10.1902 -10.2684   0.0390     12804.16     460.3264     877.0844    0.070   0
        23    703.193    564.221 200.9346772 +36.0659960     3.95 0.0004260147  -8.4969  -9.1292   0.1103     4484.125     455.5941     900.2537    0.231   0
        24    862.611    687.781 200.9130619 +36.0531790     3.46 0.0003730351  -8.3045 -10.0856   0.0461     10820.34     459.0831     877.3504    0.424   0
        25    884.764    957.586 200.9095647 +36.0242458     5.34  0.000576955  -9.9342 -11.0310   0.0196     25846.46     467.3062     780.5176    0.474   0
