#   1 NUMBER                 Running object number                                     
#   2 X_IMAGE                Object position along x                                    [pixel]
#   3 Y_IMAGE                Object position along y                                    [pixel]
#   4 ALPHA_J2000            Right ascension of barycenter (J2000)                      [deg]
#   5 DELTA_J2000            Declination of barycenter (J2000)                          [deg]
#   6 FWHM_IMAGE             FWHM assuming a gaussian core                              [pixel]
#   7 FWHM_WORLD             FWHM assuming a gaussian core                              [deg]
#   8 MAG_BEST               Best of MAG_AUTO and MAG_ISOCOR                            [mag]
#   9 MAG_APER               Fixed aperture magnitude vector                            [mag]
#  10 MAGERR_APER            RMS error vector for fixed aperture mag.                   [mag]
#  11 FLUX_APER              Flux vector within fixed circular aperture(s)              [count]
#  12 FLUXERR_APER           RMS error vector for aperture flux(es)                     [count]
#  13 BACKGROUND             Background at centroid position                            [count]
#  14 ELLIPTICITY            1 - B_IMAGE/A_IMAGE                                       
#  15 FLAGS                  Extraction flags                                          
         1     10.059     81.236 237.9943953 +32.9332545    61.85   0.00663071 -13.3242 -12.4622   0.0073     96578.27     650.8907     422.3091    0.609  24
         2    141.229     88.221 237.9775581 +32.9328631    42.04  0.004506615 -12.9379 -11.6796   0.0155     46970.24       672.04     1140.805    0.722   0
         3    192.283     30.430 237.9710979 +32.9391665    31.74   0.00340255 -12.2502 -11.6903   0.0154     47436.66     672.3216     709.0668    0.176  17
         4    136.323     10.859 237.9783072 +32.9411044    85.72  0.009188981 -14.5326 -13.2859   0.0037     206235.4     699.5316     313.0946    0.746  24
         5    915.612     86.708 237.8782209 +32.9350679     7.00 0.0007502854 -11.8748 -11.7371   0.0148     49524.85     673.1157     1172.368    0.180   0
         6    421.279     89.637 237.9416311 +32.9334600     6.67 0.0007152169 -11.5229 -11.5530   0.0174     41800.67     670.2045     1298.662    0.072   0
         7     64.562    109.167 237.9873601 +32.9304216    18.72  0.002006812  -9.9166  99.0000  99.0000    -7243.963     654.4263     842.3625    0.601   0
         8    987.036    193.003 237.8689077 +32.9239106     6.92 0.0007422151 -14.8032 -14.8116   0.0012     840691.6     921.0608     1230.251    0.119   0
         9    552.329    137.661 237.9247486 +32.9286823     6.61 0.0007086697 -10.8868 -10.7857   0.0349     20619.51     662.3113     1345.438    0.136   0
        10     75.226    243.993 237.9857822 +32.9160644    14.35  0.001538657 -12.3752 -11.6485   0.0160     45645.77     671.3846     1239.074    0.189   2
        11    181.244    254.081 237.9721694 +32.9152733     6.42 0.0006884023 -11.9347 -11.9670   0.0120     61206.13     677.4581      1381.26    0.091   0
        12     76.277    268.312 237.9856096 +32.9134724     8.50 0.0009106806 -11.4446 -11.5345   0.0177     41097.52     670.0869     1245.586    0.360   2
        13    251.236    267.815 237.9631716 +32.9139954     7.26 0.0007784685  -9.5600  -9.8815   0.0797     8965.638     657.7502     1380.115    0.226   0
        14    567.485    408.374 237.9224034 +32.8998370     9.14 0.0009793672 -17.1019 -17.0897   0.0003      6853093     1963.376     1355.056    0.034   4
        15     72.185    285.223 237.9861080 +32.9116570     3.46 0.0003706145  -9.3636 -11.4443   0.0192     37821.49     668.5192     1220.367    0.651   0
        16    885.001    307.509 237.8818315 +32.9114289     4.59 0.0004920326  -9.0434  -9.1647   0.1538     4633.323     656.1016     1253.495    0.592   0
        17    781.671    339.092 237.8950379 +32.9077905     6.46 0.0006921419 -12.1812 -12.2238   0.0096     77537.54      683.476      1291.35    0.112   0
        18     76.257    324.620 237.9855244 +32.9074642     4.75 0.0005097259 -10.0602 -11.3943   0.0201     36117.04     668.1173      1244.14    0.333   0
        19    154.479    372.720 237.9754187 +32.9025426     6.15   0.00065907 -12.8267 -12.8639   0.0055     139815.6     705.9572     1378.406    0.064   0
        20     77.976    357.238 237.9852533 +32.9039885     4.28 0.0004587321  -9.8798 -11.4298   0.0195     37316.53     668.4754     1255.128    0.623   0
        21     78.691    374.052 237.9851353 +32.9021964     8.69 0.0009315563 -11.2260 -11.4349   0.0194     37493.19     668.6502      1259.01    0.474   0
        22    205.180    397.578 237.9688790 +32.9000263     6.26 0.0006712824 -11.9121 -11.9428   0.0123     59855.64     676.7089     1376.553    0.041   0
        23     75.420    392.983 237.9855253 +32.9001676     8.70 0.0009328781 -11.3658 -11.4699   0.0188     38723.97     668.8204     1230.562    0.477   0
        24     76.613    414.109 237.9853395 +32.8979167     7.48 0.0008016888 -11.1375 -11.4795   0.0186     39066.74     669.2202     1240.254    0.569   2
        25     78.803    676.451 237.9846506 +32.8699308    31.92  0.003421826 -13.7173 -11.6484   0.0160      45639.5     671.5087     1217.185    0.697   2
        26     79.338    443.960 237.9849437 +32.8947390     7.53 0.0008070847 -10.9344 -11.4173   0.0197     36890.32     668.3704     1250.921    0.415   0
        27     78.106    450.814 237.9850909 +32.8940044     8.14 0.0008727184 -11.0652 -11.4362   0.0193     37538.45     668.6671     1244.059    0.382   0
        28    371.780    456.135 237.9474270 +32.8942231     7.62 0.0008171329  -9.9597 -10.1259   0.0637     11230.01     658.7391     1365.177    0.048   0
        29    962.059    499.786 237.8716758 +32.8911121     6.66 0.0007142123 -12.6679 -12.6990   0.0063     120113.3     698.8064     1148.835    0.149   0
        30     77.667    549.703 237.9849933 +32.8834517    24.05  0.002577908 -12.9047 -11.5803   0.0170     42865.61     670.6739     1236.724    0.496   0
        31     77.193    479.391 237.9851634 +32.8909527     2.89 0.0003101123  -9.5068 -11.3993   0.0200     36285.84     667.9447     1235.837    0.417   0
        32    230.168    529.547 237.9654724 +32.8860121     5.36 0.0005741158  -9.0073  -9.3952   0.1245     5729.237     656.6851     1365.263    0.333   0
        33     85.880    940.457 237.9833332 +32.8417804     4.83 0.0005181098 -10.2022 -11.3892   0.0202     35948.97      668.127      1141.09    0.489   0
        34     86.636    991.106 237.9831576 +32.8363782     9.92  0.001063715 -11.0404 -11.0129   0.0284     25418.41     664.0472     1131.911    0.240   0
        35     82.434    820.177 237.9839616 +32.8546050    11.92  0.001277698 -10.3918 -11.5038   0.0182     39948.51     669.4409     1177.912    0.809   3
        36     80.136    767.710 237.9843377 +32.8601970     8.76 0.0009385978 -11.2811 -11.5455   0.0175     41516.07     670.1888     1189.553    0.570   0
        37     85.399    840.075 237.9835507 +32.8524899     6.41 0.0006869644 -10.7582 -11.4158   0.0197     36839.59     668.3333     1186.222    0.636   0
        38    312.577    578.847 237.9548317 +32.8809720     8.23 0.0008825799  -9.5412  -9.4856   0.1146     6226.585     656.7822     1357.591    0.091   0
        39    153.404    811.082 237.9748797 +32.8557664     5.64 0.0006050181 -11.8218 -11.8662   0.0131     55781.51     675.3457     1299.111    0.038   0
        40     80.022    792.943 237.9843132 +32.8575044    12.92  0.001385347 -11.8012 -11.5184   0.0180     40490.37     669.7698     1178.334    0.645   2
        41    438.367    617.063 237.9386474 +32.8772287     5.80   0.00062129 -12.6177 -12.6574   0.0066     115598.9      697.259     1339.712    0.007   0
        42     79.969    757.152 237.9843755 +32.8613231     8.91 0.0009556075 -11.3684 -11.5307   0.0178     40951.07     669.9237      1194.49    0.404   2
        43     81.261    738.503 237.9842389 +32.8633164    14.04  0.001504656 -12.3008 -11.5664   0.0172     42320.92     670.4347     1208.831    0.420   2
        44     84.670    893.393 237.9835614 +32.8467989    13.46  0.001442913 -12.2464 -11.5124   0.0181     40269.49     669.6151     1158.634    0.399   2
        45    687.215    692.509 237.9066347 +32.8698339     6.04 0.0006477804 -11.4140 -11.4686   0.0188     38676.93     669.0926     1215.411    0.043   0
        46    749.394    649.179 237.8987269 +32.8746197     7.87 0.0008436774  -9.4915  -9.7416   0.0905     7882.155     657.1355     1201.081    0.330   0
        47    532.354    667.273 237.9265237 +32.8721197     6.27 0.0006725427  -9.2165  -9.3201   0.1333      5346.19      656.447     1297.308    0.178   0
        48    752.633    944.767 237.8978828 +32.8430887     5.99 0.0006424365 -12.6680 -12.7043   0.0063     120700.5     699.0164     1056.431    0.124   0
        49    721.460    880.372 237.9019714 +32.8498783     6.02 0.0006448611 -11.8870 -11.9279   0.0124      59044.3     676.7136     1109.896    0.046   0
        50     79.782    812.167 237.9843140 +32.8554526    17.37  0.001862329 -12.4378 -11.5271   0.0178     40815.05     669.7101     1169.628    0.493   2
        51    651.593   1004.341 237.9107439 +32.8364678     5.85 0.0006276194 -12.5084 -12.5492   0.0072     104639.6     693.1962     1085.744    0.089   0
        52    587.235    950.006 237.9190710 +32.8420965     5.68 0.0006087183 -10.0170 -10.1258   0.0637        11228     658.5176     1141.912    0.021   0
        53    777.288    833.404 237.8948844 +32.8550354     6.25  0.000669655 -10.7718 -10.8346   0.0334     21569.37     662.6149     1100.981    0.059   0
