#   1 NUMBER                 Running object number                                     
#   2 X_IMAGE                Object position along x                                    [pixel]
#   3 Y_IMAGE                Object position along y                                    [pixel]
#   4 ALPHA_J2000            Right ascension of barycenter (J2000)                      [deg]
#   5 DELTA_J2000            Declination of barycenter (J2000)                          [deg]
#   6 FWHM_IMAGE             FWHM assuming a gaussian core                              [pixel]
#   7 FWHM_WORLD             FWHM assuming a gaussian core                              [deg]
#   8 MAG_BEST               Best of MAG_AUTO and MAG_ISOCOR                            [mag]
#   9 MAG_APER               Fixed aperture magnitude vector                            [mag]
#  10 MAGERR_APER            RMS error vector for fixed aperture mag.                   [mag]
#  11 FLUX_APER              Flux vector within fixed circular aperture(s)              [count]
#  12 FLUXERR_APER           RMS error vector for aperture flux(es)                     [count]
#  13 BACKGROUND             Background at centroid position                            [count]
#  14 ELLIPTICITY            1 - B_IMAGE/A_IMAGE                                       
#  15 FLAGS                  Extraction flags                                          
         1    833.777    192.573 200.9199682 +36.2162674   217.93   0.02352493 -16.7999 -13.2103   0.0071     192368.3     1254.457     2210.532    0.901  24
         2    518.245     53.714 200.9625933 +36.2302960     5.34 0.0005759583  -9.6248  -8.6890   0.4419     2989.462     1216.508     2352.366    0.151   0
         3    470.305     94.390 200.9689508 +36.2257821     5.34 0.0005763345 -10.4023 -10.5107   0.0827     16006.04     1219.043     2396.109    0.197   0
         4    537.381    149.631 200.9598389 +36.2200351     4.75 0.0005125746  -9.4209  -8.2819   0.6426     2054.679     1215.869     2516.215    0.119   0
         5    605.890    169.932 200.9506029 +36.2180495     8.80 0.0009500783 -10.8942 -11.0310   0.0513     25846.27     1221.128     2566.893    0.288   0
         6    261.002    293.984 200.9966547 +36.2037040     4.23 0.0004564478  -8.9467 -10.0740   0.1235     10705.49     1217.303     2526.534    0.010   0
         7    187.509    335.106 201.0064365 +36.1990651     5.20 0.0005615019 -10.1304 -10.4062   0.0911     14536.96     1218.845     2514.742    0.184   0
         8    440.547    395.245 200.9723596 +36.1933373     4.66 0.0005030033 -10.3309 -10.9895   0.0533     24877.88     1220.827      2710.35    0.048   0
         9    442.262    507.629 200.9719106 +36.1812548     4.13 0.0004453906 -12.1114 -12.0234   0.0207     64469.47     1228.976     2748.506    0.007   0
        10    888.612    888.549 200.9113092 +36.1415670    54.68  0.005902317 -15.1528 -13.4912   0.0055     249153.1     1265.888     575.2155    0.144  17
        11    748.982    828.000 200.9301496 +36.1476815     3.33 0.0003591653  -8.1665  99.0000  99.0000    -59161.42     1215.068     2641.343    0.013   0
        12    263.735    852.839 200.9951815 +36.1436047     5.78 0.0006238826 -10.7514 -11.6791   0.0283     46949.43     1225.202     2510.029    0.641   0
        13    305.661    479.857 200.9902941 +36.1838434     4.46 0.0004813633 -10.2416 -10.3485   0.0960     13784.75     1218.416     2706.521    0.049   0
        14    167.379    547.715 201.0087133 +36.1761388     4.55 0.0004910463 -10.5873 -10.7529   0.0662     20006.78     1219.795     2633.406    0.104   0
        15    882.864    453.476 200.9128917 +36.1883454     3.99 0.0004301784 -11.5026  99.0000  99.0000    -80503.48     1215.722     2053.742    0.135   0
        16    862.685    635.413 200.9152594 +36.1687197     4.10 0.0004423026 -12.1954 -11.7852   0.0257     51770.57     1226.185     2561.509    0.097   0
        17    838.602    828.693 200.9181282 +36.1478628    78.48  0.008471502 -14.2679 -13.8511   0.0040     347098.5     1284.858     2013.054    0.231  16
        18    429.478    548.117 200.9735470 +36.1768630     4.13 0.0004458528 -12.0385 -12.1042   0.0192     69449.63     1229.989     2747.807    0.034   0
