#   1 NUMBER                 Running object number                                     
#   2 X_IMAGE                Object position along x                                    [pixel]
#   3 Y_IMAGE                Object position along y                                    [pixel]
#   4 ALPHA_J2000            Right ascension of barycenter (J2000)                      [deg]
#   5 DELTA_J2000            Declination of barycenter (J2000)                          [deg]
#   6 FWHM_IMAGE             FWHM assuming a gaussian core                              [pixel]
#   7 FWHM_WORLD             FWHM assuming a gaussian core                              [deg]
#   8 MAG_BEST               Best of MAG_AUTO and MAG_ISOCOR                            [mag]
#   9 MAG_APER               Fixed aperture magnitude vector                            [mag]
#  10 MAGERR_APER            RMS error vector for fixed aperture mag.                   [mag]
#  11 FLUX_APER              Flux vector within fixed circular aperture(s)              [count]
#  12 FLUXERR_APER           RMS error vector for aperture flux(es)                     [count]
#  13 BACKGROUND             Background at centroid position                            [count]
#  14 ELLIPTICITY            1 - B_IMAGE/A_IMAGE                                       
#  15 FLAGS                  Extraction flags                                          
         1    835.311    292.074 238.0223758 +33.0208210   101.14   0.01093338 -14.4571 -11.7626   0.0127     50702.02      592.735     1035.016    0.818  19
         2    831.580    132.364 238.0232850 +33.0380440   131.58   0.01422406 -15.2723 -11.9939   0.0103     62744.08     597.6537     982.0059    0.858  18
         3     92.331      7.087 238.1190937 +33.0495184     0.74 8.036505e-05  -8.4905  99.0000  99.0000    -6488.164     501.1258     812.5275    0.181  16
         4    456.649    125.057 238.0717201 +33.0378053     6.44 0.0006962995 -14.0384 -14.0622   0.0019     421576.5      732.597     1069.259    0.081   0
         5    434.261    198.978 238.0744086 +33.0297673     6.57 0.0007107058 -10.2065 -10.2194   0.0511     12239.95     576.2365     1092.248    0.129   0
         6     58.566    253.648 238.1227643 +33.0228195     8.72 0.0009425071 -10.6166 -10.6780   0.0337     18672.82     579.0048     1019.317    0.336   0
         7    173.910    273.847 238.1078165 +33.0209639     6.56 0.0007093325 -11.6261 -11.6623   0.0139     46227.86      590.845     1067.255    0.139   0
         8    297.522    289.110 238.0918154 +33.0196624     7.64 0.0008255764  -9.3942  -9.7070   0.0817      7635.07     574.2834     1099.728    0.136   0
         9    285.228    291.727 238.0933954 +33.0193458     5.98 0.0006463549  -9.1204  -9.6329   0.0874     7131.133     574.0157     1098.347    0.297   0
        10    261.009    294.003 238.0965158 +33.0190326   -38.43 -0.004154457  -8.8597  -9.4898   0.0996     6250.298     573.4713      1094.32    0.011   0
        11    489.536    364.056 238.0668211 +33.0121078     5.86 0.0006337224 -12.2764 -12.3147   0.0078     84313.34     606.6699     1144.224    0.062   0
        12      2.605    434.929 238.1294806 +33.0031014     6.00 0.0006483197 -10.3429 -10.4067   0.0333     14543.84     446.4418     1049.827    0.409  24
        13    580.821    427.982 238.0548632 +33.0054615     5.24  0.000566282  -8.6159  -8.7447   0.1974     3146.821     572.0684     1160.984    0.348   0
        14    888.070    887.714 238.0139771 +32.9566927    62.99  0.006809289 -13.5216 -12.1305   0.0092     71155.44     601.3306     541.7817    0.130  16
        15    841.605    830.841 238.0201236 +32.9627037    82.27  0.008893489 -13.6735 -12.5300   0.0065     102804.8     614.1526     926.9738    0.510  16
        16    664.821    787.855 238.0430487 +32.9668606     7.68 0.0008300918  -9.7567  -9.9478   0.0655     9530.751     575.0759     1172.518    0.243   0
        17     99.472    783.993 238.1160039 +32.9657102     7.06 0.0007634701 -11.6866 -11.5455   0.0154     41512.98     588.7683     1083.006    0.077   0
        18    554.171    680.888 238.0576160 +32.9780992     3.90 0.0004214667  -8.6706  -8.6782   0.2099     2959.894     572.1801     1169.203    0.196   0
        19    713.322    777.827 238.0368177 +32.9680751     6.18 0.0006683302 -10.3071 -10.3626   0.0449     13965.01     576.9844     1172.862    0.029   0
        20    718.082    887.694 238.0359080 +32.9562332     5.34 0.0005775868  -9.7392  99.0000  99.0000    -19114.97     570.9177     909.1384    0.122   0
        21    705.960    788.008 238.0377401 +32.9669565     5.81 0.0006279128 -10.9726 -11.0151   0.0248     25469.68     581.8211     1172.794    0.095   0
        22    721.006    651.078 238.0361672 +32.9817727     5.86  0.000633268 -11.2512 -11.2954   0.0193     32972.98     585.0678     1167.943    0.083   0
        23    711.351    685.918 238.0373193 +32.9779869     6.01 0.0006501818 -10.6599 -10.7410   0.0318     19787.79     579.5974     1171.533    0.042   0
