#   1 NUMBER                 Running object number                                     
#   2 X_IMAGE                Object position along x                                    [pixel]
#   3 Y_IMAGE                Object position along y                                    [pixel]
#   4 ALPHA_J2000            Right ascension of barycenter (J2000)                      [deg]
#   5 DELTA_J2000            Declination of barycenter (J2000)                          [deg]
#   6 FWHM_IMAGE             FWHM assuming a gaussian core                              [pixel]
#   7 FWHM_WORLD             FWHM assuming a gaussian core                              [deg]
#   8 MAG_BEST               Best of MAG_AUTO and MAG_ISOCOR                            [mag]
#   9 MAG_APER               Fixed aperture magnitude vector                            [mag]
#  10 MAGERR_APER            RMS error vector for fixed aperture mag.                   [mag]
#  11 FLUX_APER              Flux vector within fixed circular aperture(s)              [count]
#  12 FLUXERR_APER           RMS error vector for aperture flux(es)                     [count]
#  13 BACKGROUND             Background at centroid position                            [count]
#  14 ELLIPTICITY            1 - B_IMAGE/A_IMAGE                                       
#  15 FLAGS                  Extraction flags                                          
         1    835.579    290.607 238.0206395 +33.0186833   139.49   0.01494937 -15.7273 -13.0085   0.0079     159733.5     1159.384     2050.208    0.832  19
         2    830.890    134.503 238.0214935 +33.0353158   207.25   0.02221035 -16.5782 -13.1893   0.0067     188678.1     1166.254     1924.099    0.883  19
         3    457.250    117.781 238.0695103 +33.0360538     6.89 0.0007382687 -14.2205 -14.2642   0.0026     507770.7     1232.672     2166.745    0.179   0
         4    434.539    191.702 238.0723033 +33.0281075     9.03 0.0009681641 -10.3247 -10.2878   0.0940     13035.66     1127.911     2245.673    0.331   0
         5     58.965    246.434 238.1204411 +33.0212015    10.33   0.00110727 -10.8714 -10.9661   0.0504     24346.24     1130.289     2018.482    0.368   0
         6    174.363    266.635 238.1055877 +33.0193783     6.45 0.0006913875 -11.8433 -11.9044   0.0214     57775.89     1137.722     2169.836    0.227   0
         7    297.631    282.080 238.0897324 +33.0180827     5.58 0.0005984298  -9.5110  -9.7972   0.1475     8296.258     1126.797     2273.563    0.323   0
         8    261.018    293.996 238.0944136 +33.0167080     4.22 0.0004518309  -8.8793 -10.2063   0.1012     12092.17     1127.099     2266.596    0.001   0
         9    490.249    357.038 238.0648734 +33.0106349     5.62 0.0006018417 -12.4523 -12.4727   0.0128     97514.41     1146.545      2404.87    0.127   0
        10      2.389    428.007 238.1273902 +33.0016778     5.67 0.0006072882 -10.6935 -10.8038   0.0447     20965.62     862.0746     2109.758    0.409  24
        11    100.086    777.288 238.1142449 +32.9647150     5.80 0.0006218425 -12.1341 -12.1053   0.0178      69522.1     1140.237     2228.499    0.076   0
        12    888.537    888.380 238.0128809 +32.9550889    55.03  0.005897977 -15.0119 -13.3335   0.0059     215486.4     1171.864     564.9821    0.150  17
        13    838.656    828.865 238.0193776 +32.9612971    78.76  0.008440646 -14.2666 -13.7101   0.0042     304821.4      1190.71     1814.883    0.256  16
        14    665.274    780.079 238.0417074 +32.9660169     6.17 0.0006616036 -10.2323 -10.9427   0.0515      23826.5     1130.395      2490.87    0.315   0
        15    714.257    770.974 238.0354359 +32.9671245     5.80 0.0006220892 -10.5202 -10.5740   0.0723     16966.58     1128.814     2490.974    0.107   0
        16    706.807    781.214 238.0363754 +32.9660117     5.27 0.0005648353 -11.1818 -11.3281   0.0362     33982.16     1132.038     2490.879    0.081   0
        17    712.144    679.370 238.0358563 +32.9768863     5.44 0.0005828447 -11.0286 -11.1488   0.0427     28809.35     1131.434     2491.262    0.068   0
        18    721.954    644.357 238.0346543 +32.9806471     5.17 0.0005544312 -11.4257 -11.5295   0.0301     40908.11     1134.072     2477.631    0.090   0
        19    719.022    881.723 238.0346441 +32.9553285     3.51 0.0003762711  -9.6018  99.0000  99.0000    -96897.73     1125.018     1833.502    0.066   0
