#   1 NUMBER                 Running object number                                     
#   2 X_IMAGE                Object position along x                                    [pixel]
#   3 Y_IMAGE                Object position along y                                    [pixel]
#   4 ALPHA_J2000            Right ascension of barycenter (J2000)                      [deg]
#   5 DELTA_J2000            Declination of barycenter (J2000)                          [deg]
#   6 FWHM_IMAGE             FWHM assuming a gaussian core                              [pixel]
#   7 FWHM_WORLD             FWHM assuming a gaussian core                              [deg]
#   8 MAG_BEST               Best of MAG_AUTO and MAG_ISOCOR                            [mag]
#   9 MAG_APER               Fixed aperture magnitude vector                            [mag]
#  10 MAGERR_APER            RMS error vector for fixed aperture mag.                   [mag]
#  11 FLUX_APER              Flux vector within fixed circular aperture(s)              [count]
#  12 FLUXERR_APER           RMS error vector for aperture flux(es)                     [count]
#  13 BACKGROUND             Background at centroid position                            [count]
#  14 ELLIPTICITY            1 - B_IMAGE/A_IMAGE                                       
#  15 FLAGS                  Extraction flags                                          
         1     10.548     80.897 200.8919143 +36.1192425    64.92  0.007011425 -13.6026 -12.7799   0.0064     129401.9     761.7678     399.6091    0.602  24
         2    145.612     85.124 200.8737502 +36.1191599    43.09  0.004653575 -13.1367 -11.8617   0.0152     55547.28     778.2685     1333.892    0.751   0
         3    192.638     30.491 200.8675204 +36.1251551    32.54  0.003514815 -12.6450 -11.8759   0.0150     56278.38     778.5033     784.4738    0.207  17
         4    135.925     11.022 200.8751780 +36.1270906    87.03  0.009399364 -14.8175 -13.5933   0.0032     273730.2     813.0133     248.6841    0.745  24
         5    289.909     32.814 200.8544391 +36.1251706     5.03 0.0005435694  -9.7813  99.0000  99.0000    -54307.18     760.3234     1090.904    0.307   0
         6    377.027     88.477 200.8426348 +36.1194294     4.74 0.0005115273 -11.3557 -11.3213   0.0248     33770.64     771.3052     1541.885    0.104   0
         7     65.704    106.353 200.8844562 +36.1166609    12.55   0.00135523  -9.9719  99.0000  99.0000    -25804.52      760.345     937.2417    0.327   2
         8    538.868     95.794 200.8208659 +36.1190793     5.70 0.0006152711  -9.9543  -9.9384   0.0877     9448.391     763.3381     1581.322    0.288   0
         9    881.853    144.779 200.7746801 +36.1147290     7.71 0.0008332424  -9.7949 -10.4859   0.0531     15644.16     765.4287     1502.381    0.662   0
        10     76.516    242.701 200.8827704 +36.1020491    26.53  0.002864989 -13.0502 -11.8746   0.0150     56215.12     778.6721     1488.127    0.662  18
        11    215.002    199.983 200.8642291 +36.1070155     0.00            0  -7.4696  -9.7731   0.1021      8114.04     762.5579     1658.708    0.022   0
        12     77.395    395.223 200.8823925 +36.0856732    24.93  0.002692597 -13.2293 -11.7772   0.0164     51390.87     776.6585     1475.714    0.567   2
        13    729.463    204.078 200.7950716 +36.1079590     8.12 0.0008774556 -10.3931 -10.7159   0.0431     19335.86     766.6548     1583.087    0.187   0
        14    308.272    263.678 200.8515866 +36.1004294     4.23 0.0004565314 -12.6721 -12.7167   0.0071     122092.8     799.5021     1655.251    0.071   0
        15     75.082    279.156 200.8829010 +36.0981305    14.66  0.001583859 -12.5066 -11.7545   0.0168     50326.27     776.7159     1471.192    0.282   0
        16     76.824    314.704 200.8826063 +36.0943181    10.16  0.001097476 -11.8220 -11.6848   0.0178     47199.68     775.6246     1486.033    0.305   0
        17    688.422    427.622 200.8002325 +36.0838450     3.82  0.000412061  -9.9282 -10.0780   0.0772     10744.69     763.5484      1562.34    0.046   0
        18     78.173    433.253 200.8822231 +36.0815916     6.17  0.000666865 -10.8708 -11.7023   0.0176     47966.64     775.9561     1479.264    0.382   0
        19     79.088    457.545 200.8820589 +36.0789855    13.62  0.001470666 -12.3577 -11.6473   0.0185     45595.17     775.1494     1486.019    0.393   0
        20    329.762    441.971 200.8484030 +36.0813419     3.23 0.0003485109  -8.6646  -9.0334   0.2015     4105.502     761.5648     1642.695    0.181   0
        21   1023.568    444.395 200.7551712 +36.0829256     4.33 0.0004673351 -10.2718  -9.9736   0.0734     9759.983     659.7733     1341.308    0.146  16
        22    987.544    446.362 200.7600090 +36.0826204     6.81 0.0007358593  -8.9800  -8.4387   0.3482     2374.095     761.1036     1359.869    0.656   0
        23     79.694    679.243 200.8816001 +36.0551805    40.89  0.004416532 -14.1906 -11.8986   0.0147     57468.98     778.9276     1451.893    0.695   2
        24     78.795    483.786 200.8820536 +36.0761669     5.27 0.0005696627 -10.4676 -11.6392   0.0186     45256.11     774.7235      1484.02    0.542   2
        25     76.289    523.900 200.8823220 +36.0718525     4.20 0.0004538006 -12.4191 -12.2553   0.0107     79821.62     786.2562     1453.507    0.236   0
        26    718.611    492.955 200.7960723 +36.0769094     3.60 0.0003891417 -11.2755 -11.3823   0.0235     35719.64     771.8519     1515.985    0.030   0
        27     83.381    830.327 200.8808481 +36.0389668    17.62  0.001903047 -13.0299 -11.7429   0.0169     49790.98     776.5225     1395.982    0.571   2
        28    354.280   1010.821 200.8441694 +36.0203230     3.14 0.0003390567  -8.4227  99.0000  99.0000    -2018.901     760.3234     1421.185    0.127   0
        29    654.662    977.668 200.8038912 +36.0246890     3.54 0.0003822596 -10.6024 -10.7627   0.0413     20187.72     766.9113     1279.479    0.129   0
        30     82.704    883.678 200.8808483 +36.0332359    33.43  0.003610549 -13.9254 -11.7754   0.0164     51303.27     776.9461     1360.779    0.643   2
        31     79.471    612.016 200.8817446 +36.0623990    16.32  0.001762116 -12.4901 -11.6951   0.0177      47647.6     775.8532      1469.07    0.269   0
        32    184.647    801.446 200.8672970 +36.0423454     5.32 0.0005744009  -8.7113  -9.6753   0.1117     7414.987     762.7791     1564.709    0.135   0
        33     84.562    789.555 200.8807588 +36.0433483    10.09  0.001090014 -12.0396 -11.7525   0.0168     50232.38     776.7278     1435.936    0.535   2
        34     84.115    574.008 200.8811853 +36.0664931     7.26 0.0007841911 -10.8494 -11.4678   0.0217     38645.91     772.8203     1517.848    0.362   0
        35     80.433    759.546 200.8813643 +36.0465593    38.86  0.004196838 -14.2016 -11.8497   0.0154     54939.33     778.1993     1412.329    0.698   2
        36    595.728    861.779 200.8119906 +36.0369765     3.28 0.0003537453 -10.3028 -10.5390   0.0506     16428.59     765.7276     1394.975    0.033   0
        37     82.484    868.156 200.8809042 +36.0349021    15.42  0.001665773 -10.8532 -11.7274   0.0172     49084.58     776.3372     1365.012    0.478   3
        38    635.271    882.034 200.8066477 +36.0349069     3.70 0.0003993418  -9.2148  -9.2306   0.1681     4923.266      761.962     1356.554    0.121   0
        39     85.882    903.122 200.8803885 +36.0311567    21.69  0.002342404 -12.1147 -11.7134   0.0174     48458.79     776.1567     1369.287    0.398   3
