#   1 NUMBER                 Running object number                                     
#   2 X_IMAGE                Object position along x                                    [pixel]
#   3 Y_IMAGE                Object position along y                                    [pixel]
#   4 ALPHA_J2000            Right ascension of barycenter (J2000)                      [deg]
#   5 DELTA_J2000            Declination of barycenter (J2000)                          [deg]
#   6 FWHM_IMAGE             FWHM assuming a gaussian core                              [pixel]
#   7 FWHM_WORLD             FWHM assuming a gaussian core                              [deg]
#   8 MAG_BEST               Best of MAG_AUTO and MAG_ISOCOR                            [mag]
#   9 MAG_APER               Fixed aperture magnitude vector                            [mag]
#  10 MAGERR_APER            RMS error vector for fixed aperture mag.                   [mag]
#  11 FLUX_APER              Flux vector within fixed circular aperture(s)              [count]
#  12 FLUXERR_APER           RMS error vector for aperture flux(es)                     [count]
#  13 BACKGROUND             Background at centroid position                            [count]
#  14 ELLIPTICITY            1 - B_IMAGE/A_IMAGE                                       
#  15 FLAGS                  Extraction flags                                          
         1    833.750    201.377 327.8169846 +28.9454053   231.51   0.02508453 -17.7458 -14.1431   0.0057     454183.9     2394.106     4355.661    0.895  24
         2    425.599     89.016 327.8678594 +28.9563688     7.30 0.0007908649 -12.7089 -12.6838   0.0216     118448.7     2357.599     4642.182    0.298   0
         3    444.304    102.386 327.8655112 +28.9549785     7.47 0.0008089348 -12.7258 -12.7727   0.0199     128551.6     2360.056     4716.595    0.308   0
         4     44.677     92.981 327.9151265 +28.9548237     6.12 0.0006627978 -11.2040 -11.4019   0.0702     36371.58     2350.271     3235.503    0.302   0
         5    197.759    130.857 327.8960510 +28.9511817     7.51 0.0008141056 -13.2160 -13.2556   0.0128     200560.8     2367.737     4333.749    0.279   0
         6    707.117    205.503 327.8326912 +28.9445959     6.58 0.0007124243 -11.5991 -11.6868   0.0540     47284.82     2351.498     5287.019    0.264   0
         7    585.765    218.985 327.8477236 +28.9427891     6.82 0.0007387941 -11.7709 -11.9766   0.0414     61750.17     2352.572     5186.945    0.246   0
         8    437.192    238.906 327.8661206 +28.9402055     6.56 0.0007103692 -11.9679 -12.0365   0.0392     65250.31     2353.076      5082.35    0.278   0
         9    602.939    302.372 327.8454274 +28.9338279     6.01 0.0006512113 -12.1997 -12.2281   0.0329     77846.81     2354.811     5352.526    0.200   0
        10    261.191    293.990 327.8878488 +28.9337397     0.00            0  -9.2329 -10.8817   0.1132     22525.97     2347.471     5004.477    0.042   0
        11    567.756    335.731 327.8497267 +28.9301214     5.90 0.0006392917 -11.6937 -11.6196   0.0574     44444.79     2350.931     5417.975    0.211   0
        12    499.714    347.106 327.8581465 +28.9286951     6.96  0.000754546 -11.0055 -11.3054   0.0767      33276.9     2349.942     5397.424    0.317   0
        13    266.638    429.706 327.8868983 +28.9190903     6.16  0.000667871 -12.6573 -12.7722   0.0199       128495     2359.786      5342.93    0.191   0
        14    696.358    558.293 327.8333320 +28.9064426     4.98 0.0005399686 -11.0342  99.0000  99.0000    -6713.675       2346.2     5634.104    0.196   0
        15    888.630    888.726 327.8088389 +28.8712871    53.90  0.005840542 -16.0194 -14.3906   0.0046     570457.8     2406.218     648.4482    0.154  17
        16    836.597    827.170 327.8154114 +28.8777901    78.63  0.008519909 -14.9886 -14.7122   0.0034       767156     2425.733       4096.1    0.192  16
        17    264.544    854.393 327.8862992 +28.8731929    10.10  0.001094766 -12.3633 -12.4745   0.0262     97678.66     2356.255     5096.784    0.365   0
        18    162.878    844.816 327.8989260 +28.8739296     7.70 0.0008342683 -12.4074 -12.7985   0.0195     131638.2     2360.251     4933.883    0.312   0
        19     54.440    825.656 327.9124126 +28.8756807     5.01 0.0005424144 -10.7222 -11.9154   0.0438     58367.78     2352.742     4715.454    0.306   0
        20    104.313    792.008 327.9062965 +28.8794637    12.12  0.001313279 -13.4766 -12.9692   0.0167     154057.9     2362.493     4912.456    0.216   0
        21    743.879    609.596 327.8273365 +28.9010354     5.12 0.0005545148 -11.3774 -11.0360   0.0982     25966.07       2348.7     5620.803    0.140   0
        22    667.715    586.378 327.8368299 +28.9033252     5.61 0.0006078506 -10.9286 -10.8168   0.1202        21218     2348.526     5640.836    0.134   0
        23    798.011    540.910 327.8207560 +28.9086129     5.18  0.000561691 -14.5570 -14.5908   0.0038     685980.4     2418.319     5604.266    0.140   0
        24    858.042    516.543 327.8133563 +28.9114178     5.41 0.0005859241 -11.3250 -10.2640   0.1999     12752.59     2347.625     4967.593    0.115   0
        25    305.320    493.234 327.8819711 +28.9123386     5.37 0.0005822176 -13.2043 -13.1713   0.0138     185577.9     2365.892     5477.207    0.172   0
        26    504.643    485.876 327.8572585 +28.9137141     6.13 0.0006646335 -11.2306 -11.5247   0.0627     40728.16     2350.602     5589.151    0.240   0
        27    748.300    500.847 327.8270012 +28.9127995     5.51 0.0005970785 -11.9822 -12.1172   0.0364     70290.32     2353.678      5607.03    0.120   0
        28    236.416    886.263 327.8897227 +28.8696667     3.74 0.0004055559 -11.6819  99.0000  99.0000    -300435.9     2346.266     4224.525    0.107   0
        29    223.932    456.373 327.8921424 +28.9160836     5.52 0.0005981324 -10.8901 -11.1235   0.0907     28144.73     2349.462     5315.396    0.182   0
        30    571.800    822.993 327.8482586 +28.8774797     4.65 0.0005038148 -12.3141 -11.9292   0.0432     59111.35     2352.027     5517.232    0.113   0
        31    672.368    801.334 327.8358293 +28.8801105     3.49 0.0003785801  -9.9858  99.0000  99.0000    -17159.09     2346.333     5716.367    0.133   0
        32    448.724    854.075 327.8634597 +28.8737643     5.53 0.0005994562 -12.9599 -12.9124   0.0175     146198.5     2362.254     5198.073    0.050   0
        33    105.218    691.320 327.9063900 +28.8903467     5.29 0.0005736873 -11.1239 -11.6483   0.0559     45637.06      2351.19     5132.322    0.190   0
        34    532.395    709.858 327.8533703 +28.8895911     5.00 0.0005415509 -12.9685 -13.0725   0.0152     169432.2     2363.921     5672.202    0.109   0
        35    796.948    687.862 327.8206006 +28.8927302     5.07 0.0005489211 -13.1871 -13.2624   0.0127     201814.4     2367.344     5644.607    0.134   0
        36    651.693    647.298 327.8386972 +28.8966960     5.17 0.0005605558 -10.4539 -11.1203   0.0909     28061.81     2349.917     5675.234    0.216   0
        37    846.422    592.703 327.8146496 +28.9031548     4.16 0.0004512199 -10.6009 -11.7325   0.0518      49318.1     2351.648     5237.075    0.546   0
        38    811.087    567.972 327.8190809 +28.9057260     5.27 0.0005709584 -10.7407  99.0000  99.0000     -8016.63     2346.266     5512.762    0.231   0
        39    301.779    551.716 327.8822923 +28.9060088     5.38 0.0005827363 -12.1696 -12.3242   0.0301     85047.77     2355.509     5511.759    0.176   0
