#   1 NUMBER                 Running object number                                     
#   2 X_IMAGE                Object position along x                                    [pixel]
#   3 Y_IMAGE                Object position along y                                    [pixel]
#   4 ALPHA_J2000            Right ascension of barycenter (J2000)                      [deg]
#   5 DELTA_J2000            Declination of barycenter (J2000)                          [deg]
#   6 FWHM_IMAGE             FWHM assuming a gaussian core                              [pixel]
#   7 FWHM_WORLD             FWHM assuming a gaussian core                              [deg]
#   8 MAG_BEST               Best of MAG_AUTO and MAG_ISOCOR                            [mag]
#   9 MAG_APER               Fixed aperture magnitude vector                            [mag]
#  10 MAGERR_APER            RMS error vector for fixed aperture mag.                   [mag]
#  11 FLUX_APER              Flux vector within fixed circular aperture(s)              [count]
#  12 FLUXERR_APER           RMS error vector for aperture flux(es)                     [count]
#  13 BACKGROUND             Background at centroid position                            [count]
#  14 ELLIPTICITY            1 - B_IMAGE/A_IMAGE                                       
#  15 FLAGS                  Extraction flags                                          
         1    833.962    195.751 238.0218583 +33.0300441   214.63   0.02302231 -16.6904 -13.1235   0.0072     177587.1     1177.043     2032.664    0.902  24
         2    456.219    126.709 238.0705685 +33.0364416     6.07 0.0006515686 -13.8678 -13.9133   0.0036     367549.6     1216.661     2235.128    0.224   0
         3    433.778    200.948 238.0732789 +33.0284599     5.35 0.0005742999 -10.0311  -9.9789   0.1263     9807.515      1140.69     2312.237    0.228   0
         4     58.596    256.024 238.1213646 +33.0215973     8.84 0.0009484403 -10.4084 -10.6442   0.0685     18100.57     1142.057     2085.654    0.430   0
         5    173.522    275.609 238.1065489 +33.0198104     6.26 0.0006717296 -11.4591 -11.4894   0.0316     39422.89     1147.162     2238.839    0.304   0
         6    296.782    290.600 238.0906736 +33.0185341     2.00 0.0002141151  -9.1573  -9.3997   0.2151     5752.677     1139.286     2343.741    0.411   0
         7    261.022    294.006 238.0952609 +33.0180769     0.00            0  -8.8159 -10.1057   0.1124     11022.28     1140.506     2327.885    0.014   0
         8    488.927    365.558 238.0658070 +33.0110341     5.61 0.0006021634 -12.1032 -12.0330   0.0192     65045.28     1152.828     2478.315    0.238   0
         9    712.770    778.854 238.0360948 +32.9674996     5.45 0.0005846019 -10.0263 -10.2161   0.1016     12202.53     1141.376     2572.322    0.211   0
        10    888.517    888.489 238.0132742 +32.9562460    54.88  0.005886205 -15.0569 -13.3839   0.0057     225710.6     1187.035     568.7284    0.150  17
        11    717.301    888.888 238.0352603 +32.9557671     4.59 0.0004921756  -8.6547  99.0000  99.0000    -93475.02     1138.796     1706.254    0.276   0
        12    839.998    829.673 238.0196388 +32.9624003    75.75  0.008125278 -14.3372 -13.7800   0.0040     325073.4     1207.689     1842.082    0.315  16
        13    705.055    789.235 238.0370618 +32.9663718     5.41 0.0005805906 -10.7592 -10.6859   0.0660      18808.8     1142.757     2572.274    0.164   0
        14     99.066    785.586 238.1148969 +32.9651846     7.51  0.000805505 -12.6416 -12.2300   0.0161     77981.02     1155.567     2279.133    0.133   0
        15      2.134    437.081 238.1281844 +33.0021235     4.92 0.0005276774  -9.9850  -9.8773   0.1048     8931.095     861.9813     2170.794    0.424  24
        16    720.220    652.425 238.0354281 +32.9810125     5.69 0.0006101505 -10.9837 -10.9942   0.0497     24985.52     1143.755     2559.928    0.237   0
        17    772.440    796.804 238.0283901 +32.9657363     3.13 0.0003356363 -10.9297 -11.7253   0.0255     48992.78     1148.991     2498.339    0.190   0
        18    710.523    687.482 238.0365932 +32.9772460     5.34 0.0005732814 -10.5316 -10.7341   0.0631     19662.72     1143.041     2570.688    0.246   0
