#   1 NUMBER                 Running object number                                     
#   2 X_IMAGE                Object position along x                                    [pixel]
#   3 Y_IMAGE                Object position along y                                    [pixel]
#   4 ALPHA_J2000            Right ascension of barycenter (J2000)                      [deg]
#   5 DELTA_J2000            Declination of barycenter (J2000)                          [deg]
#   6 FWHM_IMAGE             FWHM assuming a gaussian core                              [pixel]
#   7 FWHM_WORLD             FWHM assuming a gaussian core                              [deg]
#   8 MAG_BEST               Best of MAG_AUTO and MAG_ISOCOR                            [mag]
#   9 MAG_APER               Fixed aperture magnitude vector                            [mag]
#  10 MAGERR_APER            RMS error vector for fixed aperture mag.                   [mag]
#  11 FLUX_APER              Flux vector within fixed circular aperture(s)              [count]
#  12 FLUXERR_APER           RMS error vector for aperture flux(es)                     [count]
#  13 BACKGROUND             Background at centroid position                            [count]
#  14 ELLIPTICITY            1 - B_IMAGE/A_IMAGE                                       
#  15 FLAGS                  Extraction flags                                          
         1    833.889    184.881 238.0205501 +33.0308147   196.28   0.02109223 -16.0202 -12.5020   0.0086     100188.2     795.8767     1327.811    0.907  16
         2    455.560    121.647 238.0693367 +33.0365051     6.14  0.000660054 -14.1458 -14.1801   0.0021     469956.1     904.6926     1441.682    0.175   0
         3    432.942    195.780 238.0721480 +33.0285108     5.98 0.0006425884 -10.2391 -10.2713   0.0650     12838.54     768.0345     1483.464    0.108   0
         4     57.423    250.414 238.1204082 +33.0215818     8.05 0.0008652178 -10.7336 -10.8356   0.0388     21590.23     770.5567      1356.26    0.307   0
         5    172.768    270.486 238.1055339 +33.0197701     5.89 0.0006325988 -11.7502 -11.8104   0.0160     52984.52     780.9295     1439.831    0.199   0
         6    296.029    286.320 238.0896473 +33.0184327     4.74 0.0005092073  -9.4814  -9.7171   0.1080     7706.137      766.319     1501.023    0.246   0
         7    261.020    293.997 238.0941426 +33.0175105     4.20 0.0004513804  -8.8076  -9.2835   0.1608     5169.047     765.1458     1494.805    0.007   0
         8    488.505    360.829 238.0647735 +33.0110154     5.25 0.0005643379 -12.3967 -12.4118   0.0093     92198.29     793.4254     1575.442    0.099   0
         9      1.985    431.775 238.1272858 +33.0020208     4.89 0.0005257365  -9.6879  -9.7257   0.0806     7767.606     576.2287     1410.934    0.501  24
        10    124.019    430.992 238.1115832 +33.0024602     0.00            0  -8.2845  -7.6144   0.7465     1111.122     763.8187     1506.275    0.012   0
        11    720.115    648.084 238.0345894 +32.9809472     4.92 0.0005283834 -11.3588 -11.4279   0.0226     37252.07     775.8129     1620.561    0.095   0
        12    841.553    830.923 238.0187299 +32.9617320    76.60  0.008231058 -14.1143 -13.1183   0.0050     176735.7     819.6295     1209.761    0.478  16
        13    704.937    785.010 238.0363626 +32.9662579     4.87 0.0005235632 -11.0867 -11.1261   0.0298     28213.57     773.0016     1629.851    0.039   0
        14    663.347    784.463 238.0417133 +32.9661987     6.84 0.0007348482 -10.0568 -10.4345   0.0559     14921.09     768.5832     1629.597    0.251   0
        15    690.185    481.833 238.0386586 +32.9986457     1.47 0.0001584604  -8.1532  -9.8746   0.0934     8909.312     766.5391     1607.029    0.218   0
        16    710.314    683.058 238.0358046 +32.9771785     4.92 0.0005289994 -10.8239 -10.9613   0.0346     24240.06     771.7582     1627.941    0.068   0
        17     46.139    847.362 238.1210165 +32.9576968     4.13 0.0004439341  -9.7103 -11.0164   0.0329     25500.04     772.1448     1401.199    0.266   0
        18    717.120    885.110 238.0346645 +32.9555851     3.97 0.0004261857 -10.0051  99.0000  99.0000    -45189.94     763.7792      1219.88    0.054   0
        19    553.089    677.852 238.0560384 +32.9772892     4.50 0.0004835895  -8.8418  -8.6571   0.2861     2902.935      764.772     1625.203    0.221   0
        20     98.223    780.790 238.1144110 +32.9649692     5.21 0.0005594459 -11.8249 -11.8565   0.0153     55281.82     781.3478      1477.38    0.030   0
        21    888.229    888.307 238.0126525 +32.9557249    56.58  0.006079874 -14.4177 -12.7106   0.0072       121408     802.5763     548.5055    0.132  17
        22    712.498    774.625 238.0354036 +32.9673902     5.18  0.000556651 -10.3544 -10.4063   0.0574     14539.01     768.5878      1630.04    0.076   0
