#   1 NUMBER                 Running object number                                     
#   2 X_IMAGE                Object position along x                                    [pixel]
#   3 Y_IMAGE                Object position along y                                    [pixel]
#   4 ALPHA_J2000            Right ascension of barycenter (J2000)                      [deg]
#   5 DELTA_J2000            Declination of barycenter (J2000)                          [deg]
#   6 FWHM_IMAGE             FWHM assuming a gaussian core                              [pixel]
#   7 FWHM_WORLD             FWHM assuming a gaussian core                              [deg]
#   8 MAG_BEST               Best of MAG_AUTO and MAG_ISOCOR                            [mag]
#   9 MAG_APER               Fixed aperture magnitude vector                            [mag]
#  10 MAGERR_APER            RMS error vector for fixed aperture mag.                   [mag]
#  11 FLUX_APER              Flux vector within fixed circular aperture(s)              [count]
#  12 FLUXERR_APER           RMS error vector for aperture flux(es)                     [count]
#  13 BACKGROUND             Background at centroid position                            [count]
#  14 ELLIPTICITY            1 - B_IMAGE/A_IMAGE                                       
#  15 FLAGS                  Extraction flags                                          
         1    833.762    196.773 238.0208261 +33.0292368   203.06   0.02176454 -16.1707 -12.5773   0.0087     107382.6     857.5026     1442.251    0.910  16
         2    456.853    122.500 238.0693523 +33.0360969     8.02 0.0008598545 -14.2175 -14.2300   0.0021     492017.1     963.1544     1565.124    0.078   0
         3    433.778    196.651 238.0721968 +33.0281224    10.32  0.001106222 -10.2269 -10.2386   0.0723     12457.75     829.3661     1612.924    0.172   0
         4     58.399    251.392 238.1203147 +33.0212067    11.29  0.001210188 -10.7554 -10.7952   0.0434     20801.65      831.692     1470.618    0.176   0
         5    173.981    271.559 238.1054386 +33.0193893     8.12 0.0008703767 -11.7995 -11.8288   0.0170     53891.54     841.6485     1568.478    0.147   0
         6    261.017    294.007 238.0942252 +33.0172452     0.00            0  -8.8259  -9.8005   0.1080     8321.646     827.7923     1624.638    0.021   0
         7    489.859    361.939 238.0647300 +33.0106523     6.87 0.0007362553 -12.4292 -12.4554   0.0097     95971.48     854.1015     1715.907    0.083   0
         8     45.391    394.775 238.1217460 +33.0058761     0.87 9.291183e-05  -7.7466  99.0000  99.0000     -2705.26      825.322     1558.883    0.337   0
         9      2.846    432.772 238.1271449 +33.0017001     7.32 0.0007845663 -10.4785 -10.5650   0.0417     16826.84      645.707     1532.552    0.412  24
        10    802.178    800.788 238.0239461 +32.9647247    23.79  0.002550097 -12.1265 -11.8906   0.0160     57048.98     842.4027      1672.73    0.491   3
        11    888.260    888.157 238.0127642 +32.9556461    56.26  0.006029697 -14.5425 -12.8378   0.0069     136493.2     865.9926     551.8442    0.144  17
        12    706.528    786.085 238.0362447 +32.9660249     7.03 0.0007538285 -11.2173 -11.2453   0.0288     31486.26      835.244     1772.516    0.166   0
        13     99.769    782.389 238.1141211 +32.9646911     8.72 0.0009347853 -12.4037 -11.9565   0.0151     60617.68     843.5069      1601.65    0.134   0
        14    713.631    776.040 238.0353487 +32.9671162     7.50 0.0008040307 -10.2359 -10.5841   0.0527     17125.41     830.8416     1772.673    0.212   1
        15    664.013    786.281 238.0417008 +32.9658845     4.26 0.0004563143  -9.5537 -10.4772   0.0581     15519.42     830.2653     1772.168    0.078   0
        16    711.756    684.231 238.0357329 +32.9769033     6.95   0.00074476 -10.9353 -10.9593   0.0374     24195.68     832.8969     1772.088    0.095   0
        17    721.459    649.442 238.0345419 +32.9806411     6.81 0.0007299297 -11.3477 -11.3873   0.0253     35884.15      836.444     1765.215    0.152   0
        18    718.453    887.041 238.0345565 +32.9552905     4.44 0.0004756894  -9.3865  99.0000  99.0000    -43580.36     825.7659     1272.474    0.132   0
        19    840.665    830.334 238.0189610 +32.9616808    74.95  0.008033837 -14.1545 -13.2258   0.0049     195136.3     882.8689     1316.935    0.456  16
