#   1 NUMBER                 Running object number                                     
#   2 X_IMAGE                Object position along x                                    [pixel]
#   3 Y_IMAGE                Object position along y                                    [pixel]
#   4 ALPHA_J2000            Right ascension of barycenter (J2000)                      [deg]
#   5 DELTA_J2000            Declination of barycenter (J2000)                          [deg]
#   6 FWHM_IMAGE             FWHM assuming a gaussian core                              [pixel]
#   7 FWHM_WORLD             FWHM assuming a gaussian core                              [deg]
#   8 MAG_BEST               Best of MAG_AUTO and MAG_ISOCOR                            [mag]
#   9 MAG_APER               Fixed aperture magnitude vector                            [mag]
#  10 MAGERR_APER            RMS error vector for fixed aperture mag.                   [mag]
#  11 FLUX_APER              Flux vector within fixed circular aperture(s)              [count]
#  12 FLUXERR_APER           RMS error vector for aperture flux(es)                     [count]
#  13 BACKGROUND             Background at centroid position                            [count]
#  14 ELLIPTICITY            1 - B_IMAGE/A_IMAGE                                       
#  15 FLAGS                  Extraction flags                                          
         1    833.495    183.195 200.9221930 +36.2166151   180.94   0.01952787 -15.8021 -12.2531   0.0096     79661.12     702.6313     1177.504    0.909  16
         2    532.887     48.584 200.9628066 +36.2302178     7.60 0.0008203201  -9.8344  -9.9696   0.0757     9723.541     677.4039     1238.719    0.398   0
         3    485.308     89.156 200.9691099 +36.2257151     6.45  0.000696287 -10.2991 -10.2345   0.0594     12411.07     678.3572     1258.447    0.296   0
         4    551.975    144.675 200.9600499 +36.2199399     6.74 0.0007272462  -9.7270  -9.8091   0.0876     8387.689     676.9487     1301.342    0.354   0
         5    620.734    165.021 200.9507813 +36.2179527     8.49 0.0009167173 -10.9068 -10.9461   0.0310     23901.73     682.6352     1323.251    0.304   0
         6    261.004    293.988 200.9987878 +36.2030248     4.20 0.0004536325  -8.8308  -9.3223   0.1370     5356.952     675.5433     1312.472    0.010   0
         7    202.645    330.361 201.0065418 +36.1989396     5.68 0.0006133238 -10.1612 -10.0413   0.0709     10387.72     677.7248     1313.608    0.165   0
         8    455.757    390.571 200.9724599 +36.1932134     4.84 0.0005220792  -9.6125  -9.8697   0.0829     8868.745     677.0314     1383.168    0.161   0
         9    839.070    486.472 200.9208466 +36.1840158     9.45  0.001019539 -11.2984 -11.2521   0.0235     31682.93      685.554     1310.974    0.120   0
        10    888.176    888.129 200.9134714 +36.1409616    58.15  0.006275798 -13.8281 -12.4792   0.0079     98104.48     709.3262     545.8235    0.146  16
        11    173.127    789.886 201.0095398 +36.1494335     4.40 0.0004750427  -9.0047 -10.4313   0.0496     14877.47     679.3979     1329.902    0.220   0
        12    182.696    543.188 201.0087727 +36.1759923     4.60 0.0004965723 -10.4348 -10.6241   0.0416     17768.21     680.3475      1362.65    0.140   0
        13    320.851    475.304 200.9903830 +36.1837031     4.61 0.0004976168 -10.3995 -10.4131   0.0504     14629.38      679.231      1385.29    0.120   0
        14    898.243    448.884 200.9129827 +36.1882285     4.25 0.0004591516 -11.4417  99.0000  99.0000    -7292.627     673.8821     1014.888    0.093   0
        15    457.374    503.072 200.9720133 +36.1811195     4.40 0.0004748385 -12.2041 -12.2560   0.0096     79875.19     702.8536     1398.411    0.098   0
        16    840.968    830.583 200.9199138 +36.1470144    78.45  0.008467366 -13.8210 -12.8268   0.0058     135122.8     722.0419     1081.755    0.485  16
        17    112.474    724.263 201.0178101 +36.1563096     4.89 0.0005280954  -8.7554  -8.4884   0.2949     2485.227     674.7463     1327.623    0.032   0
        18    800.053    800.304 200.9254595 +36.1501527    13.89  0.001499176 -12.1978 -11.5664   0.0177     42321.75     689.3668     1340.267    0.134   0
        19    877.913    630.590 200.9153529 +36.1686287     4.34 0.0004680279 -11.7911  -9.7115   0.0958     7666.763     676.6254     1230.677    0.087   0
        20    444.564    543.498 200.9736489 +36.1767344     4.28 0.0004619743 -12.0870 -12.1706   0.0103     73832.77     700.6094     1398.327    0.092   0
        21    798.787    565.429 200.9260938 +36.1754083     3.35 0.0003614792  -7.4528  99.0000  99.0000    -7451.653     673.5198     1391.845    0.398   0
