#   1 NUMBER                 Running object number                                     
#   2 X_IMAGE                Object position along x                                    [pixel]
#   3 Y_IMAGE                Object position along y                                    [pixel]
#   4 ALPHA_J2000            Right ascension of barycenter (J2000)                      [deg]
#   5 DELTA_J2000            Declination of barycenter (J2000)                          [deg]
#   6 FWHM_IMAGE             FWHM assuming a gaussian core                              [pixel]
#   7 FWHM_WORLD             FWHM assuming a gaussian core                              [deg]
#   8 MAG_BEST               Best of MAG_AUTO and MAG_ISOCOR                            [mag]
#   9 MAG_APER               Fixed aperture magnitude vector                            [mag]
#  10 MAGERR_APER            RMS error vector for fixed aperture mag.                   [mag]
#  11 FLUX_APER              Flux vector within fixed circular aperture(s)              [count]
#  12 FLUXERR_APER           RMS error vector for aperture flux(es)                     [count]
#  13 BACKGROUND             Background at centroid position                            [count]
#  14 ELLIPTICITY            1 - B_IMAGE/A_IMAGE                                       
#  15 FLAGS                  Extraction flags                                          
         1     10.060     81.548 200.8918908 +36.1189289    62.34  0.006725882 -13.2932 -12.4366   0.0073     94329.57     634.2511     425.0242    0.612  24
         2    143.224     87.048 200.8740473 +36.1187193    39.72  0.004285648 -12.8140 -11.5853   0.0165     43065.81     653.2812     1122.281    0.721   0
         3    192.186     30.154 200.8675912 +36.1249787    30.89  0.003332368 -12.1039 -11.6089   0.0161     44011.06     653.6077     706.2115    0.198   1
         4    136.467     10.859 200.8750884 +36.1268951    85.49  0.009223846 -14.4962 -13.2525   0.0037     199986.4     682.2193     322.6544    0.744  24
         5    290.219     30.896 200.8544599 +36.1251777     4.80 0.0005173876  -9.9588  99.0000  99.0000    -38806.19     636.6774     923.2975    0.284   0
         6     64.978    108.154 200.8844881 +36.1162250    17.16  0.001851632  -9.7266  99.0000  99.0000    -11944.64     636.6053      829.132    0.656   0
         7    377.402     86.802 200.8426855 +36.1194110     4.92 0.0005303929 -11.3795 -11.3661   0.0201     35192.91     650.1026     1260.202    0.110   0
         8    539.285     94.216 200.8209923 +36.1190687     8.80 0.0009491499  -9.9249  -9.9823   0.0707      9838.41     640.4573     1282.464    0.070   0
         9    513.212    121.375 200.8244374 +36.1160744     3.43 0.0003705069  -8.4547  -7.7290   0.5601     1234.797      636.856     1315.537    0.408   0
        10    729.795    202.794 200.7952955 +36.1079203     9.11 0.0009827408 -10.2993 -10.5059   0.0438     15935.32     642.6901     1297.888    0.397   0
        11     78.050    255.026 200.8824734 +36.1004647    11.45  0.001235583 -11.0834 -11.4636   0.0184     38498.67     651.5486      1235.06    0.361   1
        12     73.745    246.674 200.8830648 +36.1013507    18.73   0.00202043 -12.6634 -11.5347   0.0172      41103.5     652.5474     1210.367    0.433   2
        13     78.580    231.204 200.8824452 +36.1030286     3.45 0.0003723841  -9.4738 -11.3793   0.0198     35623.78     650.1801     1240.882    0.413   0
        14     76.091    238.943 200.8827646 +36.1021890     6.45 0.0006963638  -8.6429 -11.4528   0.0186     38116.09     651.4899     1222.576    0.456   3
        15    308.719    261.980 200.8515762 +36.1003742     4.29 0.0004626307 -12.7326 -12.7832   0.0057     129805.8     685.7557     1350.306    0.045   0
        16     78.065    302.714 200.8823856 +36.0953354     7.00 0.0007550474 -10.9048 -11.3283   0.0208     33988.76     649.9041     1234.756    0.611   0
        17     82.387    336.789 200.8817457 +36.0916826     3.45 0.0003717773  -9.3516 -11.2067   0.0232     30387.74     648.2344     1257.889    0.411   0
        18     76.506    360.014 200.8824912 +36.0891676     4.62 0.0004982966 -10.0581 -11.3495   0.0204      34657.1     650.1611     1224.941    0.591   0
        19     78.245    370.003 200.8822404 +36.0880982     4.39 0.0004731817  -9.9197 -11.3744   0.0199     35460.73     650.2409      1229.89    0.644   2
        20     76.582    392.889 200.8824219 +36.0856318     6.70 0.0007230102 -10.7819 -11.4128   0.0192     36739.78     650.9439     1220.643    0.425   0
        21     79.784    422.414 200.8819402 +36.0824652     3.73 0.0004025594  -9.4050 -11.3064   0.0212     33307.82     649.3773     1235.927    0.830   0
        22    689.086    425.975 200.8003704 +36.0838015     3.89 0.0004191758  -9.9864 -10.1037   0.0633     11002.46     640.9294     1283.968    0.017   0
        23    330.303    439.950 200.8483744 +36.0812926     4.78 0.0005152649  -8.8603  -9.2876   0.1337     5188.368     638.6934     1341.458    0.182   0
        24   1024.204    442.892 200.7554814 +36.0829039     4.34 0.0004679653 -10.3281 -10.2278   0.0481        12335     545.8539     1121.378    0.132  16
        25     78.558    480.323 200.8820003 +36.0762329     4.94  0.000533064 -10.0810 -11.3233   0.0209     33832.64     649.7911      1225.46    0.395   0
        26    719.295    491.367 200.7962165 +36.0768515     3.76 0.0004056337 -11.3231 -11.4212   0.0191     37022.32     650.9996     1250.066    0.018   0
        27     76.744    522.562 200.8821672 +36.0716844     4.28 0.0004622588 -12.0611 -12.0903   0.0105     68565.85     663.0543      1210.59    0.199   0
        28     85.004    870.883 200.8804363 +36.0342422     5.91 0.0006372953 -10.4464 -11.3691   0.0200     35289.11     650.2807     1155.284    0.451   0
        29    354.864   1008.878 200.8440935 +36.0201669     3.33  0.000359784  -8.5621  -8.2446   0.3487     1985.433     637.4565     1178.047    0.033   0
        30     85.599    818.643 200.8804505 +36.0398628     7.87 0.0008487952 -11.1147 -11.3848   0.0197     35803.75     650.3727     1185.176    0.646   0
        31    673.837    772.685 200.8018266 +36.0464661     4.30 0.0004643442  -8.3415  -8.5581   0.2613     2649.936     637.6811     1165.791    0.292   0
        32     83.428    731.856 200.8808967 +36.0491916    14.27  0.001540098 -12.2417 -11.4582   0.0185     38308.25     651.5636     1203.173    0.420   0
        33     77.595    627.157 200.8818653 +36.0604364     6.65 0.0007177735 -10.7134 -11.4166   0.0192     36868.69     650.8172     1203.559    0.749   0
        34     76.592    614.072 200.8820230 +36.0618410     8.28 0.0008931341 -11.1402 -11.4028   0.0194     36402.41     650.7262      1200.38    0.444   0
        35    185.192    799.624 200.8671598 +36.0421932     3.80  0.000409573  -8.6542  -9.5425   0.1058     6561.325     638.9256     1285.948    0.074   0
        36    596.217    860.090 200.8120636 +36.0368485     3.38 0.0003643826 -10.2968 -10.4627   0.0456     15313.53     642.6801     1162.261    0.047   0
        37     79.147    678.678 200.8815650 +36.0548992    21.15  0.002282219 -12.8549 -11.5597   0.0169     42061.24     652.9844     1196.569    0.371   2
        38    636.025    880.208 200.8067038 +36.0347955     3.48 0.0003755377  -9.2140  -9.1923   0.1458     4752.584     638.2175     1134.189    0.089   0
        39     78.545    757.184 200.8815046 +36.0464532     5.43 0.0005863013 -10.4288 -11.4721   0.0182     38800.75     651.6821     1169.093    0.336   0
        40    655.222    975.984 200.8039738 +36.0245470     3.70 0.0003992314 -10.5908 -10.7258   0.0358     19512.85     644.0446     1078.267    0.127   0
        41     81.357    776.991 200.8810928 +36.0443308    12.48  0.001345995 -12.0367 -11.4544   0.0185     38174.04     651.3361     1173.166    0.408   2
        42     79.509    902.737 200.8811143 +36.0308001     9.47  0.001021981 -11.4053 -11.4255   0.0190     37169.54     651.1442     1108.912    0.186   0
        43     85.241    571.416 200.8809422 +36.0664539     7.57 0.0008164379 -10.6352 -11.0813   0.0260     27070.89     647.0426     1257.241    0.188   0
        44     79.449    853.228 200.8812111 +36.0361252     4.74 0.0005109548 -10.1198 -11.3421   0.0205     34421.93     649.9825     1129.274    0.626   0
        45     80.521    883.210 200.8810140 +36.0329033     8.69 0.0009380581 -11.3421 -11.3960   0.0195     36173.16     650.6558     1125.626    0.697   0
