#   1 NUMBER                 Running object number                                     
#   2 X_IMAGE                Object position along x                                    [pixel]
#   3 Y_IMAGE                Object position along y                                    [pixel]
#   4 ALPHA_J2000            Right ascension of barycenter (J2000)                      [deg]
#   5 DELTA_J2000            Declination of barycenter (J2000)                          [deg]
#   6 FWHM_IMAGE             FWHM assuming a gaussian core                              [pixel]
#   7 FWHM_WORLD             FWHM assuming a gaussian core                              [deg]
#   8 MAG_BEST               Best of MAG_AUTO and MAG_ISOCOR                            [mag]
#   9 MAG_APER               Fixed aperture magnitude vector                            [mag]
#  10 MAGERR_APER            RMS error vector for fixed aperture mag.                   [mag]
#  11 FLUX_APER              Flux vector within fixed circular aperture(s)              [count]
#  12 FLUXERR_APER           RMS error vector for aperture flux(es)                     [count]
#  13 BACKGROUND             Background at centroid position                            [count]
#  14 ELLIPTICITY            1 - B_IMAGE/A_IMAGE                                       
#  15 FLAGS                  Extraction flags                                          
         1    840.158     81.058 238.0185037 +32.9336020   144.73   0.01555147 -15.2384 -13.2209   0.0040     194252.9     714.1871     983.7489    0.599  16
         2    826.346     10.246 238.0204000 +32.9411464    92.92  0.009984713 -14.1319 -13.1413   0.0041     180522.2     674.2734     332.2692    0.803  24
         3     55.790      4.979 238.1194174 +32.9397027     0.00            0  -7.8264  99.0000  99.0000    -1363.158     532.3962     740.6234    0.043  16
         4    490.598     50.925 238.0634683 +32.9359271     4.21 0.0004520774  -9.4853  99.0000  99.0000    -10710.76     642.4925     1074.829    0.102   0
         5    247.501     75.490 238.0946575 +32.9326622     9.88  0.001061094 -11.3215 -11.3259   0.0210     33912.32     655.7869     1153.842    0.095   0
         6    182.492     81.018 238.1029995 +32.9318992     3.75 0.0004024911  -9.5751 -11.3203   0.0211     33736.95      655.631     1164.907    0.380   0
         7    110.132     83.567 238.1122913 +32.9314351     4.47 0.0004806777  -9.8266 -11.4043   0.0196     36451.31     656.6118     1151.392    0.310   0
         8     77.795     84.605 238.1164439 +32.9312382     3.44 0.0003700544  -9.4369 -11.2991   0.0215     33085.53     655.1329     1149.561    0.406   0
         9     63.710    120.562 238.1181874 +32.9273521     4.33 0.0004647672 -13.7247 -13.7587   0.0026     318766.8     756.4721     1215.072    0.030   0
        10    728.518    129.869 238.0327625 +32.9280917     4.00 0.0004303338 -10.0578  99.0000  99.0000    -4682.501     642.6743     1360.406    0.110   0
        11    750.363    134.519 238.0299480 +32.9276500     4.09   0.00043979  -9.7340  99.0000  99.0000    -13281.52     642.6016     1360.356    0.067   0
        12    371.022    150.710 238.0786531 +32.9249348     4.25 0.0004569475  -9.2531  -9.7823   0.0857     8183.145     645.7592     1329.806    0.087   0
        13    699.515    197.833 238.0363704 +32.9207424     4.71 0.0005057029 -11.7758 -11.8766   0.0128     56317.23     664.1325     1360.859    0.076   0
        14    476.137    189.462 238.0650805 +32.9210610     4.93 0.0005300815  -9.2459  -9.8933   0.0774     9063.875     646.1182      1344.98    0.099   0
        15    321.298    193.002 238.0849649 +32.9202779     4.35 0.0004670539  -9.7505  -9.8994   0.0770     9114.902     645.9752     1320.538    0.117   0
        16    110.918    261.822 238.1118640 +32.9123574     4.22 0.0004532397 -13.7050 -13.7496   0.0026     316105.2     755.6538     1239.788    0.034   0
        17    760.689    282.592 238.0283652 +32.9118270     4.23 0.0004549262 -12.1299 -12.2182   0.0095     77136.92      671.924     1360.252    0.064   0
        18      4.798    323.436 238.1253810 +32.9054807     5.41 0.0005811007  -8.7712  -8.5467   0.2199     2622.377     530.9485     1180.717    0.190  16
        19    579.710    333.545 238.0515222 +32.9059073     4.13 0.0004442881 -11.2029 -11.2892   0.0217     32784.49     655.2321     1346.892    0.060   0
        20    286.126    347.184 238.0892051 +32.9036824     4.16 0.0004466472 -11.0630 -11.1274   0.0251     28246.64      653.552     1310.731    0.056   0
        21     41.869    350.673 238.1205696 +32.9026639     4.33 0.0004647942  -9.1415  -9.3645   0.1258     5569.086     644.8551     1199.522    0.133   0
        22    449.330    388.129 238.0681711 +32.8997264     4.16 0.0004466375 -10.7567 -10.9050   0.0307      23014.5     651.5833     1331.436    0.076   0
        23    509.952    438.986 238.0602955 +32.8944403     4.14 0.0004453781 -12.0724 -12.0610   0.0109     66745.08     667.9939      1332.37    0.065   0
        24    157.235    456.360 238.1055602 +32.8916572     4.33 0.0004655733  -9.8326  -9.8585   0.0799     8777.814     646.0436     1246.982    0.099   0
        25    268.664    498.205 238.0911752 +32.8874717     4.17 0.0004486104 -12.3677 -12.4179   0.0079     92718.66     677.6449     1289.791    0.065   0
        26     11.928    499.480 238.1241404 +32.8866566     4.61 0.0004950414 -10.4649 -10.4914   0.0433     15724.38      626.967     1160.295    0.067  16
        27    884.574    935.961 238.0113360 +32.8422081    75.02  0.008061294 -14.3236 -11.8181   0.0135     53361.62     662.9838     1082.049    0.838  18
        28    438.632    505.874 238.0693356 +32.8870954     4.45 0.0004778922  -9.6272  -9.2940   0.1341     5219.333     644.6289     1322.457    0.150   0
        29    778.116    519.644 238.0257176 +32.8864981     4.68 0.0005027145  -8.5112  -8.4047   0.3038     2300.736     643.5868     1341.908    0.295   0
        30    858.337    796.422 238.0149422 +32.8570773     4.62 0.0004968882 -11.9674 -12.1322   0.0102     71267.12     669.7539     1240.723    0.115   0
        31    799.155   1023.837 238.0221482 +32.8325842     4.12 0.0004432182  -9.7845  -9.4304   0.1016     5917.718     553.4123     1142.136    0.095  16
        32    886.713   1000.979 238.0109504 +32.8352542     6.79 0.0007295809 -10.8869 -11.4576   0.0186     38286.99     657.3281     1054.821    0.318   2
        33    882.160    719.108 238.0120162 +32.8654135    26.23  0.002818058 -13.1881 -11.6350   0.0159     45082.38     659.8898     1202.051    0.440   2
        34    718.951    714.495 238.0329772 +32.8654901     6.88 0.0007394996  -9.7868  -9.9700   0.0722     9727.146     646.4109      1296.49    0.271   0
        35    128.829    637.311 238.1088775 +32.8722138     4.67 0.0005022643  -9.9503 -10.2561   0.0555     12659.67      647.508     1186.624    0.031   0
        36    300.336    761.830 238.0866338 +32.8593373     4.18 0.0004486656 -10.7919 -10.8408   0.0326     21692.76     651.0401     1195.305    0.056   0
        37    906.948    628.965 238.0089875 +32.8751253     4.02 0.0004316586 -10.9819  -9.6726   0.0948     7396.953     645.5272     1116.243    0.037   0
        38    883.370    639.214 238.0119973 +32.8739683    11.01    0.0011829 -11.7054 -11.4632   0.0185     38483.98      657.172     1226.728    0.158   0
        39    882.741    808.314 238.0117891 +32.8558665    49.28  0.005295016 -14.3853 -11.7499   0.0143     50114.43     661.8641     1158.858    0.780   2
        40    882.833    620.914 238.0120975 +32.8759257    11.68  0.001255028 -11.7447 -11.4045   0.0196     36458.29     656.6144     1231.594    0.725   0
        41    881.130    607.734 238.0123388 +32.8773321     6.87 0.0007380664 -10.8197 -11.3536   0.0205      34788.5     656.0318     1244.647    0.711   2
        42    379.497    705.802 238.0765719 +32.8655415     4.10 0.0004400435 -12.7059 -12.7647   0.0059     127612.6     690.3305     1247.704    0.049   0
        43     52.179    775.387 238.1184648 +32.8572315     1.97 0.0002114066  -7.3195  99.0000  99.0000    -4301.337     642.3652     1091.301    0.381   0
        44    630.615    787.772 238.0441898 +32.8574193     4.30 0.0004617175  -8.4820  -8.2383   0.3539     1973.814     643.1329     1250.518    0.311   0
        45    809.295    871.790 238.0211081 +32.8488849     4.05 0.0004355552 -12.7191 -12.7496   0.0060     125850.6     689.8276     1222.988    0.034   0
        46    880.895    683.108 238.0122401 +32.8692637    18.33  0.001969461 -12.6859 -11.5101   0.0178     40182.09      658.155     1222.214    0.425   2
        47    357.565   1010.707 238.0788420 +32.8328481     4.04 0.0004335722  -8.5115  99.0000  99.0000    -27.15682      642.547     1036.547    0.507   0
        48    882.969    668.773 238.0119983 +32.8708033    17.90  0.001923022 -12.4016 -11.4961   0.0180     39668.69     657.7823     1218.617    0.449   2
