#   1 NUMBER                 Running object number                                     
#   2 X_IMAGE                Object position along x                                    [pixel]
#   3 Y_IMAGE                Object position along y                                    [pixel]
#   4 ALPHA_J2000            Right ascension of barycenter (J2000)                      [deg]
#   5 DELTA_J2000            Declination of barycenter (J2000)                          [deg]
#   6 FWHM_IMAGE             FWHM assuming a gaussian core                              [pixel]
#   7 FWHM_WORLD             FWHM assuming a gaussian core                              [deg]
#   8 MAG_BEST               Best of MAG_AUTO and MAG_ISOCOR                            [mag]
#   9 MAG_APER               Fixed aperture magnitude vector                            [mag]
#  10 MAGERR_APER            RMS error vector for fixed aperture mag.                   [mag]
#  11 FLUX_APER              Flux vector within fixed circular aperture(s)              [count]
#  12 FLUXERR_APER           RMS error vector for aperture flux(es)                     [count]
#  13 BACKGROUND             Background at centroid position                            [count]
#  14 ELLIPTICITY            1 - B_IMAGE/A_IMAGE                                       
#  15 FLAGS                  Extraction flags                                          
         1      9.892     81.286 237.9944862 +32.9336570    60.57  0.006506545 -13.1855 -12.3163   0.0078     84435.07     603.6884     437.4159    0.612  24
         2    138.555     90.953 237.9779262 +32.9329509    30.29  0.003253731 -12.3810 -11.4592   0.0177     38340.88     623.8693     1086.204    0.577   2
         3    193.029     30.033 237.9710228 +32.9396016    27.70  0.002975794 -11.5944 -11.4050   0.0186     36475.92     623.0711     695.7271    0.179   0
         4    136.312     10.827 237.9783480 +32.9415112    85.09  0.009141502 -14.3972 -13.1510   0.0039     182131.5     651.4319     341.0725    0.744  24
         5    914.964     90.371 237.8780928 +32.9349420     4.83 0.0005191676 -11.9353 -11.8850   0.0121     56752.95     631.1711     1107.187    0.080   0
         6     64.290    109.925 237.9874436 +32.9307341    16.69  0.001793435  -9.9756  99.0000  99.0000    -8226.363     608.3455     802.9229    0.470   2
         7    421.122     93.213 237.9415892 +32.9334205     4.86 0.0005216876 -11.5021 -11.5774   0.0159     42750.77      625.567     1219.408    0.029   0
         8     81.308    124.044 237.9852318 +32.9292680     9.85  0.001058621 -11.2390 -11.2408   0.0215     31355.19     621.0299     976.4838    0.488   0
         9    986.505    196.669 237.8687306 +32.9237517     5.05 0.0005423559 -14.6968 -14.7270   0.0012     777704.5     871.1696     1141.155    0.061   0
        10    155.594    130.215 237.9756700 +32.9287967     3.42 0.0003672065  -7.7634  99.0000  99.0000    -15269.03     608.0357     1249.619    0.402   0
        11    551.966    141.174 237.9246880 +32.9286189     4.80 0.0005156144 -10.8977 -10.7331   0.0341     19643.81     616.2804     1246.304    0.108   0
        12     74.673    239.604 237.9858915 +32.9168970     8.96  0.000962563 -11.1653 -11.4124   0.0184     36725.48     623.1376     1150.754    0.696   2
        13    180.949    257.714 237.9721988 +32.9152305     4.81 0.0005172512 -11.8385 -11.9049   0.0119     57803.47       631.67     1277.042    0.070   0
        14     78.970    254.129 237.9853148 +32.9153552     7.49 0.0008046622 -10.9771 -11.3547   0.0194     34825.12      622.442     1173.485    0.537  16
        15    251.192    271.926 237.9631452 +32.9138885     4.74 0.0005088445  -9.3607  -9.3859   0.1167      5680.16     610.5725     1276.541    0.279   0
        16    566.997    412.349 237.9223224 +32.8996658    24.67  0.002650532 -16.9633 -16.9668   0.0003      6119604     1851.939     1251.392    0.146   4
        17    884.466    310.860 237.8816731 +32.9112959     5.87 0.0006309223  -9.2236  -9.4509   0.1100     6030.703     610.7845     1159.977    0.234   0
        18    781.094    342.658 237.8949122 +32.9076439     4.84  0.000519866 -12.0806 -12.1507   0.0095     72489.41     637.4394     1194.283    0.082   0
        19     76.182    330.393 237.9855456 +32.9071950     3.45 0.0003705765  -9.3920 -11.2295   0.0217     31031.93     620.6468     1155.509    0.426   0
        20    154.149    376.352 237.9754470 +32.9024796     4.81 0.0005172138 -12.7166 -12.7682   0.0056     128022.1     658.7955     1275.284    0.070   0
        21    438.134    363.866 237.9389641 +32.9045285     3.06 0.0003290325  -9.0745  -9.6276   0.0936     7096.309     611.2891     1263.764    0.193   0
        22    785.726    375.003 237.8942661 +32.9041973     4.23 0.0004548661  -8.9000  -9.2060   0.1377     4812.798     610.1829     1184.535    0.073   0
        23    337.768    377.657 237.9518428 +32.9028029     5.70 0.0006127491  -8.9398  -9.3643   0.1191     5568.517     610.6125     1267.008    0.113   0
        24     78.497    381.129 237.9851631 +32.9017769     4.77 0.0005125829 -10.0347 -11.2875   0.0206     32733.22     621.6518     1162.516    0.268   0
        25    204.862    401.097 237.9688875 +32.8999625     4.88 0.0005238608 -11.7456 -11.8362   0.0126     54259.58      630.216     1272.968    0.091   0
        26     77.189    553.122 237.9850436 +32.8833866    23.00  0.002471294 -12.5817 -11.4717   0.0175     38788.12     623.9814     1142.738    0.383   0
        27     76.591    403.194 237.9853712 +32.8994132     3.43 0.0003689334  -9.2993 -11.2688   0.0210     32176.46     621.2088     1154.364    0.407   0
        28     72.723    410.001 237.9858570 +32.8986757     3.47 0.0003731953  -9.5667 -11.1891   0.0225     29896.76     620.4426     1130.963    0.072   0
        29     75.982    446.729 237.9853766 +32.8947575     4.30 0.0004617376  -9.7929 -11.2788   0.0208     32473.59     621.5642     1144.688    0.635   0
        30    371.518    459.674 237.9473711 +32.8941195     5.12 0.0005495097  -9.8548 -10.0397   0.0641     10372.41     612.6104      1260.45    0.156   0
        31    718.640    477.780 237.9027279 +32.8930451     1.04 0.0001118126  -7.3660  -8.1323   0.3694     1790.283     608.9433     1182.923    0.352   0
        32    961.436    503.441 237.8714827 +32.8908948     4.92 0.0005290339 -12.5523 -12.5969   0.0065       109336     651.7303     1067.691    0.051   0
        33    229.959    532.413 237.9654452 +32.8859874     7.60 0.0008162906  -9.2655  -9.5585   0.0996     6658.631     610.9045      1261.15    0.362   0
        34     82.168    886.988 237.9838461 +32.8477071     6.87 0.0007383003 -10.7746 -11.3282   0.0199     33984.94     621.9025     1070.169    0.467   0
        35     86.197    994.952 237.9831483 +32.8361754     7.47 0.0008024349 -10.8032 -10.9242   0.0286      23425.8      617.711     1050.154    0.202   0
        36     84.103    950.338 237.9834917 +32.8409395     5.11 0.0005485098 -10.0424 -11.2223   0.0219     30827.51     620.8512     1054.132    0.737   0
        37    720.872    884.386 237.9018019 +32.8495817     5.05 0.0005428955 -11.7505 -11.8034   0.0130     52646.66     629.5759      1032.95    0.084   0
        38    776.818    837.283 237.8946885 +32.8547546     5.03 0.0005406029 -10.6570 -10.7126   0.0347     19276.36     616.1823     1024.118    0.096   0
        39    748.786    652.698 237.8985791 +32.8744192     5.15 0.0005537425  -9.5337  -9.6687   0.0901     7370.396     611.3156     1112.115    0.139   0
        40     80.201    654.185 237.9844876 +32.8725900     5.75 0.0006180695 -10.4113 -11.3312   0.0198     34078.53     621.8223     1144.427    0.516   0
        41     79.121    664.223 237.9846097 +32.8715142    10.80   0.00116069 -11.7180 -11.3956   0.0187     36159.48     622.9945     1136.359    0.415   2
        42     78.126    828.125 237.9844637 +32.8539896     4.53 0.0004861293  -9.8699 -11.2772   0.0208     32425.74     621.5955     1074.213    0.204   0
        43     81.132    808.712 237.9841099 +32.8560726     3.49 0.0003750488  -9.7754 -11.3847   0.0189     35798.36        622.9     1097.773    0.314   0
        44    152.947    814.696 237.9748738 +32.8556150     5.00 0.0005370145 -11.7425 -11.7943   0.0131     52204.64     629.4003     1204.029    0.098   0
        45    531.995    670.582 237.9264077 +32.8719722     5.29 0.0005686303  -9.1677  -9.3100   0.1251     5296.552     610.1752     1199.058    0.270   0
        46    706.811    674.983 237.9039378 +32.8719337     5.02 0.0005393251  -8.6335  -8.3504   0.3022     2188.613     608.9521     1123.985    0.190   0
        47     82.210    723.406 237.9841139 +32.8651950     6.43 0.0006902683 -10.6346 -11.3318   0.0198     34097.82      621.931     1135.806    0.377   2
        48    686.612    696.228 237.9064997 +32.8696128     4.93 0.0005292912 -11.4533 -11.4887   0.0172     39399.61      624.025     1125.357    0.065   0
        49     78.415    692.637 237.9846529 +32.8684748     7.85 0.0008431547 -10.9310 -11.4274   0.0182     37236.78     623.3091     1122.603    0.705   2
        50     75.006    613.502 237.9852232 +32.8769261     3.77 0.0004052514  -9.5069 -11.2545   0.0212     31755.19     621.0898     1125.094    0.388   0
        51    586.407    953.956 237.9189650 +32.8418126     5.09 0.0005467937  -9.8124  -9.9106   0.0722     9209.992     611.9476     1062.141    0.062   0
        52    651.054   1008.487 237.9105748 +32.8361426     5.07 0.0005449134 -12.4188 -12.4558   0.0073     96010.73     646.5823     1012.899    0.064   0
        53    312.233    582.033 237.9547907 +32.8808898     5.56 0.0005974259  -9.6204  -9.7538   0.0833     7971.092      611.544     1253.328    0.218   0
        54    612.494    545.998 237.9162619 +32.8854904     3.73 0.0004004198  -8.2415  -8.3877   0.2920      2264.98     609.1038     1206.595    0.375   0
        55     99.369    557.075 237.9821866 +32.8830203     5.32 0.0005716656  -8.9320  -9.2580   0.1313     5049.091     610.3655     1258.117    0.287   0
        56    752.068    948.860 237.8976935 +32.8427656     5.00 0.0005366949 -12.5727 -12.6127   0.0064     110935.1     652.2792     986.3336    0.075   0
        57    577.768    569.232 237.9206877 +32.8829207     7.31 0.0007854252  -9.4588  -9.6591   0.0909     7305.157     611.2889     1211.223    0.234   0
        58     84.974    772.288 237.9836772 +32.8599763     8.30 0.0008915589 -11.1457 -11.3464   0.0196     34560.48     622.3357     1134.092    0.445   0
        59    437.920    620.661 237.9385766 +32.8770749     4.92 0.0005290092 -12.5193 -12.5773   0.0066     107376.1     651.0262     1236.129    0.075   0
