#   1 NUMBER                 Running object number                                     
#   2 X_IMAGE                Object position along x                                    [pixel]
#   3 Y_IMAGE                Object position along y                                    [pixel]
#   4 ALPHA_J2000            Right ascension of barycenter (J2000)                      [deg]
#   5 DELTA_J2000            Declination of barycenter (J2000)                          [deg]
#   6 FWHM_IMAGE             FWHM assuming a gaussian core                              [pixel]
#   7 FWHM_WORLD             FWHM assuming a gaussian core                              [deg]
#   8 MAG_BEST               Best of MAG_AUTO and MAG_ISOCOR                            [mag]
#   9 MAG_APER               Fixed aperture magnitude vector                            [mag]
#  10 MAGERR_APER            RMS error vector for fixed aperture mag.                   [mag]
#  11 FLUX_APER              Flux vector within fixed circular aperture(s)              [count]
#  12 FLUXERR_APER           RMS error vector for aperture flux(es)                     [count]
#  13 BACKGROUND             Background at centroid position                            [count]
#  14 ELLIPTICITY            1 - B_IMAGE/A_IMAGE                                       
#  15 FLAGS                  Extraction flags                                          
         1    851.121     87.076 200.9158540 +36.1180118   121.53   0.01311775 -14.8238 -12.5951   0.0053     109156.5     534.5315     774.3063    0.513  19
         2    817.588     46.083 200.9204209 +36.1223296    67.30  0.007264435 -13.3836 -11.9258   0.0094     58929.78     510.3594     630.0723    0.819  19
         3    824.092      9.601 200.9196135 +36.1262721    84.46  0.009116395 -13.6192 -12.4339   0.0057     94096.93     495.9375     430.3906    0.796  24
         4    680.403    202.954 200.9385283 +36.1050753     5.47 0.0005900253 -15.4833 -15.5117   0.0007      1602060     1015.845     976.5423    0.087   4
         5    767.590    200.608 200.9268485 +36.1055686     5.03 0.0005431882 -15.0098 -15.0419   0.0009      1039376     866.3405     977.8024    0.069   0
         6    120.530    211.716 201.0135389 +36.1025585     4.80 0.0005181982 -13.2323 -13.2796   0.0031     205045.5     577.6064     913.2355    0.051   0
         7    543.993    209.839 200.9567960 +36.1039554     5.65 0.0006103749  -8.5589  -9.1304   0.1168     4488.909     482.9017     969.3094    0.141   0
         8    332.540    273.652 200.9850139 +36.0964974     5.05 0.0005450163  -8.6163  -8.3658   0.2357     2219.913     481.7663     954.8257    0.112   0
         9    907.400    278.063 200.9079769 +36.0976202     4.63 0.0004994278  -8.1643  99.0000  99.0000    -24354.29     480.5721     847.0424    0.382   0
        10    621.715    334.102 200.9461570 +36.0908040     4.79 0.0005165706 -10.8888 -10.9835   0.0217      24739.7     493.4199     968.8342    0.121   0
        11    261.452    380.534 200.9943398 +36.0847984     7.98 0.0008612915  -9.4433  -9.4563   0.0867     6060.552     483.7552     940.3928    0.188   0
        12    197.851    443.333 201.0027427 +36.0778624     6.37 0.0006877726  -9.0256  -9.0055   0.1310     4001.436     482.6628     922.8456    0.448   0
        13     25.755    492.077 201.0257037 +36.0721276     6.72 0.0007253956  -9.1107  -9.0685   0.1237     4240.346     482.8948     871.7822    0.243   0
        14    139.606    532.767 201.0103764 +36.0680757     4.70 0.0005070612 -12.9661 -13.0123   0.0038     160296.3      557.691     900.1833    0.113   0
        15    884.165    866.168 200.9100608 +36.0342898     5.53 0.0005973444 -10.0990 -11.0978   0.0195     27486.68     494.7569     849.1426    0.468   2
        16    884.866    947.395 200.9098249 +36.0255535     7.42 0.0008008467 -10.5937 -11.0975   0.0196     27478.08     494.7394     825.1141    0.590   0
        17    882.827    891.490 200.9101956 +36.0315620     7.31 0.0007892574 -10.6970 -11.0946   0.0196      27406.5     494.7296     843.6497    0.539   0
        18    109.949    884.710 201.0136830 +36.0301307     6.49 0.0007009724  -9.0701  -9.2018   0.1095     4794.057     483.1814     785.7063    0.109   0
        19    885.574    823.922 200.9099461 +36.0388383     5.48 0.0005917063  -9.9749 -11.0044   0.0213     25220.89     493.6372     855.7161    0.489   0
        20    221.693    722.856 200.9990255 +36.0478602     4.77 0.0005152639 -10.2879 -10.2826   0.0408     12973.31     487.4218     879.1895    0.228   0
        21    538.377    707.022 200.9566465 +36.0504545     5.62 0.0006068015 -10.0519 -10.0988   0.0482     10953.12     486.1964     930.3234    0.043   0
        22    888.185    964.544 200.9093506 +36.0237178     5.44 0.0005873207 -10.0080 -11.0369   0.0206     25986.06     494.0246     815.9991    0.334   0
        23     46.975    776.078 201.0223206 +36.0416369     4.33 0.0004672453  -8.5042  -8.5905   0.1918     2730.136     482.1123     819.0538    0.255   0
        24    531.895    727.943 200.9574766 +36.0481858     3.87 0.0004180815  -9.5853  -9.5369   0.0805     6527.838     484.1317     924.4783    0.090   0
        25    882.113    759.828 200.9105216 +36.0457239     6.61 0.0007132728 -10.3296 -10.9994   0.0214      25105.2     493.5653     879.9078    0.706   0
        26    766.561    599.091 200.9262800 +36.0626981     4.23 0.0004566565 -10.3357 -10.4506   0.0350     15143.69     488.4668     959.5148    0.127   0
        27    486.743    673.953 200.9636214 +36.0538677     4.05 0.0004373716 -10.1643 -10.2290   0.0428     12347.74      487.074     932.6552    0.062   0
        28    704.992    565.574 200.9345861 +36.0661338     4.65 0.0005018296  -8.6563  -8.8136   0.1562     3352.994     482.2048     960.8809    0.140   0
        29    460.254    665.227 200.9671848 +36.0547323     4.66 0.0005031573  -8.2305  -8.4881   0.2107      2484.45      482.012     931.7543    0.324   0
        30     15.301    968.056 201.0261953 +36.0208940     1.90 0.0002047058  -8.5905 -10.2686   0.0413     12807.22     487.0414     556.6575    0.161   0
        31    893.670    901.848 200.9087259 +36.0304774     4.53 0.0004893799 -10.9233 -10.9988   0.0214     25091.81     493.4923     819.0753    0.091   0
