#   1 NUMBER                 Running object number                                     
#   2 X_IMAGE                Object position along x                                    [pixel]
#   3 Y_IMAGE                Object position along y                                    [pixel]
#   4 ALPHA_J2000            Right ascension of barycenter (J2000)                      [deg]
#   5 DELTA_J2000            Declination of barycenter (J2000)                          [deg]
#   6 FWHM_IMAGE             FWHM assuming a gaussian core                              [pixel]
#   7 FWHM_WORLD             FWHM assuming a gaussian core                              [deg]
#   8 MAG_BEST               Best of MAG_AUTO and MAG_ISOCOR                            [mag]
#   9 MAG_APER               Fixed aperture magnitude vector                            [mag]
#  10 MAGERR_APER            RMS error vector for fixed aperture mag.                   [mag]
#  11 FLUX_APER              Flux vector within fixed circular aperture(s)              [count]
#  12 FLUXERR_APER           RMS error vector for aperture flux(es)                     [count]
#  13 BACKGROUND             Background at centroid position                            [count]
#  14 ELLIPTICITY            1 - B_IMAGE/A_IMAGE                                       
#  15 FLAGS                  Extraction flags                                          
         1     10.094     81.353 200.8915033 +36.1190961    62.16  0.006688173 -13.2893 -12.4241   0.0074     93251.36     633.4682     435.9526    0.609  24
         2    192.673     29.900 200.8672555 +36.1251213    30.56  0.003287957 -12.0944 -11.5921   0.0164     43333.17     652.5928     717.8304    0.257   1
         3    136.458     10.864 200.8747891 +36.1270135    85.58  0.009208004 -14.4858 -13.2391   0.0037     197526.5     680.5427     332.7837    0.745  24
         4    288.551     31.298 200.8544665 +36.1252307     4.70 0.0005056665  -9.9465  99.0000  99.0000    -40861.18     635.7217     932.0998    0.261   0
         5    139.426     89.480 200.8742413 +36.1185763    34.56  0.003717846 -12.3940 -11.5436   0.0171     41440.86     651.7797     1124.604    0.561   2
         6     63.990    111.630 200.8842574 +36.1159911    12.39  0.001332638 -10.1339  99.0000  99.0000    -7081.021     635.4879     849.9218    0.350   2
         7    375.846     87.351 200.8427188 +36.1194443     5.04 0.0005425308 -11.3892 -11.3816   0.0198     35698.27     649.6262     1260.074    0.094   0
         8    537.479     95.133 200.8211503 +36.1190407     7.28 0.0007830064 -10.0145 -10.1526   0.0604      11508.9     640.2674      1286.24    0.075   0
         9    728.435    203.651 200.7954877 +36.1078889     8.93 0.0009612306 -10.2682 -10.5336   0.0427     16347.43     642.1539     1297.022    0.367   0
        10     75.436    232.731 200.8824956 +36.1030133     6.25 0.0006723521 -10.7170 -11.4341   0.0188      37467.2     650.2538     1215.972    0.556   2
        11     77.061    253.573 200.8822383 +36.1007788     8.53 0.0009176615 -11.2816 -11.5051   0.0177     39998.39     651.3315     1228.219    0.524   2
        12    307.100    262.508 200.8515528 +36.1004432     4.56 0.0004905019 -12.7366 -12.7946   0.0057       131166      685.465     1348.391    0.060   0
        13     78.375    300.223 200.8819724 +36.0957709     4.72 0.0005077634 -10.0153 -11.3639   0.0201     35121.45     649.2985     1233.744    0.342   0
        14     79.376    335.027 200.8817714 +36.0920349     4.54 0.0004882715 -10.0851 -11.3512   0.0203     34712.18     649.1409     1237.288    0.599   0
        15     78.305    362.380 200.8818610 +36.0890936     5.47 0.0005879956 -10.3712 -11.3972   0.0195     36214.67     649.8424     1229.026    0.539   0
        16     75.490    382.008 200.8821981 +36.0869774     5.23 0.0005630335 -10.2873 -11.4113   0.0192     36689.21     649.9898     1208.803    0.640   2
        17    687.465    426.600 200.8005418 +36.0838304     4.24 0.0004563172  -9.9435  -9.8657   0.0785     8836.779       639.08     1284.919    0.095   0
        18   1022.563    443.418 200.7558456 +36.0829002     4.49  0.000483146 -10.3641 -10.1859   0.0520     11867.28     567.9645     1122.496    0.103  16
        19    328.509    440.510 200.8483608 +36.0813790     3.58 0.0003853833  -8.9232  -9.4628   0.1137     6097.314     638.1688     1339.594    0.052   0
        20     76.111    483.331 200.8819183 +36.0760946     9.70  0.001043262 -11.4819 -11.3821   0.0198     35713.33     649.6848     1205.307    0.788   0
        21    717.710    491.925 200.7963910 +36.0768926     3.88 0.0004172787 -11.3265 -11.4053   0.0193     36486.86     649.9647     1250.321    0.027   0
        22     75.254    523.069 200.8819554 +36.0718234     4.39 0.0004720039 -12.1121 -12.0960   0.0104     68931.02     662.2055     1196.599    0.121   0
        23     82.148    878.157 200.8803472 +36.0336972     7.41  0.000797462 -11.0897 -11.4149   0.0192     36809.42     650.0712     1134.566    0.768   2
        24    353.278   1009.551 200.8439828 +36.0203166     3.36 0.0003610158  -8.6316  -8.5521   0.2624     2635.456      636.847     1178.339    0.056   0
        25    672.169    773.175 200.8019448 +36.0465591     3.22 0.0003460773  -8.1486  -8.5810   0.2555     2706.503     636.7134     1166.627    0.253   0
        26     76.984    746.474 200.8812908 +36.0478291     5.07 0.0005455228 -10.1509 -11.4225   0.0190     37069.41     650.1888     1161.116    0.390   0
        27    644.504    674.003 200.8058130 +36.0571395     3.71 0.0003995571  -8.3755  -8.8853   0.1931     3581.958     637.0391     1219.885    0.370   0
        28     76.871    657.442 200.8814788 +36.0573929     7.52 0.0008086163 -11.1817 -11.5082   0.0176     40113.27     651.3054     1189.543    0.566   2
        29     80.991    644.230 200.8809554 +36.0588235     5.07 0.0005453013 -10.2308 -11.4233   0.0190     37094.46      649.917     1217.707    0.277   2
        30     80.300    626.210 200.8810825 +36.0607574     7.23 0.0007778037 -10.8090 -11.3962   0.0195     36181.33     649.7241     1216.156    0.459   0
        31     77.798    607.589 200.8814521 +36.0627509     3.45 0.0003712397  -9.4012 -11.3825   0.0197     35725.76     649.3903     1208.047    0.420   0
        32     83.642    821.811 200.8802576 +36.0397542     6.95 0.0007478042 -10.8034 -11.4084   0.0193     36589.12     649.8281     1171.475    0.581   0
        33     84.422    800.746 200.8801946 +36.0420192     7.95  0.000855648 -11.1794 -11.4104   0.0193      36658.1     649.9954     1180.396    0.363   0
        34     84.292    772.847 200.8802660 +36.0450159     7.98 0.0008587908 -11.2215 -11.4472   0.0186     37919.86     650.5333      1191.92    0.520   0
        35     81.817    733.807 200.8806716 +36.0492030     7.91 0.0008505544 -11.1126 -11.4492   0.0186     37990.02     650.2086     1195.714    0.268   0
        36     82.833    673.216 200.8806537 +36.0557147    10.62  0.001142903 -11.6565 -11.4554   0.0185     38209.88     650.4514     1222.411    0.625   2
        37     81.571    704.215 200.8807618 +36.0523812    11.53   0.00124023 -11.7665 -11.4877   0.0180     39362.32     650.7712     1205.819    0.493   0
        38     76.690    682.814 200.8814536 +36.0546668     8.37 0.0009007855 -11.3346 -11.4983   0.0178     39748.93     651.1831     1182.246    0.737   0
        39    183.477    800.710 200.8669986 +36.0422927     3.64 0.0003911406  -8.8018  -9.4669   0.1132     6120.152     638.1956     1284.862    0.028   0
        40    653.671    976.561 200.8040358 +36.0246614     4.03  0.000434092 -10.6337 -10.7360   0.0355     19697.15     643.4211      1079.81    0.167   0
        41     82.266    896.807 200.8802953 +36.0316941     6.66 0.0007168452 -10.9073 -11.4752   0.0182     38910.18      650.861     1123.855    0.619   0
        42     83.790    572.280 200.8807222 +36.0665602     5.42 0.0005835984 -10.1913 -11.1925   0.0234     29991.04     647.3907     1249.499    0.405   0
        43    594.728    860.711 200.8121004 +36.0369505     3.62 0.0003898304 -10.3897 -10.5904   0.0405      17224.5     642.5308     1162.173    0.068   0
        44     86.563    856.326 200.8798016 +36.0360544     4.11   0.00044213  -9.7288 -11.3283   0.0207      33986.5     648.9495      1174.07    0.527   0
        45    634.103    881.037 200.8068179 +36.0348713     3.50 0.0003766163  -9.0984  -9.1338   0.1537     4503.319     637.4364     1135.088    0.032   0
