#   1 NUMBER                 Running object number                                     
#   2 X_IMAGE                Object position along x                                    [pixel]
#   3 Y_IMAGE                Object position along y                                    [pixel]
#   4 ALPHA_J2000            Right ascension of barycenter (J2000)                      [deg]
#   5 DELTA_J2000            Declination of barycenter (J2000)                          [deg]
#   6 FWHM_IMAGE             FWHM assuming a gaussian core                              [pixel]
#   7 FWHM_WORLD             FWHM assuming a gaussian core                              [deg]
#   8 MAG_BEST               Best of MAG_AUTO and MAG_ISOCOR                            [mag]
#   9 MAG_APER               Fixed aperture magnitude vector                            [mag]
#  10 MAGERR_APER            RMS error vector for fixed aperture mag.                   [mag]
#  11 FLUX_APER              Flux vector within fixed circular aperture(s)              [count]
#  12 FLUXERR_APER           RMS error vector for aperture flux(es)                     [count]
#  13 BACKGROUND             Background at centroid position                            [count]
#  14 ELLIPTICITY            1 - B_IMAGE/A_IMAGE                                       
#  15 FLAGS                  Extraction flags                                          
         1      9.612     81.833 200.8914268 +36.1178920    59.24  0.006395272 -13.0622 -12.1908   0.0082     75220.69     565.5439     450.2141    0.614  24
         2    141.881     88.626 200.8736585 +36.1174880    35.62  0.003845103 -12.5412 -11.4280   0.0172     37257.39     588.5028     1021.917    0.650   0
         3    192.383     29.706 200.8669910 +36.1239422    28.60  0.003087253 -11.8514 -11.3596   0.0182     34983.13     587.6306      676.727    0.186   1
         4    136.676     10.754 200.8745056 +36.1258419    84.12  0.009081189 -14.2679 -13.0163   0.0041       160884     612.3314     366.3487    0.742  24
         5    371.532     74.377 200.8428574 +36.1195784     4.75 0.0005132892 -11.0870 -10.1756   0.0534     11754.93     577.7121     1056.225    0.106   0
         6    533.156     81.993 200.8211468 +36.1191492     6.61 0.0007133696  -8.9260  99.0000  99.0000    -477.3568     572.3921     1071.486    0.089   0
         7     63.500    110.074 200.8841388 +36.1149907    10.81  0.001166648  -9.7160  99.0000  99.0000    -9833.389     572.5703     778.8283    0.370   2
         8    399.867     96.908 200.8390118 +36.1172261     4.10 0.0004421117  -8.9040  -9.7637   0.0778     8043.943     576.1039     1165.115    0.198   0
         9    506.152    107.968 200.8247241 +36.1162936     7.20 0.0007769873  -9.5169  -9.8499   0.0719     8708.483     576.2957     1160.302    0.192   0
        10    722.903    190.311 200.7954801 +36.1079629     8.36 0.0009029134 -10.0335 -10.2833   0.0484     12981.12     578.2264     1151.701    0.161   0
        11    302.769    249.601 200.8517595 +36.1005851     4.12 0.0004448153 -12.7591 -12.8162   0.0051     133801.5     628.0599     1193.616    0.069   0
        12     73.280    242.839 200.8825715 +36.1007502     4.36 0.0004701666  -9.7581 -11.3212   0.0189     33765.55     587.0807     1075.612    0.309   0
        13     72.717    268.620 200.8825976 +36.0979788     4.80 0.0005182266  -9.9495 -11.2287   0.0205     31008.51     585.9372     1076.066    0.347   0
        14   1026.119    371.151 200.7544666 +36.0892433     3.95  0.000426051  -9.1170  -8.8533   0.1439     3477.779      460.864      1031.08    0.073  24
        15    682.927    413.386 200.8004432 +36.0839001     3.84 0.0004148987 -10.0194 -10.0508   0.0598     10479.47     577.0635     1146.259    0.055   0
        16    324.165    427.303 200.8485556 +36.0815442     4.97 0.0005363139  -8.8796  -9.3436   0.1143     5463.104     574.8539      1186.91    0.262   0
        17   1017.888    430.041 200.7554683 +36.0828967     3.92 0.0004230723 -10.4443 -10.3655   0.0435     14002.41       560.68     1015.308    0.068  16
        18    713.093    478.638 200.7962781 +36.0769607     3.71 0.0004002741 -11.3794 -11.4679   0.0166     38650.93      589.126     1119.688    0.055   0
        19     70.995    509.772 200.8823664 +36.0720646     4.31 0.0004658239 -11.7767 -11.9244   0.0110     58850.69     597.4813     1050.438    0.040   0
        20     78.826    877.667 200.8806118 +36.0325563     3.94 0.0004248371  -9.4030 -11.1866   0.0213     29828.63     585.4653     1003.397    0.616   0
        21    348.897    995.986 200.8441771 +36.0205031     4.09 0.0004418335  -8.8198  -9.0432   0.1506     4142.605     574.3439     1059.047    0.089   0
        22     78.891    821.155 200.8807112 +36.0386283     5.07 0.0005478393 -10.1154 -11.2711   0.0198     32243.73      586.464     1024.664    0.536   0
        23    179.390    787.118 200.8672986 +36.0425320     4.28 0.0004622545  -8.7337  -9.3637   0.1122     5565.151     574.8821     1144.654    0.112   0
        24    430.496    766.977 200.8336602 +36.0453055     3.72 0.0004020217  -8.4547  -9.0660   0.1474     4230.722     574.3823     1125.875    0.374   0
        25     81.425    752.281 200.8805031 +36.0460345     5.02 0.0005417642 -10.0271 -11.2479   0.0202     31560.45     586.1094     1058.496    0.648   2
        26     77.292    625.106 200.8813009 +36.0596883     6.56 0.0007082088 -10.4825 -11.2403   0.0203     31342.53      586.143     1070.967    0.484   0
        27     81.255    668.738 200.8806858 +36.0550101     4.81 0.0005190006  -9.9698 -11.2934   0.0194     32911.22     586.6852     1082.065    0.701   2
        28     84.997    840.227 200.8798560 +36.0365941     5.80 0.0006261753 -10.3207 -11.2185   0.0207     30717.85     585.5598     1045.529    0.613   0
        29    590.040    847.039 200.8121174 +36.0370859     3.47 0.0003745337 -10.2887 -10.3693   0.0447     14051.94     578.6572     1051.697    0.017   0
        30    639.705    660.671 200.8057947 +36.0572282     5.10 0.0005506221  -8.4828  -8.5440   0.2382     2615.777     573.6789     1097.336    0.204   0
        31    629.517    867.336 200.8067867 +36.0349991     3.66 0.0003950307  -9.2420  -9.4097   0.1076     5805.994     575.1642      1028.93    0.079   0
        32     79.709    559.454 200.8811024 +36.0667481     7.06 0.0007621745 -10.5245 -11.0956   0.0231     27430.17     584.3767      1093.48    0.384   0
        33    648.843    962.686 200.8040227 +36.0248004     3.65 0.0003943261 -10.6516 -10.7703   0.0311     20328.99     581.4266     983.8633    0.122   0
        34    667.650    759.774 200.8018673 +36.0466466     3.04 0.0003284811  -8.2114  -8.3852   0.2756     2259.877     573.4753     1054.791    0.140   0
        35     83.616    901.826 200.8799233 +36.0299724     5.64 0.0006084071 -10.3551 -11.2908   0.0194     32834.48     586.4944     1015.409    0.435   2
