#   1 NUMBER                 Running object number                                     
#   2 X_IMAGE                Object position along x                                    [pixel]
#   3 Y_IMAGE                Object position along y                                    [pixel]
#   4 ALPHA_J2000            Right ascension of barycenter (J2000)                      [deg]
#   5 DELTA_J2000            Declination of barycenter (J2000)                          [deg]
#   6 FWHM_IMAGE             FWHM assuming a gaussian core                              [pixel]
#   7 FWHM_WORLD             FWHM assuming a gaussian core                              [deg]
#   8 MAG_BEST               Best of MAG_AUTO and MAG_ISOCOR                            [mag]
#   9 MAG_APER               Fixed aperture magnitude vector                            [mag]
#  10 MAGERR_APER            RMS error vector for fixed aperture mag.                   [mag]
#  11 FLUX_APER              Flux vector within fixed circular aperture(s)              [count]
#  12 FLUXERR_APER           RMS error vector for aperture flux(es)                     [count]
#  13 BACKGROUND             Background at centroid position                            [count]
#  14 ELLIPTICITY            1 - B_IMAGE/A_IMAGE                                       
#  15 FLAGS                  Extraction flags                                          
         1    840.126     80.506 238.0190242 +32.9324524   141.09   0.01515812 -14.9406 -12.8830   0.0047     142292.9     620.1526     876.4402    0.605  16
         2    825.813     10.050 238.0210261 +32.9399677    89.54  0.009619179 -13.9302 -12.8233   0.0047     134684.3     584.7444     387.1855    0.798  24
         3    491.838     38.518 238.0637635 +32.9359540     5.17 0.0005552401  -9.4143  99.0000  99.0000    -8709.426     559.8913     890.1545    0.154   0
         4     64.870    109.145 238.1183097 +32.9271305     5.37 0.0005772204 -13.8269 -13.8732   0.0021     354211.5     700.3537      1040.52    0.037   0
         5    729.744    118.468 238.0330802 +32.9280654     5.77 0.0006198343 -10.1590  -7.3323   0.7100     856.8835     560.1788     1155.794    0.217   0
         6    751.435    123.265 238.0302889 +32.9276132     5.40  0.000580503  -9.8082  99.0000  99.0000    -9154.128     559.9071     1156.006    0.204   0
         7    371.879    139.309 238.0788915 +32.9247962     5.23 0.0005621349  -9.3417  -9.2639   0.1203     5076.323      562.106     1128.608    0.550   0
         8    700.725    186.593 238.0366359 +32.9206761     5.83  0.000625961 -11.8891 -11.9537   0.0105     60459.11     586.1752     1156.795    0.050   0
         9    322.463    181.618 238.0851203 +32.9201146     5.32 0.0005713484  -9.7492  -9.9129   0.0664      9228.91     563.9499     1123.293    0.109   0
        10    477.456    178.205 238.0652672 +32.9209316     6.95 0.0007465016  -9.0717  -9.6329   0.0857     7131.318     562.9405     1145.311    0.334   0
        11    112.130    250.384 238.1119018 +32.9121229     5.17 0.0005559573 -13.7919 -13.8344   0.0022     341780.2     695.9785     1062.712    0.044   0
        12    761.933    271.251 238.0285903 +32.9117723     5.36 0.0005758833 -12.2069 -12.2678   0.0080     80745.77     594.7495     1157.257    0.094   0
        13    236.869    269.395 238.0958719 +32.9104507     6.08 0.0006529632  -9.8071 -10.3397   0.0449     13673.49     565.8698     1105.476    0.438   0
        14    581.002    322.054 238.0516508 +32.9058039     5.11 0.0005492964 -11.2977 -11.4190   0.0169      36949.1     576.0149     1146.746    0.111   0
        15      6.017    311.661 238.1253447 +32.9052379     7.35 0.0007896925  -8.8252  -8.0363   0.3173     1638.745     478.8614     1019.612    0.291  16
        16    287.411    335.793 238.0892327 +32.9034778     5.16  0.000554086 -11.1581 -11.2228   0.0202      30839.1     573.2487     1116.261    0.113   0
        17     43.133    339.062 238.1205208 +32.9024091     6.03 0.0006476665  -9.0751  -9.1940   0.1282      4759.94     561.9811     1031.764    0.220   0
        18    450.579    376.675 238.0682280 +32.8995687     5.07 0.0005445547 -10.8748 -10.9943   0.0248     24986.26     570.9235     1133.372    0.135   0
        19    511.257    427.563 238.0603309 +32.8942871     4.87 0.0005235068 -12.1570 -12.1997   0.0085     75839.82     592.7735     1135.199    0.105   0
        20    158.654    444.751 238.1054585 +32.8914152     5.50 0.0005908304  -9.8754  -9.8206   0.0722     8476.764     563.6164     1067.954    0.140   0
        21    270.024    486.689 238.0910886 +32.8872441     4.86 0.0005221252 -12.4514 -12.5099   0.0065     100913.9      603.241     1100.433    0.112   0
        22    883.273    794.354 238.0118045 +32.8560177    29.25  0.003142511 -13.3428 -11.4560   0.0164     38228.04     576.6466     1005.929    0.602   2
        23     13.318    487.825 238.1239684 +32.8863670     5.63 0.0006051688 -10.4664 -10.3961   0.0420     14402.99     557.1293     1003.559    0.119  16
        24    440.021    494.272 238.0692942 +32.8869264     4.64 0.0004980613  -9.6573  -9.7224   0.0790     7743.923     563.3384     1124.508    0.145   0
        25    779.001    507.503 238.0258401 +32.8864841     5.00 0.0005375515  -8.4530  -8.6737   0.2067     2947.659     561.0479     1141.235    0.377   0
        26    859.769    784.779 238.0148369 +32.8569778     5.08 0.0005456061 -12.0759 -12.1884   0.0086     75053.56      592.337     1067.018    0.145   0
        27    512.994   1017.769 238.0586783 +32.8309954     6.73  0.000722829  -8.7178  -5.8796   2.6231      224.813     543.0118      943.046    0.264  16
        28    800.643   1011.756 238.0218687 +32.8324668     4.81 0.0005172049  -9.9843  -9.9361   0.0650     9428.412     564.1169     992.9367    0.233   0
        29    380.972    694.162 238.0763695 +32.8653176     4.71 0.0005054926 -12.7844 -12.8339   0.0049       136010     617.5715     1074.001    0.091   0
        30    886.224    672.008 238.0117159 +32.8691473     5.00 0.0005373613 -10.0028 -11.1684   0.0212     29332.96     572.5605     1035.274    0.455   0
        31    301.961    750.019 238.0863509 +32.8590968     4.98 0.0005353644 -10.8712 -10.9000   0.0270     22907.78     569.8882     1033.363    0.145   0
        32    720.239    703.455 238.0328987 +32.8653008     9.70   0.00104211 -10.0167  -9.9868   0.0620      9878.71     564.3165     1110.486    0.285   0
        33    878.323    639.839 238.0128040 +32.8725748     4.21 0.0004522657  -9.6429 -11.1606   0.0214     29123.62     572.7014     1070.924    0.132   0
        34    908.648    617.451 238.0089729 +32.8750620     4.58 0.0004922989 -10.9935  -9.9298   0.0653      9374.13       564.03     967.4714    0.099   0
        35    884.535    923.199 238.0113382 +32.8422032    34.61  0.003718414 -13.5689 -11.5057   0.0157     40021.88     577.3777     950.6453    0.598   2
        36    359.040    998.451 238.0784339 +32.8326202     4.51 0.0004846988  -8.7641  -8.7146   0.1991     3060.943     561.2722     912.4552    0.277   0
        37    130.274    625.561 238.1086451 +32.8719408     5.55 0.0005962596  -9.9617 -10.1808   0.0520     11811.87     565.1095     1023.273    0.198   0
        38    810.725    860.029 238.0209384 +32.8487676     4.44 0.0004767147 -12.8157 -12.8602   0.0048     139347.4     618.9641     1055.799    0.105   0
        39      2.837    744.836 238.1246678 +32.8587731     3.94  0.000423297  -8.5786  -9.7470   0.0600      7921.57     437.8479     958.6201    0.259  16
        40    631.833    775.873 238.0440464 +32.8572804     3.18 0.0003416856  -8.4520  -8.5309   0.2357     2584.518     561.0441     1076.165    0.176   0
        41    883.212    876.265 238.0116185 +32.8472329    29.76  0.003197694 -13.4659 -11.4909   0.0159     39477.41     577.2188     974.9727    0.691   2
