#   1 NUMBER                 Running object number                                     
#   2 X_IMAGE                Object position along x                                    [pixel]
#   3 Y_IMAGE                Object position along y                                    [pixel]
#   4 ALPHA_J2000            Right ascension of barycenter (J2000)                      [deg]
#   5 DELTA_J2000            Declination of barycenter (J2000)                          [deg]
#   6 FWHM_IMAGE             FWHM assuming a gaussian core                              [pixel]
#   7 FWHM_WORLD             FWHM assuming a gaussian core                              [deg]
#   8 MAG_BEST               Best of MAG_AUTO and MAG_ISOCOR                            [mag]
#   9 MAG_APER               Fixed aperture magnitude vector                            [mag]
#  10 MAGERR_APER            RMS error vector for fixed aperture mag.                   [mag]
#  11 FLUX_APER              Flux vector within fixed circular aperture(s)              [count]
#  12 FLUXERR_APER           RMS error vector for aperture flux(es)                     [count]
#  13 BACKGROUND             Background at centroid position                            [count]
#  14 ELLIPTICITY            1 - B_IMAGE/A_IMAGE                                       
#  15 FLAGS                  Extraction flags                                          
         1    151.141     77.844 327.7735759 +28.8497578    72.15  0.007792882 -14.9865 -13.1281   0.0119     178334.6      1957.89     3427.521    0.817  19
         2    191.929     30.773 327.7686488 +28.8549334    30.22  0.003264067 -13.9042 -13.4476   0.0089     239350.3     1965.774     1575.089    0.294  19
         3     11.637     79.763 327.7908030 +28.8492017    69.33  0.007489063 -14.9617 -14.2819   0.0041     516145.7     1929.017     94.19323    0.577  24
         4    134.994     11.321 327.7757280 +28.8568882    90.41  0.009765863 -16.2940 -15.0842   0.0020      1080663     1991.554    -543.9182    0.748  24
         5     65.257    110.006 327.7841079 +28.8460762    29.76  0.003214758  99.0000  99.0000  99.0000    -30583.65     1934.602     2256.702    0.481   2
         6     77.488    159.156 327.7824803 +28.8408088    41.27  0.004457402 -13.7785 -12.8783   0.0150     141680.3     1953.367     4213.082    0.681   3
         7     83.443    122.384 327.7818321 +28.8447875    35.45  0.003829353 -13.6366 -13.0286   0.0131     162724.1     1955.625     3264.164    0.631   3
         8    716.582    138.300 327.7035919 +28.8446344     5.50 0.0005944522 -15.6972 -15.7314   0.0012      1961342     2173.913     4643.918    0.173   4
         9    918.673    105.263 327.6787050 +28.8486848     6.61 0.0007141076 -11.2260 -11.6810   0.0448     47032.57     1941.216     4196.094    0.249   0
        10    188.068    111.837 327.7689343 +28.8461857     4.91 0.0005304872  -9.4213  99.0000  99.0000      -169386     1934.821     4934.659    0.177   0
        11    264.720    161.049 327.7593506 +28.8410716     5.80 0.0006268689 -10.8721 -11.0648   0.0790     26663.39       1938.7     4974.397    0.105   0
        12    401.847    168.916 327.7423954 +28.8405631     5.46 0.0005896754 -11.5354 -11.6417   0.0465     45360.04     1941.055     4910.373    0.054   0
        13    898.539    235.791 327.6808956 +28.8345661     5.20 0.0005617976 -13.2850 -13.3509   0.0097     218950.9     1962.962     4352.106    0.082   0
        14    524.003    281.400 327.7270467 +28.8287387     5.22 0.0005634339 -15.9192 -15.9530   0.0010      2405430     2223.587      4858.26    0.016   4
        15   1024.900    238.142 327.6652839 +28.8346165     4.52 0.0004880875  -9.5935  99.0000  99.0000    -5119.559     1609.797     4091.404    0.203  16
        16    269.548    257.898 327.7585265 +28.8306440     5.04  0.000544393 -13.2559 -13.3148   0.0101       211789     1962.157      4970.27    0.043   0
        17    510.017    258.117 327.7288281 +28.8312140     4.98 0.0005374309 -12.7835 -12.8981   0.0147     144297.5     1953.431     4872.468    0.040   0
        18    463.746    290.176 327.7344680 +28.8276446     4.95 0.0005345918 -15.2888 -15.3335   0.0017      1359530     2103.315     4891.315    0.028   2
        19    655.151    254.691 327.7109117 +28.8319385     5.03 0.0005434451 -11.7246 -11.7869   0.0407     51850.02     1941.945      4796.83    0.048   0
        20    315.991    254.704 327.7527982 +28.8311034     5.11  0.000552381 -11.6348 -11.7379   0.0425     49564.67     1941.324     4948.062    0.074   0
        21    478.699    279.365 327.7326465 +28.8288468     4.95 0.0005345792 -14.0343 -14.1054   0.0049     438689.3     1990.751     4888.027    0.034   3
        22    667.347    258.664 327.7093963 +28.8315400     4.19 0.0004527574 -10.0807 -10.1930   0.1760     11945.22     1936.309      4783.95    0.134   0
        23    763.694    268.073 327.6974757 +28.8307601     5.00 0.0005396142 -11.7070 -11.7393   0.0425     49625.11     1941.386      4601.74    0.031   0
        24    207.849    271.217 327.7661148 +28.8290549     5.47   0.00059116 -11.7704 -11.9425   0.0353      59843.3     1942.593     4980.126    0.041   0
        25    572.611    270.613 327.7210687 +28.8300205     5.71 0.0006171223 -10.1391 -10.0677   0.1975     10643.83     1935.649     4841.295    0.098   0
        26    185.197    294.020 327.7688585 +28.8265406     5.21  0.000562977 -12.0145 -12.2212   0.0273        77351     1944.082     4980.225    0.047   0
        27    259.960    312.996 327.7595809 +28.8246810     4.86 0.0005250882 -10.6816 -10.9043   0.0915     22999.91     1937.408     4961.192    0.133   0
        28    200.536    333.794 327.7668702 +28.8222914     4.98 0.0005384386 -13.2633 -13.3669   0.0096     222218.3     1963.324     4971.742    0.058   0
        29    209.354    363.261 327.7657118 +28.8191370     5.47 0.0005904023 -11.5829 -11.9601   0.0347     60818.07     1942.718     4961.782    0.149   0
        30    815.111    421.350 327.6907760 +28.8143624     4.74 0.0005116148 -10.8308 -10.7025   0.1102     19097.67     1937.615     4289.306    0.073   0
        31    341.422    440.801 327.7492218 +28.8111065     4.78  0.000515951 -13.2658 -13.3458   0.0098     217926.6      1962.13     4897.849    0.040   0
        32    962.408    463.529 327.6724920 +28.8101710     5.00 0.0005403374 -15.4249 -15.4601   0.0015      1527665     2123.105     3826.646    0.077   0
        33    168.720    443.092 327.7705409 +28.8104306     5.28 0.0005701762 -11.5489 -11.7561   0.0418     50398.91      1941.65     4938.179    0.082   0
        34    802.992    447.727 327.6922123 +28.8114897     5.96 0.0006443128 -11.7526 -11.8020   0.0401     52578.43     1941.603      4272.53    0.202   0
        35    268.036    486.117 327.7581766 +28.8060398     4.72 0.0005095344 -14.6748 -14.7160   0.0029     769820.4     2032.065     4908.548    0.062   0
        36   1010.894    462.836 327.6665067 +28.8103621     4.84  0.000522581 -10.9525 -10.0364   0.2033     10341.36     1936.211     3709.889    0.081   0
        37     34.952    478.251 327.7869742 +28.8063062     4.72 0.0005094458 -11.6130  99.0000  99.0000    -119689.8      1934.93     2881.135    0.182   0
        38    945.934    506.732 327.6744284 +28.8054743     4.89 0.0005278289 -13.6306 -13.6700   0.0073     293777.9     1972.791     3771.491    0.078   0
        39     80.587    760.622 327.7806693 +28.7759830   182.85   0.01975059 -16.7248 -13.4925   0.0086     249464.5     1966.198     4085.064    0.950  50
        40     77.024    407.239 327.7819482 +28.8140662   107.53   0.01161529 -15.9856  99.0000  99.0000            0            0     4270.075    0.899  51
        41     75.074    261.636 327.7825349 +28.8297562    91.50  0.009883651  99.0000  99.0000  99.0000            0            0     4257.826    0.781  50
        42    343.376    525.724 327.7487817 +28.8019571     5.09 0.0005498895 -10.9257 -10.9968   0.0841     25044.09     1938.328     4866.055    0.096   0
        43    711.281    838.523 327.7026404 +28.7691417     4.75 0.0005134281 -11.4069 -11.4618   0.0548     38434.19     1940.163     3684.533    0.085   0
        44     84.696   1005.402 327.7795815 +28.7496079     5.31 0.0005733373 -11.5514 -12.5372   0.0204     103486.9     1947.929     3678.699    0.505   0
        45    164.543    997.906 327.7697458 +28.7506153     4.43 0.0004785374 -11.8623 -11.8420   0.0387     54548.41     1942.293      4111.53    0.140   0
        46     56.032    963.704 327.7832177 +28.7540309     4.43 0.0004783304 -11.3324 -11.5692   0.0497     42429.28      1940.35     2893.719    0.147   0
        47    142.897    796.666 327.7728928 +28.7722534     4.12 0.0004448803 -10.4864  99.0000  99.0000    -5994.845     1935.204     4616.788    0.137   0
        48    940.478    723.596 327.6746111 +28.7820846     5.43 0.0005862299 -10.5722 -10.3515   0.1521     13822.47     1936.442      3296.76    0.167   0
        49    879.847    755.112 327.6820240 +28.7785412     5.07 0.0005479612 -10.4115 -10.2610   0.1654     12717.98     1936.792     3405.268    0.215   0
        50    262.514    743.548 327.7582533 +28.7782768     5.53 0.0005972743  -9.7767  -9.5170   0.3281     6408.883     1936.032     4711.259    0.022   0
        51    843.207    760.408 327.6865347 +28.7778818     4.87 0.0005257127 -10.5832 -10.8282   0.0981     21443.46     1936.988     3499.615    0.193   0
        52    457.140    885.107 327.7338999 +28.7634987     4.40 0.0004753156 -12.2578 -12.3372   0.0246     86076.23     1946.292     4212.741    0.121   0
        53    147.933    608.405 327.7727165 +28.7925591     4.48 0.0004841411 -11.1210  -9.2081   0.4359     4822.007     1935.553     4893.433    0.077   0
        54    377.108    742.727 327.7441101 +28.7786490     4.54 0.0004899233 -12.0144 -12.0996   0.0305     69160.52     1943.955     4639.931    0.112   0
        55    269.995    906.701 327.7569466 +28.7607087     4.31 0.0004660607 -11.6698 -11.4930   0.0533     39554.48     1939.707     4367.228    0.166   0
        56    137.828    842.713 327.7734096 +28.7672773     4.32  0.000466533 -11.2267  -9.7844   0.2564     8199.007     1936.044     4493.018    0.094   0
        57    865.077    680.021 327.6840179 +28.7865999     4.69 0.0005062086 -10.3240 -10.1766   0.1788     11765.85     1936.669     3612.934    0.017   0
        58    154.027    621.049 327.7719343 +28.7912115     4.46 0.0004821647 -10.6685 -10.3705   0.1495     14066.79     1936.856     4888.287    0.191   0
        59    723.010    626.962 327.7016775 +28.7919752     4.24 0.0004581235 -10.3067 -10.0677   0.1975     10643.05     1935.867     4135.007    0.017   0
        60    122.194    973.974 327.7750284 +28.7530893     4.33 0.0004674129 -12.0542 -11.8058   0.0400     52763.12     1940.972     4105.854    0.102   0
        61    460.982    814.053 327.7335909 +28.7711673     4.46 0.0004815836 -13.3921 -13.4296   0.0091     235427.3     1965.113     4356.739    0.085   0
        62    383.776    954.845 327.7427918 +28.7558006     4.52 0.0004884404 -10.3967 -10.5965   0.1214     17322.71     1937.113     4163.385    0.071   0
        63     56.703    988.977 327.7830749 +28.7513082     4.41 0.0004767167 -12.5192 -12.5454   0.0203       104273     1948.465     2878.221    0.096   0
        64    309.872   1010.053 327.7517830 +28.7496669     4.92 0.0005316354 -10.3995 -10.3114   0.1579     13321.42     1936.542     4074.026    0.089   0
        65    254.712    640.004 327.7594599 +28.7894188     2.84  0.000307145  -9.6996  -9.6898   0.2798      7514.92     1935.956     4848.316    0.096   0
        66    427.187    549.164 327.7383792 +28.7996373     4.66 0.0005031964 -12.2794 -12.3556   0.0241     87548.48     1945.937     4818.868    0.070   0
        67    409.118    842.612 327.7399258 +28.7679611     4.48 0.0004837147 -10.7527 -10.6191   0.1189     17687.18      1937.05     4376.354    0.180   0
        68    878.987    830.806 327.6819583 +28.7703798     4.99 0.0005385714 -12.8239 -12.7020   0.0176     120450.6     1949.779     3197.358    0.144   0
        69    623.335    585.000 327.7140795 +28.7962557     4.61  0.000498107 -11.1302 -11.2507   0.0665     31641.87     1938.741     4464.739    0.073   0
