#   1 NUMBER                 Running object number                                     
#   2 X_IMAGE                Object position along x                                    [pixel]
#   3 Y_IMAGE                Object position along y                                    [pixel]
#   4 ALPHA_J2000            Right ascension of barycenter (J2000)                      [deg]
#   5 DELTA_J2000            Declination of barycenter (J2000)                          [deg]
#   6 FWHM_IMAGE             FWHM assuming a gaussian core                              [pixel]
#   7 FWHM_WORLD             FWHM assuming a gaussian core                              [deg]
#   8 MAG_BEST               Best of MAG_AUTO and MAG_ISOCOR                            [mag]
#   9 MAG_APER               Fixed aperture magnitude vector                            [mag]
#  10 MAGERR_APER            RMS error vector for fixed aperture mag.                   [mag]
#  11 FLUX_APER              Flux vector within fixed circular aperture(s)              [count]
#  12 FLUXERR_APER           RMS error vector for aperture flux(es)                     [count]
#  13 BACKGROUND             Background at centroid position                            [count]
#  14 ELLIPTICITY            1 - B_IMAGE/A_IMAGE                                       
#  15 FLAGS                  Extraction flags                                          
         1    853.357     89.158 238.0168546 +32.9321105   121.35   0.01304003 -14.8724 -12.6692   0.0051     116859.8     552.6354     793.8171    0.505  19
         2    817.209     45.986 238.0215585 +32.9366268    68.65  0.007376905 -13.4672 -12.0078   0.0090     63551.25     527.7576     634.6251    0.815  19
         3    824.930      9.668 238.0206126 +32.9405333    86.90  0.009337688 -13.6569 -12.5154   0.0055     101425.3     513.7425     418.4708    0.803  24
         4    490.247     44.478 238.0636047 +32.9358614     5.45 0.0005860311  -9.5379  99.0000  99.0000    -4319.931     496.9668     819.6518    0.197   0
         5    246.792     69.843 238.0948750 +32.9324490     5.85 0.0006280993  -9.6010 -10.6122   0.0312     17574.24     505.5783     872.1578    0.512   0
         6     63.228    114.677 238.1184148 +32.9271211     4.91 0.0005272926 -13.7980 -13.8401   0.0020     343579.5      647.078     922.0489    0.036   0
         7    137.045     96.887 238.1089488 +32.9292385     1.50 0.0001617097  -9.9204 -10.8970   0.0242     22846.14     508.3435     932.4548    0.142   0
         8    728.233    124.081 238.0328981 +32.9280226     5.12 0.0005499304 -10.1790  -8.9599   0.1412     3836.731     498.8372     1006.129    0.093   0
         9    749.956    128.695 238.0300990 +32.9275903     4.97 0.0005338128  -9.9505  99.0000  99.0000    -2648.524     496.9528     1006.244    0.106   0
        10    622.814    134.181 238.0464393 +32.9266437     3.90 0.0004193229  -7.8085  99.0000  99.0000    -4484.909     496.7419     1004.284    0.263   0
        11    369.468    145.104 238.0789985 +32.9247520     7.60 0.0008161671  -9.5768  -9.7525   0.0683     7961.844     500.9561     987.3517    0.306   0
        12     15.364    155.092 238.1245117 +32.9226586     2.29 0.0002457032  -7.7678  99.0000  99.0000    -652.0759     496.7419     913.7617    0.246   0
        13    699.145    192.031 238.0365492 +32.9206720     5.54 0.0005950899 -11.8317 -11.9091   0.0098     58030.82     525.3356     1006.615    0.054   0
        14    320.892    187.145 238.0851865 +32.9201155     4.98 0.0005351382  -9.7653  -9.8527   0.0624     8731.362     501.2981     983.1819    0.124   0
        15    475.916    183.915 238.0652599 +32.9209055     6.24 0.0006707864  -9.1757  -9.5377   0.0831     6532.636     500.1445     998.0411    0.086   0
        16    110.474    255.888 238.1121423 +32.9121539     4.83 0.0005192696 -13.7722 -13.8135   0.0021     335280.1     643.8961     938.4992    0.072   0
        17    760.294    276.747 238.0285771 +32.9117830     4.91 0.0005277546 -12.1944 -12.2680   0.0072     80757.29     536.0417     1006.531    0.090   0
        18    233.999    273.762 238.0962380 +32.9105999     7.20 0.0007741231 -10.0268 -10.2290   0.0442     12348.35     502.8904     970.7299    0.141   2
        19    579.307    327.627 238.0517763 +32.9058281     4.68 0.0005024417 -11.3002 -11.4055   0.0153     36493.79     514.9573     999.0816    0.098   0
        20      4.379    317.274 238.1256940 +32.9052787     4.87 0.0005235036  -8.5839  -7.2537   0.5519      797.016     405.0742     906.2749    0.199  16
        21    285.743    341.282 238.0894935 +32.9035269     4.61 0.0004950799 -11.1432 -11.2115   0.0182     30520.14     512.1036     978.9716    0.093   0
        22     41.501    344.637 238.1208836 +32.9024602     6.11 0.0006569647  -9.1146  -9.3150   0.1020     5321.151     499.5526      915.952    0.310   0
        23    448.888    382.150 238.0684675 +32.8996240     4.74 0.0005089429 -10.8478 -10.9564   0.0229     24130.81     508.9749     990.3417    0.096   0
        24    509.605    433.027 238.0605949 +32.8943554     4.54 0.0004877875 -12.1432 -12.1899   0.0077     75156.88     533.2007     989.6039    0.096   0
        25    156.877    450.332 238.1059059 +32.8914899     5.14 0.0005525232  -9.9133  -9.9756   0.0557     9777.524     501.8335     941.5558    0.125   0
        26    539.751    458.573 238.0566862 +32.8917088     4.07 0.0004373293  -8.6415  -9.0732   0.1273     4258.586     499.0625     989.6523    0.528   0
        27    268.369    492.215 238.0915190 +32.8873323     4.56  0.000489866 -12.4443 -12.5046   0.0059       100425     544.9834      964.493    0.104   0
        28     11.659    493.301 238.1245088 +32.8864714     5.27 0.0005667823 -10.4437 -10.4005   0.0365     14461.43      485.497      893.915    0.149  16
        29    438.310    499.925 238.0696681 +32.8869959     4.59 0.0004936309  -9.7385  -9.6671   0.0739      7359.51     500.6554     984.3004    0.142   0
        30    777.365    513.602 238.0260752 +32.8864957     5.60 0.0006016248  -8.4845  -8.6368   0.1899     2849.243     498.1878     994.8283    0.203   0
        31    886.429    953.115 238.0114961 +32.8397894     9.45  0.001015009 -11.3467 -11.2206   0.0181     30778.52     512.1888      840.412    0.664   2
        32    511.203   1023.722 238.0595994 +32.8311761     4.20 0.0004510406  -8.5447  -7.9989   0.2936     1583.304     428.0528     843.0793    0.226  16
        33    798.811   1017.604 238.0226673 +32.8326452     4.50 0.0004835765  -9.8750  -9.7236   0.0682     7752.394      486.947     881.4083    0.173  16
        34    881.637    749.122 238.0123727 +32.8615962     6.12 0.0006574801 -10.2328 -11.0528   0.0210      26370.2     510.0188     905.9184    0.448   0
        35    593.707    717.003 238.0494090 +32.8642192     4.24 0.0004551105  -8.3602  -8.2730   0.2653         2038     497.8647     960.2068    0.102   0
        36    379.230    699.761 238.0769894 +32.8654511     4.47 0.0004799353 -12.7683 -12.8255   0.0045     134964.1     560.7158     943.0436    0.124   0
        37    883.147    701.503 238.0122396 +32.8666941     8.69 0.0009339399 -11.0001 -11.0229   0.0216     25654.54     509.6542     914.5064    0.604   0
        38    627.084    696.164 238.0451480 +32.8665430     4.47 0.0004801161  -8.3408  -8.0800   0.3169     1706.055     497.7822     968.7188    0.213   0
        39    300.104    755.658 238.0870793 +32.8592446     4.61 0.0004951306 -10.8177 -10.8683   0.0248     22250.49     508.0367     913.5768    0.157   0
        40    718.495    708.489 238.0333866 +32.8654835    11.09  0.001192133 -10.1139 -10.1196   0.0489     11164.19     502.5516     969.8902    0.361   0
        41    886.153    788.165 238.0117426 +32.8574326     8.22 0.0008827771 -10.8449 -11.1185   0.0198     28016.31     510.8388     886.6422    0.460   0
        42    857.910    790.370 238.0153682 +32.8571175     4.79  0.000514625 -11.9560 -12.0947   0.0084     68847.72     530.4451     937.4951    0.164   0
        43    883.785    724.399 238.0121284 +32.8642468     3.44 0.0003692442  -8.9935 -11.0258   0.0215     25723.43     509.4412       906.95    0.406   0
        44    906.797    623.020 238.0093011 +32.8751553     4.34 0.0004658954 -11.1757 -10.9141   0.0238     23208.77     508.2469     863.7373    0.109   0
        45    128.559    631.149 238.1092928 +32.8720668     5.11 0.0005494131  -9.9863 -10.1371   0.0481     11346.08      502.656     907.8872    0.108   0
        46    630.223    781.851 238.0446317 +32.8573864     6.61 0.0007107322  -8.7075  -8.9353   0.1444     3750.616       498.78     942.6802    0.179   0
        47    884.998    824.750 238.0118440 +32.8535161     6.30 0.0006766043 -10.2076 -11.1303   0.0196     28321.38     510.8239      878.611    0.716   2
        48    880.501    814.202 238.0124353 +32.8546318     5.27 0.0005662651  -9.9760 -11.1573   0.0191      29036.1      511.201     891.1419    0.494   0
        49    888.232    835.740 238.0114146 +32.8523495     4.71 0.0005056763  -9.7311 -11.0472   0.0211     26233.75      509.993     868.5255    0.328   0
        50    883.125    854.312 238.0120469 +32.8503487     5.23 0.0005614756 -10.0525 -11.1893   0.0186     29904.59      511.803     874.3425    0.351   2
        51    884.245    917.374 238.0118223 +32.8436063     7.60 0.0008163567 -10.8383 -11.1614   0.0191     29144.87     511.3498     853.4317    0.348   0
        52    885.348    880.582 238.0117277 +32.8475449    15.93  0.001712089 -11.8178 -11.2227   0.0180     30838.82     512.1909     861.9225    0.332   2
        53    808.929    865.720 238.0215639 +32.8489200     4.18 0.0004486408 -12.7998 -12.8460   0.0044     137530.7     561.9087     928.6332    0.105   0
        54    357.029   1004.032 238.0794277 +32.8328411     4.96 0.0005328411  -8.5514  -7.9936   0.3430     1575.594     497.6746     820.8973    0.282   0
