#   1 NUMBER                 Running object number                                     
#   2 X_IMAGE                Object position along x                                    [pixel]
#   3 Y_IMAGE                Object position along y                                    [pixel]
#   4 ALPHA_J2000            Right ascension of barycenter (J2000)                      [deg]
#   5 DELTA_J2000            Declination of barycenter (J2000)                          [deg]
#   6 FWHM_IMAGE             FWHM assuming a gaussian core                              [pixel]
#   7 FWHM_WORLD             FWHM assuming a gaussian core                              [deg]
#   8 MAG_BEST               Best of MAG_AUTO and MAG_ISOCOR                            [mag]
#   9 MAG_APER               Fixed aperture magnitude vector                            [mag]
#  10 MAGERR_APER            RMS error vector for fixed aperture mag.                   [mag]
#  11 FLUX_APER              Flux vector within fixed circular aperture(s)              [count]
#  12 FLUXERR_APER           RMS error vector for aperture flux(es)                     [count]
#  13 BACKGROUND             Background at centroid position                            [count]
#  14 ELLIPTICITY            1 - B_IMAGE/A_IMAGE                                       
#  15 FLAGS                  Extraction flags                                          
         1     11.056     80.170 200.8925046 +36.1197494    67.49  0.007299715 -14.1011 -13.3330   0.0054     215384.8     1062.411     302.8164    0.588  24
         2    142.719     87.622 200.8747540 +36.1192786    50.36  0.005447212 -13.5693 -12.4475   0.0123     95279.93      1082.74     1917.942    0.733   2
         3    192.706     30.884 200.8680993 +36.1255001    32.48  0.003513495 -12.8786 -12.4363   0.0125     94305.18     1082.515      965.931    0.238  17
         4    135.839     11.155 200.8757901 +36.1274782    88.55   0.00957698 -15.3742 -14.1634   0.0026     462754.7     1120.557     38.39068    0.746  24
         5    294.667     36.904 200.8543518 +36.1251063     4.15 0.0004485014  -8.7921  99.0000  99.0000    -98038.77     1060.572     1521.429    0.269   0
         6     66.368    110.569 200.8850083 +36.1166218    28.08  0.003037532  99.0000  -7.5565   1.0935     1053.372      1060.67     1260.755    0.498   2
         7    381.767     91.729 200.8425397 +36.1194299     5.40 0.0005841542 -11.2893 -11.1801   0.0391     29651.34     1067.509     2291.263    0.039   0
         8     87.483    120.833 200.8821487 +36.1155718    30.05  0.003249901 -12.8166 -12.1661   0.0159     73523.14     1077.675     1709.251    0.660   3
         9     80.236    166.028 200.8830602 +36.1106972    15.29   0.00165385 -12.8528 -11.9656   0.0191     61128.12     1074.737      2147.31    0.629   0
        10     79.472    207.018 200.8831044 +36.1062907     5.95  0.000643108 -11.0791 -11.8150   0.0219     53210.07     1073.042     2154.215    0.364   0
        11     67.705    225.368 200.8846632 +36.1042894     6.23 0.0006743154  -9.6207 -11.8473   0.0213     54819.61     1073.268      2007.17    0.208   1
        12    313.082    266.828 200.8515503 +36.1004451     4.98 0.0005384003 -12.5208 -12.5671   0.0111     106370.7      1085.21     2418.895    0.037   0
        13    399.047    329.818 200.8398837 +36.0938884     7.00 0.0007570882  -9.3646  -9.4774   0.1866     6179.603     1061.878     2401.888    0.814   0
        14     68.015    322.986 200.8844812 +36.0938007     3.73 0.0004035808  -8.3134 -11.7406   0.0234     49688.17     1071.746     2001.997    0.617   1
        15     84.420    325.135 200.8822685 +36.0936108     5.15 0.0005569278  -9.0135 -11.5439   0.0280     41454.05      1070.21     2233.015    0.725   1
        16    693.049    430.716 200.8001497 +36.0837624     5.70 0.0006162788  -9.8452 -10.1246   0.1030     11215.77     1063.302     2253.164    0.160   0
        17   1027.315    447.284 200.7551101 +36.0827804     4.80 0.0005187019  -9.5284  -7.2700   1.0957     809.0594     816.2998     1884.052    0.146  24
        18     67.189    450.181 200.8844097 +36.0801308     3.88 0.0004196267  -8.2252 -11.6432   0.0256     45425.26     1070.721     1960.192    0.763   1
        19     80.119    714.315 200.8822897 +36.0517806   173.69   0.01878612 -15.7387 -12.3807   0.0131     89591.51     1081.396     2049.878    0.975  50
        20     80.257    528.485 200.8825375 +36.0717494     9.69  0.001047868 -12.5603 -12.5443   0.0113     104166.3      1084.79     2137.523    0.370  35
        21    723.137    495.899 200.7960117 +36.0768307     5.18  0.000560297 -11.2105 -11.3117   0.0347     33471.18     1068.373     2173.484    0.053   0
        22    600.309    864.943 200.8120590 +36.0368778     4.64 0.0005020266 -10.0762 -10.3782   0.0816     14166.77     1063.906     1971.998    0.167   0
        23    659.005    980.662 200.8040051 +36.0245852     5.24 0.0005668078 -10.4793 -10.6808   0.0618     18721.02     1064.797     1774.469    0.057   0
