#   1 NUMBER                 Running object number                                     
#   2 X_IMAGE                Object position along x                                    [pixel]
#   3 Y_IMAGE                Object position along y                                    [pixel]
#   4 ALPHA_J2000            Right ascension of barycenter (J2000)                      [deg]
#   5 DELTA_J2000            Declination of barycenter (J2000)                          [deg]
#   6 FWHM_IMAGE             FWHM assuming a gaussian core                              [pixel]
#   7 FWHM_WORLD             FWHM assuming a gaussian core                              [deg]
#   8 MAG_BEST               Best of MAG_AUTO and MAG_ISOCOR                            [mag]
#   9 MAG_APER               Fixed aperture magnitude vector                            [mag]
#  10 MAGERR_APER            RMS error vector for fixed aperture mag.                   [mag]
#  11 FLUX_APER              Flux vector within fixed circular aperture(s)              [count]
#  12 FLUXERR_APER           RMS error vector for aperture flux(es)                     [count]
#  13 BACKGROUND             Background at centroid position                            [count]
#  14 ELLIPTICITY            1 - B_IMAGE/A_IMAGE                                       
#  15 FLAGS                  Extraction flags                                          
         1    853.091     92.173 327.8127163 +28.8470633    85.33  0.009215981 -13.5692 -11.4098   0.0111     36637.79     372.8063     624.0847    0.506  18
         2    589.946     26.702 327.8453494 +28.8535105     5.34  0.000577123 -12.9091 -12.8701   0.0034     140616.5       436.99     618.8476    0.152   0
         3    819.843      7.119 327.8170232 +28.8561596    55.28  0.005970337 -12.3953 -11.1954   0.0119     30072.81     328.8237     491.8459    0.777  24
         4    477.159      8.665 327.8593131 +28.8551903     3.67 0.0003968358  -8.5349  99.0000  99.0000     -3913.86     316.2142     587.2766    0.308  16
         5    751.010     53.967 327.8254059 +28.8509467     5.92 0.0006396205 -12.7570 -12.8166   0.0035     133850.6      433.031     627.7265    0.041   2
         6    792.730     56.456 327.8202511 +28.8507753     6.10 0.0006584826 -11.8938 -11.2932   0.0122     32905.38     370.2581     600.9988    0.054   2
         7    812.264     66.508 327.8178163 +28.8497366     9.64  0.001040712 -10.9442 -11.3256   0.0119     33902.62     371.0044     612.6373    0.041   3
         8    766.118     52.061 327.8235459 +28.8511875     7.51  0.000811327  -9.6885 -10.7454   0.0198     19868.25      361.452     613.5297    0.104   3
         9    564.355     78.504 327.8483819 +28.8478633     4.99 0.0005385597 -12.7591 -12.8305   0.0035       135587     434.1267      667.462    0.056   0
        10    616.074     91.960 327.8419667 +28.8465334     4.86 0.0005249869 -13.1772 -13.2310   0.0026     196059.1     467.6486     682.2411    0.058   0
        11    355.616     61.465 327.8741839 +28.8492077     7.64 0.0008252297  -8.8996  -9.4581   0.0629     6070.517     351.7308     637.7247    0.166   0
        12    318.988     74.823 327.8786713 +28.8476798     5.09 0.0005492022  -8.5585  -9.7278   0.0492     7782.853     352.7716     651.7976    0.194   0
        13    734.188    103.425 327.8273629 +28.8455731     4.89 0.0005284294 -12.4533 -12.5139   0.0044     101286.2     413.7709     685.7861    0.066   0
        14    410.128     79.680 327.8674119 +28.8473724     6.18 0.0006671188  -8.8685  -9.8349   0.0447     8589.474     353.5263     661.3472    0.265   0
        15    531.242     79.732 327.8524654 +28.8476529     5.04 0.0005446053  -8.4550  -9.5393   0.0584     6542.112     352.0174     667.0084    0.187   0
        16    641.419     91.930 327.8388390 +28.8465960     6.03 0.0006516993  -8.5805  -9.4745   0.0620     6163.242     351.8064     682.1354    0.109   0
        17    283.652     95.447 327.8829812 +28.8453713     4.90 0.0005287276  -8.1423  -9.2377   0.0769     4955.565      350.918      672.327    0.384   0
        18     32.059    112.412 327.9139865 +28.8429385     4.76 0.0005141688  -9.8968  -9.8884   0.0426     9023.432     353.7945     660.1175    0.111   0
        19    510.849    131.604 327.8548557 +28.8420101     4.57 0.0004939674 -11.2449 -11.2780   0.0124     32450.13     369.9321     685.6967    0.062   0
        20      3.296    125.555 327.9175030 +28.8414516     4.37 0.0004714923  -9.1201  -8.7907   0.0913     3283.185     276.0804     658.4648    0.114  24
        21    585.740    188.206 327.8454766 +28.8360816     4.62 0.0004984538 -14.7276 -14.7607   0.0010     802191.7     722.3117     689.5003    0.049   0
        22    170.772    136.634 327.8968090 +28.8406595     4.49 0.0004847035  -9.1786  -8.9710   0.0981     3876.075     350.1286     670.5628    0.075   0
        23    414.946    137.783 327.8666752 +28.8411172     4.60 0.0004964213  -9.5587  -9.6769   0.0516     7425.796     352.6541     682.7429    0.072   0
        24    695.402    188.295 327.8319446 +28.8363289     4.71 0.0005087502 -14.4525 -14.4868   0.0011     623344.3     657.4877     691.1525    0.053   0
        25    363.469    140.188 327.8730215 +28.8407357     4.62 0.0004985206  -8.5480  -8.8837   0.1063     3576.633      349.944     679.9877    0.278   0
        26    927.240    140.961 327.8034494 +28.8419728     4.23 0.0004564626  -8.4829  -7.7483   0.2406     1256.959     278.4397       602.16    0.214  16
        27    358.908    149.117 327.8735624 +28.8397619     4.59 0.0004958081 -10.1370 -10.3170   0.0289     13390.42     356.8765     680.2031    0.036   0
        28    119.894    184.413 327.9029685 +28.8353844     4.37 0.0004717933 -12.1976 -12.2572   0.0054     79964.55     400.8346     669.1968    0.039   0
        29    349.279    175.117 327.8746868 +28.8369348     4.60  0.000496846  -9.4456  -9.7319   0.0491     7811.664     352.9759     680.8008    0.089   0
        30    769.788    175.161 327.8227972 +28.8379190     7.02 0.0007586123  -9.3987  -9.5178   0.0596     6413.995     351.8972     689.3732    0.026   0
        31    494.878    184.987 327.8566964 +28.8362149     4.70 0.0005078626  -9.5618  -9.7954   0.0463     8282.207      353.251     686.3271    0.085   0
        32    168.991    195.265 327.8968834 +28.8343316     4.53 0.0004886903  -9.9492 -10.1975   0.0322     11994.74     355.8975     671.8031    0.043   0
        33    386.589    213.645 327.8699884 +28.8328679     4.31 0.0004655905 -12.3679 -12.4354   0.0047     94225.95     409.5746     683.6964    0.043   0
        34    759.084    258.824 327.8239169 +28.8288705     4.69 0.0005065937 -12.7093 -12.7609   0.0037     127157.4     429.2369     690.9396    0.093   0
        35    174.566    213.809 327.8961496 +28.8323450     4.31 0.0004656599 -11.9173 -11.9905   0.0068     62547.72     389.7066     672.2137    0.014   0
        36    489.812    201.625 327.8572809 +28.8344085     4.41 0.0004757548  -9.1512  -9.4430   0.0638     5986.729     351.5062     686.2947    0.137   0
        37    439.669    201.874 327.8634676 +28.8342632     4.55 0.0004913152  -8.6721  -8.9588   0.0992     3832.804     350.1465     685.0743    0.117   0
        38    767.791    212.066 327.8229550 +28.8339339     5.07 0.0005472223  -8.6807  -8.8402   0.1106     3436.231     349.8339     690.6714    0.228   0
        39     94.637    238.517 327.9059505 +28.8294883     4.40 0.0004753257 -12.8244 -12.8661   0.0034     140106.8     436.7139     668.0214    0.039   0
        40    144.992    222.335 327.8997775 +28.8313545     4.54 0.0004901679  -8.3736  -8.3238   0.1774     2135.606     348.9032     670.5532    0.110   0
        41    797.512    237.155 327.8192274 +28.8312972     4.58 0.0004950574 -10.6969 -10.7783   0.0192     20479.48     361.8274     690.7918    0.066   0
        42    231.419    225.796 327.8891049 +28.8311881     3.41 0.0003682001  -7.7372  -8.0913   0.2195      1723.87     348.4416     675.9051    0.405   0
        43    806.526    256.819 327.8180680 +28.8291972    10.62  0.001147416 -10.4497 -10.4539   0.0256     15189.95      358.154     690.0347    0.088   0
        44     72.104    263.539 327.9086683 +28.8267354     4.39 0.0004742947 -11.7387 -11.8013   0.0079     52545.19      383.343     665.1453    0.053   0
        45     97.775    260.569 327.9055084 +28.8271175     5.01 0.0005414705  -8.4842  -9.0779   0.0890     4277.288     350.3954      668.324    0.169   0
        46    690.986    263.932 327.8323070 +28.8281608     5.72 0.0006180818  -8.8067  -8.6596   0.1304     2909.646     349.4769     691.2026    0.185   0
        47    412.385    278.186 327.8666474 +28.8259680     4.30 0.0004648664 -11.4940 -11.5947   0.0094     43440.05     377.2226     684.2232    0.030   0
        48    775.183    271.154 327.8219009 +28.8275782     4.70 0.0005080497 -10.1051 -10.2913   0.0296     13077.57     356.6286     690.6501    0.129   0
        49     97.730    270.564 327.9054891 +28.8260394     4.79 0.0005177974  -8.0840  -8.3183   0.1783     2124.842     348.8857     668.3253    0.165   0
        50     65.311    279.175 327.9094675 +28.8250327     4.31 0.0004651408 -10.4408 -10.5330   0.0239     16337.92     358.9259     664.2706    0.061   0
        51     22.084    276.780 327.9148069 +28.8251869     6.74 0.0007279162  -8.4758  -8.8524   0.1093     3475.042     349.8812     658.8943    0.279   0
        52    142.041    278.996 327.9000009 +28.8252363     4.72 0.0005101126  -7.8085  -6.9648   0.6182     610.8036     347.7206     670.7382    0.002   0
        53    610.346    289.204 327.8421957 +28.8252462     4.39 0.0004741021 -10.5071 -10.5780   0.0229     17029.59     359.3598     688.8339    0.063   0
        54    437.385    286.403 327.8635428 +28.8251410     4.45 0.0004804077  -9.2967  -9.5465   0.0580     6585.514     351.9221     684.7138    0.115   0
        55    831.790    286.565 327.8148795 +28.8260477     4.67 0.0005046121  -9.0610  -8.7032   0.1253      3028.73     349.4547     687.9241    0.062   0
        56    471.669    290.171 327.8593036 +28.8248156     4.51 0.0004870654  -9.2743  -9.4906   0.0611     6255.276     351.8621     685.5039    0.089   0
        57    555.473    290.957 327.8489618 +28.8249283     5.05  0.000545487  -8.6911  -8.9519   0.0998     3808.725     350.0805     686.7763    0.043   0
        58    323.317    293.917 327.8775982 +28.8240600     5.31 0.0005730241  -8.2049  -8.3173   0.1785     2122.878     348.8941     681.7031    0.231   0
        59    159.577    296.502 327.8977939 +28.8233903     4.89 0.0005283001  -8.3727  -8.2583   0.1884       2010.6     348.8332     671.5881    0.125   0
        60    746.221    307.438 327.8253871 +28.8235973     4.46 0.0004816389 -10.3128 -10.3665   0.0277     14015.31     357.2758     690.2696    0.126   0
        61    598.197    304.966 327.8436564 +28.8235178     4.38 0.0004724989  -9.9165 -10.1070   0.0349     11035.55     355.1173     687.9509    0.105   0
        62     21.423    302.418 327.9148243 +28.8224201     5.27 0.0005689279  -8.3356  -8.6359   0.1333     2846.904     349.3148     658.7889    0.133   0
        63    291.327    324.381 327.8814701 +28.8206982     4.21 0.0004549123 -11.9048 -11.9758   0.0069     61702.84     389.2782     680.0912    0.028   0
        64    655.695    307.897 327.8365552 +28.8233364     5.84 0.0006304029  -8.0955  -8.2131   0.1964     1928.628     348.8625     689.8489    0.208   0
        65    250.955    308.654 327.8864898 +28.8222982     4.33 0.0004680466  -8.6737  -8.9627   0.0989     3846.606     350.1465     677.7097    0.103   0
        66    821.814    319.165 327.8160323 +28.8225084     4.61 0.0004977357  -9.7694  -9.7763   0.0471      8137.97     353.1392     687.2438    0.087   0
        67    464.163    314.988 327.8601691 +28.8221213     8.70 0.0009394269  -9.0684  -9.3254   0.0710     5372.198     351.1758     684.7897    0.305   0
        68    218.382    314.348 327.8904945 +28.8216063     4.77 0.0005156735  -8.4031  -8.6702   0.1292     2938.225     349.4681     675.5989    0.263   0
        69     88.267    348.688 327.9064621 +28.8175907     4.30 0.0004647906 -13.0063 -13.0506   0.0030     166052.5     451.3602     666.7267    0.052   0
        70    390.637    341.896 327.8691746 +28.8190451     4.21 0.0004544248 -12.0795 -12.1495   0.0059     72407.05     396.0413     683.3151    0.037   0
        71    899.550    330.040 327.8064152 +28.8215157     4.49 0.0004845048  -9.4582  -8.5977   0.1381     2748.302     349.3908     649.9524    0.144   0
        72    148.996    334.616 327.8990049 +28.8192543     4.36 0.0004708165  -9.9740 -10.0390   0.0372      10365.3     354.5778     670.0788    0.026   0
        73    329.326    347.572 327.8767249 +28.8182874     4.11 0.0004439292  -9.5849  -9.7205   0.0496     7730.617     352.8894     681.6974    0.018   0
        74    119.196    378.228 327.9025730 +28.8144790     4.29 0.0004637535 -12.3671 -12.4339   0.0047     94095.15     409.4113     667.4169    0.147   0
        75    757.730    379.095 327.8237949 +28.8158956     4.36 0.0004705556 -12.0529 -12.1112   0.0061     69902.31     394.5176     687.2778    0.084   3
        76    166.538    360.781 327.8967757 +28.8164743     4.06 0.0004383695  -7.7745  -8.1105   0.2158     1754.727     348.6498     670.6177    0.264   0
        77    584.506    369.236 327.8451898 +28.8165538     3.55 0.0003830972  -7.2483  -7.2002   0.4980     758.6962     347.8956     686.2182    0.311   0
        78    908.209    380.834 327.8052258 +28.8160572     4.07  0.000439863  -9.9759  -8.8131   0.1133     3351.631     349.6758     642.0894    0.148   0
        79    593.154    396.411 327.8440569 +28.8136432     4.13  0.000445878  -9.8499 -10.0263   0.0376     10244.75     354.6276     685.8708    0.083   0
        80    755.878    391.635 327.8239932 +28.8145388     4.32 0.0004661588 -10.9661 -11.0976   0.0145     27481.07     366.5959     687.0016    0.063   3
        81    428.126    383.177 327.8644485 +28.8146815     3.55 0.0003833207  -7.9395  -8.2534   0.1893     2001.552     348.8365     683.5211    0.187   0
        82     39.998    392.216 327.9123085 +28.8127798     4.74 0.0005114205  -8.8978  -9.1959   0.0799     4768.101     350.6189     658.3449    0.093   0
        83    490.991    391.512 327.8566726 +28.8139311     3.38 0.0003645386  -7.5961  -6.9625   0.6197     609.5101      347.808     684.1107    0.377   0
        84    560.500    398.552 327.8480802 +28.8133355     4.20 0.0004535778  -9.7260  -9.7727   0.0473     8111.445     353.1494     685.1899    0.043   0
        85    617.843    419.276 327.8409557 +28.8112349     4.14 0.0004467285 -12.4857 -12.5455   0.0043     104283.3     415.7092     685.9634    0.075   0
        86    662.238    400.048 327.8355253 +28.8134128     3.91 0.0004220491  -7.0551  -7.0727   0.5600     674.6412     347.8744     687.0424    0.066   0
        87    673.751    409.364 327.8340825 +28.8124349     5.56 0.0006006632  -8.0558  -8.0882   0.2202     1719.023     348.6242     686.9318    0.149   0
        88    908.994    410.018 327.8050594 +28.8129114     3.94 0.0004254585  -7.0751  99.0000  99.0000    -7430.654     347.2123     641.0807    0.402   0
        89    445.077    420.124 327.8622670 +28.8107368     4.09 0.0004412378  -9.9616 -10.0492   0.0368     10463.83     354.8686     683.4764    0.062   0
        90    481.304    426.375 327.8577826 +28.8101482     4.43 0.0004783345  -9.3580  -9.4003   0.0663     5756.203     351.4879     683.8002    0.068   0
        91    232.990    424.504 327.8884201 +28.8097604     3.75  0.000405051  -7.7352  -8.0560   0.2268     1668.799     348.5686     673.9752    0.382   0
        92    511.147    433.181 327.8540844 +28.8094845     4.08 0.0004408433 -10.2264 -10.2512   0.0307     12602.64     356.3242     684.0529    0.054   0
        93    284.063    441.053 327.8820789 +28.8080973     4.01 0.0004326358 -11.1107 -11.1837   0.0134     29749.42     368.1302      677.183    0.051   0
        94    315.362    437.671 327.8782261 +28.8085367     4.12 0.0004448454  -9.3633  -9.3691   0.0682     5592.903     351.3523     679.0043    0.058   0
        95    178.114    451.369 327.8951232 +28.8067318     4.21  0.000454537 -10.4358 -10.4960   0.0247     15791.17     358.5448     669.3873    0.041   0
        96    876.512    462.786 327.8089407 +28.8071449     4.31  0.000464989 -11.6742 -11.7844   0.0080     51731.52     382.8031     672.6302    0.079   0
        97    831.558    444.528 327.8145300 +28.8090100     4.33 0.0004675832  -8.2987  99.0000  99.0000     -99.2836     347.3598     684.9733    0.276   0
        98    141.470    448.022 327.8996518 +28.8070049     4.51 0.0004866498  -8.4596  -8.4176   0.1628     2328.392     349.0804     666.4009    0.069   0
        99    268.841    458.105 327.8839146 +28.8062220     3.72 0.0004020309  -7.8847  -8.6352   0.1334     2844.935     349.4111     675.8375    0.187   0
       100    493.230    480.245 327.8561801 +28.8043661     3.98 0.0004298477 -12.3768 -12.4315   0.0047     93888.03     409.3766     683.8779    0.050   0
       101    488.497    468.245 327.8567932 +28.8056492     6.23 0.0006726087  -8.5098  -9.0638   0.0901     4221.851     350.4046     683.8486    0.173   0
       102    329.638    478.819 327.8763639 +28.8041326     4.08 0.0004406328  -9.7862  -9.9430   0.0405      9488.82     354.0557     679.0836    0.066   0
       103    548.704    490.691 327.8493115 +28.8033701     3.96 0.0004272142 -11.6100 -11.6834   0.0088      47137.6      379.836     684.0771    0.066   0
       104     80.480    489.098 327.9070733 +28.8024282     4.70 0.0005081039  -9.3747  -9.4799   0.0617     6193.936     351.7894     659.4989    0.097   0
       105    235.048    493.384 327.8879961 +28.8023364     4.02 0.0004337356  -9.5650  -9.6677   0.0520     7363.614     352.6003     672.7697    0.068   0
       106    412.699    561.124 327.8659163 +28.7954527     3.88 0.0004193982 -14.5112 -14.5494   0.0011     660323.4     671.4368     679.7501    0.035   0
       107    653.842    523.032 327.8362640 +28.8001287     5.03   0.00054356  -8.0329  -8.3132   0.1792     2114.858     348.8883     684.4875    0.367   0
       108    112.740    860.347 327.9021717 +28.7624653     4.76 0.0005139039 -11.1983 -11.2717   0.0124     32259.93     369.8127      630.705    0.187   0
       109    856.449   1028.220 327.8100650 +28.7461134     4.49 0.0004848909  -8.7698  -9.2480   0.0572     5002.744      263.398     645.2335    0.500  24
       110    846.450   1020.986 327.8113151 +28.7468704     3.85  0.000416204 -10.1520 -10.3162   0.0267     13380.38     328.9129     645.8578    0.155  16
       111    872.386   1000.061 327.8081673 +28.7491874     4.41 0.0004764272  -9.2060  -9.9182   0.0414     9274.042     353.9522     640.9174    0.254   0
       112    456.597    986.052 327.8594650 +28.7497262     4.06 0.0004380836 -10.3635 -10.4480   0.0257     15107.78     358.0108     635.3369    0.143   0
       113    236.581    981.324 327.8866029 +28.7497138     4.93  0.000531888 -10.4287 -10.4819   0.0250     15586.64     358.4403     622.1461    0.206   0
       114    365.174    976.996 327.8707589 +28.7504866     4.14 0.0004472508 -12.8557 -12.9092   0.0033     145777.6     439.8241     631.6486    0.116   0
       115    435.496    981.934 327.8620766 +28.7501204     1.07 0.0001155986  -6.8490  -7.4198   0.4070     928.8264     348.0767     634.5814    0.309   0
       116    268.273    967.071 327.8827306 +28.7513266     4.38 0.0004734453  -9.4104  -9.6179   0.0544     7033.133     352.4531     626.0185    0.165   0
       117    911.134    878.992 327.8036782 +28.7623350     3.43 0.0003709052  -9.4278  -7.9506   0.2499     1514.364     348.4676     624.5011    0.101   0
       118    287.397    875.340 327.8805983 +28.7612658     4.04 0.0004366257 -10.5870 -10.6106   0.0223      17547.9     359.7012     643.1054    0.142   0
       119    724.050    851.947 327.8268122 +28.7648176     4.04 0.0004362915  -8.6372  -8.6162   0.1357     2795.683     349.3563      664.507    0.172   0
       120    322.377    789.246 327.8764967 +28.7706346     3.85 0.0004160242 -12.2008 -12.2741   0.0054     81216.33     401.5636     654.9754    0.076   0
       121    215.386    799.806 327.8896643 +28.7692406     3.45 0.0003727318  -7.4906  -8.1633   0.2055     1842.046     348.5655      646.843    0.423   0
       122    653.895    842.706 327.8354855 +28.7656504     3.59 0.0003872142 -13.3544 -13.4048   0.0023       230095     485.5733     663.6841    0.051   0
       123     52.557    788.853 327.9097708 +28.7700315     4.82 0.0005203895 -10.2890 -10.3933   0.0270     14365.82     357.5878     634.2515    0.211   0
       124    647.189    779.129 327.8364659 +28.7724918     3.62 0.0003908177 -10.6195 -10.6887   0.0208     18856.68     360.6854     669.9919    0.079   0
       125    391.411    786.194 327.8679910 +28.7711275     3.42 0.0003697686  -7.6006  -7.8289   0.2793     1353.824     348.2054     659.1057    0.406   0
       126    763.828    902.527 327.8217858 +28.7594549     3.93 0.0004239725  -8.8405  -8.9171   0.1031     3688.455     350.0044     659.0275    0.131   0
       127    916.604    890.235 327.8029770 +28.7611350     3.46 0.0003733777  -8.2000  99.0000  99.0000    -5653.623     345.2007     618.7311    0.110  16
       128    634.932    875.924 327.8377435 +28.7620233     3.75 0.0004050144  -9.0321  -8.9690   0.0983     3868.866     350.1429     659.5032    0.164   0
       129    790.519    821.266 327.8186894 +28.7682814     3.55 0.0003838291 -10.6241 -10.7223   0.0202     19450.55     361.1346     667.4467    0.075   0
       130    150.754    854.138 327.8974997 +28.7632261     4.74 0.0005114634  -8.7235  -8.8423   0.1103     3442.946     349.8289     635.1353    0.202   0
       131     80.724    724.422 327.9064576 +28.7770483     4.56 0.0004921687 -10.6276 -10.7130   0.0203     19284.32     361.0006     645.4446    0.131   0
       132    466.966    885.381 327.8584319 +28.7606085     3.75 0.0004053314 -10.7777 -10.8620   0.0178     22120.81      362.875      649.461    0.096   0
       133    346.428    915.810 327.8732202 +28.7570413     7.33 0.0007919402  -8.4895  -9.0824   0.0886     4294.984     350.3009     638.7581    0.405   0
       134    706.534    763.192 327.8291859 +28.7743494     3.64 0.0003928977 -10.6504 -10.7278   0.0201     19549.22     361.1746     672.4814    0.074   0
       135    580.480    908.738 327.8443784 +28.7583566     3.83 0.0004136575  -8.3137  -8.1840   0.2017     1877.602      348.777     651.8607    0.155   0
       136    509.901    761.043 327.8534402 +28.7741201     3.74   0.00040344  -9.0624  -9.2513   0.0760     5018.073     350.9431     666.0768    0.006   0
       137    628.494    733.965 327.8388806 +28.7773192     3.63 0.0003921291 -12.3807 -12.4377   0.0047     94423.61     409.7035     673.9327    0.052   0
       138    494.681    726.214 327.8554020 +28.7778407     3.91 0.0004224471  -9.8116  -9.9215   0.0413     9302.834     353.9629     669.6823    0.079   0
       139    784.393    651.879 327.8198510 +28.7865365     3.94 0.0004254727  -9.9466 -10.1666   0.0331     11658.78     355.6134     680.4899    0.052   0
       140    659.984    742.547 327.8349763 +28.7764673     5.08 0.0005491021  -8.0999  -8.0495   0.2282      1658.75     348.5418     673.9744    0.260   0
       141    579.243    703.803 327.8450276 +28.7804568     3.89 0.0004197219  -9.2626  -9.4065   0.0659     5788.898     351.4334     674.1893    0.103   0
       142    605.367    707.284 327.8417973 +28.7801426     4.01 0.0004335376  -8.2861  -8.2742   0.1857     2040.254     348.8251     675.3823    0.134   0
       143    303.633    635.504 327.8791862 +28.7871716     4.10  0.000443251  -9.7002  -9.8864   0.0427     9006.536     353.7729     669.3115    0.105   0
       144    602.949    638.046 327.8422632 +28.7876046     3.91 0.0004225055  -9.5081  -9.6008   0.0553     6923.719      352.327     680.2225    0.043   0
       145    234.035    709.482 327.8875876 +28.7790270     4.04  0.000436438 -11.1900 -11.2697   0.0125     32201.93     369.8197     658.9647    0.071   0
       146    838.504    654.029 327.8131720 +28.7864302     3.71 0.0004010398  -7.5545  -7.1161   0.5380     702.1754     347.8746      678.587    0.369   0
       147    408.891    679.961 327.8660953 +28.7826266     3.78 0.0004077159 -14.0589 -14.1004   0.0014       436676     582.2285     673.3469    0.026   0
       148    777.567    693.490 327.8205931 +28.7820326     3.85  0.000415484  -9.6203  -9.7685   0.0475     8079.807     353.1174     678.4294    0.068   0
       149    670.500    690.999 327.8338038 +28.7820516     3.72 0.0004013001  -7.4033  -6.9787   0.6104     618.6901     347.7263     678.2721    0.370   0
       150    547.767    612.645 327.8491310 +28.7902147     3.84 0.0004144082 -11.0656 -11.2207   0.0130     30781.23     368.8395      680.545    0.042   0
       151     86.814    643.768 327.9059071 +28.7857618     4.40 0.0004750887 -10.4439 -10.5517   0.0235     16622.31     359.0383     652.3067    0.116   0
       152    294.853    830.360 327.8797897 +28.7661347     4.42 0.0004775087  -8.4621  -8.5245   0.1476     2569.296     349.2529     648.9584    0.177   0
       153    627.258    678.041 327.8391683 +28.7833480     3.92 0.0004234635  -7.1567  -7.4224   0.4060     931.0301     348.0685     678.3314    0.064   0
       154    461.805    653.883 327.8596330 +28.7855643     3.90 0.0004212582  -9.5610  -9.7282   0.0492     7785.256     352.8991     676.3082    0.072   0
       155    389.307    665.954 327.8685450 +28.7840909     3.84 0.0004147419  -9.5207  -9.9596   0.0399     9634.974     354.2456     673.0276    0.075   0
       156    789.197    661.463 327.8192356 +28.7855140     4.30 0.0004646598  -8.2001  -8.8752   0.1071      3548.83     349.8461     680.1519    0.262   0
       157    436.704    649.258 327.8627401 +28.7860039     3.78 0.0004082777 -12.9659 -13.0178   0.0030     161115.7     448.6023     676.3373    0.040   0
       158    686.910    911.864 327.8312476 +28.7582686     3.56 0.0003847144 -11.3419 -11.4123   0.0110     36721.79     372.8901     656.2579    0.075   0
       159    523.871    920.340 327.8513303 +28.7569721     3.87 0.0004183831  -8.5423  -8.4631   0.1562     2427.934     349.1126     648.1765    0.186   0
       160    840.222    848.334 327.8124956 +28.7654774     3.68 0.0003978599  -8.1295  -8.1343   0.2111     1793.528     348.6678     662.4099    0.155   0
       161    850.876    823.855 327.8112402 +28.7681423     3.66 0.0003949831 -11.2172 -11.3216   0.0119     33778.45     370.9115     663.4738    0.101   0
       162    178.209    922.761 327.8939445 +28.7558907     4.53 0.0004890254 -10.1962 -10.3086   0.0292     13287.13     356.7276     625.0286    0.218   0
       163    536.724    596.593 327.8505320 +28.7919200     3.89 0.0004200076 -12.8996 -12.9612   0.0032     152923.3     443.9518     681.1899    0.040   0
       164    523.567    583.867 327.8521858 +28.7932615     4.70 0.0005080411  -8.7661  -9.3567   0.0690     5529.209     351.3264     681.5308    0.073   0
       165    851.985   1002.801 327.8106761 +28.7488447     3.69 0.0003982544 -10.9311 -11.0721   0.0148     26843.34     366.0022     646.2945    0.137   0
       166    599.799    798.783 327.8422626 +28.7702611     3.61 0.0003898468 -10.2434 -10.3020   0.0293     13206.47     356.5753     666.7643    0.050   0
       167    900.271    953.649 327.8048398 +28.7542576     4.03 0.0004350504  -8.4330  -9.2345   0.0771     4941.002     350.8687     624.6888    0.132   0
       168    834.919    548.028 327.8138677 +28.7978548     4.04 0.0004367527  -9.3176  -9.1192   0.0857     4443.205     350.5333     682.7965    0.047   0
       169    297.900    580.366 327.8800290 +28.7931049     3.94 0.0004256918 -12.4813 -12.5453   0.0043     104260.6     415.6791     673.1486    0.020   0
       170    781.145    974.470 327.8194781 +28.7517358     3.66 0.0003951676 -14.6583 -14.6954   0.0010     755401.1     705.9312     651.6616    0.087   0
       171    690.799    593.400 327.8315355 +28.7926256     4.06 0.0004384849 -10.6536 -10.7672   0.0194     20271.94     361.4951     682.6503    0.093   0
       172    449.311    536.949 327.8614594 +28.7981467     4.44 0.0004789887  -8.8524  -9.0947   0.0876     4344.019     350.4918     681.7446    0.154   0
       173    810.760    569.431 327.8167965 +28.7954902     3.44 0.0003715633  -7.6567  -8.0330   0.2317     1633.787     348.5435      682.912    0.414   0
       174     22.219    553.253 327.9140998 +28.7953687     4.61 0.0004980474 -10.4279 -10.5423   0.0237     16478.34     359.0332     652.0594    0.125   0
       175    114.182    835.780 327.9020549 +28.7651184     4.72 0.0005095102 -10.0204 -10.0438   0.0370     10411.42     354.6392     634.5146    0.206   0
       176    757.983    558.486 327.8233326 +28.7965479     4.22 0.0004561305  -8.5933  -8.9399   0.1009     3766.835     350.0603     683.5517    0.144   0
       177    552.677    549.974 327.8486776 +28.7969856     4.19 0.0004527762  -7.7885  -7.8884   0.2646     1430.138     348.4071     683.1301    0.095   0
       178    302.570    793.700 327.8789282 +28.7701071     3.90 0.0004207955 -10.6322 -10.7962   0.0189     20819.14     362.0714     653.2689    0.123   0
       179    342.133    842.279 327.8739303 +28.7649617     3.91 0.0004218316 -10.6061 -10.6752   0.0210     18623.66     360.5523     649.9922    0.098   0
       180    675.068    972.512 327.8325617 +28.7516997     3.64 0.0003934476  -7.7013  -7.9329   0.2540      1489.93     348.4892     647.8952    0.364   0
       181    625.182    971.450 327.8387149 +28.7516976     3.72 0.0004015079 -11.1489 -11.2317   0.0129     31093.21     369.0787     645.3032    0.121   0
