#   1 NUMBER                 Running object number                                     
#   2 X_IMAGE                Object position along x                                    [pixel]
#   3 Y_IMAGE                Object position along y                                    [pixel]
#   4 ALPHA_J2000            Right ascension of barycenter (J2000)                      [deg]
#   5 DELTA_J2000            Declination of barycenter (J2000)                          [deg]
#   6 FWHM_IMAGE             FWHM assuming a gaussian core                              [pixel]
#   7 FWHM_WORLD             FWHM assuming a gaussian core                              [deg]
#   8 MAG_BEST               Best of MAG_AUTO and MAG_ISOCOR                            [mag]
#   9 MAG_APER               Fixed aperture magnitude vector                            [mag]
#  10 MAGERR_APER            RMS error vector for fixed aperture mag.                   [mag]
#  11 FLUX_APER              Flux vector within fixed circular aperture(s)              [count]
#  12 FLUXERR_APER           RMS error vector for aperture flux(es)                     [count]
#  13 BACKGROUND             Background at centroid position                            [count]
#  14 ELLIPTICITY            1 - B_IMAGE/A_IMAGE                                       
#  15 FLAGS                  Extraction flags                                          
         1      9.764     81.391 200.8950076 +36.1171122    60.07   0.00648104 -13.0926 -12.2123   0.0081     76719.35     571.9678     446.1187    0.619  24
         2    192.249     29.619 200.8706859 +36.1231936    28.48  0.003073181 -11.4556 -11.3651   0.0183     35158.22     592.5482     675.9012    0.242   0
         3    136.535     10.719 200.8781832 +36.1250718    84.10  0.009073189 -14.2726 -13.0259   0.0041     162317.6     616.8283     360.2994    0.744  24
         4    142.693     87.798 200.8772006 +36.1167954    32.27  0.003481947 -12.5237 -11.4700   0.0167     38725.72     593.9244     1022.866    0.626   0
         5    399.608     69.615 200.8428462 +36.1194644     4.44 0.0004794941 -10.9209  -8.7940   0.1909     3293.121     578.7361     1037.229    0.025   0
         6    561.830     76.836 200.8211159 +36.1191323     3.94 0.0004247964  -7.9599  99.0000  99.0000    -12264.44     577.5242     1049.722    0.258   0
         7    534.756    103.750 200.8246869 +36.1161622     5.81 0.0006265031  -9.3458  -9.9255   0.0676     9337.031     581.5845     1165.542    0.171   0
         8     63.627    108.611 200.8877413 +36.1143347     8.01 0.0008642305  -8.9795  99.0000  99.0000    -12873.28     577.2791     774.8096    0.168   2
         9    752.352    185.198 200.7954011 +36.1079899     8.25 0.0008898957 -10.1309 -10.4615   0.0415     15296.45     583.9629     1152.887    0.294   0
        10    276.186    218.046 200.8590670 +36.1031522     1.22 0.0001318417  -8.2958  -8.7213   0.2041      3079.87     578.7744     1205.851    0.112   0
        11    330.827    244.895 200.8516999 +36.1004145     4.20 0.0004532632 -12.7255 -12.7731   0.0053     128599.6     630.7259     1202.362    0.020   0
        12     80.783    240.440 200.8851727 +36.1001981     8.02 0.0008651136 -11.0144 -11.2461   0.0204      31508.8     590.8947     1122.525    0.565   0
        13     76.277    257.005 200.8857416 +36.0984030    10.96  0.001181941 -11.6432 -11.3658   0.0183     35182.55     592.4629     1097.601    0.375   2
        14     72.739    283.982 200.8861594 +36.0954905     4.27 0.0004604764  -9.6697 -11.1958   0.0213     30082.62     590.4508     1082.504    0.065   0
        15     81.826    393.259 200.8847180 +36.0837578     6.75 0.0007284908 -10.5716 -11.1585   0.0220     29067.84      590.053     1121.828    0.312   0
        16    711.715    408.971 200.8004046 +36.0838019     3.83  0.000412975 -10.0156 -10.2058   0.0524      12087.5     582.7494     1143.323    0.032   0
        17    352.548    422.744 200.8484349 +36.0813380     6.54 0.0007058931  -8.9294  -9.5766   0.0931     6770.974     580.3666      1196.16    0.166   0
        18   1022.004    434.912 200.7588366 +36.0818434     1.81 0.0001949055  -7.2563  99.0000  99.0000    -1494.086     517.9144     1015.976    0.039  16
        19     76.142    453.215 200.8853549 +36.0772907     7.14  0.000770533 -10.7271 -11.2081   0.0211     30424.74     590.5477     1086.875    0.757  16
        20    166.829    461.177 200.8732053 +36.0766874     3.93 0.0004243473  -8.5161  -9.2906   0.1210     5202.915      579.707     1198.063    0.260   0
        21    742.001    474.223 200.7962254 +36.0768627     3.81 0.0004108204 -11.3150 -11.3845   0.0180     35793.19     592.6091     1116.731    0.047   0
        22     98.559    505.040 200.8822489 +36.0717771     3.94 0.0004246956 -11.3488 -11.3507   0.0185     34697.47     592.3697     1193.033    0.029   0
        23     85.011    819.306 200.8834139 +36.0379245     3.19 0.0003445843  -9.5405 -11.1988   0.0213     30164.94     590.4537     1062.513    0.077   0
        24    377.440    991.321 200.8439635 +36.0202280     5.12  0.000552051  -8.8001  -9.0385   0.1525     4124.737     579.2744      1065.02    0.212   0
        25    677.935    958.433 200.8038523 +36.0245881     3.83 0.0004132747 -10.5863 -10.6690   0.0343     18518.47     585.5341     977.5289    0.071   0
        26     84.202    753.203 200.8836583 +36.0450349     3.73 0.0004022893  -9.2860 -11.2167   0.0209     30666.29     590.4583     1079.479    0.715   0
        27     80.923    712.721 200.8841803 +36.0493815     7.73 0.0008335863 -10.9366 -11.3119   0.0192     33478.42     591.9347     1076.639    0.476   0
        28    696.208    755.415 200.8018043 +36.0464823     3.42 0.0003685179  -8.1141  -8.3947   0.2755     2279.729     578.2982     1050.532    0.398   0
        29     79.100    681.025 200.8844894 +36.0527869    14.62  0.001577671 -12.0948 -11.4005   0.0177     36326.18     593.0885     1075.871    0.261   0
        30     77.828    615.695 200.8847943 +36.0598128     5.29 0.0005706679 -10.2578 -11.2031   0.0212     30286.74     590.5053     1085.562    0.406   0
        31    233.504    961.518 200.8632677 +36.0230366     3.74 0.0004029814  -8.1371  -8.1518   0.3446     1822.704      578.329     1082.067    0.590   0
        32    658.556    862.994 200.8066298 +36.0348048     3.92 0.0004234394  -9.3447  -9.5360   0.0966     6522.343     580.2107     1022.203    0.128   0
        33    506.062    853.911 200.8270395 +36.0353664     4.57 0.0004927841  -9.0274  -9.1164   0.1420     4431.703     579.5046     1084.699    0.011   0
        34     83.508    842.939 200.8835663 +36.0353774     8.19 0.0008831669 -10.9042 -11.2091   0.0211     30452.78     590.6235     1049.326    0.140   0
        35     86.826    908.005 200.8829886 +36.0283856     3.96 0.0004268572  -9.5406 -11.2244   0.0208     30886.56     590.5035     1034.253    0.501   0
        36    618.942    842.781 200.8119666 +36.0368721     3.65 0.0003940408 -10.3084 -10.4258   0.0428     14801.89     583.9127     1046.596    0.020   0
        37    207.379    782.351 200.8671255 +36.0422423     4.23 0.0004563593  -8.7879  -9.5184   0.0982      6417.59     580.2957     1153.608    0.098   0
