#   1 NUMBER                 Running object number                                     
#   2 X_IMAGE                Object position along x                                    [pixel]
#   3 Y_IMAGE                Object position along y                                    [pixel]
#   4 ALPHA_J2000            Right ascension of barycenter (J2000)                      [deg]
#   5 DELTA_J2000            Declination of barycenter (J2000)                          [deg]
#   6 FWHM_IMAGE             FWHM assuming a gaussian core                              [pixel]
#   7 FWHM_WORLD             FWHM assuming a gaussian core                              [deg]
#   8 MAG_BEST               Best of MAG_AUTO and MAG_ISOCOR                            [mag]
#   9 MAG_APER               Fixed aperture magnitude vector                            [mag]
#  10 MAGERR_APER            RMS error vector for fixed aperture mag.                   [mag]
#  11 FLUX_APER              Flux vector within fixed circular aperture(s)              [count]
#  12 FLUXERR_APER           RMS error vector for aperture flux(es)                     [count]
#  13 BACKGROUND             Background at centroid position                            [count]
#  14 ELLIPTICITY            1 - B_IMAGE/A_IMAGE                                       
#  15 FLAGS                  Extraction flags                                          
         1    852.498     88.175 200.9185880 +36.1158843   117.38   0.01266411 -14.6456 -12.4180   0.0059     92726.62     501.9431     741.5993    0.498  19
         2    817.903     46.744 200.9233064 +36.1202439    70.20  0.007574169 -13.3625 -11.8468   0.0096     54793.58     482.6562      620.369    0.797  19
         3    821.501      9.460 200.9229036 +36.1242658    78.72   0.00849285 -13.5101 -12.2744   0.0062     81240.48     465.3928     436.8571    0.778  24
         4    701.880    185.846 200.9385403 +36.1049459     4.66 0.0005031443 -15.5060 -15.5346   0.0007      1636274     1011.791     914.8611    0.027   4
         5    789.003    183.518 200.9268850 +36.1054451     4.53 0.0004885842 -15.0283 -15.0609   0.0009      1057646     856.9278     916.1403    0.021   0
         6    143.022    194.187 201.0133159 +36.1024265     4.23 0.0004569016 -13.2628 -13.3160   0.0029     212034.6     558.0455     865.4612    0.038   0
         7    565.114    192.122 200.9568310 +36.1038779     5.96 0.0006433498  -8.7816  -9.2101   0.1025     4830.938     456.0946     909.6031    0.058   0
         8    758.262    205.436 200.9309527 +36.1029991     4.14 0.0004465351  -8.4670  -9.2889   0.0954     5194.813      456.243     916.2397    0.531   0
         9    354.597    255.991 200.9848647 +36.0963961     3.75 0.0004050464  -8.6765  -8.2930   0.2377     2075.891     454.4028     898.4657    0.100   0
        10    643.342    316.795 200.9460937 +36.0906883     4.32 0.0004657773 -10.9021 -11.0207   0.0198     25601.23     467.2288     909.6991    0.043   0
        11    283.734    362.494 200.9941120 +36.0847300     8.13 0.0008773012  -9.3586  -9.4613   0.0815     6088.423     456.7833     888.2154    0.252   0
        12    220.217    425.371 201.0024708 +36.0777786     6.80 0.0007330958  -8.9545  -8.9384   0.1314     3761.663     455.3038     875.1929    0.326   0
        13     48.844    473.916 201.0252889 +36.0720508     4.92 0.0005305075  -9.1043  -9.0601   0.1176     4207.662     455.7401     830.8228    0.140   0
        14    162.405    514.721 201.0100057 +36.0679952     4.04 0.0004354435 -12.9938 -13.0333   0.0036     163427.8     535.9146     856.2452    0.067   0
        15    610.489    838.990 200.9493668 +36.0344069     0.01 1.285483e-06  -7.3785  -7.9082   0.3387     1456.456     454.2027     844.8111    0.313   0
        16    244.489    704.504 200.9986044 +36.0478160     4.05 0.0004365634 -10.3105 -10.3317   0.0369     13573.46     460.8617     838.7744    0.127   0
        17    482.230    646.593 200.9669352 +36.0547387     2.69 0.0002898913  -8.0719  -8.2393   0.2497      1975.74     454.3349     880.9367    0.397   0
        18    878.787    547.581 200.9141028 +36.0665274     3.44 0.0003713154  -8.6441 -10.3591   0.0360     13919.75     460.8477     868.2906    0.416   0
        19    554.109    709.914 200.9571845 +36.0481330     4.05  0.000436646  -9.7181  -9.9382   0.0527     9446.455     458.6048     873.7678    0.085   0
        20     70.465    757.892 201.0217576 +36.0415599     6.57 0.0007087439  -8.6231  -8.8502   0.1426     3467.878     455.3468     790.3715    0.277   0
        21    883.006    727.164 200.9131611 +36.0472166     3.92 0.0004232301  -8.9456 -10.8261   0.0236     21401.06     464.9009     834.1058    0.510   0
        22    560.632    689.107 200.9563571 +36.0503907     5.87  0.000633746 -10.2396 -10.3462   0.0364     13755.05     460.8971       879.14    0.113   0
        23    788.301    581.392 200.9261356 +36.0626324     3.97 0.0004286984 -10.3263 -10.4248   0.0339      14788.3      461.369     901.0204    0.080   0
        24    508.953    656.162 200.9633401 +36.0537863     3.97 0.0004284809 -10.2482 -10.3148   0.0374     13363.88     460.7228     881.4625    0.028   0
        25    726.603    548.223 200.9344594 +36.0660254     4.28 0.0004615241  -8.3556  -8.3561   0.2243      2200.01     454.4455     902.0048    0.203   0
        26    885.550    670.840 200.9129392 +36.0532841     8.12 0.0008760963 -10.3932 -10.6962   0.0265     18988.49     463.7773     839.2808    0.427   0
        27    133.179    866.110 201.0131291 +36.0301009     6.09 0.0006574289  -8.9249  -9.0000   0.1243     3980.935     455.5646     771.5922    0.130   0
        28    916.169    883.807 200.9083979 +36.0304559     3.30 0.0003559898  -8.3798  99.0000  99.0000    -16105.56     451.9744     744.8165    0.212  16
