#   1 NUMBER                 Running object number                                     
#   2 X_IMAGE                Object position along x                                    [pixel]
#   3 Y_IMAGE                Object position along y                                    [pixel]
#   4 ALPHA_J2000            Right ascension of barycenter (J2000)                      [deg]
#   5 DELTA_J2000            Declination of barycenter (J2000)                          [deg]
#   6 FWHM_IMAGE             FWHM assuming a gaussian core                              [pixel]
#   7 FWHM_WORLD             FWHM assuming a gaussian core                              [deg]
#   8 MAG_BEST               Best of MAG_AUTO and MAG_ISOCOR                            [mag]
#   9 MAG_APER               Fixed aperture magnitude vector                            [mag]
#  10 MAGERR_APER            RMS error vector for fixed aperture mag.                   [mag]
#  11 FLUX_APER              Flux vector within fixed circular aperture(s)              [count]
#  12 FLUXERR_APER           RMS error vector for aperture flux(es)                     [count]
#  13 BACKGROUND             Background at centroid position                            [count]
#  14 ELLIPTICITY            1 - B_IMAGE/A_IMAGE                                       
#  15 FLAGS                  Extraction flags                                          
         1    792.136     60.023 327.8203992 +28.8506396    12.26  0.001324162 -11.3195 -11.4807   0.0121      39109.8     434.8372     667.2363    0.304   3
         2    843.684     78.093 327.8139863 +28.8488182   128.43   0.01387112 -14.6047 -11.9798   0.0079     61931.98     447.7661     669.0869    0.624  19
         3    589.262     30.227 327.8455350 +28.8533515     5.90 0.0006374757 -12.9720 -12.9491   0.0036     151231.7     495.1496     683.8085    0.152   0
         4    820.448      8.922 327.8170311 +28.8562164    72.06  0.007782733 -13.1879 -11.9161   0.0077     58404.09     413.7419     461.4352    0.775  24
         5    476.652      9.808 327.8594978 +28.8552731     5.38  0.000581608 -11.4610 -11.1836   0.0147     29746.63     402.5336     632.3141    0.309  16
         6    750.387     57.582 327.8255625 +28.8508003     6.75  0.000728707 -12.8556 -12.9095   0.0037     145813.6     492.2505     707.3826    0.085   2
         7    765.478     55.400 327.8237039 +28.8510725    13.56  0.001465134 -10.2656 -11.0823   0.0171     27097.19     427.8078     681.3596    0.221   3
         8    812.498     70.018 327.8178588 +28.8496123    16.43  0.001774298 -11.4093 -11.4293   0.0126     37301.79     433.8407     684.5911    0.216   3
         9    563.786     82.111 327.8485493 +28.8476967     5.89 0.0006357835 -12.8021 -12.8700   0.0038     140600.6     489.7231     778.3566    0.083   0
        10    615.456     95.523 327.8421328 +28.8463789     5.82 0.0006280799 -13.1717 -13.2202   0.0029     194118.6     516.3214     805.6591    0.099   0
        11    355.105     65.461 327.8743685 +28.8489721     8.16 0.0008816172  -9.3387  -9.9339   0.0482      9409.35     417.4239     728.5892    0.147   0
        12    409.347     83.187 327.8676228 +28.8471970     4.15 0.0004485474  -8.9060 -10.2008   0.0378     12031.49     418.9571     768.2946    0.119   0
        13    733.604    106.999 327.8275103 +28.8454331     5.96 0.0006436118 -12.4295 -12.4510   0.0053     95587.74     466.0447     808.5536    0.119   0
        14     31.342    116.303 327.9142259 +28.8426777     5.92 0.0006395597  -9.8090  -9.4667   0.0737     6119.229     415.4488     756.3518    0.149   0
        15    510.305    135.250 327.8550191 +28.8418371     5.60 0.0006043722 -11.1800 -11.1259   0.0165     28206.44     428.5227     804.7749    0.111   0
        16      2.979    129.450 327.9176945 +28.8411889     5.38 0.0005814782  -8.7210  99.0000  99.0000    -301.5986     320.1409     753.9208    0.208  24
        17    585.163    191.842 327.8456286 +28.8359233     5.59 0.0006042133 -14.7269 -14.7573   0.0010       799658     754.5705     808.6233    0.076   0
        18    414.351    141.409 327.8668547 +28.8409347     5.68 0.0006138409  -9.4805  -9.3219   0.0842      5355.08      414.954     800.5484    0.162   0
        19    170.036    140.509 327.8970325 +28.8404194     6.76 0.0007303676  -9.1746  -9.0070   0.1122      4006.92     414.1294     775.3154    0.060   0
        20    694.795    191.909 327.8320881 +28.8361865     5.66 0.0006116439 -14.4476 -14.4802   0.0012     619578.7     692.3209     811.1876    0.093   0
        21    926.529    144.531 327.8035862 +28.8418598     6.27  0.000676939  -8.1342  99.0000  99.0000    -3249.677     336.1877     659.7486    0.362  16
        22    358.319    152.883 327.8737456 +28.8395583     5.45 0.0005881545 -10.0683 -10.1862   0.0383     11871.24     418.8958     796.8216    0.130   0
        23    119.270    188.136 327.9031780 +28.8351584     5.32 0.0005743392 -12.1910 -12.2501   0.0063     79442.46     457.4382     770.9135    0.062   0
        24    348.853    178.750 327.8748479 +28.8367468     5.44 0.0005877391  -9.4416  -9.5526   0.0682      6622.56     415.7054     796.9825    0.127   0
        25    434.130    173.868 327.8643282 +28.8374857     1.44 0.0001559963  -7.7482  -8.1903   0.2375     1888.463     412.9182     803.1387    0.056   0
        26    769.469    178.624 327.8228990 +28.8378018     8.47 0.0009149671  -9.4344  -9.6454   0.0627     7213.459     416.1413     810.3324    0.333   0
        27    494.281    188.507 327.8568616 +28.8360575     5.70 0.0006151758  -9.6280  -9.8520   0.0519     8725.337     417.0026     805.0918    0.173   0
        28    168.451    199.002 327.8970757 +28.8341114     5.54 0.0005981494  -9.9916 -10.1738   0.0387     11736.37     418.6893     777.8756    0.142   0
        29    385.958    217.301 327.8701657 +28.8326846     5.35 0.0005777834 -12.3552 -12.4136   0.0055     92346.91     464.4166      800.431    0.092   0
        30    173.968    217.543 327.8963460 +28.8321271     5.29 0.0005716183 -11.9206 -11.9850   0.0078     62232.05     447.9443     778.5835    0.056   0
        31    489.108    205.083 327.8574579 +28.8342582     6.23 0.0006727776  -9.1455  -9.4125   0.0775     5821.071     415.2462     804.9407    0.189   0
        32    438.807    205.612 327.8636689 +28.8340762     4.91 0.0005306104  -8.4311  -8.5369   0.1726     2598.792     413.1276     803.4487    0.136   0
        33    767.141    216.052 327.8230918 +28.8337622     7.84 0.0008468954  -8.6613  -8.9632   0.1168     3848.567     414.0106     811.2631    0.147   0
        34     93.987    242.277 327.9061589 +28.8292596     5.25 0.0005665107 -12.8122 -12.8518   0.0038     138270.5     488.5028     767.2824    0.058   0
        35    144.388    226.391 327.8999761 +28.8310990     5.80 0.0006264602  -8.2806  -7.8913   0.3124      1433.96     412.4337     774.5537    0.144   0
        36    796.873    240.770 327.8193573 +28.8311711     5.68   0.00061297 -10.7368 -10.8214   0.0216     21309.15     424.4572     810.6192    0.101   0
        37    758.566    262.435 327.8240335 +28.8287422     5.61 0.0006055079 -12.7111 -12.7620   0.0041       127296     482.8537     810.8322    0.114   0
        38    805.998    260.556 327.8181805 +28.8290609    11.28  0.001217843 -10.4714 -10.4687   0.0297      15398.2     420.8815     809.5771    0.123   0
        39     71.515    267.275 327.9088686 +28.8265086     5.25 0.0005671098 -11.7150 -11.7608   0.0095     50619.23      441.459      763.438    0.052   0
        40    411.722    281.769 327.8668178 +28.8258008     5.30  0.000572113 -11.5093 -11.5683   0.0112     42397.46     436.7233     802.4619    0.088   0
        41    774.639    274.934 327.8220169 +28.8274345     6.03 0.0006514851 -10.1544 -10.3496   0.0331      13798.8     419.9989     810.0369    0.131   0
        42    690.790    267.749 327.8323901 +28.8280029     6.63 0.0007157695  -8.8013  -8.8180   0.1335     3366.537     413.7542     810.8489    0.321   0
        43     64.672    282.942 327.9096726 +28.8248028     5.39 0.0005817854 -10.4308 -10.4853   0.0292     15635.93     421.1024     762.2178    0.055   0
        44    609.700    292.910 327.8423403 +28.8250913     5.44 0.0005870305 -10.5480 -10.6365   0.0255     17972.04     422.5779      807.791    0.156   0
        45    831.322    289.941 327.8149789 +28.8259558     5.83 0.0006301262  -8.8484  -6.5277   1.0956     408.4117     412.0328      807.981    0.149   0
        46    436.794    290.092 327.8637002 +28.8249662     6.03 0.0006511526  -9.3373  -9.5319   0.0695     6497.814     415.6419     802.8848    0.050   0
        47    471.286    293.805 327.8594310 +28.8246519     5.85 0.0006316078  -9.2626  -9.4488   0.0749      6019.19     415.3424     803.0084    0.179   0
        48    554.826    294.816 327.8491119 +28.8247501     7.62 0.0008230754  -8.7104  -9.1820   0.0956     4707.621     414.4365     804.5227    0.205   0
        49    745.664    311.049 327.8255036 +28.8234711     5.64 0.0006087509 -10.3362 -10.4466   0.0303     15088.15     420.7201     809.8001    0.162   0
        50    158.045    300.507 327.8980961 +28.8231456     4.56 0.0004927294  -8.2134  -8.0185   0.2780     1612.196     412.7045     775.4022    0.167   0
        51    597.610    308.592 327.8437933 +28.8233713     5.44  0.000587526  -9.9120 -10.0774   0.0423     10738.59     418.0013     806.7872    0.115   0
        52     20.508    305.972 327.9150659 +28.8222089     3.73 0.0004032432  -8.0802  -8.3443   0.2061     2176.243     413.0576     753.0977    0.376   0
        53    290.721    328.077 327.8816405 +28.8205077     5.04 0.0005442499 -11.9100 -11.9705   0.0079      61406.5     447.5262     792.0574    0.083   0
        54    250.590    312.112 327.8866376 +28.8221276     6.60 0.0007125153  -8.7210  -9.2068   0.0935     4816.425     414.6409     786.9261    0.185   0
        55    655.496    311.974 327.8366362 +28.8231496     3.72  0.000401751  -8.1038  -8.4629   0.1849     2427.512     413.2097     808.8589    0.374   0
        56    821.284    322.751 327.8161357 +28.8223952     5.86 0.0006330988  -9.6816  -9.2795   0.0875     5150.082     414.9114     807.4899    0.171   0
        57    217.867    318.094 327.8906629 +28.8214008     5.54 0.0005980416  -8.4598  -8.8114   0.1343     3346.292        413.8     782.6245    0.162   0
        58    464.420    318.684 327.8602151 +28.8219535     6.81 0.0007352073  -8.9185  -9.3291   0.0836     5390.706     415.0217     802.0036    0.633   0
        59    390.038    345.587 327.8693310 +28.8188688     5.14 0.0005554451 -12.0870 -12.1541   0.0068     72715.74     453.6836     798.4078    0.069   0
        60     87.656    352.434 327.9066524 +28.8173715     5.17 0.0005584763 -13.0034 -13.0500   0.0033     165958.5     502.5015      763.847    0.032   0
        61    898.947    333.709 327.8065175 +28.8214038     5.50 0.0005944293  -9.3393  99.0000  99.0000    -1971.605     411.7383     743.0598    0.167   0
        62    148.205    338.374 327.8992124 +28.8190397     5.39 0.0005820264  -9.9064  -9.9141   0.0490     9239.438     417.1152     773.7651    0.041   0
        63    328.781    351.262 327.8768807 +28.8181041     5.22 0.0005641896  -9.6264  -9.8414   0.0524     8641.133     416.9521     794.9799    0.101   0
        64    118.560    381.974 327.9027592 +28.8142659     5.19 0.0005607533 -12.3662 -12.4286   0.0054     93633.84     465.0779     767.7407    0.161   0
        65    757.121    382.739 327.8239074 +28.8157728     5.34 0.0005762432 -12.0240 -12.0898   0.0072      68538.3     451.4714      806.503    0.097   3
        66    755.220    395.250 327.8241104 +28.8144198     5.39 0.0005824486 -10.9593 -11.0903   0.0170     27298.46     427.9702     806.0333    0.175   3
        67    907.692    384.485 327.8053100 +28.8159527     5.05 0.0005453953  -9.8134  99.0000  99.0000    -4196.877     411.7383      726.735    0.206   0
        68    592.447    399.970 327.8441977 +28.8135102     5.27 0.0005688303  -9.8269  -9.9059   0.0494     9169.531     417.2458     803.2061    0.124   0
        69     39.619    395.764 327.9124705 +28.8125800     5.02 0.0005422446  -8.7032  -8.9834   0.1147     3920.733     414.0194     752.9657    0.085   0
        70    559.971    402.288 327.8482019 +28.8131801     5.15 0.0005562684  -9.6836  -9.5868   0.0661     6834.885     415.8561     802.2084    0.144   0
        71    617.249    422.903 327.8410767 +28.8110998     5.04 0.0005446953 -12.4813 -12.5464   0.0049     104365.1      470.862     802.8441    0.103   0
        72    444.454    423.913 327.8624101 +28.8105628     5.11 0.0005521817  -9.9408  -9.8798   0.0506     8951.943     417.1499     798.4857    0.093   0
        73    510.579    436.870 327.8542120 +28.8093306     4.94 0.0005336309 -10.2263 -10.1925   0.0381     11940.32     418.9485     799.7697    0.106   0
        74    480.769    430.124 327.8579102 +28.8099837     5.28 0.0005701566  -9.3836  -9.4296   0.0763     5913.334     415.3018     799.0319    0.108   0
        75    283.379    444.783 327.8822447 +28.8079113     4.84 0.0005223748 -11.1006 -11.1538   0.0161     28941.95      428.795     788.8788    0.062   0
        76    314.579    441.526 327.8784008 +28.8083404     5.26 0.0005680177  -9.3232  -9.2700   0.0882     5105.161     414.8497     792.3794    0.178   0
        77    492.656    483.885 327.8563046 +28.8042191     4.91 0.0005304972 -12.3734 -12.4407   0.0053     94683.76      465.714     798.8582    0.089   0
        78    875.970    466.365 327.8090212 +28.8070506     5.27 0.0005696681 -11.7532 -11.8450   0.0088     54700.87     443.6779     783.3833    0.104   0
        79    177.404    455.064 327.8953028 +28.8065371     5.00 0.0005404692 -10.4463 -10.5256   0.0282     16227.04     421.4305     772.7863    0.022   0
        80    831.029    447.560 327.8146175 +28.8089676     5.06  0.000546985  -7.8211  99.0000  99.0000    -3443.077     411.7267     803.7587    0.383   0
        81    140.506    451.954 327.8998667 +28.8067792     4.79 0.0005170483  -8.4058  -8.4695   0.1837     2442.399     413.2303     767.6376    0.166   0
        82    328.916    482.449 327.8765248 +28.8039659     5.15 0.0005559836  -9.8186  -9.8502   0.0520     8711.502     417.0518     792.7864    0.159   0
        83    548.147    494.389 327.8494263 +28.8032246     4.90 0.0005289549 -11.6051 -11.6753   0.0102     46786.13     439.2174     799.1398    0.084   0
        84     79.933    492.830 327.9072386 +28.8022209     5.17 0.0005579333  -9.3488  -9.4824   0.0727     6208.281     415.5023     754.6304    0.055   0
        85    234.336    497.094 327.8881642 +28.8021505     4.72  0.000509354  -9.6319  -9.7572   0.0566      7996.49     416.5884     778.6799    0.027   0
        86    412.115    564.839 327.8660403 +28.7952939     4.75 0.0005131803 -14.5063 -14.5401   0.0012     654702.3     704.8969     793.5835    0.050   0
        87    899.505    957.040 327.8048830 +28.7542250     3.75 0.0004050842  -8.4182  -9.5733   0.0669     6750.015     415.7705     696.3042    0.381   0
        88    845.877   1024.826 327.8113306 +28.7467885     4.93 0.0005325729 -10.0087  -9.9582   0.0395     9621.983     350.1982     736.3252    0.213  24
        89    851.458   1006.665 327.8106877 +28.7487595     4.75 0.0005130558 -10.8617 -10.8607   0.0209     22095.15     424.9085     738.4165    0.166   0
        90    456.027    989.971 327.8595275 +28.7495847     4.80 0.0005182323 -10.3958 -10.4520   0.0301     15162.95     420.7874      714.549    0.095   0
        91    780.601    978.225 327.8195034 +28.7516513     4.68 0.0005057261 -14.6511 -14.6851   0.0011     748261.1     737.2413     743.6407    0.103   0
        92    235.911    985.218 327.8867028 +28.7495472     5.54 0.0005984225 -10.4105 -10.4090   0.0313     14574.82     420.5062     689.8215    0.173   0
        93    364.576    980.875 327.8708364 +28.7503372     4.93 0.0005323154 -12.8354 -12.8864   0.0037     142745.9     490.8366     708.2484    0.113   0
        94    599.284    802.597 327.8423267 +28.7701338     4.61 0.0004980846 -10.2790 -10.3249   0.0338      13487.9     419.8024     767.2411    0.110   0
        95    294.278    834.056 327.8798913 +28.7659849     5.66 0.0006111834  -8.3937  -7.9947   0.2842     1577.123     412.7297     738.4904    0.218   0
        96    286.765    879.268 327.8807014 +28.7610934     4.87   0.00052587 -10.5819 -10.6077   0.0262     17500.95     422.1968     726.7048    0.107   0
        97    321.778    793.047 327.8766032 +28.7704735     4.62 0.0004987615 -12.1815 -12.2343   0.0063      78295.4     456.7794     750.4288    0.081   0
        98    301.918    797.479 327.8790430 +28.7699461     4.71 0.0005089638 -10.6217 -10.7191   0.0237     19392.67     423.3835     747.7944    0.062   0
        99     51.884    792.825 327.9099157 +28.7698183     5.44 0.0005872367 -10.2849 -10.3782   0.0322     14166.86     420.2408     710.2106    0.151   0
       100    150.230    857.647 327.8976084 +28.7630806     6.41   0.00069281  -8.5071  -8.5341   0.1732     2592.115      413.286      714.646    0.186   0
       101    113.541    839.547 327.9021837 +28.7649388     5.34 0.0005771248  -9.9099  -9.8701   0.0510     8872.729     417.0334     711.8127    0.146   0
       102    705.950    766.872 327.8292517 +28.7742469     4.48 0.0004834395 -10.6443 -10.7338   0.0234     19657.97     423.4495     779.2903    0.105   0
       103    646.562    782.872 327.8365414 +28.7723763     4.56 0.0004930446 -10.6541 -10.7565   0.0229      20072.2     423.7506     773.6016    0.122   0
       104    839.138    851.863 327.8125978 +28.7654133     4.47 0.0004828254  -8.1280  -8.5811   0.1659     2706.631     413.3669     762.3176    0.186   0
       105    910.748    882.874 327.8036816 +28.7622456     4.06 0.0004389911  -9.1837  99.0000  99.0000     -3625.85     411.7267     694.8956    0.198   0
       106    112.053    864.240 327.9023029 +28.7622737     5.43 0.0005869033 -11.1528 -11.1928   0.0156     29999.05     429.6119     705.7303    0.137   0
       107    659.200    746.403 327.8350742 +28.7763380     3.44 0.0003715696  -7.9158  -8.3308   0.2086     2149.474     412.8904     780.9297    0.422   0
       108    509.217    764.774 327.8535403 +28.7739873     5.10 0.0005507559  -9.0622  -9.0344   0.1094     4109.196     414.0985     769.0408    0.163   0
       109    627.946    737.695 327.8389541 +28.7771994     4.52 0.0004886512 -12.3766 -12.4324   0.0054      93965.1     465.3075      780.882    0.094   0
       110     80.144    728.177 327.9065969 +28.7768572     5.26 0.0005684436 -10.6197 -10.6987   0.0241     19031.77     423.1477     729.5963    0.097   0
       111    763.264    906.339 327.8218246 +28.7593564     5.27 0.0005696521  -8.7821  -8.8836   0.1257     3576.247     413.8925     756.9688    0.238   0
       112    634.402    879.545 327.8377964 +28.7619274     4.37 0.0004718929  -8.9868  -8.8564   0.1288     3487.967     413.7349     755.8561    0.157   0
       113    494.056    729.902 327.8555010 +28.7777081     4.70 0.0005080017  -9.7416  -9.7643   0.0562     8048.461     416.5851     775.8436    0.056   0
       114    578.726    707.545 327.8451066 +28.7803273     5.03 0.0005430082  -9.2550  -9.3957   0.0787     5731.558     415.1692     783.6248    0.192   0
       115    604.787    711.016 327.8418809 +28.7800177     5.62 0.0006068214  -8.3695  -8.5471   0.1711     2623.187     413.1772     784.4512    0.185   0
       116    233.423    713.239 327.8877157 +28.7788533     4.82 0.0005201896 -11.1823 -11.2263   0.0151      30939.2     430.0583     754.3731    0.070   0
       117    302.916    639.141 327.8793294 +28.7870133     4.97 0.0005366492  -9.6641  -9.7756   0.0556     8133.169     416.6935     773.9478    0.074   0
       118    686.368    915.658 327.8312912 +28.7581633     4.52 0.0004886049 -11.3099 -11.3572   0.0135     34904.36     432.4237     752.5458    0.137   0
       119    776.955    697.151 327.8206634 +28.7819354     4.88 0.0005272029  -9.5795  -9.5974   0.0654     6901.511     415.9077     792.4151    0.170   0
       120    723.291    855.641 327.8268864 +28.7647224     5.80 0.0006266509  -8.7526  -9.0609   0.1068     4210.901     414.2525     765.2857    0.303   0
       121    408.305    683.720 327.8662046 +28.7824721     4.64 0.0005013715 -14.0525 -14.0920   0.0016     433308.2     621.4359      779.399    0.050   0
       122    297.321    584.119 327.8801626 +28.7929293     4.74 0.0005123607 -12.4804 -12.5451   0.0049     104240.7     470.8367     779.7668    0.058   0
       123    341.554    846.202 327.8740250 +28.7647941     4.83 0.0005212065 -10.6095 -10.7003   0.0241     19059.42     423.0393     739.0367    0.101   0
       124    602.377    641.637 327.8423552 +28.7874890     4.66 0.0005038596  -9.4038  -9.3554   0.0816     5522.804     415.0204     794.2464    0.178   0
       125    783.703    655.569 327.8199355 +28.7864335     4.80 0.0005180158  -9.8594  -9.9887   0.0458      9896.45     417.7156     796.7775    0.132   0
       126    388.731    669.717 327.8686570 +28.7839325     4.67  0.000504374  -9.6245  -9.9281   0.0484     9359.173     417.4283      779.573    0.136   0
       127    461.189    657.619 327.8597435 +28.7854168     4.59  0.000496078  -9.5151  -9.7430   0.0573     7892.481     416.3302     786.5381    0.116   0
       128     86.248    647.567 327.9060542 +28.7855603     5.10 0.0005507627 -10.4210 -10.4908   0.0291     15714.74     421.1492     742.6572    0.059   0
       129    436.149    652.976 327.8628466 +28.7858549     4.65   0.00050186 -12.9611 -13.0086   0.0034     159755.8     499.3772     786.3272    0.071   0
       130    580.460    912.523 327.8443697 +28.7582400     5.33 0.0005759051  -8.4062  -8.6263   0.1591     2821.867     413.4598      743.374    0.252   0
       131    916.011    894.236 327.8030035 +28.7610339     3.41 0.0003683624  -7.7354  99.0000  99.0000    -13678.12     410.8988     686.6089    0.194  16
       132    522.951    587.416 327.8522991 +28.7931362     6.32 0.0006821118  -8.9434  -9.4857   0.0725     6227.035     415.4559     795.9079    0.218   0
       133     21.572    557.021 327.9142756 +28.7951550     5.38 0.0005816164 -10.4094 -10.4589   0.0299     15260.65     420.8226     741.1114    0.079   0
       134    536.135    600.344 327.8506383 +28.7917755     4.73  0.000510417 -12.8923 -12.9505   0.0036       151426     495.1896      795.719    0.080   0
       135    267.583    971.007 327.8828312 +28.7511581     5.13 0.0005537245  -9.2864  -9.4274   0.0764     5901.661     415.1099     698.7781    0.224   0
       136    789.947    825.052 327.8187367 +28.7681825     4.51 0.0004873083 -10.6068 -10.6469   0.0253     18144.73     422.6006     772.8571    0.116   0
       137    850.418    827.567 327.8112667 +28.7680594     4.57 0.0004939564 -11.2441 -11.3575   0.0134     34914.29     432.3185     764.6321    0.111   0
       138    547.198    616.321 327.8492317 +28.7900810     4.73 0.0005110315 -11.0863 -11.2025   0.0154     30268.23     429.6569     794.9568    0.107   0
       139    690.266    597.092 327.8316185 +28.7925064     5.03 0.0005429218 -10.6386 -10.7341   0.0234     19662.96     423.5544     799.5967    0.119   0
       140    871.507   1003.898 327.8082205 +28.7491065     5.83 0.0006302195  -9.1389  -9.9350   0.0481     9418.981     417.5101     728.7778    0.335   0
       141    834.468    551.885 327.8139299 +28.7977322     4.95 0.0005351013  -9.1772  -8.1311   0.2507     1788.304     412.8808     800.2215    0.022   0
       142    448.535    540.561 327.8616065 +28.7980012     5.65  0.000609974  -8.8794  -9.1276   0.1005      4477.53     414.4134     796.4709    0.159   0
       143    757.136    562.039 327.8234517 +28.7964486     5.66  0.000611066  -8.5930  -8.7036   0.1482     3029.906     413.5508        801.7    0.312   0
       144    523.076    924.050 327.8514221 +28.7568557     7.11 0.0007680709  -8.4898  -8.8638   0.1280     3511.865     413.8652     735.9976    0.225   0
       145    466.371    889.178 327.8585097 +28.7604733     4.58 0.0004951657 -10.7566 -10.7830   0.0224     20567.92     423.9751     740.7042    0.108   0
       146    653.338    846.479 327.8355433 +28.7655378     4.46 0.0004812948 -13.3475 -13.3919   0.0025     227382.4     532.2019     763.8911    0.083   0
       147    624.653    975.277 327.8387559 +28.7515858     4.69 0.0005067147 -11.1288 -11.1696   0.0159     29364.46     429.2201     733.4891    0.134   0
       148    177.505    926.755 327.8940623 +28.7557012     5.48 0.0005922206 -10.1678 -10.2311   0.0368     12372.14     419.1946     697.7625    0.138   0
