#   1 NUMBER                 Running object number                                     
#   2 X_IMAGE                Object position along x                                    [pixel]
#   3 Y_IMAGE                Object position along y                                    [pixel]
#   4 ALPHA_J2000            Right ascension of barycenter (J2000)                      [deg]
#   5 DELTA_J2000            Declination of barycenter (J2000)                          [deg]
#   6 FWHM_IMAGE             FWHM assuming a gaussian core                              [pixel]
#   7 FWHM_WORLD             FWHM assuming a gaussian core                              [deg]
#   8 MAG_BEST               Best of MAG_AUTO and MAG_ISOCOR                            [mag]
#   9 MAG_APER               Fixed aperture magnitude vector                            [mag]
#  10 MAGERR_APER            RMS error vector for fixed aperture mag.                   [mag]
#  11 FLUX_APER              Flux vector within fixed circular aperture(s)              [count]
#  12 FLUXERR_APER           RMS error vector for aperture flux(es)                     [count]
#  13 BACKGROUND             Background at centroid position                            [count]
#  14 ELLIPTICITY            1 - B_IMAGE/A_IMAGE                                       
#  15 FLAGS                  Extraction flags                                          
         1    833.924    188.094 238.0211773 +33.0305411   193.86   0.02082996 -16.0070 -12.4850   0.0088     98624.11     798.2858     1332.957    0.909  24
         2    457.536    120.960 238.0697079 +33.0367548     6.05 0.0006497122 -14.1517 -14.1903   0.0021     474352.7     908.3271     1441.785    0.187   0
         3    435.034    195.401 238.0724669 +33.0287284     5.37 0.0005774568 -10.2457 -10.3056   0.0632      13251.1     770.8488     1484.522    0.102   0
         4     59.410    249.916 238.1206738 +33.0219039     8.33 0.0008945571 -10.6154 -10.7199   0.0433     19406.95     773.0148     1358.842    0.372   0
         5    174.785    269.888 238.1057995 +33.0200722     5.64 0.0006059829 -11.7476 -11.8032   0.0162     52634.22      783.772     1442.617    0.207   0
         6    298.030    285.252 238.0899222 +33.0187526     8.11 0.0008716228  -9.6206  -9.7768   0.1026     8141.859     769.4711     1498.797    0.291   0
         7    285.983    287.523 238.0914673 +33.0184778     4.78 0.0005130687  -9.0819  -9.6486   0.1155     7234.835     769.1547     1497.293    0.257   0
         8    261.014    294.004 238.0946662 +33.0177185     0.00            0  -8.8458  -9.6918   0.1109     7528.955     768.9042     1493.807    0.013   0
         9    490.467    360.169 238.0650400 +33.0112372     4.94 0.0005307001 -12.4134 -12.4429   0.0091     94880.32     797.1334     1573.953    0.097   0
        10      2.431    431.131 238.1276603 +33.0023563     5.15  0.000553333 -10.7922 -10.7521   0.0322     19991.04     593.4575     1412.594    0.402  24
        11    714.344    774.011 238.0355196 +32.9675212     4.89 0.0005258122 -10.3244 -10.3739   0.0594     14111.13     771.3433     1627.824    0.051   0
        12    888.380    888.216 238.0129528 +32.9557428    56.39  0.006058919 -14.4367 -12.7263   0.0071     123170.2     805.6473     546.0104    0.138  17
        13    841.693    831.001 238.0190524 +32.9617478    77.02  0.008276043 -13.9949 -13.0774   0.0052     170197.7     820.2525     1214.375    0.480  16
        14     48.436    846.837 238.1209664 +32.9579846     4.14 0.0004449493  -9.5205 -10.9555   0.0349     24110.04     774.6632     1401.145    0.689   0
        15    706.912    784.296 238.0364566 +32.9664012     4.49 0.0004821946 -11.0989 -11.1443   0.0294      28688.6     776.1608     1627.615    0.059   0
        16    100.135    780.213 238.1144470 +32.9652528     4.91 0.0005273731 -11.7595 -11.8528   0.0155     55096.32      784.557     1477.546    0.011   0
        17    721.967    647.473 238.0347637 +32.9810847     4.56 0.0004900441 -11.3439 -11.3854   0.0236     35824.21      778.413     1620.725    0.054   0
        18    712.305    682.387 238.0359439 +32.9773228     5.01 0.0005378056 -10.8094 -10.9604   0.0347     24219.93     774.6557     1626.994    0.086   0
        19    554.423    677.589 238.0562462 +32.9774286     5.13 0.0005517017  -8.8211  -7.6928   0.6973      1194.34     766.8201     1625.056    0.137   0
        20    800.404    799.927 238.0244134 +32.9649682    13.36  0.001435426 -12.3412 -11.6569   0.0185     45998.48     781.5249     1550.064    0.367   2
        21    665.915    783.942 238.0417263 +32.9663336     7.43 0.0007987923 -10.0318 -10.3479   0.0608     13776.73     771.3212     1627.529    0.107   0
        22    719.123    884.571 238.0347099 +32.9556998     3.61 0.0003874099 -10.1677  99.0000  99.0000    -39546.95     766.7778     1212.432    0.063   0
