#   1 NUMBER                 Running object number                                     
#   2 X_IMAGE                Object position along x                                    [pixel]
#   3 Y_IMAGE                Object position along y                                    [pixel]
#   4 ALPHA_J2000            Right ascension of barycenter (J2000)                      [deg]
#   5 DELTA_J2000            Declination of barycenter (J2000)                          [deg]
#   6 FWHM_IMAGE             FWHM assuming a gaussian core                              [pixel]
#   7 FWHM_WORLD             FWHM assuming a gaussian core                              [deg]
#   8 MAG_BEST               Best of MAG_AUTO and MAG_ISOCOR                            [mag]
#   9 MAG_APER               Fixed aperture magnitude vector                            [mag]
#  10 MAGERR_APER            RMS error vector for fixed aperture mag.                   [mag]
#  11 FLUX_APER              Flux vector within fixed circular aperture(s)              [count]
#  12 FLUXERR_APER           RMS error vector for aperture flux(es)                     [count]
#  13 BACKGROUND             Background at centroid position                            [count]
#  14 ELLIPTICITY            1 - B_IMAGE/A_IMAGE                                       
#  15 FLAGS                  Extraction flags                                          
         1    833.397    183.883 200.9199246 +36.2169189   181.43   0.01958351 -15.7812 -12.2618   0.0095     80303.32     699.4843     1172.103    0.910  16
         2    516.509     51.562 200.9627153 +36.2302205     6.65 0.0007182652  -9.8008  -9.9329   0.0778     9400.801     673.6857     1230.707    0.320   0
         3    468.929     92.211 200.9690211 +36.2257071     6.03 0.0006504217 -10.3842 -10.4042   0.0506     14510.11     675.6355      1249.03    0.304   0
         4    535.820    147.789 200.9599330 +36.2199273     5.42 0.0005845893  -9.6265  -9.6835   0.0978     7471.571     672.7427     1294.712    0.282   0
         5    604.556    167.753 200.9506685 +36.2179830     8.68 0.0009367538 -10.8381 -10.8528   0.0336     21934.91     678.4335     1316.192    0.316   0
         6    261.011    293.993 200.9965192 +36.2033823     0.00            0  -8.8829  -9.6747   0.0986     7411.265     672.7581     1305.159    0.014   0
         7    185.861    333.052 201.0065233 +36.1989552     5.09 0.0005492264 -10.2160 -10.2255   0.0595     12308.25     674.7261     1301.166    0.213   0
         8    927.972    373.089 200.9068716 +36.1968421     3.24 0.0003499644  -7.7064  99.0000  99.0000    -52486.96     522.1524     791.9293    0.009  16
         9    439.509    393.454 200.9723694 +36.1932171     5.04 0.0005437353  -9.8893 -10.3642   0.0524      13985.4     675.4225     1374.372    0.101   0
        10    440.967    505.867 200.9719499 +36.1811300     4.15 0.0004475908 -12.2054 -12.2158   0.0099     76971.95     698.3654     1390.734    0.110   0
        11    888.154    887.848 200.9112316 +36.1413569    58.72  0.006338482 -13.7959 -12.4446   0.0081     95024.64     704.8163     548.7944    0.142  16
        12    860.652    703.772 200.9152712 +36.1610769     4.81 0.0005192336  -8.8373  -4.7354   9.2885     78.37237     670.3121     1328.518    0.207   0
        13    304.240    477.967 200.9903474 +36.1837231     4.32 0.0004659276 -10.3036 -10.2409   0.0587     12484.54     674.9044     1377.144    0.132   0
        14    881.911    451.756 200.9129014 +36.1882466     3.98 0.0004299619 -11.8488 -10.6149   0.0417     17618.39      676.841     1121.082    0.075   0
        15    822.529    489.631 200.9207954 +36.1839997     5.33  0.000575225  -9.7053 -10.5801   0.0431     17062.69     676.5981     1343.678    0.138   0
        16    156.349    792.899 201.0095433 +36.1494040     3.64 0.0003927035  -9.2880 -10.7107   0.0382     19243.72     677.4035     1311.938    0.269   0
        17    840.750    830.610 200.9176973 +36.1473757    78.48  0.008471643 -13.8883 -12.8421   0.0057     137041.9     719.5656      1075.18    0.479  16
        18    861.650    633.701 200.9152715 +36.1686170     4.13 0.0004461665 -12.3149 -12.2848   0.0093     82023.59     700.1896     1312.734    0.057   0
        19     95.345    727.184 201.0178583 +36.1562883     4.15 0.0004482021  -8.8371  -8.3204   0.3423     2128.832     671.0385      1311.27    0.211   0
        20    166.110    545.941 201.0087385 +36.1759968     4.45 0.0004802567 -10.4652 -10.5367   0.0448     16393.87     676.4073     1351.156    0.164   0
        21    865.497    721.994 200.9145866 +36.1591310     2.94 0.0003176239  -8.2103  99.0000  99.0000    -10456.16     670.1122     1328.384    0.375   0
        22    428.181    546.360 200.9735844 +36.1767364     4.11 0.0004434771 -12.0948 -12.1864   0.0101     74911.29      697.518     1390.435    0.053   0
