#   1 NUMBER                 Running object number                                     
#   2 X_IMAGE                Object position along x                                    [pixel]
#   3 Y_IMAGE                Object position along y                                    [pixel]
#   4 ALPHA_J2000            Right ascension of barycenter (J2000)                      [deg]
#   5 DELTA_J2000            Declination of barycenter (J2000)                          [deg]
#   6 FWHM_IMAGE             FWHM assuming a gaussian core                              [pixel]
#   7 FWHM_WORLD             FWHM assuming a gaussian core                              [deg]
#   8 MAG_BEST               Best of MAG_AUTO and MAG_ISOCOR                            [mag]
#   9 MAG_APER               Fixed aperture magnitude vector                            [mag]
#  10 MAGERR_APER            RMS error vector for fixed aperture mag.                   [mag]
#  11 FLUX_APER              Flux vector within fixed circular aperture(s)              [count]
#  12 FLUXERR_APER           RMS error vector for aperture flux(es)                     [count]
#  13 BACKGROUND             Background at centroid position                            [count]
#  14 ELLIPTICITY            1 - B_IMAGE/A_IMAGE                                       
#  15 FLAGS                  Extraction flags                                          
         1     10.287     80.898 200.8914807 +36.1187627    63.27  0.006825807 -13.4122 -12.5705   0.0070       106712     686.9348     426.1445    0.605  24
         2    143.389     86.563 200.8736527 +36.1185183    45.24  0.004880035 -13.0736 -11.7618   0.0151     50666.14     706.2112     1220.335    0.748   0
         3    192.042     30.315 200.8672487 +36.1247031    32.97  0.003557258 -12.2962 -11.7682   0.0151     50964.39     706.5065     747.8098    0.212  17
         4    136.300     10.942 200.8747484 +36.1266352    85.77  0.009253381 -14.6303 -13.3990   0.0035     228881.5     736.6029     305.1572    0.742  24
         5    287.551     28.634 200.8544662 +36.1251437     3.95 0.0004265037  -9.6476  99.0000  99.0000    -64280.69     688.1584     986.4746    0.122   0
         6    693.635     31.841 200.8000969 +36.1258878     3.39 0.0003653567  -9.2939  99.0000  99.0000    -10347.03     688.1973     888.9705    0.243   0
         7    374.812     83.981 200.8426794 +36.1194248     4.89 0.0005276332 -11.2598 -11.0962   0.0276     27446.25     697.7894     1358.328    0.123   0
         8     64.651    108.787 200.8841490 +36.1159115    17.75  0.001914482 -10.1710  99.0000  99.0000    -8568.357     688.1584     892.5973    0.556   0
         9    535.963     91.283 200.8210938 +36.1190722     6.34 0.0006842848  -9.5033  -9.2950   0.1435     5224.058     690.0536     1382.176    0.327   0
        10     74.444    244.623 200.8825732 +36.1013235    31.97  0.003449419 -13.2515 -11.7676   0.0151     50936.59     706.3449     1324.327    0.260   0
        11    727.231    199.912 200.7952913 +36.1078934     7.57 0.0008171323 -10.2615 -10.5808   0.0442     17074.14     694.2949     1420.809    0.191   0
        12    305.950    259.038 200.8515631 +36.1004038     4.78  0.000515984 -12.7478 -12.8108   0.0060     133138.9      734.991     1484.279    0.048   0
        13     74.167    306.201 200.8824900 +36.0946974     7.69 0.0008300701 -11.1933 -11.5286   0.0187      40871.8      702.602     1323.649    0.611   0
        14     80.331    315.118 200.8816479 +36.0937549     5.36 0.0005779553 -10.3047 -11.4264   0.0205      37202.4     701.6198     1365.747    0.385   0
        15     77.720    340.466 200.8819478 +36.0910205     7.74 0.0008351393 -11.1564 -11.5169   0.0189     40433.95     702.7513     1350.106    0.641   2
        16     75.798    357.109 200.8821725 +36.0892246     5.30 0.0005713909 -10.4740 -11.5495   0.0183     41667.98     703.0186     1334.646    0.588   0
        17     74.677    382.333 200.8822733 +36.0865076     6.60 0.0007121731 -10.8801 -11.5776   0.0179     42760.06     703.5402     1324.911    0.696   2
        18   1028.389    380.797 200.7546616 +36.0892216     3.43 0.0003698118  -7.8857  99.0000  99.0000    -1468.588     508.9021     1247.274    0.405  24
        19     74.338    519.982 200.8820503 +36.0716968     5.69 0.0006134211 -12.6367 -12.1691   0.0105     73727.55     714.4409     1305.521    0.312   0
        20     77.220    420.735 200.8818582 +36.0823828     6.79 0.0007327433 -10.9935 -11.4766   0.0196     38962.11     702.1511     1335.294    0.632   0
        21    686.358    422.965 200.8003516 +36.0837861     5.03 0.0005426549 -10.0120 -10.0535   0.0715     10504.78     692.0222     1412.287    0.190   0
        22   1021.573    439.737 200.7554690 +36.0828623     4.63   0.00049981 -10.2506  -9.8993   0.0747     9114.557      626.867     1227.987    0.089  16
        23     78.570    436.428 200.8816470 +36.0806981     7.10 0.0007662936 -11.0067 -11.5065   0.0190     40051.59     702.4626     1348.207    0.399   0
        24    327.885    436.850 200.8482891 +36.0813319     4.51 0.0004866796  -8.9161  -9.3794   0.1328     5646.065     690.2841     1475.836    0.204   0
        25     78.798    461.895 200.8815668 +36.0779587     6.21 0.0006699559 -10.6822 -11.4778   0.0195     39004.37     702.0517     1345.679    0.381   0
        26    716.499    488.326 200.7961989 +36.0768336     4.78 0.0005152119 -11.3666 -11.4511   0.0200     38058.86     701.8677     1375.664    0.110   0
        27     82.021    896.903 200.8802885 +36.0311640    23.03  0.002484845 -13.4290 -11.5840   0.0178     43012.05     703.6678     1231.521    0.745   2
        28    652.527    972.950 200.8038648 +36.0245215     4.92 0.0005312702 -10.6684 -10.8163   0.0356     21208.71     695.7821     1185.157    0.089   0
        29     78.497    938.381 200.8806790 +36.0266917     6.34 0.0006844589 -10.7643 -11.4627   0.0198     38467.73     702.0515     1183.269    0.438   0
        30     82.992    569.206 200.8807966 +36.0664243     7.32 0.0007900254 -10.7417 -11.3487   0.0220      34632.4     700.4166     1367.088    0.486   0
        31    593.562    857.192 200.8119629 +36.0368194     4.89 0.0005280726 -10.3137 -10.4978   0.0476     15817.02     693.7455     1281.093    0.190   0
        32     81.285    851.431 200.8804754 +36.0360545     6.39 0.0006892344 -10.9593 -11.5608   0.0181     42105.59     703.2695     1252.019    0.670   2
        33     83.815    824.197 200.8801901 +36.0389915     8.68 0.0009368297 -11.3619 -11.5798   0.0178     42847.35     703.2474     1285.667    0.819   2
        34     79.634    720.375 200.8809514 +36.0501505    14.96  0.001614357 -12.2410 -11.6559   0.0167     45956.01     704.5799     1305.408    0.364   2
        35    182.394    796.782 200.8670607 +36.0422107     3.45 0.0003722038  -8.7329  -9.6517   0.1034     7255.422     690.4788     1418.587    0.412   0
        36     83.542    771.627 200.8803289 +36.0446470    23.09  0.002491118 -13.1918 -11.6391   0.0169      45251.1     704.4628     1310.891    0.499   2
        37     78.408    660.115 200.8812327 +36.0566307    38.26  0.004127865 -14.3004 -11.6572   0.0166     46012.95     704.6191     1311.688    0.811  18
        38     82.324    615.009 200.8807968 +36.0614944     7.72 0.0008333339 -10.9902 -11.4552   0.0200     38202.11     701.8232     1353.655    0.375   2
        39     78.317    678.882 200.8812084 +36.0546112    21.56  0.002326161 -12.8356 -11.7031   0.0160     48000.72      705.381     1305.898    0.253   2
        40     86.984    955.247 200.8795114 +36.0249003     3.96 0.0004275537  -9.7959 -11.4124   0.0207      36723.4     701.3154     1234.246    0.405   2
        41     87.992    887.997 200.8795074 +36.0321387     4.14 0.0004464941  -9.6383 -11.4203   0.0206     36994.21     701.2973     1276.265    0.424   0
        42     85.881    905.244 200.8797561 +36.0302772    19.30  0.002082137 -12.4263 -11.5634   0.0181     42204.26     703.3617     1252.096    0.413   2
        43     81.458    580.541 200.8809798 +36.0652006     8.39 0.0009050806 -11.2548 -11.4440   0.0202     37808.83     701.6831     1351.123    0.680   0
        44     77.564    645.844 200.8813734 +36.0581637    17.59  0.001897464 -11.0681 -11.5250   0.0187     40736.46     702.8207      1315.62    0.442   3
        45     81.059    598.021 200.8809991 +36.0633188     5.10 0.0005502943 -10.0124 -11.4420   0.0202     37738.91     701.7728      1349.26    0.699   0
        46    633.216    877.280 200.8066232 +36.0347637     5.08 0.0005485681  -9.2336  -9.3665   0.1343     5579.776     690.1437      1248.77    0.191   0
        47     79.296    610.264 200.8812111 +36.0619967    14.98  0.001616531 -12.2682 -11.5487   0.0183     41636.57      703.179     1333.075    0.493   2
