#   1 NUMBER                 Running object number                                     
#   2 X_IMAGE                Object position along x                                    [pixel]
#   3 Y_IMAGE                Object position along y                                    [pixel]
#   4 ALPHA_J2000            Right ascension of barycenter (J2000)                      [deg]
#   5 DELTA_J2000            Declination of barycenter (J2000)                          [deg]
#   6 FWHM_IMAGE             FWHM assuming a gaussian core                              [pixel]
#   7 FWHM_WORLD             FWHM assuming a gaussian core                              [deg]
#   8 MAG_BEST               Best of MAG_AUTO and MAG_ISOCOR                            [mag]
#   9 MAG_APER               Fixed aperture magnitude vector                            [mag]
#  10 MAGERR_APER            RMS error vector for fixed aperture mag.                   [mag]
#  11 FLUX_APER              Flux vector within fixed circular aperture(s)              [count]
#  12 FLUXERR_APER           RMS error vector for aperture flux(es)                     [count]
#  13 BACKGROUND             Background at centroid position                            [count]
#  14 ELLIPTICITY            1 - B_IMAGE/A_IMAGE                                       
#  15 FLAGS                  Extraction flags                                          
         1     10.296     81.178 200.8913956 +36.1186408    63.23  0.006804481 -13.4315 -12.5908   0.0069     108717.8     690.4119     421.7259    0.605  24
         2    143.402     86.519 200.8736615 +36.1184166    42.30  0.004552144 -13.0009 -11.7757   0.0150     51319.87     709.4002     1219.972    0.719   0
         3    191.900     30.071 200.8673206 +36.1246186    31.90  0.003432718 -12.4496 -11.7610   0.0152     50630.27     709.3096     745.4792    0.243   1
         4    135.855     10.930 200.8748232 +36.1265316    86.19  0.009274676 -14.6332 -13.3981   0.0035     228675.9     738.9368     301.7264    0.745  24
         5    287.815     26.696 200.8545552 +36.1252321     3.75 0.0004030073  -9.6200  99.0000  99.0000    -74083.56     691.1953     969.4268    0.116   0
         6    375.035     82.345 200.8428279 +36.1194697     4.92  0.000529241 -11.1952 -10.8826   0.0337     22544.56     699.3019     1343.609    0.106   0
         7     64.493    109.166 200.8841210 +36.1157719    18.87  0.002030999  -9.8348  99.0000  99.0000     -9816.61     691.1366     884.4312    0.571   0
         8    536.901     90.201 200.8212592 +36.1190417     5.00 0.0005384054  -9.2851  -8.6263   0.2663     2821.812     692.0198     1372.375    0.387   0
         9    727.645    197.987 200.7956492 +36.1079286     5.88 0.0006322408  -9.9293 -10.5307   0.0464     16302.84     696.9312     1418.878    0.383   0
        10     78.322    245.222 200.8819962 +36.1011662    19.76  0.002126001 -13.0086 -11.6841   0.0163     47167.53     708.0881     1351.121    0.563   2
        11    306.254    257.305 200.8516290 +36.1004623     4.69 0.0005043912 -12.7368 -12.8007   0.0061     131909.8     737.3824     1483.396    0.043   0
        12     75.989    298.681 200.8821954 +36.0954069     6.84 0.0007355712 -10.9318 -11.5425   0.0185     41400.13      705.934     1336.578    0.631   0
        13     77.169    331.326 200.8819703 +36.0918969     4.93 0.0005305441 -10.1538 -11.4909   0.0194     39478.74     705.2916     1342.785    0.719   0
        14     75.023    364.605 200.8821866 +36.0883098     6.44 0.0006929366 -10.7750 -11.5375   0.0186     41210.37     705.6179     1326.213    0.255   0
        15     73.796    348.783 200.8823829 +36.0900092     3.85 0.0004145551  -9.6520 -11.4930   0.0194     39553.36     705.0114     1320.855    0.530   0
        16     76.602    387.796 200.8819282 +36.0858181     3.45 0.0003711737  -8.3157 -11.5287   0.0187     40877.65     705.5957     1337.306    0.406   1
        17     79.130    391.428 200.8815841 +36.0854339    12.62  0.001357797 -11.8036 -11.5221   0.0189     40628.67     705.7756     1351.176    0.469  18
        18     78.783    399.804 200.8816129 +36.0845316     3.71 0.0003989008  -9.5348 -11.4632   0.0199     38482.97     704.6317     1349.923    0.717   0
        19     75.804    416.397 200.8819748 +36.0827381     2.96  0.000318902  -9.6411 -11.5113   0.0190     40226.12     705.3457     1326.269    0.421   0
        20    686.759    421.199 200.8006523 +36.0838029     5.08  0.000547029 -10.0645 -10.0920   0.0693      10884.1     694.8875     1410.345    0.076   0
        21   1021.799    438.114 200.7560280 +36.0828265     4.37 0.0004703347 -10.2484 -10.0390   0.0657      10365.6     626.9192     1223.922    0.065  16
        22    328.025    435.186 200.8483684 +36.0813756     5.04 0.0005425466  -9.0312  -9.5863   0.1102     6831.302     693.3889     1475.507    0.198   0
        23     75.521    437.807 200.8819679 +36.0804332     7.65 0.0008229735 -11.1048 -11.5463   0.0185     41544.94      705.947      1324.36    0.626   2
        24     77.666    475.476 200.8816040 +36.0763850     4.93 0.0005301356 -10.3018 -11.5099   0.0191     40175.45     705.5576     1335.609    0.386   0
        25    716.844    486.620 200.7965196 +36.0768387     4.44 0.0004774341 -11.3429 -11.4124   0.0208     36724.79     704.2763     1374.278    0.011   0
        26     79.012    487.928 200.8813989 +36.0750484     7.35 0.0007913014 -11.0150 -11.4839   0.0195     39223.84     705.2204     1341.986    0.676   0
        27     74.563    517.811 200.8819287 +36.0718208     5.02 0.0005405582 -12.4086 -12.1512   0.0107     72521.99     716.7954     1311.561    0.128   0
        28     77.310    676.369 200.8812332 +36.0547644    20.57  0.002213183 -13.0374 -11.6861   0.0163     47252.83     708.0418     1298.419    0.358   2
        29    593.948    855.294 200.8121422 +36.0368492     4.67 0.0005026649 -10.3346 -10.5299   0.0465     16290.73      697.082     1279.683    0.018   0
        30    352.717   1004.026 200.8439272 +36.0202219     2.91 0.0003128413  -8.5916  -8.8251   0.2219     3388.813     692.4199     1297.172    0.081   0
        31     80.563    762.772 200.8806207 +36.0454744    13.69  0.001472938 -12.1524 -11.6524   0.0168      45811.3     707.5135     1292.489    0.526   2
        32     81.273    720.299 200.8806146 +36.0500471    21.50  0.002313308 -13.0265 -11.6454   0.0169     45515.59     707.5046     1310.494    0.376   2
        33     80.275    818.127 200.8805438 +36.0395164    15.08   0.00162279 -12.3517 -11.6134   0.0174     44193.12     707.0945     1260.205    0.312   0
        34    182.776    794.899 200.8669574 +36.0422852     4.51 0.0004853315  -8.7830  -9.7005   0.0993     7589.238     693.9738     1417.085    0.528   0
        35     84.334    896.877 200.8798403 +36.0310522    21.32  0.002294263 -12.9903 -11.6227   0.0172     44575.38      707.134     1242.146    0.335   2
        36    633.570    875.648 200.8068318 +36.0347598     5.72  0.000615859  -9.2462  -9.3927   0.1317     5715.978     693.2206     1246.817    0.080   0
        37     79.748    615.481 200.8810355 +36.0613234     7.47 0.0008043492 -10.8784 -11.5520   0.0184     41763.27     706.2157     1337.463    0.664   0
        38     83.171    869.490 200.8800519 +36.0339965    10.92  0.001175095 -11.9183 -11.5528   0.0183     41793.64     706.1308     1253.931    0.711   2
        39     79.930    878.573 200.8804640 +36.0330105    13.75   0.00147977 -12.1074 -11.5586   0.0183     42017.72     706.2484     1227.837    0.234   2
        40    652.774    971.086 200.8040889 +36.0245379     4.56 0.0004904225 -10.6902 -10.8413   0.0350     21703.62     698.9625     1185.048    0.034   0
        41     81.863    568.452 200.8808520 +36.0663902     9.79  0.001052994 -11.4092 -11.3840   0.0214     35776.33      703.882     1358.714    0.446   0
        42     76.595    554.217 200.8815826 +36.0679082     3.45 0.0003712284  -9.4970 -11.4451   0.0202     37849.08     704.4451      1323.69    0.418   0
        43     83.852    940.553 200.8798136 +36.0263507     8.15 0.0008770819 -11.3901 -11.5165   0.0190     40420.85     705.6446     1217.669    0.668   2
        44     83.452    905.497 200.8799396 +36.0301222     9.91  0.001066098 -11.5375 -11.5923   0.0177     43344.58     706.6797      1230.52    0.497   2
