#   1 NUMBER                 Running object number                                     
#   2 X_IMAGE                Object position along x                                    [pixel]
#   3 Y_IMAGE                Object position along y                                    [pixel]
#   4 ALPHA_J2000            Right ascension of barycenter (J2000)                      [deg]
#   5 DELTA_J2000            Declination of barycenter (J2000)                          [deg]
#   6 FWHM_IMAGE             FWHM assuming a gaussian core                              [pixel]
#   7 FWHM_WORLD             FWHM assuming a gaussian core                              [deg]
#   8 MAG_BEST               Best of MAG_AUTO and MAG_ISOCOR                            [mag]
#   9 MAG_APER               Fixed aperture magnitude vector                            [mag]
#  10 MAGERR_APER            RMS error vector for fixed aperture mag.                   [mag]
#  11 FLUX_APER              Flux vector within fixed circular aperture(s)              [count]
#  12 FLUXERR_APER           RMS error vector for aperture flux(es)                     [count]
#  13 BACKGROUND             Background at centroid position                            [count]
#  14 ELLIPTICITY            1 - B_IMAGE/A_IMAGE                                       
#  15 FLAGS                  Extraction flags                                          
         1    834.873    293.188 238.0206464 +33.0189357   141.06   0.01513943 -15.4135 -12.5230   0.0090     102136.4     849.6605     1479.806    0.853  19
         2    830.193    142.164 238.0215256 +33.0350625   176.49   0.01894109 -16.0549 -12.6608   0.0080       115962     853.5186     1405.521    0.856  19
         3    455.602    119.745 238.0697111 +33.0364665     8.39  0.000900711 -14.2199 -14.2140   0.0021       484832     955.5527       1548.8    0.118   0
         4    432.693    193.630 238.0725150 +33.0285096    10.21  0.001096188 -10.1440 -10.1295   0.0793     11266.45     822.4889      1598.99    0.147   0
         5     56.913    247.857 238.1207003 +33.0217002    12.64  0.001356701 -10.7571 -10.7951   0.0431     20798.23       825.45     1455.137    0.350   0
         6    172.708    268.580 238.1057804 +33.0198003     8.67 0.0009305322 -11.8184 -11.8339   0.0168     54144.88     835.4431     1552.985    0.175   0
         7    173.071    287.083 238.1056979 +33.0178240     4.03 0.0004323311  -8.0208  -8.7768   0.2748     3241.248     820.1154     1569.586    0.151   0
         8    261.018    293.996 238.0943837 +33.0173230   -27.17 -0.002915884  -8.8389  -9.4661   0.1457      6115.67     820.5518     1612.155    0.004   0
         9    488.654    358.966 238.0650105 +33.0109907     7.45 0.0007992734 -12.4297 -12.4534   0.0096     95801.63     847.8393     1700.946    0.095   0
        10    604.164    408.788 238.0500757 +33.0059737     1.15 0.0001231794  -8.0426  -9.8752   0.1001     8914.349     821.6581     1735.462    0.212   0
        11    599.964    412.345 238.0506086 +33.0055825     1.21 0.0001295343  -8.1657  -9.7572   0.1116     7996.419     821.5405     1736.871    0.072   0
        12      2.585    430.436 238.1273222 +33.0020411     7.32 0.0007854146 -10.1697 -10.3073   0.0518     13271.63     633.2716     1516.467    0.461  24
        13     98.711    779.419 238.1142919 +32.9650096     9.37  0.001005118 -12.3412 -11.8708   0.0162     56018.45     836.0035     1592.058    0.102   0
        14    888.087    888.166 238.0127203 +32.9554927    56.27  0.006038802 -14.1059 -12.8234   0.0069     134693.4     859.1644      552.338    0.152  16
        15    712.623    773.181 238.0354644 +32.9673199     7.57 0.0008119974 -10.5016 -10.5319   0.0548     16321.92     823.7707     1762.583    0.066   0
        16    837.843    828.425 238.0192817 +32.9617454    82.95  0.008902086 -13.9935 -13.2082   0.0050     191992.9     875.6787     1347.674    0.252  16
        17    710.713    681.240 238.0358804 +32.9771401     7.76 0.0008323693 -10.9042 -10.9423   0.0377     23818.09     826.3182     1759.698    0.117   0
        18    717.754    883.062 238.0346018 +32.9555910     4.98 0.0005348773  -9.1239  99.0000  99.0000    -45815.44     819.0341     1326.107    0.116   0
        19    720.494    646.357 238.0346887 +32.9808937     7.47 0.0008022104 -11.4212 -11.4618   0.0235     38432.67     830.7051     1751.591    0.095   0
        20    705.385    783.145 238.0363755 +32.9662360     7.48 0.0008023484 -11.1589 -11.1902   0.0301     29927.08     828.1644     1762.322    0.072   0
