#   1 NUMBER                 Running object number                                     
#   2 X_IMAGE                Object position along x                                    [pixel]
#   3 Y_IMAGE                Object position along y                                    [pixel]
#   4 ALPHA_J2000            Right ascension of barycenter (J2000)                      [deg]
#   5 DELTA_J2000            Declination of barycenter (J2000)                          [deg]
#   6 FWHM_IMAGE             FWHM assuming a gaussian core                              [pixel]
#   7 FWHM_WORLD             FWHM assuming a gaussian core                              [deg]
#   8 MAG_BEST               Best of MAG_AUTO and MAG_ISOCOR                            [mag]
#   9 MAG_APER               Fixed aperture magnitude vector                            [mag]
#  10 MAGERR_APER            RMS error vector for fixed aperture mag.                   [mag]
#  11 FLUX_APER              Flux vector within fixed circular aperture(s)              [count]
#  12 FLUXERR_APER           RMS error vector for aperture flux(es)                     [count]
#  13 BACKGROUND             Background at centroid position                            [count]
#  14 ELLIPTICITY            1 - B_IMAGE/A_IMAGE                                       
#  15 FLAGS                  Extraction flags                                          
         1     10.779     80.787 200.8920096 +36.1192532    66.23  0.007142995 -13.8200 -13.0233   0.0059     161927.2     874.7749     370.1571    0.598  24
         2    143.945     86.752 200.8741575 +36.1189845    43.57  0.004699325 -13.3188 -12.1187   0.0138     70385.85       892.67     1562.419    0.710   0
         3    192.654     30.512 200.8677300 +36.1251629    33.63   0.00362669 -12.8124 -12.1525   0.0134     72612.87     893.3176     866.1989    0.248  17
         4    135.835     11.071 200.8753774 +36.1270936    87.58   0.00944553 -15.0553 -13.8369   0.0029       342578      929.054     181.0964    0.746  24
         5    291.358     32.555 200.8545009 +36.1252169     4.10 0.0004423106  -9.7002  99.0000  99.0000     -70636.6     872.7846     1232.656    0.223   0
         6     74.964    250.447 200.8831095 +36.1012035    50.78  0.005476933 -14.0137 -12.1823   0.0130     74628.08     893.9055     1711.632    0.647   2
         7     65.258    109.334 200.8846599 +36.1163385    20.42  0.002202455  -9.6161  99.0000  99.0000    -16700.64     872.7105     1061.721    0.571   0
         8    378.712     88.043 200.8427010 +36.1194957     4.18 0.0004513657 -11.3498 -11.2529   0.0302     31707.58     881.8445     1798.505    0.008   0
         9    540.090     95.838 200.8210660 +36.1191001     5.55 0.0005985518  -9.6308  -9.6900   0.1264     7516.411     874.7625     1847.891    0.200   0
        10    197.475    155.452 200.8668653 +36.1117518     0.87  9.42434e-05  -9.0090  99.0000  99.0000    -993.5918     872.7352     1940.586    0.012   0
        11    158.916    200.146 200.8719526 +36.1068423     2.31 0.0002487772  -8.6639 -10.1173   0.0854     11141.33     876.0193     1943.814    0.212   0
        12    731.091    203.876 200.7952967 +36.1080097     6.58 0.0007099187 -10.2667 -10.8202   0.0448     21285.18     878.8113      1844.93    0.345   0
        13     76.064    357.883 200.8827720 +36.0896628    22.69  0.002447601 -13.2686 -11.9393   0.0162     59667.46     889.8084     1718.639    0.342   2
        14    309.963    263.245 200.8516092 +36.1004812     3.96 0.0004265792 -12.7039 -12.7627   0.0077     127371.6     908.5366     1941.724    0.028   0
        15     80.294    328.274 200.8822579 +36.0928560    16.54  0.001783995 -12.7036 -11.8489   0.0176     54898.49     888.2977     1764.113    0.509   2
        16     77.482    391.704 200.8825222 +36.0860328    26.72  0.002881418 -13.5622 -11.9961   0.0154     62871.23     890.5388     1722.733    0.423   2
        17     77.679    471.745 200.8823542 +36.0774331    33.55  0.003618921 -13.9874 -11.9370   0.0162     59537.43     889.6992     1721.346    0.715   2
        18    690.421    427.396 200.8003745 +36.0838829     3.88 0.0004183803  -9.9340 -10.1634   0.0818     11624.01     875.6158     1826.182    0.028   0
        19    331.858    441.097 200.8483698 +36.0814318     3.92  0.000422747  -9.0527  -9.5588   0.1426     6660.629     874.6657     1928.623    0.195   0
        20   1025.577    444.143 200.7554624 +36.0829813     4.11 0.0004429272 -10.2604  -9.9092   0.0844     9197.761     714.8209     1544.807    0.064  24
        21     79.328    676.209 200.8817716 +36.0554687    75.57   0.00815028 -15.2513 -12.1404   0.0135     71802.92     892.9702     1686.657    0.887  18
        22     77.999    524.381 200.8822181 +36.0717785     5.18  0.000559111 -13.0878 -12.4012   0.0107     91299.38     898.0521     1716.505    0.375   0
        23    720.557    492.659 200.7962307 +36.0769520     3.65 0.0003933297 -11.2865 -11.4249   0.0258     37149.89     883.2885     1768.895    0.052   0
        24    637.434    881.992 200.8067131 +36.0348940     3.61 0.0003888432  -9.1804  -9.2604   0.1875     5060.075      873.863     1579.148    0.128   0
        25    355.917   1010.356 200.8441703 +36.0203325     3.82 0.0004118824  -8.6305  99.0000  99.0000    -6.059121     872.7846     1658.826    0.244   0
        26    186.321    801.094 200.8672300 +36.0423482     4.78 0.0005157808  -8.9937 -10.1269   0.0846     11239.61     875.9489     1838.021    0.267   0
        27     83.705    908.739 200.8807749 +36.0304963    63.71  0.006871071 -14.8790 -12.0744   0.0143      67568.1     891.9047      1567.51    0.871  18
        28    656.557    977.393 200.8039952 +36.0246951     3.80 0.0004093371 -10.6443 -10.8280   0.0445     21439.54     878.6591     1482.791    0.025   0
        29    597.643    861.552 200.8120729 +36.0369823     3.72  0.000401705 -10.3289 -10.5833   0.0557     17113.05     877.6973     1627.203    0.086   0
        30    225.137    667.881 200.8622664 +36.0567694     0.00            0  -7.7225  -3.4517  39.4544       24.026     872.8655     1908.812    0.196   0
