#   1 NUMBER                 Running object number                                     
#   2 X_IMAGE                Object position along x                                    [pixel]
#   3 Y_IMAGE                Object position along y                                    [pixel]
#   4 ALPHA_J2000            Right ascension of barycenter (J2000)                      [deg]
#   5 DELTA_J2000            Declination of barycenter (J2000)                          [deg]
#   6 FWHM_IMAGE             FWHM assuming a gaussian core                              [pixel]
#   7 FWHM_WORLD             FWHM assuming a gaussian core                              [deg]
#   8 MAG_BEST               Best of MAG_AUTO and MAG_ISOCOR                            [mag]
#   9 MAG_APER               Fixed aperture magnitude vector                            [mag]
#  10 MAGERR_APER            RMS error vector for fixed aperture mag.                   [mag]
#  11 FLUX_APER              Flux vector within fixed circular aperture(s)              [count]
#  12 FLUXERR_APER           RMS error vector for aperture flux(es)                     [count]
#  13 BACKGROUND             Background at centroid position                            [count]
#  14 ELLIPTICITY            1 - B_IMAGE/A_IMAGE                                       
#  15 FLAGS                  Extraction flags                                          
         1    833.394    181.873 200.9203127 +36.2167452   180.30   0.01945619 -15.7623 -12.2520   0.0094     79582.28     689.6227     1167.095    0.907  16
         2    518.843     46.863 200.9627717 +36.2303677     6.72 0.0007249645  -9.8555  -9.7517   0.0905     7955.701     663.1859     1224.645    0.359   0
         3    471.244     87.432 200.9690712 +36.2258650     6.21 0.0006696163 -10.3449 -10.2637   0.0566        12749     664.9719     1242.863    0.324   0
         4    538.213    142.983 200.9599752 +36.2200823     6.21 0.0006703599  -9.7383  -9.8885   0.0798      9023.61     663.4211     1286.686    0.285   0
         5    606.816    163.228 200.9507339 +36.2181022     7.60 0.0008205033 -10.7988 -10.8326   0.0337     21529.53     668.0987     1309.855    0.269   0
         6    261.021    294.009 200.9968264 +36.2030263     4.21  0.000454029  -8.8690  -9.5950   0.1045     6886.754     662.5409     1299.717    0.007   0
         7    188.148    328.594 201.0065228 +36.1990911     5.01 0.0005404303 -10.1597 -10.0664   0.0678     10630.32     664.1377     1294.598    0.222   0
         8     25.044    353.951 201.0283339 +36.1958810     4.24 0.0004574759  -7.9607  99.0000  99.0000    -1418.173     660.2361     1234.304    0.007   0
         9    441.586    389.177 200.9724198 +36.1933144     4.40 0.0004750181  -9.7453 -10.1334   0.0638     11307.33      664.244      1366.88    0.189   0
        10     97.731    723.045 201.0177980 +36.1563862     4.40 0.0004749182  -8.7363  -8.8098   0.2150     3341.389     661.4069      1309.31    0.288   0
        11    887.971    887.885 200.9115819 +36.1409404    58.45  0.006307019 -13.7867 -12.4430   0.0080     94887.41     695.2022     556.7354    0.144  16
        12    862.879    699.316 200.9153212 +36.1611574     3.59 0.0003873511  -8.2442  99.0000  99.0000     -7359.83     660.2548     1324.076    0.303   0
        13    306.527    473.579 200.9903469 +36.1838399     4.30 0.0004640798 -10.4654 -10.5598   0.0432     16747.07     666.5842     1369.383    0.132   0
        14    884.198    447.254 200.9129687 +36.1883373     3.84 0.0004141639 -11.8366 -10.2823   0.0557     12969.01     664.9619       1104.4    0.102   0
        15    841.157    830.464 200.9179686 +36.1469854    79.48  0.008576239 -13.8294 -12.8039   0.0058     132305.1     708.4953     1083.355    0.484  16
        16    443.336    501.348 200.9719516 +36.1812511     4.02 0.0004334615 -12.2234 -12.2497   0.0094     79411.21     689.5428     1384.214    0.121   0
        17    158.809    788.504 201.0094746 +36.1495238     3.88 0.0004183473  -9.1015 -10.5547   0.0434      16668.2     666.4622     1311.711    0.256   0
        18    867.168    717.841 200.9147094 +36.1591765     3.77 0.0004065101  -8.0002  99.0000  99.0000    -16481.65     660.2174     1310.337    0.171   0
        19    864.024    629.164 200.9153083 +36.1687083     4.07  0.000438812 -12.2513 -12.0953   0.0108     68881.81     685.7507     1307.428    0.104   0
        20    168.406    541.432 201.0087155 +36.1761341     4.10  0.000442523 -10.4336 -10.6363   0.0403     17968.86      666.728     1344.115    0.130   0
        21    430.525    541.801 200.9735844 +36.1768616     4.03 0.0004348856 -12.1001 -12.1797   0.0100     74453.41     687.7789     1385.195    0.131   0
        22    824.928    485.150 200.9208374 +36.1840915     5.16 0.0005573411  -9.8734 -10.8218   0.0340     21317.06     668.1668     1331.648    0.050   0
