#   1 NUMBER                 Running object number                                     
#   2 X_IMAGE                Object position along x                                    [pixel]
#   3 Y_IMAGE                Object position along y                                    [pixel]
#   4 ALPHA_J2000            Right ascension of barycenter (J2000)                      [deg]
#   5 DELTA_J2000            Declination of barycenter (J2000)                          [deg]
#   6 FWHM_IMAGE             FWHM assuming a gaussian core                              [pixel]
#   7 FWHM_WORLD             FWHM assuming a gaussian core                              [deg]
#   8 MAG_BEST               Best of MAG_AUTO and MAG_ISOCOR                            [mag]
#   9 MAG_APER               Fixed aperture magnitude vector                            [mag]
#  10 MAGERR_APER            RMS error vector for fixed aperture mag.                   [mag]
#  11 FLUX_APER              Flux vector within fixed circular aperture(s)              [count]
#  12 FLUXERR_APER           RMS error vector for aperture flux(es)                     [count]
#  13 BACKGROUND             Background at centroid position                            [count]
#  14 ELLIPTICITY            1 - B_IMAGE/A_IMAGE                                       
#  15 FLAGS                  Extraction flags                                          
         1    852.870     88.869 200.9156970 +36.1178861   107.04   0.01154465 -15.2340 -13.1167   0.0041     176475.3     666.1406     926.3739    0.470  19
         2    818.606     47.137 200.9203636 +36.1222729    79.47  0.008571079 -14.0543 -12.6312   0.0062     112842.3     641.7213     699.2891    0.767  19
         3    825.800     10.016 200.9194673 +36.1262818    91.54  0.009873336 -13.9820 -12.9486   0.0045     151162.1     621.6267     374.6521    0.807  24
         4    412.319     91.607 200.9747142 +36.1163298     2.61 0.0002811643  -9.2816 -10.8164   0.0310     21210.36     604.9214     1187.366    0.224   0
         5    681.379    204.450 200.9384591 +36.1049795     4.46  0.000481035 -15.4656 -15.4978   0.0007      1581673     1070.627     1245.812    0.047   4
         6    768.580    202.039 200.9267826 +36.1054871     4.28 0.0004612027 -14.9903 -15.0289   0.0010      1026982     932.1135     1247.081    0.016   0
         7    121.624    213.132 201.0134217 +36.1024238     4.12 0.0004448899 -13.2109 -13.2647   0.0036     202242.3     675.7566     1143.077    0.043   0
         8    544.765    210.821 200.9567470 +36.1039031     5.09 0.0005494349  -8.6248  -8.9258   0.1746     3718.203     597.6486     1237.152    0.045   0
         9    333.926    274.794 200.9848666 +36.0964195     4.23 0.0004565362  -8.7895  -9.0763   0.1520     4270.828     597.8965     1209.179    0.282   0
        10    877.016    310.995 200.9120597 +36.0940877     3.53 0.0003808708  -8.2000 -10.3262   0.0484     13504.91     601.5446     1183.504    0.024   0
        11    622.702    335.512 200.9460756 +36.0907294     4.04 0.0004354551 -10.8786 -11.0173   0.0258     25522.12     606.8665     1233.599    0.007   0
        12    262.391    381.534 200.9942425 +36.0847424     5.94 0.0006405986  -9.1948  -9.4048   0.1125     5779.832     598.6111     1187.409    0.618   0
        13    771.849    417.107 200.9259512 +36.0823881     0.99 0.0001066418  -7.8176  -8.5821   0.2395     2709.078      597.361     1232.643    0.130   0
        14    198.987    444.297 201.0026119 +36.0778133     4.26 0.0004598987  -8.8676  -8.8559   0.1862     3486.409     597.6357     1157.638    0.075   0
        15     26.815    493.408 201.0255699 +36.0720302     4.91 0.0005299628  -8.9619  -9.0695   0.1529     4244.426     597.7341     1073.374    0.090   0
        16    883.417    824.143 200.9102745 +36.0389697    57.32  0.006181945 -14.6154 -11.6202   0.0150      44470.6     614.4918     1064.099    0.860  18
        17    140.587    534.266 201.0102570 +36.0679753     3.96  0.000427047 -12.9529 -13.0051   0.0045     159242.2     659.5804     1118.593    0.057   0
        18    110.006    886.993 201.0136639 +36.0299868     4.10 0.0004424477  -8.7008  -8.9365   0.1728     3755.042     597.5798     937.1617    0.408   0
        19    885.295    963.319 200.9097717 +36.0240210    56.23  0.006064831 -14.1478 -11.6534   0.0146     45852.27     615.1027     1000.333    0.844  18
        20    532.935    729.336 200.9573606 +36.0481568     3.78 0.0004082303  -9.6287  -9.8102   0.0776     8396.038     599.7195     1159.472    0.069   0
        21    487.739    675.432 200.9635116 +36.0538183     3.74 0.0004029774 -10.1674 -10.1749   0.0556     11748.13      601.132     1176.198    0.019   0
        22    767.524    600.358 200.9261950 +36.0626861     3.66   0.00039472 -10.2365 -10.2841   0.0503     12990.48     601.5983     1222.338    0.037   0
        23    894.546    903.097 200.9086425 +36.0305178     6.89 0.0007429073 -11.6812 -11.3456   0.0192     34531.98      610.468     991.8439    0.198   2
        24    222.700    724.255 200.9988966 +36.0478027     3.96 0.0004270939 -10.2260 -10.1615   0.0562     11604.19     600.9717      1087.89    0.132   0
        25    539.437    708.326 200.9565295 +36.0504330     5.32 0.0005741012 -10.1690 -10.2704   0.0509      12828.3     601.5309     1169.205    0.078   0
        26     47.892    777.668 201.0221904 +36.0415502     4.76 0.0005133455  -8.6209  -8.7145   0.2120     3060.631     597.5249     989.6099    0.251   0
        27    705.994    567.061 200.9344940 +36.0660885     3.48 0.0003756458  -8.5289  -8.8700   0.1838      3531.77     597.6042     1222.534    0.032   0
