#   1 NUMBER                 Running object number                                     
#   2 X_IMAGE                Object position along x                                    [pixel]
#   3 Y_IMAGE                Object position along y                                    [pixel]
#   4 ALPHA_J2000            Right ascension of barycenter (J2000)                      [deg]
#   5 DELTA_J2000            Declination of barycenter (J2000)                          [deg]
#   6 FWHM_IMAGE             FWHM assuming a gaussian core                              [pixel]
#   7 FWHM_WORLD             FWHM assuming a gaussian core                              [deg]
#   8 MAG_BEST               Best of MAG_AUTO and MAG_ISOCOR                            [mag]
#   9 MAG_APER               Fixed aperture magnitude vector                            [mag]
#  10 MAGERR_APER            RMS error vector for fixed aperture mag.                   [mag]
#  11 FLUX_APER              Flux vector within fixed circular aperture(s)              [count]
#  12 FLUXERR_APER           RMS error vector for aperture flux(es)                     [count]
#  13 BACKGROUND             Background at centroid position                            [count]
#  14 ELLIPTICITY            1 - B_IMAGE/A_IMAGE                                       
#  15 FLAGS                  Extraction flags                                          
         1    841.254     80.127 238.0179779 +32.9323757   134.48   0.01441949 -14.5571 -12.4292   0.0059     93689.55      510.411     745.9578    0.608  16
         2    820.669      9.537 238.0207367 +32.9398503    78.65  0.008432934 -13.5437 -12.3259   0.0061     85186.97     475.5478     442.2491    0.774  24
         3    485.257     38.406 238.0637383 +32.9358371     7.45 0.0007990684  -9.5306  99.0000  99.0000     -1181.71     462.1972     759.7452    0.346   0
         4     58.080    109.478 238.1184379 +32.9270446     6.57 0.0007040182 -13.8445 -13.8769   0.0019     355420.1     625.6944      862.254    0.071   0
         5    723.404    118.538 238.0330387 +32.9279517     6.77 0.0007258925 -10.2979  -9.8610   0.0576     8798.518     466.9579      931.918    0.021   0
         6    745.204    123.306 238.0302331 +32.9275034     6.57 0.0007047972 -10.0107  -8.3605   0.2278     2209.084     463.4036     932.0575    0.032   0
         7    365.018    139.393 238.0789960 +32.9247246     9.65  0.001034918  -9.7530  -9.7026   0.0666     7603.835     466.1752     915.9575    0.417   0
         8    694.403    186.722 238.0366465 +32.9205965     6.78 0.0007266222 -11.9049 -11.9571   0.0088      60649.7     493.9386     933.1876    0.024   0
         9    315.881    181.589 238.0852286 +32.9200838     6.65 0.0007129772  -9.8398  -9.8774   0.0568     8931.835     467.0811     912.9095    0.130   0
        10    471.403    178.649 238.0652765 +32.9208355     7.77 0.0008334547  -9.2238  -9.5216   0.0786     6436.534     465.6657     925.1668    0.112   0
        11    105.401    250.686 238.1121157 +32.9121141     6.29 0.0006742328 -13.8079 -13.8394   0.0020     343354.8     620.7673     876.2534    0.050   0
        12    755.637    271.452 238.0286474 +32.9117262     6.31 0.0006767415 -12.2358 -12.2785   0.0067      81542.8     504.4744      933.948    0.025   0
        13    229.230    270.881 238.0961919 +32.9103118    10.18  0.001091729 -10.2673 -10.3610   0.0366     13943.93      469.769     901.3425    0.541   2
        14    574.650    322.321 238.0517840 +32.9057957     6.03 0.0006460234 -11.3445 -11.4437   0.0139      37799.8     482.3476      926.887    0.031   0
        15    280.812    335.962 238.0894603 +32.9035144     5.84 0.0006259433 -11.1735 -11.2107   0.0170     30499.51     478.4478     908.8558    0.018   0
        16     36.220    339.298 238.1208348 +32.9024623     7.48 0.0008022459  -9.2880  -9.3704   0.0903     5599.456      465.346     855.7554    0.206   0
        17    444.098    376.950 238.0684406 +32.8996016     5.78 0.0006194896 -10.8993 -10.9882   0.0208      24847.2      475.536     918.4958    0.027   0
        18    504.901    427.831 238.0605531 +32.8943436     5.57  0.000597115 -12.2063 -12.2469   0.0069     79204.62     503.3383      919.158    0.021   0
        19    151.877    445.046 238.1058105 +32.8915100     5.75 0.0006166381 -10.0269 -10.1258   0.0453     11228.01     468.3343     878.0541    0.098   0
        20    535.766    452.441 238.0565518 +32.8918043     4.49 0.0004817727  -8.8599  -8.8670   0.1431     3522.004     464.2025      919.574    0.219   0
        21    263.496    487.035 238.0914188 +32.8873472     5.53 0.0005929615 -12.4889 -12.5397   0.0054       103724     515.3142     898.1799    0.037   0
        22      6.592    488.035 238.1243710 +32.8865086     7.21 0.0007731943 -10.4164 -10.3495   0.0322     13797.24     409.1337     839.8498    0.205  16
        23    433.704    494.462 238.0695725 +32.8870348     5.77 0.0006188506  -9.7836  -9.8282   0.0594     8536.312     466.9082     914.3478    0.053   0
        24    772.795    508.008 238.0260524 +32.8865349     7.53 0.0008069648  -8.6222  -8.7194   0.1638      3074.45     463.8311     924.0896    0.196   0
        25    623.130    691.742 238.0449413 +32.8665165     5.65 0.0006056991  -8.4682  -8.9800   0.1290     3908.354     464.3715     900.7656    0.458   0
        26    506.353   1018.475 238.0593613 +32.8313307     7.50  0.000803958  -8.7715  -8.5663   0.1811     2669.971     445.2249     797.4957    0.342  16
        27    794.098   1011.974 238.0224843 +32.8328243     4.98 0.0005336297  -9.9476  -9.8751   0.0569     8913.555     467.1101     830.7567    0.202   0
        28    713.687    703.543 238.0333078 +32.8655091    11.60   0.00124375 -10.0718 -10.0706   0.0476     10671.53      468.063     903.6035    0.485   0
        29    625.375    775.903 238.0445117 +32.8575435     6.98 0.0007485864  -8.6712  -8.6914   0.1682     2996.231     463.9193     881.2812    0.228   0
        30    853.382    784.978 238.0152583 +32.8572067     5.27 0.0005655823 -11.9461 -12.0336   0.0083     65078.77     496.0899     879.4386    0.125   0
        31    371.582    716.226 238.0771590 +32.8631997     3.45 0.0003696239  -8.2225  -8.9743   0.1297     3887.889     464.2563     876.2007    0.407   0
        32    295.380    750.384 238.0868718 +32.8593403     5.45 0.0005838542 -10.8790 -10.9276   0.0219     23497.43     474.6476     857.5104    0.105   0
        33    588.994    711.311 238.0492860 +32.8643335     4.25 0.0004554574  -8.2406  -8.8481   0.1456     3461.274     464.1568      894.775    0.091   0
        34    902.446    617.774 238.0092411 +32.8751811     5.45 0.0005841116 -11.3779 -11.3391   0.0152     34327.62     480.4691     825.1182    0.079   0
        35    883.980    897.819 238.0111491 +32.8452516     3.94 0.0004229322  -9.1621 -10.9778   0.0210     24610.66     475.2081     810.7263    0.502   0
        36    374.510    694.531 238.0768208 +32.8655227     5.15 0.0005525839 -12.8177 -12.8617   0.0041     139538.4     532.4852     882.3003    0.058   0
        37    123.624    626.045 238.1091158 +32.8721186     6.44 0.0006909358 -10.0537 -10.2174   0.0417     12216.75     468.8231     851.7966    0.197   0
        38    352.252    998.404 238.0791508 +32.8330392     7.21 0.0007735414  -8.8651  -8.9790   0.1291     3904.792     464.3175     778.4165    0.312   0
        39    804.423    860.258 238.0214118 +32.8490399     4.76 0.0005103338 -12.8468 -12.8830   0.0041     142304.8     533.7485     872.3468    0.071   0
        40    884.009    967.484 238.0110309 +32.8378189     7.57 0.0008113382 -10.6697 -11.0354   0.0199     25952.34     476.0659     795.1078    0.446   2
        41    883.466    865.550 238.0112681 +32.8486930     5.89  0.000631497 -10.1575 -10.9920   0.0207      24933.5     475.5051     821.0907    0.403   0
        42    883.989    945.497 238.0110696 +32.8401647     5.93 0.0006360806 -10.0786 -11.0388   0.0199     26033.35     476.1846     799.3937    0.779   0
