#   1 NUMBER                 Running object number                                     
#   2 X_IMAGE                Object position along x                                    [pixel]
#   3 Y_IMAGE                Object position along y                                    [pixel]
#   4 ALPHA_J2000            Right ascension of barycenter (J2000)                      [deg]
#   5 DELTA_J2000            Declination of barycenter (J2000)                          [deg]
#   6 FWHM_IMAGE             FWHM assuming a gaussian core                              [pixel]
#   7 FWHM_WORLD             FWHM assuming a gaussian core                              [deg]
#   8 MAG_BEST               Best of MAG_AUTO and MAG_ISOCOR                            [mag]
#   9 MAG_APER               Fixed aperture magnitude vector                            [mag]
#  10 MAGERR_APER            RMS error vector for fixed aperture mag.                   [mag]
#  11 FLUX_APER              Flux vector within fixed circular aperture(s)              [count]
#  12 FLUXERR_APER           RMS error vector for aperture flux(es)                     [count]
#  13 BACKGROUND             Background at centroid position                            [count]
#  14 ELLIPTICITY            1 - B_IMAGE/A_IMAGE                                       
#  15 FLAGS                  Extraction flags                                          
         1      8.819     82.060 327.7912297 +28.8488349    54.25  0.005861096 -12.7505 -11.8689   0.0096     55921.34     496.3513     464.6653    0.642  24
         2    192.908     28.736 327.7686048 +28.8550273    29.39  0.003174709 -11.5666 -11.2479   0.0181     31561.27     526.9073     633.3618    0.388  16
         3    137.817     10.514 327.7754591 +28.8568575    82.39  0.008900918 -14.0195 -12.7199   0.0048     122453.2     542.5993     400.7484    0.746  24
         4    459.156     26.054 327.7356994 +28.8559557     5.54 0.0005979894 -10.3325  -7.3815   0.6203     896.5647     512.1224     728.5883    0.247   0
         5    140.673     87.113 327.7749195 +28.8486108    24.67  0.002665321 -12.2151 -11.1725   0.0194     29445.15     525.8882     886.1671    0.569   2
         6    292.294     49.367 327.7562696 +28.8530439     5.63 0.0006078434 -10.4615  99.0000  99.0000    -6578.995     511.6411     835.5175    0.162   0
         7    716.702    137.333 327.7035999 +28.8445761     5.35 0.0005777177 -15.9980 -15.9873   0.0005      2482731     1226.063     995.2782    0.088   7
         8    273.176     66.465 327.7585914 +28.8511556     5.76 0.0006221284 -10.7460  -8.7224   0.1808     3082.916     513.1886     901.3603    0.030   0
         9    972.920     67.269 327.6720938 +28.8527258     7.75 0.0008377792  -9.2591  99.0000  99.0000    -15464.04     511.7135     811.3298    0.326   0
        10    732.588     80.742 327.7017699 +28.8507112     5.81 0.0006276298  -9.7842  99.0000  99.0000    -6039.493     511.6556     920.5862    0.107   0
        11    919.252    103.900 327.6786423 +28.8486537     5.96 0.0006442167 -10.2739 -10.2988   0.0427     13167.42     518.0637     942.8507    0.120   0
        12    188.614    110.448 327.7689371 +28.8462125     5.28 0.0005701301 -11.1589 -10.5776   0.0332     17023.81       519.85     1025.161    0.063   0
        13    722.806    123.661 327.7028777 +28.8460636     6.39 0.0006907147 -11.9956 -12.1845   0.0079      74782.3     546.9217     993.4201    0.172   3
        14     62.645    108.711 327.7845114 +28.8460943     6.71 0.0007245221  -9.5029  99.0000  99.0000    -8532.068     511.6845     710.4111    0.625   2
        15    428.069    124.662 327.7393056 +28.8452564     5.87 0.0006339892  -8.8643  -6.8550   1.0071     552.0566     511.9253     1014.506    0.123   0
        16     80.755    142.060 327.7821916 +28.8425449     7.02 0.0007585476 -10.9219 -10.8901   0.0250     22699.71     522.5867     900.8473    0.091   0
        17    769.157    142.996 327.6971029 +28.8440894     3.96 0.0004280178  -8.4003  -8.5564   0.2105     2645.718     512.8312     986.0476    0.508   0
        18    265.179    159.598 327.7593545 +28.8411012     5.35 0.0005777319 -11.0804 -11.1286   0.0202     28278.13     525.0793     1033.693    0.071   0
        19    647.400    144.856 327.7121479 +28.8436018     5.92 0.0006400059  -9.0860  -9.3829   0.0986     5664.648     514.2575     1006.207    0.084   0
        20    569.350    146.928 327.7217900 +28.8431936     4.76 0.0005138383  -8.2810  99.0000  99.0000    -677.2802     511.5977     1013.249    0.263   0
        21    402.009    167.676 327.7424234 +28.8405593     5.43 0.0005870714 -11.7431 -11.7905   0.0112     52022.72     536.4173     1026.047    0.062   0
        22    489.748    168.902 327.7315763 +28.8406366     8.59 0.0009281875  -9.8252 -10.0597   0.0531     10564.89     516.7919     1021.715    0.222   0
        23    524.197    280.295 327.7270527 +28.8287160     5.91  0.000638318 -16.2061 -16.2195   0.0005      3074652     1341.279     1022.915    0.026   6
        24    581.158    180.741 327.7202501 +28.8395783     5.78 0.0006247428  -8.6976  -8.9050   0.1529     3647.479     513.4347     1018.689    0.351   0
        25    746.159    185.238 327.6998459 +28.8394836     7.65  0.000826203  -9.5995 -10.0101   0.0556     10093.06     516.5923      992.758    0.135   0
        26    463.948    288.996 327.7344776 +28.8276349     5.10 0.0005504594 -15.6154 -15.6034   0.0007      1743210     1064.569     1025.697    0.111   7
        27    898.768    234.566 327.6808688 +28.8345263     5.27 0.0005694311 -13.5636 -13.6000   0.0025     275434.8     632.0554     958.3492    0.085   0
        28    704.566    206.728 327.7049360 +28.8370700     5.56 0.0006008936  -9.5116  -9.8696   0.0632     8868.334     516.0136     1000.981    0.148   0
        29    478.921    278.166 327.7326531 +28.8288376     5.06 0.0005470612 -14.3790 -14.3762   0.0014     562966.6     737.0617     1025.703    0.149   3
        30    510.273    256.990 327.7288291 +28.8311940     5.09 0.0005500549 -13.1816 -13.2014   0.0034       190787     597.6371      1023.82    0.054   3
        31    269.791    256.679 327.7585497 +28.8306518     5.19 0.0005606201 -13.5463 -13.5904   0.0025       272993     631.0654     1032.662    0.064   0
        32     79.609    224.211 327.7821324 +28.8336905     9.40  0.001015773 -10.7442 -10.9211   0.0243     23359.07     522.7037     968.8671    0.400   0
        33   1025.299    236.843 327.6652254 +28.8345757     5.72 0.0006183606 -10.2917 -10.2399   0.0373     12472.92     427.9591       925.15    0.078  24
        34     50.131    231.533 327.7857576 +28.8328298     7.67 0.0008288489  -9.5097 -10.2274   0.0456     12330.41     517.7168     859.9094    0.076   0
        35    655.473    253.481 327.7108928 +28.8319165     5.09 0.0005499822 -12.0705 -12.1330   0.0083      71318.2     545.4581     1010.595    0.094   2
        36    316.276    253.535 327.7528126 +28.8311025     5.19  0.000560659 -11.8392 -11.8872   0.0103     56871.58     538.7274     1030.828    0.067   0
        37    111.768    242.114 327.7781143 +28.8318394     5.63 0.0006078909  -9.1057  99.0000  99.0000    -913.9241     511.6411     1031.362    0.088   0
        38     69.810    245.397 327.7832918 +28.8313839     3.45 0.0003728292  -9.1415 -11.0984   0.0207     27502.32     524.7663     932.5372    0.421   0
        39    667.582    257.550 327.7093866 +28.8315066     5.34 0.0005765165 -10.5956 -10.6955   0.0298     18976.13      520.845      1008.75    0.069   3
        40    763.820    266.749 327.6974713 +28.8307423     5.13 0.0005537617 -12.0427 -12.0956   0.0086     68904.71     544.2692     986.2097    0.067   0
        41    208.133    270.113 327.7661371 +28.8290557     5.17 0.0005583062 -11.8589 -11.9254   0.0100     58905.98     539.7393     1033.322    0.062   0
        42    246.476    260.781 327.7614212 +28.8301537     5.61 0.0006064415  -9.7313 -10.0537   0.0534     10506.94     516.8069     1033.022    0.066   0
        43    572.913    269.328 327.7210584 +28.8300134     5.14 0.0005557446 -10.7289 -10.8684   0.0255     22250.66     522.4711     1019.119    0.026   0
        44    185.462    292.881 327.7688836 +28.8265477     5.17 0.0005588728 -12.0076 -12.0844   0.0087     68193.46     544.0513     1033.216    0.085   0
        45   1004.353    281.078 327.6677114 +28.8297607     4.79 0.0005176808  -8.3471  -5.9652   2.2849     243.2622     511.8178     922.9084    0.272   0
        46    200.825    332.642 327.7668886 +28.8223006     5.03 0.0005434629 -13.4512 -13.5016   0.0027     251548.7      622.524     1032.165    0.064   0
        47    260.376    311.681 327.7595803 +28.8247027     5.23 0.0005650516 -10.9297 -11.0010   0.0226     25142.57     523.7823     1031.151    0.084   0
        48    100.305    308.569 327.7793689 +28.8246511     5.20 0.0005620987  -9.7449  -9.8592   0.0638     8783.753     515.9152     1031.138    0.136   0
        49    840.111    318.148 327.6879222 +28.8253831     5.16 0.0005578449 -10.0470 -10.1667   0.0482     11659.23     517.3353     958.6246    0.101   0
        50    810.208    337.916 327.6915712 +28.8231829     5.43 0.0005867295  -9.3573  -9.5642   0.0835     6694.221     514.8585     965.2052    0.240   0
        51    115.287    350.360 327.7774156 +28.8201845     5.20 0.0005616989  -9.6308  -7.5138   0.5492      1012.76     512.1647     1030.277    0.051   0
        52    209.646    362.243 327.7657267 +28.8191324     5.06 0.0005463898 -10.9916 -11.1502   0.0198     28846.43     525.5895     1031.166    0.094   0
        53    835.847    360.918 327.6883488 +28.8207645     5.24 0.0005659583  -8.4993  -8.7160   0.1819     3064.751     513.2086     953.7697    0.222   0
        54    981.805    371.754 327.6702870 +28.8199377     7.19 0.0007772177  -8.8656  -9.1295   0.1244     4485.229     513.7415     908.2435    0.106   0
        55    543.004    389.276 327.7244687 +28.8170179     4.90 0.0005289951  -9.8880 -10.0537   0.0534     10507.46     516.6781     1016.612    0.097   0
        56    962.602    462.252 327.6724491 +28.8101417     5.15 0.0005561261 -15.7233 -15.7467   0.0006      1989218      1120.84     896.3187    0.077   4
        57    118.938    396.968 327.7768509 +28.8151713     5.02  0.000542346  -9.0697  99.0000  99.0000    -1990.322     511.7135     1027.005    0.113   0
        58    341.695    439.640 327.7492229 +28.8111106     4.87  0.000525763 -13.5247 -13.5685   0.0026     267552.4     628.9182     1025.098    0.075   0
        59    815.282    419.972 327.6907515 +28.8143531     4.95 0.0005343387 -11.1959 -11.2477   0.0181     31555.14     526.8201     950.7585    0.046   0
        60    115.613    418.803 327.7772085 +28.8128105     6.99  0.000754692  -8.6198  99.0000  99.0000      -2474.3     511.4384     1025.121    0.081   0
        61    169.095    441.820 327.7705442 +28.8104600     4.87 0.0005266265 -11.7035 -11.7785   0.0113      51450.6     536.2335     1027.249    0.091   0
        62    803.096    446.555 327.6921948 +28.8114602     5.83 0.0006298651 -12.0193 -12.0649   0.0088     66984.55     543.4138     948.3214    0.192   0
        63    415.039    436.493 327.7401680 +28.8116253     4.92 0.0005319856  -8.7047  -9.2891   0.1075     5195.489     514.1591      1021.59    0.357   0
        64    268.330    484.911 327.7581786 +28.8060563     4.82  0.000521104 -14.9734 -15.0029   0.0009      1002648     873.6071     1026.995    0.070   0
        65    718.687    440.642 327.7026385 +28.8118989     5.19 0.0005610483  -9.1817  -9.3572   0.1010     5532.192     514.3948     973.2446    0.021   0
        66   1011.207    461.578 327.6664450 +28.8103274     5.20 0.0005621634 -11.4943 -11.5286   0.0141     40873.22     531.0283     882.4862    0.133   0
        67    664.024    448.491 327.7093743 +28.8109242     5.06 0.0005461876  -9.1743  -9.3229   0.1042     5359.761     514.2678     986.1732    0.165   0
        68    421.448    448.523 327.7393472 +28.8103443     5.61 0.0006058799  -9.4113  -9.6576   0.0767     7295.054     515.2508     1020.276    0.075   0
        69    349.240    459.401 327.7482430 +28.8089994     5.61 0.0006059724  -9.2264  -9.6598   0.0765      7309.81     515.0423     1024.041    0.216   0
        70     35.497    476.925 327.7869657 +28.8063534     4.90 0.0005295033 -12.0741 -11.8749   0.0104     56227.64      538.456      794.334    0.124   0
        71    946.157    505.452 327.6743805 +28.8054485     4.97 0.0005365282 -13.9505 -13.9890   0.0019     394110.3     677.4259     890.8379    0.096   0
        72    173.716    467.794 327.7699101 +28.8076725     6.82 0.0007364018  -9.1144  -9.4650   0.0915     6109.481     514.5889     1025.294    0.174   0
        73    567.499    476.957 327.7212334 +28.8076284     4.81  0.000519705  -9.1350  -9.1368   0.1236     4515.586     513.8284     1004.108    0.107   0
        74    461.071    479.780 327.7343766 +28.8070710     4.67 0.0005042462  -9.1078  -8.9519   0.1464     3808.387     513.5419     1016.246    0.175   0
        75     93.430    504.789 327.7797398 +28.8034918     6.57 0.0007098055  -9.1522  -9.8677   0.0633     8852.653     515.7906      1007.17    0.071   0
        76    343.616    524.395 327.7487816 +28.8019827     4.76 0.0005145849 -11.1429 -11.2010   0.0189     30227.25     525.9784     1019.871    0.095   0
        77    994.344    524.348 327.6683828 +28.8035247     5.01 0.0005408044  -8.2234  -6.9990   0.8819     630.3866     511.8912     871.0565    0.465   0
        78    427.435    547.916 327.7383693 +28.7996490     4.67 0.0005046466 -12.5441 -12.5979   0.0056     109433.1     562.6036     1013.905    0.083   0
        79     56.522    962.405 327.7831819 +28.7540942     4.68 0.0005060105 -11.7586 -11.8106   0.0110     52997.12     536.8437     803.8212    0.109   0
        80    119.825   1025.104 327.7752119 +28.7474920     3.97 0.0004285386  -8.0121  99.0000  99.0000    -2911.652     423.1028     921.4763    0.185  16
        81    131.963    999.959 327.7737741 +28.7502308     4.72 0.0005103251  -8.2284  99.0000  99.0000     -1769.37      511.699     925.2153    0.049   0
        82    122.560    972.667 327.7750016 +28.7531486     4.51 0.0004876426 -12.4392 -12.4834   0.0061     98486.17     557.7047     929.9341    0.113   0
        83    271.852    746.132 327.7571123 +28.7779182     5.05 0.0005455325  -8.9075  -9.2771   0.1086     5138.739     514.0883     999.4354    0.142   0
        84    461.269    812.738 327.7335558 +28.7711951     4.59 0.0004954982 -13.7097 -13.7535   0.0022     317255.9     648.3976     958.4558    0.102   0
        85    143.227    795.319 327.7728806 +28.7723079     4.54  0.000490692 -11.0861 -11.1436   0.0199     28670.46     525.4493     988.1685    0.116   0
        86    880.200    754.017 327.6819487 +28.7785114     5.04 0.0005443326 -10.8201 -10.8331   0.0263     21538.89     521.8182     851.2577    0.218   0
        87    996.891    891.669 327.6672148 +28.7639512     6.54 0.0007067828  -9.5642  -9.8285   0.0656     8538.736     515.8539     617.7273    0.164   0
        88   1003.842    865.769 327.6664164 +28.7667581     4.64 0.0005012819  -8.6979  99.0000  99.0000    -4027.843     511.6411      654.275    0.235   0
        89    418.969    930.154 327.7384992 +28.7584424     5.47  0.000590469  -8.8149  -9.4901   0.0894     6252.101     514.6582     937.3423    0.133   3
        90    498.441    922.620 327.7287024 +28.7594438     4.88 0.0005273398  -9.1148  -9.1283   0.1245     4480.369      513.768     922.4919    0.163   0
        91    883.993    888.354 327.6811662 +28.7640452     5.81 0.0006279184  -9.8937 -10.0117   0.0555     10108.67     516.4851     788.3018    0.270   0
        92    270.354    905.269 327.7569130 +28.7607676     4.47 0.0004833921 -12.0873 -12.1426   0.0082     71951.13      545.626     959.1877    0.135   0
        93    315.559    880.354 327.7513901 +28.7635608     4.91 0.0005300748  -9.3020  -9.4738   0.0908     6158.863     514.6849     963.8286    0.121   0
        94    311.738    868.712 327.7518901 +28.7648060     4.73 0.0005109502  -9.8530  -9.9884   0.0567     9893.922     516.5246     967.3796    0.135   0
        95    138.072    841.497 327.7734051 +28.7673198     4.43 0.0004788552 -11.7184 -11.7252   0.0119     48985.82     535.0831     974.7736    0.099   0
        96    711.698    837.169 327.7025665 +28.7691562     4.75 0.0005134218 -11.6809 -11.7460   0.0116     49932.71     535.5392     882.6074    0.144   0
        97    409.405    841.385 327.7398930 +28.7679845     4.56 0.0004926642 -11.1210 -11.1734   0.0194     29469.84     525.6464      961.248    0.106   0
        98    879.299    829.405 327.6818838 +28.7703861     5.28 0.0005703963 -13.2127 -13.2445   0.0033     198520.6     600.7896      827.687    0.171   0
        99     93.020    768.390 327.7791475 +28.7750879     5.06 0.0005466508 -12.1933 -12.2076   0.0078     76391.38     547.4673     971.0198    0.291   0
       100    780.837    827.281 327.6940502 +28.7703843     4.32 0.0004671427  -8.2302  -8.5040   0.2209     2521.052     512.8859     862.4521    0.310   0
       101    493.604    800.620 327.7295910 +28.7725778     4.93 0.0005320677  -9.8371  -9.8398   0.0649     8627.961     515.6099     955.7311    0.128   0
       102    257.432    789.120 327.7587896 +28.7732515     4.86 0.0005250642  -9.6446  -9.5586   0.0840     6659.599     514.8992     991.5656    0.010   0
       103     67.462    789.935 327.7822518 +28.7727044     6.24 0.0006736954  -9.7656 -10.6984   0.0297     19027.23     520.8695     871.7873    0.225   0
       104    247.406    665.309 327.7603274 +28.7865681     4.81 0.0005192744  -9.9123  -9.8975   0.0616     9099.185     516.0824     1015.356    0.128   0
       105     76.003    666.175 327.7814989 +28.7860602     3.93 0.0004249974  -9.3577 -11.1029   0.0206     27615.84      524.778     930.5758    0.505   0
       106    284.035    695.820 327.7557288 +28.7833686     3.94 0.0004259651  -8.4460  -8.9152   0.1514     3682.105      513.365     1007.321    0.502   0
       107    567.744    702.546 327.7206666 +28.7833216     5.12 0.0005532667  -9.3339  -9.5081   0.0879     6356.599     514.7089     960.8397    0.234   0
       108    783.000    775.015 327.6939058 +28.7760211     5.33 0.0005762965  -8.8091  -8.9441   0.1474     3781.458     513.2258     877.0148    0.294   0
       109    262.815    742.209 327.7582380 +28.7783191     4.39 0.0004741345 -10.3462 -10.4548   0.0371     15203.33     518.8454     1000.594    0.136   0
       110    377.480    741.429 327.7440762 +28.7786785     4.55 0.0004910107 -12.2773 -12.3306   0.0070      85555.1     551.8777     992.7374    0.097   0
       111    255.187    638.732 327.7594304 +28.7894505     4.65 0.0005024475 -10.1077 -10.1114   0.0507      11080.9     517.0558     1016.978    0.092   0
       112    843.715    759.107 327.6864436 +28.7778776     4.87 0.0005261041 -10.8709 -10.9148   0.0245     23223.94     522.9224     861.9318    0.146   0
       113    580.749    707.698 327.7190479 +28.7827972     5.39 0.0005818108  -9.3206  -9.7794   0.0686     8161.261     515.6422     956.0651    0.165   0
       114    735.123    746.350 327.6998872 +28.7789972     3.35 0.0003620963  -8.4905  -8.8528   0.1604     3476.367     513.3947     900.7228    0.273   0
       115    302.645    738.138 327.7533279 +28.7788535     4.76 0.0005146144  -8.3473  -8.2727   0.2732     2037.495     512.6357     999.5439    0.270   0
       116    940.702    722.282 327.6745492 +28.7820721     5.28 0.0005701435 -10.9470 -11.0195   0.0223     25573.05     524.0302     837.1468    0.177   0
       117    279.239    723.682 327.7562541 +28.7803549     5.12 0.0005525835  -8.9303  -8.9739   0.1435     3886.597       513.58     1003.129    0.136   0
       118    569.357    650.767 327.7205904 +28.7889046     4.66 0.0005030684 -10.1904 -10.3897   0.0393     14317.79     518.5899     972.5805    0.084   0
       119    123.506    706.583 327.7755324 +28.7818214     4.72  0.000510231 -10.1935  -9.8786   0.0627     8942.513     516.0208     1005.241    0.075   0
       120    865.509    678.712 327.6839395 +28.7865913     5.01 0.0005411167 -10.7372 -10.7858   0.0275     20622.37     521.6772     874.3602    0.145   0
       121     79.141    718.992 327.7809824 +28.7803767     4.61 0.0004975199  -9.6301 -11.0618   0.0214     26589.53     524.4301     932.1172    0.683   0
       122    579.680    723.011 327.7191435 +28.7811448     2.53 0.0002733206  -8.4583  -9.2196   0.1145     4873.658      514.017     952.8386    0.077   0
       123    670.049    713.650 327.7080027 +28.7823672     4.85 0.0005240209  -9.8781  -9.9998   0.0561     9998.229     516.5034     927.9311    0.131   0
       124    523.031    673.767 327.7262586 +28.7863163     4.99   0.00053861  -9.6675  -9.9430   0.0591     9488.181     516.2565     979.6288    0.048   0
       125    792.368    673.764 327.6929865 +28.7869529     4.87  0.000526194  -9.0056  -9.1546   0.1216     4590.288     513.8936     899.5188    0.168   0
       126    438.001    669.928 327.7367716 +28.7865274     5.94 0.0006418696  -9.1114  -9.2575   0.1106     5046.458     514.0146      997.222    0.114   0
       127    297.795    649.221 327.7541416 +28.7884228     4.70 0.0005082473  -9.9981 -10.0504   0.0535     10475.53     516.4906      1012.67    0.123   0
       128    959.856    655.628 327.6723382 +28.7892988     5.39 0.0005818221  -9.5979  -9.5950   0.0812     6886.361     515.0812     846.2809    0.168   0
       129    148.271    607.246 327.7727148 +28.7925850     4.65 0.0005022621 -11.6514 -11.6722   0.0124     46652.43     533.9225     1021.325    0.114   2
       130    604.909    741.521 327.7159831 +28.7792101     7.23 0.0007806506 -10.3483 -10.4782   0.0363     15534.57     519.1762     941.7891    0.314   0
       131    859.305    593.992 327.6849042 +28.7957054     4.22 0.0004558867  -8.0719  -7.2143   0.7234     768.6105     512.0021     896.9468    0.081   0
       132    420.473    924.994 327.7383257 +28.7590021     5.96 0.0006438226  -8.7493  -9.3612   0.1006     5552.628     514.3039     938.5327    0.303   3
       133    848.021    616.971 327.6862445 +28.7932030     7.03 0.0007597429  -9.4127  -9.5389   0.0855     6540.005     514.7549     893.9988    0.259   0
       134    154.444    619.780 327.7719218 +28.7912494     4.71 0.0005092593 -11.1551 -11.2464   0.0182     31517.95     526.7883     1020.495    0.124   3
       135    723.413    625.515 327.7016186 +28.7919898     4.69 0.0005062229 -10.7412 -10.8018   0.0271     20926.76     521.7662     932.5222    0.088   0
       136    822.532    741.333 327.6891018 +28.7797431     5.41 0.0005842406  -9.4472  -9.4091   0.0963     5802.866     514.5551     873.5972    0.251   0
       137     57.190    987.657 327.7830378 +28.7513749     4.73 0.0005106191 -12.9126 -12.9427   0.0042     150340.5     580.4585     799.3555    0.110   0
       138     85.709    580.885 327.7805080 +28.7952737     4.94 0.0005333425 -11.5168 -11.5813   0.0135     42906.73     532.2214     978.5781    0.115   0
       139    457.441    883.776 327.7338587 +28.7635315     4.66 0.0005029693 -12.5150 -12.5751   0.0057     107159.3     561.5396     942.2416    0.130   0
       140    623.631    583.741 327.7140446 +28.7962553     4.68 0.0005051664 -11.3896 -11.4542   0.0151     38167.54     530.0465     970.8815    0.074   0
       141    164.947    996.619 327.7697091 +28.7506704     4.59 0.0004957706 -12.1657 -12.2346   0.0076     78316.86      548.589     928.6315    0.127   0
       142    170.879    564.664 327.7700254 +28.7972278     7.05 0.0007612793  -9.3921  -9.6630   0.0763     7331.464     515.2541     1022.776    0.031   0
       143    939.458    967.110 327.6741325 +28.7556887     4.71 0.0005088245  -9.2749 -10.0364   0.0543     10341.35     516.7411     590.5461    0.110   0
       144    121.154   1010.984 327.7750821 +28.7490166     4.59 0.0004957849  -8.6722  99.0000  99.0000    -2062.132     511.5832     923.0114    0.177   0
       145    310.031   1008.568 327.7517640 +28.7497325     4.68 0.0005050577 -10.6956 -10.7746   0.0278     20408.98     521.5039     925.2512    0.146   0
       146    955.126    799.924 327.6725867 +28.7737397     4.06 0.0004384939  -7.6046  99.0000  99.0000    -574.1763     511.7424     803.1988    0.137   0
       147    384.264    953.521 327.7427292 +28.7558417     4.67 0.0005045221 -10.6116 -10.7424   0.0286     19813.56     521.2752     935.9485    0.153   0
