#   1 NUMBER                 Running object number                                     
#   2 X_IMAGE                Object position along x                                    [pixel]
#   3 Y_IMAGE                Object position along y                                    [pixel]
#   4 ALPHA_J2000            Right ascension of barycenter (J2000)                      [deg]
#   5 DELTA_J2000            Declination of barycenter (J2000)                          [deg]
#   6 FWHM_IMAGE             FWHM assuming a gaussian core                              [pixel]
#   7 FWHM_WORLD             FWHM assuming a gaussian core                              [deg]
#   8 MAG_BEST               Best of MAG_AUTO and MAG_ISOCOR                            [mag]
#   9 MAG_APER               Fixed aperture magnitude vector                            [mag]
#  10 MAGERR_APER            RMS error vector for fixed aperture mag.                   [mag]
#  11 FLUX_APER              Flux vector within fixed circular aperture(s)              [count]
#  12 FLUXERR_APER           RMS error vector for aperture flux(es)                     [count]
#  13 BACKGROUND             Background at centroid position                            [count]
#  14 ELLIPTICITY            1 - B_IMAGE/A_IMAGE                                       
#  15 FLAGS                  Extraction flags                                          
         1    794.096     59.125 327.8203233 +28.8506526    16.58  0.001792709 -11.2677 -11.3099   0.0122     33416.12     374.5672     613.0721    0.318   3
         2    852.813     91.340 327.8129836 +28.8473257   109.36   0.01182136 -13.5339 -11.4929   0.0104     39549.51      378.611     628.4354    0.665  18
         3    816.220     68.138 327.8175652 +28.8497360    24.29  0.002625456 -11.6452 -11.3710   0.0115     35350.43      375.856      618.736    0.466   3
         4    590.746     29.714 327.8455477 +28.8533153     5.39 0.0005823186 -12.9564 -12.9491   0.0032     151225.9     446.3322     628.6034    0.118   0
         5    820.159      7.102 327.8172233 +28.8563251    56.58  0.006115529 -12.4556 -11.2422   0.0115     31395.88     333.1018      491.643    0.788  24
         6    478.129      9.746 327.8595267 +28.8551846     5.14 0.0005551869 -11.1839 -11.0027   0.0149     25181.85     345.8283      594.218    0.284  18
         7    478.002      3.473 327.8595576 +28.8558605     2.41  0.000260958  -7.5581  99.0000  99.0000    -4250.897     277.9697     586.2482    0.180  19
         8    751.858     56.891 327.8255533 +28.8507884     5.92 0.0006395533 -12.8060 -12.8595   0.0034     139251.8     439.5821     638.8138    0.030   2
         9    766.713     55.005 327.8237203 +28.8510287     8.18 0.0008843442  -9.8487 -10.7990   0.0190     20874.35      366.072     624.6004    0.153   3
        10    565.187     81.293 327.8485847 +28.8476913     5.23 0.0005652361 -12.7819 -12.8504   0.0035     138085.9     438.9105     678.9515    0.040   0
        11    616.900     94.748 327.8421559 +28.8463706     5.15 0.0005568178 -13.1643 -13.2163   0.0026     193427.1     469.3528     695.5446    0.025   0
        12    356.456     64.545 327.8744438 +28.8489701     8.36 0.0009039878  -9.1900  -9.6645   0.0528      7341.94     356.7107     650.2402    0.282   0
        13    320.514     78.013 327.8788567 +28.8474271     5.25 0.0005676527  -8.8811  -9.8802   0.0434     8955.253     357.8493     663.7946    0.361   0
        14    735.042    106.167 327.8275154 +28.8454348     5.24 0.0005659863 -12.4311 -12.4772   0.0046     97924.92     415.3805     697.8923    0.040   0
        15     32.880    115.342 327.9143413 +28.8426686     5.16 0.0005572989  -9.8403  -9.8187   0.0459      8461.94     357.5632     669.5374    0.129   0
        16    511.639    134.429 327.8550795 +28.8418289     5.05 0.0005460212 -11.2077 -11.2266   0.0131     30949.31      372.889     696.3492    0.057   0
        17    696.228    191.088 327.8321127 +28.8361840     5.04 0.0005449271 -14.4477 -14.4789   0.0012     618826.1      658.021     700.8692    0.044   0
        18      3.895    128.322 327.9178939 +28.8411950     5.00 0.0005399348  -9.1592  -8.6847   0.1038      2977.65     284.5077      668.089    0.014  24
        19    359.691    151.886 327.8738305 +28.8395635     5.05 0.0005459903 -10.1336 -10.2437   0.0313     12516.42     360.3481     692.5752    0.078   0
        20    586.579    191.007 327.8456741 +28.8359184     4.97 0.0005374404 -14.7233 -14.7532   0.0010     796670.6     722.3586       699.54    0.022   0
        21    171.532    139.541 327.8971325 +28.8404155     4.86 0.0005254499  -9.1387  -9.0633   0.0912     4220.071     354.5061     680.1827    0.178   0
        22    415.805    140.545 327.8669177 +28.8409279     5.18 0.0005599177  -9.5722  -9.5933   0.0563     6875.818     356.3348     693.2474    0.124   0
        23    927.829    143.808 327.8035804 +28.8418555     4.49 0.0004856918  -8.2900  99.0000  99.0000    -330.3528     275.0235     610.0231    0.096  24
        24    120.705    187.249 327.9033010 +28.8351429     4.83 0.0005220207 -12.1899 -12.2504   0.0055     79462.73     404.1335     677.6122    0.044   0
        25    350.178    177.942 327.8749434 +28.8367307     5.07 0.0005478709  -9.2547  -9.3552   0.0699     5521.769     355.4622     693.1296    0.062   0
        26    770.258    177.770 327.8229885 +28.8378041     9.42  0.001017908  -9.3305  -9.4691   0.0630     6132.408     355.9209     699.6454    0.269   0
        27    495.652    187.646 327.8569279 +28.8360522     5.21 0.0005633219  -9.5553  -9.6847   0.0518     7479.943      356.827     697.4484    0.068   0
        28    387.392    216.431 327.8702470 +28.8326761     4.82 0.0005207325 -12.3511 -12.4161   0.0048     92560.84     412.0292     694.4745    0.041   0
        29    169.847    198.168 327.8971964 +28.8340916     4.98 0.0005383731  -9.9253 -10.1243   0.0348     11212.58     359.4229     682.0736    0.087   0
        30    175.350    216.630 327.8964703 +28.8321155     4.73 0.0005110512 -11.9045 -11.9713   0.0069     61448.45     392.8139     682.2839    0.051   0
        31    490.543    204.226 327.8575195 +28.8342521     5.27 0.0005692422  -9.0879  -9.2056   0.0801     4811.155     354.9818     697.2596    0.139   0
        32    440.447    204.572 327.8637143 +28.8340885     6.48 0.0007006451  -8.5029  -8.9636   0.0999      3849.83     354.2449     695.6564    0.106   0
        33     95.452    241.351 327.9062903 +28.8292464     4.83 0.0005218133 -12.8132 -12.8648   0.0034     139926.9     439.9182     675.3054    0.036   0
        34    768.689    214.863 327.8230940 +28.8338017     5.40 0.0005842319  -8.7665  -8.8028   0.1158     3320.002     353.9301     700.6281    0.092   0
        35    145.420    224.869 327.9001515 +28.8311510     6.61 0.0007150287  -8.1609  -7.7028   0.3175     1205.329     352.4233     680.0968    0.203   0
        36    798.312    239.892 327.8193707 +28.8311774     5.12 0.0005533461 -10.7340 -10.8122   0.0188     21128.12      366.293     700.3906    0.074   0
        37    759.923    261.642 327.8240663 +28.8287374     5.00 0.0005401294 -12.7035 -12.7582   0.0037     126846.7     432.4291     700.9015    0.077   0
        38    807.309    259.524 327.8182111 +28.8290834     9.97  0.001077709 -10.4773 -10.4761   0.0254     15503.58     362.4049     699.9713    0.077   0
        39     72.886    266.383 327.9090189 +28.8264902     4.87 0.0005259403 -11.7281 -11.7989   0.0080     52427.67     387.0211     673.2288    0.077   0
        40     98.659    263.225 327.9058395 +28.8268967     5.07 0.0005480841  -8.5071  -9.2866   0.0744     5183.683      355.244     676.2142    0.217   0
        41    413.159    280.943 327.8669033 +28.8257873     4.77 0.0005159031 -11.5033 -11.5741   0.0097     42623.11     380.6718       695.38    0.046   0
        42    775.973    274.028 327.8220519 +28.8274422     5.04 0.0005451454 -10.1417 -10.3661   0.0280     14009.61     361.3244     700.6215    0.082   0
        43    691.937    266.582 327.8324624 +28.8280355     5.89 0.0006361585  -8.7468  -8.7546   0.1210     3175.807     353.7788      701.034    0.142   0
        44     66.142    282.053 327.9098141 +28.8247838     4.89  0.000529104 -10.4347 -10.5426   0.0239     16482.79      363.022     672.5033    0.085   0
        45     98.304    273.497 327.9058580 +28.8257886     5.64 0.0006093846  -8.0900  -8.5486   0.1462     2626.795     353.5192     676.3754    0.242   0
        46     22.373    279.127 327.9152339 +28.8249867     4.78  0.000516258  -8.1560  -8.5450   0.1466     2618.167     353.3944     666.8431    0.273   0
        47    611.111    292.031 327.8423967 +28.8250901     4.82 0.0005214791 -10.4727 -10.5583   0.0236     16723.06     363.2355     699.1634    0.040   0
        48    142.673    282.334 327.9003494 +28.8249496     4.06 0.0004390531  -7.9924  -7.0961   0.5546     689.3384     352.0471      679.472    0.431   0
        49    832.485    289.271 327.8150269 +28.8259394     5.12 0.0005530291  -8.9442  -8.2196   0.1976      1940.19     352.9541     698.4205    0.086   0
        50    438.310    289.255 327.8637728 +28.8249548     5.09 0.0005502659  -9.2453  -9.2616   0.0761     5065.789     355.1118     695.8141    0.066   0
        51    472.476    293.082 327.8595384 +28.8246285     5.33 0.0005761105  -9.1093  -9.1897   0.0813     4741.182     354.9226     696.2756    0.164   0
        52    556.079    293.537 327.8491986 +28.8247897     6.12 0.0006619979  -8.6657  -8.7286   0.1239     3100.437      353.765     697.3563    0.180   0
        53    324.333    296.497 327.8778499 +28.8238857     3.92 0.0004232982  -7.7545  -7.7095   0.3156     1212.856     352.4286     692.5206    0.494   0
        54    160.133    299.363 327.8981483 +28.8231586     4.91 0.0005309883  -8.2253  -7.9919   0.2434     1573.061     352.6345     680.2335    0.245   0
        55    747.007    310.165 327.8255477 +28.8234747     4.92 0.0005323061 -10.3095 -10.3915   0.0274     14342.08     361.4964     700.3055    0.092   0
        56    598.859    307.729 327.8438740 +28.8233672     5.07 0.0005478373  -9.8168 -10.0019   0.0389     10017.09     358.5806     698.3306    0.062   0
        57     22.231    304.485 327.9151885 +28.8222530     4.03 0.0004353244  -8.2180  -8.7016   0.1270       3024.4     353.6718     666.7456    0.257   0
        58    292.131    327.160 327.8817570 +28.8204987     4.62 0.0004994305 -11.8827 -11.9327   0.0072     59303.16     391.4372     691.0104    0.023   0
        59    251.816    311.203 327.8867815 +28.8221162     5.15 0.0005562862  -8.5727  -8.7862   0.1175     3269.577     353.6869     687.6094    0.148   0
        60    656.512    311.007 327.8367365 +28.8231582     4.94 0.0005342669  -8.0001  -7.8763   0.2707      1414.29     352.5318     699.8369    0.349   0
        61    822.672    322.013 327.8161624 +28.8223857     5.22 0.0005638351  -9.6893  -9.5765   0.0572     6770.149     356.3195     697.7046    0.093   0
        62    465.212    317.610 327.8603771 +28.8219662     7.76 0.0008390382  -8.9726  -9.1190   0.0867     4442.172     354.5345     695.5289    0.427   0
        63    219.114    317.272 327.8908105 +28.8213787     4.92 0.0005319026  -8.3574  -8.3936   0.1684     2277.469     353.1929     684.7125    0.149   0
        64     89.102    351.522 327.9068029 +28.8173545     4.75 0.0005133373 -13.0081 -13.0543   0.0030     166624.1     454.8599     673.8245    0.048   0
        65    391.404    344.695 327.8694383 +28.8188602     4.64 0.0005016436 -12.0607 -12.1378   0.0061      71632.2       399.19      693.627    0.026   0
        66    900.282    332.867 327.8065392 +28.8214078     4.83 0.0005224136  -9.3704  -7.8413   0.2796     1369.368     352.5396     658.4908    0.125   0
        67    149.685    337.410 327.8993463 +28.8190307     4.81 0.0005199889  -9.9548 -10.0567   0.0370        10536     358.9228     678.8049    0.066   0
        68    330.093    350.324 327.8770061 +28.8180981     4.91 0.0005306021  -9.5594  -9.5888   0.0565     6847.189     356.3736     692.0316    0.060   0
        69    120.025    381.076 327.9029061 +28.8142479     4.84 0.0005235683 -12.3711 -12.4333   0.0048     94041.98     413.0539     675.8005    0.137   0
        70    758.518    381.911 327.8239528 +28.8157695     4.80 0.0005193073 -12.0245 -12.0884   0.0063     68448.45     397.2175     697.5084    0.070   3
        71    908.956    383.670 327.8053462 +28.8159530     4.44 0.0004803443  -9.8565  -8.0922   0.2220     1725.384     352.7424     649.6613    0.145   0
        72    756.637    394.367 327.8241556 +28.8144221     4.86 0.0005251102 -10.9553 -11.1019   0.0146     27590.99     370.6306     697.1835    0.083   3
        73    549.968    383.487 327.8497369 +28.8150783     1.16 0.0001251414  -8.1484  -6.6520   0.8344     457.9256     351.8529     695.6061    0.176   0
        74    593.935    399.169 327.8442625 +28.8134982     4.74 0.0005119145  -9.8758 -10.0386   0.0376     10361.77     358.8696      695.392    0.103   0
        75    618.614    422.078 327.8411558 +28.8110905     4.60 0.0004977432 -12.4786 -12.5530   0.0043     105007.3     419.6048     695.0775    0.057   0
        76     40.924    394.967 327.9126524 +28.8125478     5.68 0.0006142638  -8.5166  -8.6564   0.1324      2901.13     353.5846     668.6352    0.073   0
        77    561.343    401.424 327.8482872 +28.8131733     4.67 0.0005053222  -9.6804  -9.7002   0.0511     7587.297     356.9218     695.0984    0.052   0
        78    674.200    412.392 327.8343059 +28.8122736     3.44 0.0003715251  -7.6217  -8.0018   0.2412     1587.466     352.5653     696.8012    0.413   0
        79    445.914    422.971 327.8625076 +28.8105602     4.86 0.0005249154  -9.9180  -9.9591   0.0404     9629.988     358.3302     693.6872    0.096   0
        80    482.102    429.294 327.8580178 +28.8099699     5.07 0.0005477761  -9.2478  -9.2753   0.0752     5129.875     355.2554     693.9456    0.063   0
        81    284.817    443.880 327.8823755 +28.8078985     4.49 0.0004851836 -11.1147 -11.1735   0.0137     29471.56     371.9063     686.7343    0.045   0
        82    511.906    435.978 327.8543165 +28.8093244     4.54 0.0004909445 -10.2434 -10.2259   0.0318     12312.74     360.1873     694.0195    0.060   0
        83    316.049    440.508 327.8785222 +28.8083412     4.72  0.000510414  -9.3444  -9.4608   0.0635     6085.866     355.8784     688.7194    0.061   0
        84    877.309    465.612 327.8090649 +28.8070418     4.73 0.0005110183 -11.6873 -11.7890   0.0081     51952.97     386.7325     682.2843    0.079   0
        85    178.888    454.223 327.8954475 +28.8065137     4.61  0.000498298 -10.4085 -10.4612   0.0257     15292.06     362.2493      678.436    0.011   0
        86    832.151    447.050 327.8146927 +28.8089308     4.83 0.0005217429  -8.1382  99.0000  99.0000    -389.0699     351.5374     695.0349    0.306   0
        87    141.965    451.110 327.9000204 +28.8067549     4.26 0.0004607813  -8.3889  -8.4261   0.1634     2346.687     353.1825     675.3083    0.090   0
        88    494.016    483.028 327.8564145 +28.8042076     4.48 0.0004841436 -12.3570 -12.4264   0.0048     93444.93     412.5737     693.3837    0.047   0
        89    489.344    470.967 327.8570214 +28.8054960     6.99 0.0007550431  -8.3319  -9.1053   0.0878     4386.692     354.6531     693.4962    0.219   1
        90    549.489    493.506 327.8495305 +28.8032177     4.46 0.0004822035 -11.5839 -11.6546   0.0091     45903.48     382.8201     693.5375    0.037   0
        91    330.333    481.533 327.8766558 +28.8039553     4.82 0.0005210338  -9.7970  -9.8797   0.0434     8950.922     357.8951     687.4921    0.009   0
        92     81.160    491.867 327.9074376 +28.8022058     5.15 0.0005562138  -9.4126  -9.6094   0.0555     6978.559     356.4461     667.3882    0.101   0
        93    235.742    496.083 327.8883152 +28.8021464     4.75   0.00051369  -9.5214  -9.6356   0.0542     7148.839     356.6243     682.1267    0.049   0
        94    413.517    563.986 327.8661705 +28.7952779     4.37 0.0004726377 -14.5072 -14.5414   0.0011     655483.1     671.7776     689.4796    0.024   0
        95    654.735    525.324 327.8364415 +28.8000516     4.57  0.000494477  -7.8691  -8.1474   0.2111     1815.312      352.826      694.588    0.417   0
        96    901.094    956.681 327.8049608 +28.7541659     4.80 0.0005190179  -7.9114  -8.4936   0.1537     2497.094     353.3087     633.1637    0.284   0
        97    847.255   1023.930 327.8114545 +28.7467835     4.39 0.0004742792 -10.0200 -10.0773   0.0313     10738.26     309.3288     658.2705    0.128  16
        98    873.038   1003.146 327.8083177 +28.7490877     6.04 0.0006530798  -8.7132  -9.4756   0.0627     6169.504     355.9175     652.7662    0.111   0
        99    781.989    977.416 327.8196304 +28.7516356     4.24 0.0004584687 -14.6502 -14.6835   0.0010     747147.6     705.0209     660.8632    0.069   0
       100    365.979    979.979 327.8710337 +28.7503163     4.57 0.0004935208 -12.8348 -12.8855   0.0034     142630.9      441.365     639.8906    0.090   0
       101    237.319    984.247 327.8869223 +28.7495297     4.94 0.0005343717 -10.4067 -10.4759   0.0254     15501.43     362.4323     627.9989    0.130   0
       102    113.436    863.322 327.9025295 +28.7622484     4.95 0.0005345643 -11.1750 -11.2344   0.0130     31171.17     373.0471     638.4675    0.133   0
       103    303.341    796.546 327.8792225 +28.7699304     4.34 0.0004689263 -10.5494 -10.6377   0.0220      17992.6     364.0891     664.1991    0.046   0
       104    323.122    792.168 327.8767884 +28.7704525     4.33  0.000467875 -12.1793 -12.2431   0.0056     78932.89     403.7883     665.3868    0.047   0
       105    724.777    854.918 327.8269935 +28.7646979     4.67 0.0005049368  -8.7375  -8.8428   0.1116     3444.538     353.9884     673.4114    0.151   0
       106     53.299    791.887 327.9101387 +28.7697944     5.27 0.0005700199 -10.2678 -10.3605   0.0282     13938.45     361.3817     641.3066    0.123   0
       107    851.749    826.742 327.8113674 +28.7680506     4.23 0.0004570748 -11.2373 -11.3527   0.0117      34761.5     375.4175     671.9596    0.064   0
       108    635.650    878.710 327.8379519 +28.7619109     4.28 0.0004623747  -8.9184  -8.9616   0.1001     3842.726     354.2892     667.9526    0.159   0
       109    510.607    763.953 327.8536834 +28.7739675     5.05 0.0005461626  -8.9435  -9.0487   0.0925     4163.557     354.4465     675.5834    0.153   0
       110    342.925    845.238 327.8742112 +28.7647821     4.37 0.0004721159 -10.5765 -10.6588   0.0216     18344.46     364.3498     657.9722    0.093   0
       111    647.980    782.044 327.8366600 +28.7723617     4.25 0.0004589798 -10.5950 -10.6692   0.0214     18521.91     364.4619     679.2281    0.026   0
       112    911.816    881.912 327.8038126 +28.7622520     4.11 0.0004445841  -9.1973  99.0000  99.0000    -122.3808     351.5573     631.4513    0.097   0
       113    151.477    856.598 327.8978447 +28.7630704     5.93  0.000640897  -8.7204  -8.9032   0.1056     3641.612     354.0782     642.8729    0.094   0
       114    629.310    736.854 327.8390764 +28.7771863     4.20 0.0004543571 -12.3772 -12.4342   0.0048     94115.94     413.0732     683.4683    0.033   0
       115    764.617    905.772 327.8219482 +28.7593153     4.98 0.0005385412  -8.7120  -8.6063   0.1385     2770.264     353.3833     668.6898    0.230   0
       116    654.713    845.626 327.8356753 +28.7655248     4.13 0.0004464253 -13.3410 -13.3879   0.0023       226541     486.6642     672.9055    0.041   0
       117    707.276    766.080 327.8293692 +28.7742306     4.17  0.000450522 -10.6385 -10.7250   0.0203     19498.95     365.1889      682.012    0.052   0
       118    347.489    919.006 327.8734672 +28.7568419     3.74  0.000403764  -8.0567  -8.4998   0.1528     2511.364     353.3188     647.9028    0.378   0
       119    917.473    893.028 327.8030872 +28.7610677     3.63 0.0003920614  -7.9698  99.0000  99.0000    -6915.579     346.5087     626.6041    0.152  16
       120     81.461    727.326 327.9068176 +28.7768259     4.95 0.0005350906 -10.6261 -10.7152   0.0205     19323.59     365.0114     653.1752    0.085   0
       121    579.948    706.750 327.8452504 +28.7803077     4.46 0.0004815585  -9.2741  -9.4501   0.0641     6026.298     355.7776     683.6392    0.055   0
       122    288.208    878.298 327.8808929 +28.7610796     4.50 0.0004861963 -10.5687 -10.6545   0.0216     18271.82     364.2423     650.1626    0.072   0
       123    495.385    729.099 327.8556494 +28.7776862     4.45 0.0004808087  -9.7738  -9.8228   0.0457     8494.207     357.5369     680.0148    0.038   0
       124    660.533    745.449 327.8351963 +28.7763378     3.36 0.0003627681  -8.1103  -8.1085   0.2187     1751.517     352.7213     683.5563    0.040   0
       125    778.314    696.280 327.8207549 +28.7819315     4.48 0.0004838279  -9.6630  -9.8364   0.0452     8601.085     357.6116     688.0315    0.127   0
       126    606.101    710.415 327.8420089 +28.7799781     6.19  0.000668677  -8.3277  -8.5049   0.1521     2523.268     353.3372     684.5585    0.193   0
       127    234.827    712.415 327.8878972 +28.7788250     4.43 0.0004789803 -11.1850 -11.2676   0.0126     32140.49     373.5744       667.14    0.033   0
       128    785.162    654.750 327.8200074 +28.7864252     4.28 0.0004631057  -9.9243 -10.1331   0.0345     11303.74     359.5155     690.5648    0.060   0
       129    304.309    638.251 327.8794900 +28.7869960     4.62 0.0004999126  -9.5833  -9.7043   0.0509     7616.196      356.942     679.1031    0.049   0
       130    687.731    914.804 327.8314287 +28.7581502     4.20 0.0004540308 -11.3152 -11.3662   0.0116     35194.14     375.7055     665.5173    0.081   0
       131    524.533    923.380 327.8515769 +28.7568171     4.71 0.0005090639  -8.6876  -8.8262   0.1133     3392.263     353.9613     655.5771    0.219   0
       132    409.697    682.829 327.8663536 +28.7824577     4.26 0.0004609464 -14.0537 -14.0932   0.0015     433807.4     583.5145     682.0244    0.016   0
       133    298.661    583.226 327.8803229 +28.7929131     4.35  0.000469768 -12.4635 -12.5291   0.0044     102719.9     418.2815     682.7485    0.008   0
       134    548.540    615.535 327.8493532 +28.7900613     4.35 0.0004700421 -11.0757 -11.1916   0.0135     29965.63     372.2477      690.774    0.058   0
       135    603.693    640.884 327.8424738 +28.7874672     4.68 0.0005057888  -9.4399  -9.5833   0.0568     6812.781     356.3592     689.7325    0.133   0
       136     87.530    646.692 327.9062669 +28.7855332     4.83 0.0005216353 -10.4471 -10.5407   0.0240     16453.59     363.0789     661.2507    0.080   0
       137    390.086    668.876 327.8688117 +28.7839121     4.54 0.0004906249  -9.6235  -9.9563   0.0405     9605.917     358.3622     682.0237    0.031   0
       138    462.456    656.675 327.8598953 +28.7854101     4.41  0.000476678  -9.6034  -9.8327   0.0453     8571.901     357.5716     685.9111    0.091   0
       139    437.527    652.110 327.8629881 +28.7858393     4.27 0.0004617942 -12.9543 -13.0065   0.0031     159433.9     450.9062     686.0419    0.025   0
       140    457.329    989.050 327.8597230 +28.7495691     4.51 0.0004879128 -10.3344 -10.3488   0.0284     13788.81     361.1813     644.0256    0.080   0
       141    581.230    911.438 327.8445988 +28.7582467     3.63 0.0003925012  -8.2968  -8.0791   0.2247     1704.734     352.7476     660.6804    0.055   0
       142    840.658    850.983 327.8126807 +28.7654100     4.77 0.0005161294  -7.9828  -8.4688   0.1572     2440.694      353.249     670.8585    0.358   0
       143    115.023    838.652 327.9023943 +28.7649116     5.10 0.0005510981  -9.9401  -9.9481   0.0408     9533.214     358.2334     642.5024    0.140   0
       144    537.525    599.466 327.8507537 +28.7917657     4.31 0.0004658674 -12.8921 -12.9555   0.0032     152126.9     446.8131     691.5709    0.035   0
       145    524.317    586.726 327.8524173 +28.7931059     5.00 0.0005399481  -9.0065  -9.4634   0.0634     6100.228     355.8983     691.7202    0.119   0
       146    295.616    833.024 327.8800882 +28.7659787     5.83 0.0006298693  -8.4003  -8.2983   0.1837     2085.977     352.8988     658.1261    0.256   0
       147    268.890    970.150 327.8830555 +28.7511295     4.84 0.0005231041  -9.3972  -9.5787   0.0571     6783.763     356.3683     632.8549    0.132   0
       148    691.622    596.239 327.8317110 +28.7924994     4.51 0.0004871065 -10.6368 -10.7146   0.0205     19313.43     364.9853     693.8489    0.074   0
       149     22.995    556.206 327.9144691 +28.7951213     5.10 0.0005512874 -10.4259 -10.5110   0.0246     16010.88     362.6486     660.6849    0.087   0
       150    625.967    974.361 327.8389187 +28.7515760     4.33 0.0004677805 -11.1293 -11.1814   0.0136     29686.73     372.0603     654.7669    0.069   0
       151    631.131    544.836 327.8393129 +28.7978893     2.82 0.0003046609  -7.0098  -7.6443   0.3350     1142.182     352.3189     694.1343    0.263   0
       152    449.962    539.761 327.8617236 +28.7979812     4.30 0.0004643903  -8.7701  -9.0095   0.0958     4015.898     354.4016     691.6119    0.070   0
       153    758.717    561.343 327.8234996 +28.7964283     5.19 0.0005610293  -8.4723  -8.7472   0.1218      3154.06     353.8128     694.0496    0.115   0
       154    835.789    550.908 327.8139959 +28.7977444     4.68 0.0005057149  -9.3134  -9.0699   0.0907     4245.969     354.5539      693.559    0.050   0
       155    467.748    888.313 327.8586796 +28.7604543     4.26 0.0004604218 -10.7695 -10.8308   0.0185     21494.72     366.5336     658.3925    0.051   0
       156    852.794   1005.804 327.8108131 +28.7487512     4.20 0.0004539452 -10.8591 -10.9010   0.0174     22928.81     367.3867     659.0847    0.105   0
       157    791.270    824.200 327.8188485 +28.7681746     4.15   0.00044864 -10.6214 -10.6787   0.0212     18685.28     364.4876     677.0302    0.068   0
       158    600.623    801.676 327.8424663 +28.7701270     4.03 0.0004352098 -10.2835 -10.3514   0.0284     13821.67     361.2525     675.2335    0.053   0
       159    178.947    925.706 327.8942796 +28.7556912     5.05 0.0005455062 -10.1650 -10.2141   0.0321     12179.45     360.1433     633.4078    0.130   0
