#   1 NUMBER                 Running object number                                     
#   2 X_IMAGE                Object position along x                                    [pixel]
#   3 Y_IMAGE                Object position along y                                    [pixel]
#   4 ALPHA_J2000            Right ascension of barycenter (J2000)                      [deg]
#   5 DELTA_J2000            Declination of barycenter (J2000)                          [deg]
#   6 FWHM_IMAGE             FWHM assuming a gaussian core                              [pixel]
#   7 FWHM_WORLD             FWHM assuming a gaussian core                              [deg]
#   8 MAG_BEST               Best of MAG_AUTO and MAG_ISOCOR                            [mag]
#   9 MAG_APER               Fixed aperture magnitude vector                            [mag]
#  10 MAGERR_APER            RMS error vector for fixed aperture mag.                   [mag]
#  11 FLUX_APER              Flux vector within fixed circular aperture(s)              [count]
#  12 FLUXERR_APER           RMS error vector for aperture flux(es)                     [count]
#  13 BACKGROUND             Background at centroid position                            [count]
#  14 ELLIPTICITY            1 - B_IMAGE/A_IMAGE                                       
#  15 FLAGS                  Extraction flags                                          
         1    833.214    182.927 200.9198620 +36.2159969   177.37   0.01915625 -15.7343 -12.2115   0.0098     76668.12      695.046      1172.01    0.911  16
         2    511.617     38.443 200.9633491 +36.2306485     6.62 0.0007145049  -9.7565  -9.8014   0.0874     8328.565     669.9203     1219.654    0.378   0
         3    463.972     79.153 200.9696502 +36.2261286     6.11 0.0006603246 -10.2964 -10.1938   0.0610     11954.55     671.3284     1237.526    0.304   0
         4    531.081    134.723 200.9605163 +36.2203356     5.34 0.0005766377  -9.9791 -10.0434   0.0700     10408.08     670.8647     1283.186    0.256   0
         5    599.513    155.463 200.9512855 +36.2182963     7.99  0.000862772 -10.5705 -10.6502   0.0402     18200.64     673.7811     1307.403    0.316   0
         6    261.004    294.007 200.9963879 +36.2024092     0.00            0  -8.8890  -9.4442   0.1212     5993.388     668.9731      1302.34    0.002   0
         7    180.820    320.328 201.0070841 +36.1993430     4.84 0.0005226708 -10.1650 -10.2719   0.0568     12845.35     671.7349     1288.568    0.208   0
         8    434.493    380.850 200.9729109 +36.1935552     4.67 0.0005046205  -9.4153  -9.5032   0.1149      6328.14     669.3239     1364.945    0.116   0
         9     62.676    422.141 201.0226929 +36.1880360     1.31 0.0001415558  -8.3158  -9.2931   0.1393     5214.938     668.8891     1273.465    0.214   0
        10    877.241    439.356 200.9133835 +36.1885052     3.94  0.000425557 -11.9356 -11.0087   0.0290     25321.97      676.381      1146.59    0.072   0
        11     90.382    714.419 201.0182846 +36.1566419     4.43 0.0004787824  -8.7017  -8.4951   0.2899     2500.586     667.5346     1308.047    0.143   0
        12    856.380    691.855 200.9156198 +36.1612554     4.53 0.0004892958  -9.5095  -9.9305   0.0776     9379.629     670.4251     1326.571    0.218   0
        13    299.439    465.470 200.9908317 +36.1840554     4.31 0.0004656496 -10.4505 -10.6325   0.0409     17906.43     673.5598     1369.707    0.131   0
        14    860.329    709.633 200.9150508 +36.1593519     4.21 0.0004546985  -9.0568  -8.5856   0.2669     2717.969     667.9552      1325.16    0.166   0
        15    888.070    887.942 200.9109350 +36.1402273    58.95   0.00636705 -13.7919 -12.4390   0.0081     94538.95     701.4086     548.5782    0.145  16
        16    436.222    493.364 200.9724197 +36.1814437     4.08 0.0004403533 -12.2424 -12.3036   0.0091     83452.82     697.3918     1386.357    0.083   0
        17    151.961    780.678 201.0098714 +36.1496855     4.25 0.0004589767  -9.4293 -10.4796   0.0470     15554.36     672.6676     1312.848    0.350   0
        18    857.101    621.366 200.9156800 +36.1688484     4.09  0.000442193 -12.3687 -12.4042   0.0083     91557.83     700.3632     1313.213    0.074   0
        19    161.067    533.276 201.0092328 +36.1763539     4.52  0.000488374 -10.4183 -10.5307   0.0448     16303.57     672.9833     1341.467    0.133   0
        20    840.727    830.225 200.9174107 +36.1463106    77.47  0.008367329 -13.8840 -12.8504   0.0056     138087.7     716.8326     1079.074    0.460  16
        21    423.401    533.900 200.9740459 +36.1770418     4.12 0.0004454123 -12.1078 -12.1951   0.0100     75514.24     694.4677     1385.704    0.126   0
        22    818.166    477.365 200.9212234 +36.1842469     5.42  0.000585792  -9.8968 -10.7645   0.0362     20220.84     674.4183     1343.914    0.328   0
