#   1 NUMBER                 Running object number                                     
#   2 X_IMAGE                Object position along x                                    [pixel]
#   3 Y_IMAGE                Object position along y                                    [pixel]
#   4 ALPHA_J2000            Right ascension of barycenter (J2000)                      [deg]
#   5 DELTA_J2000            Declination of barycenter (J2000)                          [deg]
#   6 FWHM_IMAGE             FWHM assuming a gaussian core                              [pixel]
#   7 FWHM_WORLD             FWHM assuming a gaussian core                              [deg]
#   8 MAG_BEST               Best of MAG_AUTO and MAG_ISOCOR                            [mag]
#   9 MAG_APER               Fixed aperture magnitude vector                            [mag]
#  10 MAGERR_APER            RMS error vector for fixed aperture mag.                   [mag]
#  11 FLUX_APER              Flux vector within fixed circular aperture(s)              [count]
#  12 FLUXERR_APER           RMS error vector for aperture flux(es)                     [count]
#  13 BACKGROUND             Background at centroid position                            [count]
#  14 ELLIPTICITY            1 - B_IMAGE/A_IMAGE                                       
#  15 FLAGS                  Extraction flags                                          
         1     10.322     80.980 200.8911997 +36.1184671    63.45  0.006809112 -13.4382 -12.5906   0.0069     108703.6      686.679     419.8506    0.606  24
         2    140.187     89.556 200.8738749 +36.1178731    43.57  0.004675083 -13.0226 -11.7624   0.0151     50692.27       704.86     1235.863    0.727   2
         3    191.912     30.480 200.8671011 +36.1243175    33.35  0.003579082 -12.4790 -11.8148   0.0144     53203.06     705.8445     740.0327    0.197  17
         4    135.857     10.963 200.8746119 +36.1262657    86.53   0.00928501 -14.6451 -13.3979   0.0035     228648.4     735.5818     299.6125    0.746  24
         5    286.945     26.718 200.8544423 +36.1249538     3.75 0.0004025267  -9.6681  99.0000  99.0000     -70406.5     686.8394     960.8771    0.043   0
         6    374.179     82.235 200.8427048 +36.1192314     4.91 0.0005270388 -11.2084 -10.8700   0.0339     22284.91     694.6923     1339.523    0.132   0
         7     64.596    109.427 200.8839083 +36.1155607    18.51  0.001986411 -10.0101  99.0000  99.0000    -8510.761     686.4702     888.6939    0.562   0
         8    535.993     89.018 200.8211257 +36.1188993     4.33 0.0004651184  -9.2124  -8.5712   0.2783     2682.194     687.4075     1359.741    0.018   0
         9    723.901    115.863 200.7960304 +36.1164808     1.28 0.0001369435  -7.7592  -9.8744   0.0841     8907.856     690.0161     1394.162    0.173   0
        10    725.632    197.822 200.7956417 +36.1077216     7.74 0.0008303477 -10.1709 -10.5941   0.0435     17283.88     692.9094      1413.98    0.071   0
        11     73.170    252.607 200.8824727 +36.1002730    18.81  0.002018545 -12.7616 -11.7244   0.0156     48952.61     704.1101       1311.6    0.446   2
        12     78.327    232.340 200.8818270 +36.1024528     8.64 0.0009269028 -11.5022 -11.5859   0.0177     43088.58      702.253     1346.362    0.204   2
        13    305.291    257.167 200.8515351 +36.1003586     4.75 0.0005099314 -12.7519 -12.8121   0.0060     133305.4      733.649     1477.883    0.063   0
        14     76.790    281.412 200.8819314 +36.0972021     3.44 0.0003686065  -9.6856 -11.5625   0.0181     42168.73     701.6593     1339.878    0.407   0
        15     78.707    293.887 200.8816504 +36.0958730    14.42  0.001546908 -11.9985 -11.5188   0.0188     40505.54     701.3709     1353.859    0.425   2
        16     77.565    303.718 200.8817825 +36.0948190     5.87 0.0006295288 -10.5481 -11.4838   0.0194     39219.51     700.8933     1346.476    0.617   0
        17     80.353    331.032 200.8813552 +36.0919055     7.19 0.0007716765 -10.9438 -11.4460   0.0201     37878.93     700.3769     1359.738    0.682   0
        18     78.988    365.011 200.8814676 +36.0882690     7.48 0.0008027864 -11.1986 -11.4989   0.0191     39770.38     700.8232     1350.287    0.517   0
        19   1028.319    378.481 200.7549680 +36.0891214     3.88  0.000416829  -8.1292  99.0000  99.0000    -1548.804     509.2978     1240.326    0.498  24
        20     81.339    395.322 200.8810925 +36.0850339     5.77  0.000619298 -10.6613 -11.4549   0.0199     38190.71     700.5262     1360.476    0.382   0
        21    685.804    421.006 200.8005172 +36.0837626     5.11 0.0005482726 -10.1021 -10.2945   0.0572     13116.11     691.3076      1403.58    0.067   0
        22     73.761    517.478 200.8818522 +36.0719539     5.19 0.0005565112 -12.5132 -12.1615   0.0106     73214.02     712.8782     1299.119    0.190   0
        23     74.506    425.014 200.8819419 +36.0818421     4.42 0.0004747149 -10.1635 -11.5027   0.0191     39910.41     701.1777      1313.89    0.632   0
        24     80.337    432.332 200.8811503 +36.0810741     5.31  0.000570196 -10.3693 -11.4656   0.0197     38569.09     700.6803     1348.945    0.550   2
        25   1020.810    437.849 200.7558571 +36.0827559     4.85 0.0005209689 -10.2687  -9.8785   0.0772     8941.579     635.5532     1218.809    0.029  16
        26    327.343    434.881 200.8482416 +36.0814109     4.76 0.0005103762  -8.8227  -9.3054   0.1418     5274.138     688.7565     1470.154    0.248   0
        27     80.616    450.543 200.8810759 +36.0791277     5.64 0.0006056074 -10.5809 -11.4656   0.0197     38568.57      700.642     1354.314    0.333   0
        28     81.332    469.672 200.8809414 +36.0770841     8.31 0.0008915254 -11.2092 -11.4119   0.0207     36708.84     700.0544     1352.538    0.105   2
        29    715.894    486.429 200.7963826 +36.0768394     4.71 0.0005049584 -11.3685 -11.4642   0.0198     38518.68     700.6623      1365.75    0.051   0
        30     82.591    807.817 200.8800832 +36.0409321     6.23 0.0006682272 -10.8502 -11.5994   0.0175     43627.14     702.1977     1279.129    0.266   2
        31    351.480   1003.997 200.8438920 +36.0206185     3.72  0.000399139  -8.4739  -8.5784   0.2766      2700.03     687.6275     1293.704    0.373   0
        32    651.851    970.937 200.8039741 +36.0248807     4.84 0.0005193869 -10.7194 -10.8455   0.0346     21788.05     694.4942     1178.193    0.069   0
        33     75.778    714.936 200.8811801 +36.0508462    10.33  0.001108316 -11.7210 -11.6111   0.0173     44098.46     702.6314     1271.823    0.539   2
        34     85.592    903.336 200.8794887 +36.0307265    11.82  0.001268478 -11.8895 -11.5531   0.0182     41806.15     701.7963     1247.834    0.177   2
        35     82.429    876.786 200.8799640 +36.0335574    11.28  0.001210433 -11.6687 -11.5616   0.0181     42134.97     701.6472     1237.515    0.661   0
        36     79.365    863.532 200.8803989 +36.0349669     7.63 0.0008185872  -9.5487 -11.5390   0.0185     41264.89     701.5654     1225.318    0.527   1
        37     80.247    821.184 200.8803680 +36.0394971     7.30 0.0007832962 -11.2332 -11.6101   0.0173     44060.26     702.5419     1252.536    0.264   1
        38     76.253    727.375 200.8810913 +36.0495174    12.74  0.001367001 -12.0082 -11.6309   0.0170     44911.18     702.9016     1267.466    0.492   2
        39     83.686    793.419 200.8799667 +36.0424743     6.67  0.000715863 -10.9038 -11.5774   0.0178     42753.55     702.1907      1293.22    0.794   2
        40     77.916    749.485 200.8808247 +36.0471575    14.45  0.001550396 -12.4158 -11.6344   0.0169     45057.42     702.8776     1272.399    0.380   2
        41     76.691    765.889 200.8809543 +36.0454005    11.88  0.001274635 -12.0277 -11.6343   0.0169     45052.54     703.0087     1257.656    0.195   2
        42     80.433    678.530 200.8806346 +36.0547504    18.53  0.001988118 -12.7872 -11.7462   0.0153     49944.02     704.7082     1313.257    0.270   2
        43     79.550    611.127 200.8808898 +36.0619551     5.18 0.0005557072 -10.3686 -11.4742   0.0196     38876.59     700.6758     1335.074    0.556   0
        44     79.509    639.235 200.8808379 +36.0589496    13.34  0.001431822 -12.1393 -11.5770   0.0178     42737.66       702.09     1326.215    0.456   2
        45    682.133    703.716 200.8004594 +36.0535256     4.42 0.0004740316  -7.9999  -7.6061   0.6769     1102.636     687.2407      1299.16    0.354   0
        46     81.599    840.033 200.8801495 +36.0374850    10.53  0.001130085 -11.8771 -11.5956   0.0175     43473.17     702.1999     1256.756    0.279   2
        47     84.450    818.049 200.8798148 +36.0398427    13.81  0.001481489 -12.4600 -11.5858   0.0177     43085.71      702.233      1280.97    0.687   2
        48     86.298    870.185 200.8794624 +36.0342728     7.28 0.0007816359  -9.2118 -11.5071   0.0190     40073.39     701.1788     1267.858    0.222   1
        49     83.489    722.976 200.8801369 +36.0500057     8.24 0.0008842287 -11.2768 -11.5298   0.0186     40917.49     701.4987     1318.272    0.600   2
        50     81.670    568.329 200.8806948 +36.0665364     7.28 0.0007814741 -10.7426 -11.3556   0.0218     34851.71     699.3718     1354.009    0.522   2
        51    632.469    875.317 200.8067398 +36.0350582     5.19 0.0005564236  -9.1241  -9.2324   0.1517     4931.208     688.6126     1242.449    0.112   0
        52    592.885    855.307 200.8120487 +36.0371026     4.77 0.0005119634 -10.3413 -10.5104   0.0470     16001.14     692.6006     1273.615    0.102   0
        53     80.213    941.331 200.8801272 +36.0266506     6.69 0.0007182668 -10.9356 -11.4906   0.0193     39469.12     700.9823     1189.613    0.560   0
