#   1 NUMBER                 Running object number                                     
#   2 X_IMAGE                Object position along x                                    [pixel]
#   3 Y_IMAGE                Object position along y                                    [pixel]
#   4 ALPHA_J2000            Right ascension of barycenter (J2000)                      [deg]
#   5 DELTA_J2000            Declination of barycenter (J2000)                          [deg]
#   6 FWHM_IMAGE             FWHM assuming a gaussian core                              [pixel]
#   7 FWHM_WORLD             FWHM assuming a gaussian core                              [deg]
#   8 MAG_BEST               Best of MAG_AUTO and MAG_ISOCOR                            [mag]
#   9 MAG_APER               Fixed aperture magnitude vector                            [mag]
#  10 MAGERR_APER            RMS error vector for fixed aperture mag.                   [mag]
#  11 FLUX_APER              Flux vector within fixed circular aperture(s)              [count]
#  12 FLUXERR_APER           RMS error vector for aperture flux(es)                     [count]
#  13 BACKGROUND             Background at centroid position                            [count]
#  14 ELLIPTICITY            1 - B_IMAGE/A_IMAGE                                       
#  15 FLAGS                  Extraction flags                                          
         1     10.516     80.543 327.7911767 +28.8490503    63.99  0.006910196 -13.4907 -12.6682   0.0067     116750.9     721.4615     415.0235    0.592  24
         2    143.016     85.499 327.7748012 +28.8488406    40.28  0.004349926 -13.1928 -11.8104   0.0151     52984.62     738.4421     1235.427    0.723   2
         3    192.493     30.344 327.7688222 +28.8549042    35.23  0.003803848 -12.5947 -11.8932   0.0141     57183.16     739.8423     748.6678    0.306  17
         4    135.964     10.956 327.7758501 +28.8568554    86.64  0.009355917 -14.7199 -13.4743   0.0034       245322     769.3279     279.8524    0.747  24
         5    461.188     26.813 327.7356449 +28.8559350     6.13 0.0006615006 -10.1636  99.0000  99.0000    -19009.29      719.914      944.371    0.302   0
         6    294.185     49.972 327.7562162 +28.8530363     5.91 0.0006382769 -10.1276  99.0000  99.0000    -37172.51     719.9344      1156.51    0.233   0
         7    718.634    137.760 327.7035914 +28.8445958     5.94 0.0006410372 -15.9814 -15.9993   0.0006      2510364     1331.878     1472.418    0.134   4
         8     65.099    109.608 327.7843662 +28.8460523    23.83  0.002573107  -8.6096  -6.3214   2.3159     337.7241     720.1943     914.6009    0.601   0
         9    275.065     67.251 327.7585366 +28.8511282     6.24  0.000673425 -10.4419  99.0000  99.0000    -19427.95     720.0771     1286.333    0.118   0
        10    974.699     68.184 327.6721271 +28.8526974     7.25 0.0007833541  -8.8768  99.0000  99.0000    -32519.93     720.2197     1098.544    0.483   0
        11    734.491     81.410 327.7017634 +28.8507053     6.47 0.0006985879  -9.3793  99.0000  99.0000     -26553.7     720.1993     1322.604    0.104   0
        12    921.137    104.614 327.6786590 +28.8486461     7.02 0.0007580336 -10.7656 -10.9063   0.0343     23041.61     728.1537      1355.37    0.133   0
        13    190.354    110.987 327.7688945 +28.8462097     5.53 0.0005969355 -11.0394  -9.3537   0.1422     5514.267     722.0093     1520.285    0.071   0
        14     85.913    121.599 327.7817670 +28.8448113    21.48  0.002319112 -12.2110 -11.6419   0.0176     45368.06     735.7194     1166.481    0.666  18
        15     73.675    259.490 327.7829482 +28.8299235    38.40  0.004146144 -13.8851 -11.7950   0.0153     52239.41     738.1699     1371.798    0.639   2
        16     82.136    142.818 327.7821827 +28.8425157    10.86  0.001172874 -12.3260 -11.6379   0.0177     45202.87     735.7032       1283.5    0.181   0
        17    429.320    124.878 327.7393503 +28.8452917     4.46 0.0004814449  -8.5445  99.0000  99.0000    -5951.167     720.3419     1510.548    0.271   0
        18    648.501    144.989 327.7122357 +28.8436500     4.53 0.0004895908  -8.8347  -8.5288   0.3036     2579.498     721.0942     1496.481    0.180   0
        19    266.893    160.299 327.7593254 +28.8410824     5.92 0.0006393583 -11.1962 -11.3031   0.0239     33207.33     731.7961     1539.009    0.043   0
        20    403.808    168.377 327.7423987 +28.8405432     5.74 0.0006198157 -11.7619 -11.7986   0.0153     52411.99     737.8506      1529.78    0.069   0
        21    491.399    170.193 327.7315778 +28.8405583     3.44 0.0003717746  -9.2662 -10.6499   0.0433     18195.66     726.3062     1516.551    0.417   0
        22    748.280    185.826 327.6998194 +28.8394870     6.53 0.0007046315 -10.0371 -10.5384   0.0480     16420.06     725.8364     1464.069    0.188   0
        23    525.970    280.906 327.7270500 +28.8287118     5.40 0.0005827066 -16.2129 -16.2292   0.0005      3102258     1438.685     1518.486    0.041   6
        24    706.505    207.151 327.7049288 +28.8370900     4.38 0.0004724425  -9.4566 -10.1942   0.0658     11958.35      724.379     1482.218    0.136   0
        25    900.594    235.262 327.6808971 +28.8345203     5.77 0.0006234408 -13.5704 -13.6118   0.0032     278434.2     811.0406     1394.132    0.125   0
        26    465.726    289.683 327.7344682 +28.8276215     5.42 0.0005856351 -15.6128 -15.6069   0.0007      1748853      1180.34     1527.172    0.083   3
        27    512.087    257.650 327.7288186 +28.8311843     5.50 0.0005941021 -13.1518 -13.1981   0.0045     190206.6     783.5039     1521.671    0.098   3
        28    271.541    257.340 327.7585215 +28.8306375     5.50 0.0005935573 -13.5788 -13.6217   0.0031     280971.2     811.8041     1542.414    0.039   0
        29    480.710    278.851 327.7326433 +28.8288246     5.48 0.0005918721 -14.3583 -14.3789   0.0017     564349.4     894.9416     1526.765    0.104   3
        30   1026.510    237.621 327.6653431 +28.8345617     5.45 0.0005890488  -9.9757  -9.4419   0.1039      5980.56     572.4331     1334.687    0.041  24
        31    657.276    254.146 327.7108989 +28.8319090     5.48 0.0005922565 -12.0727 -12.1368   0.0113     71565.31      744.647     1500.462    0.075   2
        32    318.006    254.193 327.7527916 +28.8310891     5.58 0.0006022503 -11.8772 -11.9415   0.0135     59784.94     740.4634     1537.847    0.025   0
        33    113.425    242.824 327.7780799 +28.8318166     5.47 0.0005907709  -8.9111  99.0000  99.0000    -9961.378     720.1178     1541.714    0.174   0
        34    765.620    267.490 327.6974898 +28.8307287     5.51 0.0005951413 -12.0251 -12.0639   0.0121     66922.61     743.0669     1452.655    0.105   0
        35    669.486    258.254 327.7093817 +28.8314955     5.77 0.0006233013 -10.5826 -10.7190   0.0407     19391.38     726.9398      1497.16    0.161   3
        36    209.789    270.695 327.7661147 +28.8290484     5.53  0.000597085 -11.8658 -11.9317   0.0136      59248.7     740.4805     1545.753    0.054   0
        37    248.324    261.295 327.7613789 +28.8301550     5.58 0.0006024903  -9.8406 -10.2083   0.0649     12114.84      724.433     1544.127    0.029   0
        38    574.765    270.049 327.7210503 +28.8299985     5.86 0.0006332985 -10.7361 -10.8890   0.0349     22677.65     728.0287     1513.061    0.118   0
        39    187.218    293.516 327.7688474 +28.8265346     5.48 0.0005913908 -12.0241 -12.1080   0.0116     69693.33     744.0182     1545.554    0.036   0
        40    202.514    333.303 327.7668642 +28.8222847     5.37 0.0005803887 -13.4586 -13.5178   0.0034     255350.3     804.0578     1542.736    0.043   0
        41    262.137    312.366 327.7595522 +28.8246855     5.68 0.0006133689 -10.8987 -10.9445   0.0331     23866.05     728.4771     1540.071    0.065   0
        42    101.649    309.233 327.7793752 +28.8246322     5.74 0.0006199637  -9.5404  -8.9222   0.2114     3705.716     721.4642     1541.847    0.061   0
        43    841.909    318.718 327.6879520 +28.8253893     5.72 0.0006176266 -10.0515 -10.1714   0.0672     11710.13     724.2123     1397.335    0.059   0
        44     77.392    348.026 327.7822773 +28.8203929    12.35  0.001333884 -11.9814 -11.6627   0.0173      46246.9     735.7986     1389.178    0.698   2
        45    812.113    338.539 327.6915855 +28.8231831     7.90 0.0008527137  -9.3945  -9.6258   0.1108      7084.58     722.7356     1407.835    0.153   0
        46     78.980    375.771 327.7820149 +28.8174073    15.54  0.001677601 -12.6143 -11.6461   0.0175     45544.88     735.6797     1400.649    0.754   2
        47    211.410    362.915 327.7656955 +28.8191156     5.55  0.000598889 -11.2117 -11.3462   0.0230     34551.98     732.0349     1539.726    0.033   0
        48    117.268    350.960 327.7773470 +28.8201743     5.41   0.00058428  -9.3507  99.0000  99.0000    -10007.92     720.1586     1541.164    0.150   0
        49     78.001    644.695 327.7814924 +28.7884284    36.15  0.003903399 -14.0107 -11.7741   0.0156     51245.25     737.6342     1357.735    0.688   2
        50     77.880    386.323 327.7821255 +28.8162676    11.45  0.001236675 -11.6812 -11.7087   0.0166     48248.57     736.8569     1391.719    0.654   2
        51    544.620    389.962 327.7244927 +28.8170056     5.68 0.0006136781  -9.9128 -10.2145   0.0646     12184.17     724.2746     1507.385    0.154   0
        52     77.291    406.306 327.7821503 +28.8141130    10.77  0.001162495 -11.9111 -11.6492   0.0175     45676.96     735.9839     1381.394    0.674   2
        53    120.738    397.541 327.7768075 +28.8151636     5.97 0.0006448333  -8.6213  99.0000  99.0000    -13679.13     720.1382      1535.82    0.017   0
        54    964.394    462.988 327.6724996 +28.8101324     5.54 0.0005981546 -15.7227 -15.7464   0.0007      1988598     1229.868     1271.807    0.106   4
        55    343.413    440.270 327.7492154 +28.8111007     5.14 0.0005553043 -13.5321 -13.5785   0.0033     270017.6     808.5328     1526.874    0.049   0
        56    817.087    420.640 327.6907827 +28.8143484     5.17 0.0005580375 -11.1688 -11.1914   0.0265     29962.52     730.5461     1379.671    0.124   0
        57     78.160    464.162 327.7819047 +28.8078812    13.88  0.001498455 -12.0470 -11.5972   0.0183     43537.73      735.197     1384.051    0.560   2
        58    170.861    442.409 327.7705125 +28.8104515     5.15 0.0005563499 -11.7169 -11.7955   0.0153     52264.72     738.0393      1534.44    0.052   0
        59    804.892    447.203 327.6922271 +28.8114574     6.20 0.0006699459 -11.9982 -12.0408   0.0123      65513.5     742.4345     1375.668    0.212   0
        60     74.935    430.059 327.7823844 +28.8115478     6.50 0.0007016653 -10.8988 -11.6358   0.0177     45115.91     735.6935     1363.925    0.493   0
        61    270.053    485.550 327.7581648 +28.8060441     5.11 0.0005519226 -14.9723 -15.0023   0.0011      1002144     1009.817     1528.597    0.051   0
        62     76.271    443.972 327.7821862 +28.8100520     8.97 0.0009688676 -11.5319 -11.6738   0.0171     46719.74     736.2583     1370.486    0.552   2
        63    720.094    440.789 327.7027108 +28.8119475     6.31 0.0006812207  -9.0765  -9.1756   0.1675     4679.816     721.8423      1424.87    0.362   0
        64    665.985    449.470 327.7093708 +28.8108835     5.84 0.0006303427  -9.1574  -9.3443   0.1435     5466.387     722.1553     1449.186    0.198   0
        65    423.072    449.046 327.7393604 +28.8103473     5.71 0.0006161288  -9.3806  -9.9160   0.0849     9255.908      723.324     1515.765    0.015   0
        66   1013.083    462.343 327.6664902 +28.8103160     5.62 0.0006065464 -11.4606 -11.4448   0.0210     37835.67     733.2955     1244.908    0.180   0
        67    350.788    459.663 327.7482591 +28.8090289     6.06 0.0006547442  -9.1171  -9.8961   0.0864     9087.679      723.347     1523.735    0.223   0
        68     36.925    477.564 327.7869630 +28.8063361     4.72 0.0005100779 -12.0802 -11.7416   0.0161     49733.88     737.2811     1077.896    0.087   0
        69    174.996    468.277 327.7699404 +28.8076743     4.23 0.0004569711  -8.9274  -9.7625   0.0977     8035.109     722.8817     1531.038    0.064   0
        70    947.950    506.191 327.6744312 +28.8054386     5.42 0.0005849764 -13.9506 -13.9898   0.0023     394397.6     846.0831     1259.543    0.131   0
        71     76.267    479.983 327.7821006 +28.8061718    12.96  0.001399331 -11.9990 -11.6132   0.0181      44183.5     735.3966     1368.033    0.358   0
        72    569.263    477.599 327.7212461 +28.8076217     4.82 0.0005201349  -9.2415  -9.4338   0.1321     5936.332     722.0945     1482.879    0.179   0
        73    462.748    480.344 327.7343890 +28.8070704     5.12 0.0005533535  -9.1161  -8.5102   0.3088     2535.535     720.9772     1508.553    0.272   0
        74     75.111    496.900 327.7822027 +28.8043462    11.21  0.001210567 -11.9500 -11.5924   0.0184      43347.5     735.2521     1358.989    0.528  18
        75     85.323    582.435 327.7807376 +28.7951547    13.90  0.001500711 -12.6485 -11.9644   0.0132        61061     741.0723     1426.643    0.242   0
        76    345.389    525.031 327.7487716 +28.8019725     5.01 0.0005413481 -11.1935 -11.2860   0.0243     32690.11     731.2181     1515.373    0.034   0
        77    429.181    548.575 327.7383726 +28.7996377     4.92 0.0005312624 -12.5553 -12.6109   0.0074     110749.9     757.4751     1502.025    0.062   0
        78    385.952    954.129 327.7427551 +28.7558349     5.10 0.0005508208 -10.6405 -10.7274   0.0404     19542.28     726.8705     1344.926    0.142   0
        79    122.995   1011.997 327.7750631 +28.7489616     3.66 0.0003948429  -7.8449  99.0000  99.0000    -17611.01     720.0159     1329.994    0.004   0
        80    571.111    651.283 327.7206134 +28.7889114     5.06 0.0005463369 -10.1060 -10.2992   0.0597     13173.16     724.6969     1421.085    0.112   0
        81    849.958    617.353 327.6862733 +28.7932300     7.04 0.0007604995  -9.3487  -9.5202   0.1221     6427.886     722.4881     1265.474    0.092   0
        82    459.167    884.484 327.7338843 +28.7635154     4.78 0.0005162691 -12.5186 -12.5802   0.0076     107669.3     756.6323     1358.264    0.112   0
        83     82.382    868.171 327.7804176 +28.7643596    19.36  0.002090455 -13.0511 -11.7362   0.0162     49487.08     736.9784     1282.601    0.532   2
        84    499.953    923.171 327.7287610 +28.7594449     5.39 0.0005815608  -9.1169  -9.0015   0.1966     3986.602     721.5412     1315.787    0.197   0
        85     87.320    777.745 327.7800243 +28.7741150    53.56  0.005783212 -14.4526 -12.4714   0.0084     97398.22     753.3478     1367.925    0.655   0
        86    882.038    754.785 327.6819989 +28.7784971     5.39 0.0005821467 -10.8204 -10.8355   0.0366      21586.4      727.533     1174.227    0.177   0
        87    411.110    842.131 327.7399139 +28.7679634     4.82 0.0005200682 -11.1438 -11.1800   0.0268     29647.02     730.5186     1395.967    0.106   0
        88    317.432    880.976 327.7513824 +28.7635516     5.01 0.0005411718  -9.4393  -9.6719   0.1062     7391.851     722.6998     1400.075    0.245   0
        89     83.539    902.031 327.7801939 +28.7607140    21.44  0.002314981 -13.0690 -11.7697   0.0157     51034.26     737.8213     1274.195    0.226   2
        90    377.430    823.809 327.7441132 +28.7698563     5.90 0.0006369738  -8.8915  -9.2157   0.1614     4855.803     721.6186     1415.587    0.471   0
        91   1005.972    866.510 327.6664495 +28.7667497     3.51 0.0003787825  -8.1228  99.0000  99.0000    -13828.65     720.2197     772.3291    0.372   0
        92    313.287    869.520 327.7519210 +28.7647760     5.06 0.0005467581  -9.9852 -10.2164   0.0645     12205.96     724.4442     1406.868    0.125   0
        93    713.455    837.867 327.7026131 +28.7691461     5.12 0.0005533669 -11.6979 -11.7688   0.0157     50992.97     737.6084     1236.247    0.131   0
        94    784.605    775.793 327.6939755 +28.7760033     3.41 0.0003686433  -8.6919  -9.0289   0.1916     4088.352     721.4137     1226.501    0.420   0
        95    259.281    789.571 327.7587745 +28.7732597     4.60 0.0004962816  -9.5690  -9.4606   0.1289     6084.748     722.2881     1457.227    0.151   0
        96    881.080    830.175 327.6819447 +28.7703715     5.49 0.0005931907 -13.2032 -13.2256   0.0044     195093.5     784.9683     1126.215    0.185   0
        97    384.454    826.047 327.7432411 +28.7696322     0.43 4.679774e-05  -8.2124  -8.6832   0.2634     2973.454     721.2308     1412.194    0.104   0
        98    495.394    801.336 327.7296083 +28.7725617     4.73 0.0005108214  -9.7275  -9.5709   0.1165      6735.24     722.4726     1386.296    0.072   0
        99    463.003    813.446 327.7335772 +28.7711790     4.78 0.0005165046 -13.6997 -13.7416   0.0028     313800.8     821.7449     1392.506    0.100   0
       100    144.903    796.037 327.7728744 +28.7722847     4.69 0.0005067026 -11.0264 -10.9895   0.0318     24878.01     728.7236     1454.815    0.082   0
       101    671.958    714.416 327.7080198 +28.7823494     5.28 0.0005701233  -9.8393  -9.8989   0.0862     9110.588     723.2332     1331.616    0.207   0
       102    125.165    707.160 327.7755222 +28.7818130     4.79 0.0005174667 -10.0694  -8.5695   0.2925     2677.906      721.169      1487.43    0.106   0
       103    794.330    674.501 327.6930083 +28.7869407     4.36 0.0004710021  -8.8866  -9.2626   0.1546     5070.285     722.0182     1273.434    0.126   0
       104    582.443    708.577 327.7190815 +28.7827650     7.19 0.0007760531  -9.2166  -9.9807   0.0800     9823.665     723.5608     1388.259    0.294   0
       105    845.498    759.812 327.6864971 +28.7778692     5.28 0.0005704269 -10.8853 -10.9130   0.0341     23185.14      728.203     1196.577    0.175   0
       106    272.084    905.945 327.7569192 +28.7607514     4.67 0.0005044901 -12.0862 -12.1315   0.0114     71222.58     744.5713     1391.774    0.124   0
       107    824.285    742.061 327.6891558 +28.7797319     4.92 0.0005314888  -9.2863  -8.7731   0.2425     3230.171     721.4214     1221.708    0.222   0
       108    299.306    649.832 327.7541652 +28.7884136     4.96 0.0005360926  -9.9671 -10.1991   0.0655     12012.93      724.337     1502.327    0.043   0
       109    606.418    742.416 327.7160437 +28.7791761     6.62 0.0007145963  -9.9616 -10.4402   0.0525     14999.88      725.084     1359.676    0.141   0
       110    264.625    743.008 327.7582253 +28.7782898     5.09 0.0005492499 -10.3505 -10.4328   0.0529     14898.32     725.0287      1475.99    0.068   0
       111    942.519    723.041 327.6746069 +28.7820599     5.57 0.0006017704 -10.9333 -10.9950   0.0317     25003.98     728.8071     1147.184    0.210   0
       112    569.248    703.480 327.7207218 +28.7832827     6.69 0.0007224689  -9.2967  -9.7870   0.0956     8218.636     723.1278     1398.221    0.196   0
       113    379.246    742.099 327.7440813 +28.7786651     4.79 0.0005169672 -12.2946 -12.3475   0.0094     86898.06     749.7378     1458.918    0.083   0
       114    249.102    665.769 327.7603240 +28.7865747     5.04 0.0005445307  -9.8557  -9.7462   0.0992     7915.352     723.0026     1505.824    0.118   0
       115    439.597    670.345 327.7368013 +28.7865420     4.22 0.0004553936  -8.9568  -9.1685   0.1686     4649.434     721.6895     1469.471    0.128   0
       116    281.011    724.511 327.7562466 +28.7803226     5.51 0.0005947547  -8.7896  -8.1532   0.4289     1825.086      720.853      1481.63    0.260   0
       117     79.390    696.754 327.7811965 +28.7828224    40.17  0.004337901 -13.9420 -11.8122   0.0151     53071.66     738.3126     1347.487    0.602   2
       118    867.302    679.420 327.6839903 +28.7865830     5.27  0.000569178 -10.7449 -10.7392   0.0400     19754.66     727.0849     1222.751    0.216   0
       119    524.995    674.513 327.7262512 +28.7862980     4.79 0.0005171761  -9.5986  -9.9054   0.0857     9165.385     723.3536     1434.343    0.028   0
       120    256.802    639.299 327.7594363 +28.7894455     5.26 0.0005674635 -10.1550 -10.2924   0.0601     13090.55     724.5469     1508.495    0.117   0
       121    961.648    656.625 327.6723973 +28.7892612     6.82 0.0007366036  -9.7202  -9.9356   0.0834     9424.172      723.443      1164.85    0.197   0
       122    156.144    620.320 327.7719056 +28.7912456     4.89 0.0005284384 -11.1742 -11.2371   0.0254     31248.95     731.0665     1520.457    0.081   0
       123    166.635    997.216 327.7697139 +28.7506607     4.73 0.0005103874 -12.1366 -12.1606   0.0111     73151.94     745.0809     1339.207    0.122   0
       124    725.223    626.243 327.7016493 +28.7919768     5.07 0.0005476997 -10.7639 -10.8018   0.0377     20927.38     727.3871     1340.522    0.087   0
       125    149.999    607.881 327.7726936 +28.7925709     4.89 0.0005279649 -11.6123 -11.5818   0.0186      42925.8     734.8491     1521.619    0.078   0
       126    885.775    889.327 327.6812299 +28.7640088     5.86 0.0006324616  -9.7604  -9.8065   0.0939     8367.234     723.1183     1045.428    0.267   0
       127    697.228    611.922 327.7051379 +28.7934534     1.52  0.000164365  -8.7626  -8.2678   0.3860     2028.226     720.8827     1364.073    0.189   0
       128    139.852    842.088 327.7733880 +28.7673104     4.61 0.0004974986 -11.7273 -11.6998   0.0167     47852.97      736.643     1425.034    0.072   0
       129    124.273    973.300 327.7749976 +28.7531343     4.61 0.0004980977 -12.3710 -12.3279   0.0095     85337.88     749.2957     1343.542    0.102   0
       130     58.762    988.434 327.7830446 +28.7513435     4.65 0.0005023863 -12.9393 -12.9862   0.0054     156490.2     772.6329      1071.27    0.095   0
       131    625.419    584.484 327.7140653 +28.7962388     4.99  0.000538949 -11.4097 -11.5053   0.0199     40004.57     734.0146     1417.461    0.058   0
       132    422.857    925.645 327.7382683 +28.7589929     3.20 0.0003455431  -9.0768  -9.1668   0.1689     4642.219     721.8496     1351.912    0.274   0
       133    173.023    564.919 327.7699540 +28.7972563     5.80 0.0006260918  -9.3689 -10.1249   0.0701     11219.06     724.0833     1523.553    0.164   0
       134    311.846   1009.310 327.7517688 +28.7497101     4.90 0.0005287855 -10.7277 -10.7970   0.0379     20835.15     727.4362     1323.973    0.136   0
       135     58.108    963.120 327.7831858 +28.7540695     4.61 0.0004981442 -11.8349 -11.9389   0.0135      59644.6     740.6142     1073.342    0.096   0
       136     73.893    537.656 327.7822555 +28.7999518     8.75 0.0009452783 -11.4766 -11.6157   0.0180     44286.59     735.4716     1347.363    0.394   0
       137    941.624    967.511 327.6741600 +28.7557158     4.95 0.0005346811  -9.5947 -10.7402   0.0399     19772.82     727.0306     643.8741    0.226   0
       138     81.909    946.415 327.7802890 +28.7559277    11.50  0.001241652 -11.9533 -11.5727   0.0187     42566.66     734.8667     1239.546    0.544   2
