#   1 NUMBER                 Running object number                                     
#   2 X_IMAGE                Object position along x                                    [pixel]
#   3 Y_IMAGE                Object position along y                                    [pixel]
#   4 ALPHA_J2000            Right ascension of barycenter (J2000)                      [deg]
#   5 DELTA_J2000            Declination of barycenter (J2000)                          [deg]
#   6 FWHM_IMAGE             FWHM assuming a gaussian core                              [pixel]
#   7 FWHM_WORLD             FWHM assuming a gaussian core                              [deg]
#   8 MAG_BEST               Best of MAG_AUTO and MAG_ISOCOR                            [mag]
#   9 MAG_APER               Fixed aperture magnitude vector                            [mag]
#  10 MAGERR_APER            RMS error vector for fixed aperture mag.                   [mag]
#  11 FLUX_APER              Flux vector within fixed circular aperture(s)              [count]
#  12 FLUXERR_APER           RMS error vector for aperture flux(es)                     [count]
#  13 BACKGROUND             Background at centroid position                            [count]
#  14 ELLIPTICITY            1 - B_IMAGE/A_IMAGE                                       
#  15 FLAGS                  Extraction flags                                          
         1    834.761    289.270 238.0205961 +33.0187354   148.91   0.01595313 -15.7293 -12.8401   0.0082     136782.5     1032.487     1829.792    0.862  19
         2    830.283    132.368 238.0214234 +33.0354536   192.73   0.02064802 -16.3556 -13.0258   0.0069     162307.3     1038.649     1720.072    0.865  19
         3    457.067    117.109 238.0693529 +33.0360307     6.21 0.0006648112 -14.2131 -14.2558   0.0024     503864.5     1117.969     1929.853    0.155   0
         4    434.368    191.119 238.0721426 +33.0280745     6.26 0.0006703081 -10.2862 -10.3240   0.0808     13476.99     1002.215     1996.855    0.180   0
         5     58.770    245.498 238.1202537 +33.0211998     8.81 0.0009435139 -10.7858 -10.8898   0.0481     22694.22     1004.539      1802.82    0.317   0
         6    174.108    265.980 238.1054170 +33.0193482     6.05 0.0006485988 -11.8278 -11.8856   0.0194     56785.66     1012.932     1932.667    0.184   0
         7    297.566    281.385 238.0895476 +33.0180595     5.81 0.0006222898  -9.5589  -9.9539   0.1134     9583.881     1001.046      2020.61    0.113   0
         8    285.105    283.431 238.0911431 +33.0178057     4.80  0.000514514  -9.1316  -9.6090   0.1558     6975.701     1000.535     2016.945    0.492   0
         9    261.021    293.997 238.0942160 +33.0166101     4.20 0.0004502948  -8.8433  -9.6649   0.1479     7344.606     1000.204     2017.166    0.002   0
        10    490.158    356.351 238.0647078 +33.0106139     5.07 0.0005432449 -12.4722 -12.5187   0.0109     101738.9     1024.077     2128.952    0.089   0
        11      2.473    427.378 238.1271624 +33.0016430     5.69 0.0006099549 -10.5987 -10.6997   0.0439     19048.52     769.2886     1878.567    0.447  24
        12    719.157    880.632 238.0344704 +32.9553541     3.86  0.000413123  -9.7245  99.0000  99.0000     -78487.9     998.7341      1662.39    0.128   0
        13    888.219    888.330 238.0127775 +32.9550051    55.36  0.005931266 -14.8382 -13.1585   0.0062     183396.1     1043.794     564.5908    0.152  17
        14    836.808    827.407 238.0194683 +32.9613584    83.46  0.008941339 -14.1993 -13.5040   0.0046     252107.4     1059.698     1669.747    0.206  16
        15    664.720    779.433 238.0416166 +32.9659924     4.13 0.0004424337  -9.6444 -10.6757   0.0585     18632.99     1003.472     2207.639    0.533   0
        16    712.233    678.581 238.0356869 +32.9768798     5.01 0.0005371604 -11.0037 -11.0774   0.0405     26975.19     1005.351     2206.816    0.053   0
        17     99.992    776.838 238.1140487 +32.9646617     5.30 0.0005679851 -12.0341 -12.0134   0.0172      63880.7     1014.487       1980.5    0.025   0
        18    721.989    643.695 238.0344921 +32.9806272     4.75 0.0005091459 -11.4067 -11.5069   0.0273      40065.6     1008.797     2195.573    0.071   0
        19    706.937    780.672 238.0362002 +32.9659788     4.76 0.0005094524 -11.1665 -11.2617   0.0342     31966.58     1006.844     2206.656    0.007   0
        20    714.114    770.294 238.0352965 +32.9671056     5.09  0.000545092 -10.4524 -10.5598   0.0650      16746.2     1003.058     2206.733    0.026   0
