#   1 NUMBER                 Running object number                                     
#   2 X_IMAGE                Object position along x                                    [pixel]
#   3 Y_IMAGE                Object position along y                                    [pixel]
#   4 ALPHA_J2000            Right ascension of barycenter (J2000)                      [deg]
#   5 DELTA_J2000            Declination of barycenter (J2000)                          [deg]
#   6 FWHM_IMAGE             FWHM assuming a gaussian core                              [pixel]
#   7 FWHM_WORLD             FWHM assuming a gaussian core                              [deg]
#   8 MAG_BEST               Best of MAG_AUTO and MAG_ISOCOR                            [mag]
#   9 MAG_APER               Fixed aperture magnitude vector                            [mag]
#  10 MAGERR_APER            RMS error vector for fixed aperture mag.                   [mag]
#  11 FLUX_APER              Flux vector within fixed circular aperture(s)              [count]
#  12 FLUXERR_APER           RMS error vector for aperture flux(es)                     [count]
#  13 BACKGROUND             Background at centroid position                            [count]
#  14 ELLIPTICITY            1 - B_IMAGE/A_IMAGE                                       
#  15 FLAGS                  Extraction flags                                          
         1    833.267    176.712 200.9230136 +36.2159051   181.77   0.01961056 -15.7931 -12.3003   0.0092     83199.87     705.0823     1179.925    0.908  16
         2    539.202     34.344 200.9627162 +36.2303405     8.58 0.0009258583 -10.0349 -10.1871   0.0621      11880.7     679.0776     1234.556    0.350   0
         3    491.436     75.126 200.9690325 +36.2258071     7.20  0.000776319 -10.2573 -10.0665   0.0693     10631.55     678.7885     1254.723    0.302   0
         4    558.323    130.712 200.9599524 +36.2200284     7.00 0.0007551021  -9.8403  -9.9106   0.0800     9209.653     678.3785     1300.703    0.288   0
         5    626.989    151.271 200.9507080 +36.2180236     9.54  0.001028996 -10.9391 -10.9377   0.0313     23717.15     683.5721     1320.933    0.313   0
         6    261.018    293.997 200.9994441 +36.2015510     4.21 0.0004536532  -8.8356  -9.5902   0.1072      6855.87      677.054     1316.555    0.011   0
         7    208.898    316.559 201.0063785 +36.1989629     5.72 0.0006172314 -10.1045 -10.1249   0.0657      11219.5      678.967     1313.216    0.171   0
         8    462.102    377.168 200.9723289 +36.1932157     4.64  0.000500527  -9.3005  -8.9353   0.1958     3750.828     676.2686     1383.894    0.201   0
         9    904.506    435.400 200.9129447 +36.1882800     4.67 0.0005038231 -11.1402  99.0000  99.0000    -19752.35     674.7087     963.0302    0.151   0
        10    841.187    830.508 200.9206244 +36.1455740    79.68  0.008595723 -13.9306 -12.8868   0.0055     142794.2     725.8696     1079.947    0.493  16
        11    327.119    461.818 200.9902314 +36.1836948     5.08 0.0005485106 -10.5516 -10.6397   0.0411     18024.67     681.5059     1389.592    0.129   0
        12    888.073    887.933 200.9142312 +36.1395342    58.57  0.006319232 -13.8131 -12.4548   0.0080     95926.44     709.5259      546.319    0.134  16
        13    463.624    489.487 200.9718890 +36.1811338     4.61 0.0004969959 -12.2501 -12.3326   0.0089     85712.77     705.8814     1403.513    0.095   0
        14    118.673    710.884 201.0176128 +36.1562521     4.90 0.0005281859  -9.2258  -9.8473   0.0848     8687.741     678.1102      1338.63    0.206   0
        15    884.261    617.176 200.9152888 +36.1686590     4.46 0.0004809791 -11.4915  99.0000  99.0000    -27968.72     674.8423     1204.288    0.132   0
        16    189.149    529.605 201.0085660 +36.1759767     4.77 0.0005148025 -10.3231 -10.4188   0.0502     14706.48     680.1929     1368.648    0.156   0
        17    450.833    530.040 200.9735170 +36.1767310     4.55 0.0004905253 -12.1120 -12.1920   0.0101     75303.45     702.2035     1403.034    0.112   0
        18    844.983    473.293 200.9208412 +36.1840251     9.53  0.001028263 -11.2603 -11.2510   0.0236     31652.59     686.5057     1298.565    0.146   0
        19    180.136    776.865 201.0092411 +36.1493417     2.97 0.0003201806  -9.1329 -10.3943   0.0514     14378.93     680.1862     1345.622    0.196   0
