#   1 NUMBER                 Running object number                                     
#   2 X_IMAGE                Object position along x                                    [pixel]
#   3 Y_IMAGE                Object position along y                                    [pixel]
#   4 ALPHA_J2000            Right ascension of barycenter (J2000)                      [deg]
#   5 DELTA_J2000            Declination of barycenter (J2000)                          [deg]
#   6 FWHM_IMAGE             FWHM assuming a gaussian core                              [pixel]
#   7 FWHM_WORLD             FWHM assuming a gaussian core                              [deg]
#   8 MAG_BEST               Best of MAG_AUTO and MAG_ISOCOR                            [mag]
#   9 MAG_APER               Fixed aperture magnitude vector                            [mag]
#  10 MAGERR_APER            RMS error vector for fixed aperture mag.                   [mag]
#  11 FLUX_APER              Flux vector within fixed circular aperture(s)              [count]
#  12 FLUXERR_APER           RMS error vector for aperture flux(es)                     [count]
#  13 BACKGROUND             Background at centroid position                            [count]
#  14 ELLIPTICITY            1 - B_IMAGE/A_IMAGE                                       
#  15 FLAGS                  Extraction flags                                          
         1      9.655     81.427 237.9942351 +32.9331246    59.54  0.006396234 -13.1122 -12.2318   0.0081     78114.98     582.0461     446.7694    0.618  24
         2    192.722     29.719 237.9708168 +32.9391241    29.35   0.00315284 -11.9621 -11.3988   0.0181     36268.17     604.5866     687.1133    0.234   1
         3    136.642     10.750 237.9780536 +32.9410119    84.46  0.009072779 -14.3125 -13.0649   0.0041     168258.2     629.3577     356.0016    0.745  24
         4    142.655     86.931 237.9771443 +32.9328744    35.15  0.003776337 -12.7351 -11.4384   0.0175     37615.47     604.9485     1030.557    0.707   0
         5    914.018     84.932 237.8780815 +32.9350080     6.46 0.0006938785 -11.9884 -11.8631   0.0120      55621.3     612.4728     1041.623    0.119   0
         6    419.928     87.970 237.9415328 +32.9334623     6.30 0.0006764709 -11.4920 -11.5194   0.0162     40527.86      606.232     1148.578    0.030   0
         7     62.930    110.748 237.9873401 +32.9301227    10.05  0.001079369  -9.5495  99.0000  99.0000    -10428.74      589.232     788.7012    0.462   2
         8    985.672    191.475 237.8687010 +32.9237802     5.97 0.0006416973 -14.8080 -14.8362   0.0011     859944.6     881.6708     1100.695    0.056   0
         9    551.044    136.034 237.9246102 +32.9286455     5.85 0.0006285282 -11.0198 -10.8805   0.0289     22501.16      598.752      1196.36    0.030   0
        10    950.377    201.060 237.8732175 +32.9226686     6.37 0.0006841268  -9.2900 -10.1514   0.0561     11495.96     594.1887     1113.765    0.246   0
        11    179.805    252.580 237.9720764 +32.9152412     5.69  0.000611706 -11.9410 -12.0002   0.0106     63106.89     615.2014     1227.947    0.047   0
        12     75.274    241.091 237.9855191 +32.9162052     6.78 0.0007282997 -10.7974 -11.3536   0.0189     34787.81     603.9254     1111.368    0.531   0
        13     74.651    262.378 237.9855607 +32.9139254     8.79 0.0009440446 -11.1813 -11.3718   0.0185     35377.09     604.1042     1111.113    0.663   0
        14    249.434    266.532 237.9631110 +32.9139242     6.86 0.0007364097  -9.5835  -9.7167   0.0835     7703.167     592.5245     1226.995    0.145   0
        15    566.114    407.430 237.9222049 +32.8996385    16.33  0.001754351 -17.0399 -17.0445   0.0003      6573366     1906.284     1205.168    0.208   4
        16    883.590    305.811 237.8816178 +32.9112955     6.39 0.0006866867  -9.5199  -9.5439   0.0978     6569.849     591.8303     1119.892    0.054   0
        17    780.204    337.550 237.8948384 +32.9076456     5.33 0.0005729754 -12.1939 -12.2615   0.0084     80276.38     622.2973     1152.058    0.042   0
        18     71.802    341.990 237.9857825 +32.9053983     3.81 0.0004097008  -9.3380 -11.1863   0.0219     29819.68     601.6203     1093.687    0.379   0
        19    152.967    371.214 237.9753094 +32.9024771     5.36 0.0005756414 -12.8462 -12.8904   0.0049     143266.9     647.1083      1224.84    0.068   0
        20    437.369    358.807 237.9388183 +32.9045213     6.37 0.0006844632  -9.4143  -9.6025   0.0927     6934.311     592.0341     1215.954    0.298   0
        21    336.528    372.340 237.9517411 +32.9028202     6.16 0.0006616156  -9.0253  -9.2195   0.1318      4872.85     591.3623     1218.939    0.237   0
        22     78.137    375.574 237.9849085 +32.9018203     4.15 0.0004462921  -9.4642 -11.1959   0.0217     30084.95      601.959      1121.96    0.697   0
        23    203.709    396.038 237.9687506 +32.8999491     5.34 0.0005733208 -11.8515 -11.9423   0.0111     59828.09     614.1235      1222.34    0.065   0
        24     76.575    403.003 237.9850595 +32.8988810     4.76 0.0005118271  -9.8642 -11.2664   0.0204     32105.11     602.5693     1113.337    0.526   0
        25     76.784    441.375 237.9849632 +32.8947750     6.06 0.0006509676 -10.4382 -11.2645   0.0204     32047.57     602.5453     1110.201    0.719   0
        26    370.216    454.553 237.9472713 +32.8941065     5.63 0.0006043504  -9.8245  -9.9575   0.0670     9616.411      593.298     1213.662    0.138   0
        27    960.643    498.256 237.8714028 +32.8908879     5.41 0.0005808541 -12.6873 -12.7305   0.0056     123647.5     639.6374     1033.938    0.098   0
        28     76.761    548.787 237.9847721 +32.8832799    21.36  0.002294071 -12.5767 -11.3777   0.0184     35568.21     604.0857      1105.05    0.500   0
        29    228.424    527.417 237.9653433 +32.8859517     5.68 0.0006105256  -9.2032  -9.1962   0.1346     4769.451     591.1358     1214.154    0.186   0
        30    719.916    878.853 237.9016552 +32.8495677     4.72 0.0005071844 -11.8999 -11.9597   0.0110     60795.65     614.6292     1001.854    0.142   0
        31    751.127    943.240 237.8975411 +32.8427538     4.88 0.0005242563 -12.7147 -12.7569   0.0055     126698.7     640.7982     958.3039    0.154   0
        32     78.722    648.439 237.9843405 +32.8726204     4.16 0.0004466229  -9.7032 -11.2805   0.0201      32523.1     602.9056     1101.099    0.540   0
        33    894.315    622.339 237.8797088 +32.8774471     4.97 0.0005342237  -8.7488  -9.3144   0.1208     5318.217     591.6336     1017.951    0.466   0
        34    436.902    615.500 237.9384289 +32.8770491     4.88 0.0005238667 -12.6407 -12.6878   0.0058     118884.7      638.035     1191.351    0.066   0
        35    650.007   1002.762 237.9104125 +32.8361346     4.65 0.0004990664 -12.5595 -12.5955   0.0063       109199     633.8256     982.4979    0.162   0
        36     80.995    894.166 237.9836053 +32.8463290     4.99 0.0005356012 -10.0273 -11.2723   0.0203     32279.28     602.6578     1026.993    0.506   0
        37     78.192    658.826 237.9843897 +32.8715074     3.87  0.000415393  -9.4706 -11.3117   0.0196     33471.46     603.1033     1093.352    0.761   0
        38    775.830    831.809 237.8945607 +32.8547397     4.89 0.0005257751 -10.8167 -10.8887   0.0287     22671.74     598.6098     995.0472    0.111   0
        39     77.568    665.141 237.9844583 +32.8708300     4.48 0.0004810416  -9.7449 -11.3482   0.0189     34617.26      603.871      1092.01    0.640   0
        40     83.695    779.770 237.9834652 +32.8585782     5.08 0.0005452112 -10.0826 -11.2816   0.0201     32555.71     602.9517     1086.173    0.182   0
        41    151.909    809.483 237.9746588 +32.8555718     4.57 0.0004912089 -11.8718 -11.9223   0.0113     58737.21     613.7113     1159.942    0.102   0
        42     81.275    799.639 237.9837399 +32.8564458     6.33 0.0006802293 -10.5719 -11.2879   0.0200     32746.53     603.0309     1064.675    0.639   2
        43    353.547    819.769 237.9487672 +32.8549799     1.26   0.00013566  -8.2400  -8.7633   0.2004     3201.375     590.7051     1143.194    0.173   0
        44    400.519    781.241 237.9428076 +32.8592208     5.57 0.0005987168  -8.6794  -8.9093   0.1752     3661.946     590.8336     1148.869    0.040   0
        45    705.556    669.963 237.9038545 +32.8718874     5.88 0.0006316806  -8.6942  -8.2163   0.3313     1934.275      590.152      1087.85    0.179   0
        46     77.930    742.349 237.9842725 +32.8625683     7.26 0.0007796935 -10.8325 -11.3330   0.0192     34136.51      603.558     1068.501    0.443   0
        47    685.756    691.000 237.9063596 +32.8695873     4.81 0.0005172294 -11.7581 -11.8078   0.0126     52860.25     611.0875     1088.324    0.080   0
        48     80.437    724.407 237.9839832 +32.8644948    11.56  0.001241597 -11.8147 -11.3735   0.0185     35432.58     603.9807     1084.434    0.314   0
        49    311.205    577.172 237.9546296 +32.8808358     5.05 0.0005424647  -9.6612  -9.8120   0.0765      8410.18     592.6735      1206.55    0.162   0
        50     76.933    683.759 237.9845063 +32.8688359    10.99   0.00118048 -11.5403 -11.4009   0.0181      36339.1     604.4859     1081.543    0.576   0
        51    611.359    540.630 237.9161667 +32.8854958     5.42 0.0005824684  -8.9072  -8.9582   0.1675     3830.814      590.905     1162.035    0.124   0
        52    585.605    948.283 237.9187686 +32.8418054     4.68 0.0005032188  -9.9674  -9.9992   0.0645     9992.815     593.4731       1029.3    0.147   0
        53     98.151    552.203 237.9820205 +32.8829687     7.82  0.000840181  -9.2065  -9.6249   0.0908     7078.929      592.178     1211.469    0.192   0
        54    530.958    665.549 237.9262702 +32.8719276     4.68 0.0005022642  -9.3405  -9.3547   0.1164      5519.41     591.6854     1154.613    0.108   0
        55    576.095    564.107 237.9206525 +32.8828958     8.94 0.0009602607  -9.7331  -9.9121   0.0699     9222.152     593.3472     1167.532    0.115   0
        56     85.109    989.363 237.9829057 +32.8361517     6.93 0.0007444011 -10.8635 -10.8918   0.0286     22737.27     598.8177     1013.617    0.165   0
        57    747.820    647.680 237.8984682 +32.8743762     5.54 0.0005953172  -9.6727  -9.7834   0.0786     8191.688     592.7803     1076.919    0.086   0
