#   1 NUMBER                 Running object number                                     
#   2 X_IMAGE                Object position along x                                    [pixel]
#   3 Y_IMAGE                Object position along y                                    [pixel]
#   4 ALPHA_J2000            Right ascension of barycenter (J2000)                      [deg]
#   5 DELTA_J2000            Declination of barycenter (J2000)                          [deg]
#   6 FWHM_IMAGE             FWHM assuming a gaussian core                              [pixel]
#   7 FWHM_WORLD             FWHM assuming a gaussian core                              [deg]
#   8 MAG_BEST               Best of MAG_AUTO and MAG_ISOCOR                            [mag]
#   9 MAG_APER               Fixed aperture magnitude vector                            [mag]
#  10 MAGERR_APER            RMS error vector for fixed aperture mag.                   [mag]
#  11 FLUX_APER              Flux vector within fixed circular aperture(s)              [count]
#  12 FLUXERR_APER           RMS error vector for aperture flux(es)                     [count]
#  13 BACKGROUND             Background at centroid position                            [count]
#  14 ELLIPTICITY            1 - B_IMAGE/A_IMAGE                                       
#  15 FLAGS                  Extraction flags                                          
         1    834.204    195.880 238.0227179 +33.0312926   214.54    0.0231593 -16.5787 -12.9890   0.0074     156898.5     1069.886     1815.422    0.901  24
         2    455.276    127.789 238.0717631 +33.0375719     5.57 0.0006016144 -14.1078 -14.1483   0.0027     456386.1     1137.717     1995.686    0.120   0
         3    436.008    181.988 238.0740880 +33.0316769     0.00            0  -7.7706  -5.1029  10.1973     109.9365     1032.278      2047.14    0.047   0
         4    432.609    201.870 238.0744679 +33.0295247     5.61 0.0006051079 -10.2216 -10.1177   0.1009     11145.01     1035.355     2059.612    0.172   0
         5     57.065    256.734 238.1227115 +33.0225436     7.78 0.0008400622 -10.5453 -10.6624   0.0612     18406.07     1037.252     1864.599    0.362   0
         6    172.356    276.666 238.1077923 +33.0207258     5.33 0.0005750938 -11.6750 -11.7188   0.0233     48699.43     1044.326     1996.263    0.128   0
         7    295.391    292.089 238.0918889 +33.0194141     4.51 0.0004865105  -9.4131  -9.6633   0.1532     7333.862     1034.493     2087.771    0.239   0
         8    261.008    294.000 238.0963148 +33.0191104     4.22  0.000455297  -8.8949  -9.9774   0.1147      9794.15     1034.766     2072.111    0.007   0
         9    188.992    300.013 238.1055787 +33.0182574     0.00            0  -8.0929  -8.7680   0.3489     3215.246     1033.088     2034.306    0.017   0
        10    488.141    366.880 238.0668271 +33.0118991     4.88 0.0005272085 -12.3403 -12.3019   0.0137     83319.41     1052.867     2207.323    0.066   0
        11    800.221    799.902 238.0253624 +32.9661062    27.49  0.002967662 -12.6369 -12.1690   0.0155     73725.17     1050.472     2167.963    0.422   1
        12    888.339    888.441 238.0137588 +32.9568083    55.19  0.005957445 -14.9029 -13.2262   0.0060       195207     1078.856     564.0398    0.150  17
        13    716.665    890.789 238.0358632 +32.9560798     3.89 0.0004196552  -9.6518  99.0000  99.0000    -58914.72      1032.69     1492.652    0.127   0
        14    841.364    830.541 238.0199749 +32.9629182    73.59  0.007944096 -14.4206 -13.5920   0.0044     273390.3     1096.906     1637.689    0.459  16
        15    704.371    790.741 238.0377354 +32.9668272     4.66   0.00050322 -11.0129 -11.0062   0.0447     25263.01     1038.933     2290.386    0.039   0
        16    662.860    790.103 238.0430843 +32.9667803     4.50     0.000486  -9.7282 -10.2384   0.0903     12454.96     1035.759     2290.703    0.227   0
        17    712.099    780.490 238.0367695 +32.9679534     4.79 0.0005175446 -10.2776 -10.4702   0.0730     15419.57      1036.62      2291.06    0.097   0
        18     97.683    786.927 238.1158941 +32.9655251     5.60 0.0006049338 -12.4501 -12.2133   0.0149     76796.07     1051.231     2038.252    0.074   0
        19      1.779    437.674 238.1292945 +33.0028862     5.60 0.0006041616  -9.3145  -9.1433   0.1842     4542.744     770.3603     1943.625    0.551  24
        20    709.922    688.717 238.0373149 +32.9778372     5.00 0.0005392805 -10.7495 -10.9245   0.0481     23431.56     1038.434     2290.441    0.023   0
        21    719.770    653.876 238.0361467 +32.9816193     4.75 0.0005130396 -11.2809 -11.3189   0.0335     33695.45     1040.815     2281.572    0.070   0
