#   1 NUMBER                 Running object number                                     
#   2 X_IMAGE                Object position along x                                    [pixel]
#   3 Y_IMAGE                Object position along y                                    [pixel]
#   4 ALPHA_J2000            Right ascension of barycenter (J2000)                      [deg]
#   5 DELTA_J2000            Declination of barycenter (J2000)                          [deg]
#   6 FWHM_IMAGE             FWHM assuming a gaussian core                              [pixel]
#   7 FWHM_WORLD             FWHM assuming a gaussian core                              [deg]
#   8 MAG_BEST               Best of MAG_AUTO and MAG_ISOCOR                            [mag]
#   9 MAG_APER               Fixed aperture magnitude vector                            [mag]
#  10 MAGERR_APER            RMS error vector for fixed aperture mag.                   [mag]
#  11 FLUX_APER              Flux vector within fixed circular aperture(s)              [count]
#  12 FLUXERR_APER           RMS error vector for aperture flux(es)                     [count]
#  13 BACKGROUND             Background at centroid position                            [count]
#  14 ELLIPTICITY            1 - B_IMAGE/A_IMAGE                                       
#  15 FLAGS                  Extraction flags                                          
         1      9.338     81.609 327.7915808 +28.8489378    57.67  0.006226395 -12.9839 -12.1000   0.0087     69183.57      553.503     453.7229    0.624  24
         2    192.878     29.194 327.7690437 +28.8550365    29.19  0.003151494 -11.8654 -11.2685   0.0195     32166.79     578.8885     667.1596    0.167  19
         3    136.833     10.660 327.7760084 +28.8568962    83.38  0.009002283 -14.1970 -12.9403   0.0043       150004     600.7013     378.8586    0.744  24
         4    206.685     20.052 327.7673605 +28.8560552     6.70 0.0007238509  -9.3160  99.0000  99.0000    -19596.36       564.97     682.4338    0.517   3
         5    463.352     27.080 327.7356507 +28.8559220     5.92 0.0006395915 -10.3870  99.0000  99.0000    -690.1073       564.97     781.7915    0.296   0
         6    139.755     89.077 327.7754602 +28.8484539    31.17  0.003365515 -12.4481 -11.3394   0.0183     34336.52     579.9183     985.5433    0.622   0
         7    296.312     50.184 327.7562220 +28.8530273     5.75 0.0006206415 -10.4456  99.0000  99.0000    -14282.33      564.938     920.3815    0.159   0
         8    277.187     67.304 327.7585430 +28.8511360     5.86 0.0006328623 -10.7112  99.0000  99.0000    -1245.858      564.938     998.0551    0.100   0
         9    720.882    138.196 327.7035935 +28.8445678     5.45 0.0005885195 -15.9923 -15.9852   0.0005      2477886     1248.195     1109.535    0.069   7
        10    977.255     68.069 327.6720995 +28.8527325     7.84 0.0008466308  -9.2814  99.0000  99.0000    -16341.07     564.8262     880.5353    0.389   0
        11    736.834     81.455 327.7017551 +28.8507197     6.26 0.0006760262  -9.7217  99.0000  99.0000    -9508.093     564.9221     1017.178    0.137   0
        12     63.951    106.391 327.7847782 +28.8464021    14.50  0.001565259  -9.3217  99.0000  99.0000    -11795.21     564.9061     746.4998    0.643   2
        13    923.544    104.776 327.6786476 +28.8486504     5.87 0.0006335749 -10.2696 -10.1913   0.0519     11927.03     570.1916     1046.697    0.117   0
        14    192.591    111.232 327.7688837 +28.8461962     5.46  0.000589322 -11.1852 -10.7103   0.0324     19236.81     573.1514     1139.639    0.124   0
        15    726.934    124.352 327.7028782 +28.8460740     6.37 0.0006879442 -12.0040 -12.2041   0.0085     76144.41      597.564     1107.134    0.195   3
        16    431.630    125.250 327.7393369 +28.8452675     5.21 0.0005626131  -8.7653  99.0000  99.0000    -916.1127     564.8901     1132.185    0.273   0
        17     84.615    142.745 327.7821398 +28.8425358     6.85 0.0007391553 -10.9138 -10.9267   0.0266     23478.05     575.2181     1013.579    0.176   0
        18    743.669    139.457 327.7007771 +28.8444863     7.27 0.0007852741  -9.6023 -10.5057   0.0390     15932.31     571.8819     1104.408    0.086   1
        19    269.062    160.350 327.7593255 +28.8410905     5.40 0.0005834611 -11.1554 -11.2667   0.0196     32112.79     578.8497      1150.98    0.092   0
        20    651.403    145.543 327.7121548 +28.8436101     6.31  0.000681232  -9.0289  -9.3850   0.1086      5675.28     567.3325     1123.651    0.188   0
        21    573.727    148.026 327.7217394 +28.8431561     4.25 0.0004591084  -8.2936  -6.6394   1.3559     452.6597     565.1383     1130.123    0.073   0
        22    406.052    168.531 327.7423931 +28.8405420     5.35 0.0005780669 -11.7372 -11.7961   0.0122      52290.2     587.4995     1145.393    0.140   0
        23    493.905    168.879 327.7315458 +28.8407169     6.80 0.0007338668  -9.7979 -10.3129   0.0465     13340.45     570.7635     1139.076    0.395   0
        24    585.692    181.212 327.7201847 +28.8396090     5.64 0.0006090759  -8.8320  -9.4433   0.1029       5988.4     567.5818     1135.818    0.116   0
        25    528.307    281.183 327.7270358 +28.8286991     6.91 0.0007456641 -16.2100 -16.2242   0.0005      3088060     1364.992     1140.383    0.040   6
        26    750.321    186.133 327.6998480 +28.8394728     6.50 0.0007014453  -9.8754 -10.1571   0.0536     11556.66     570.0292     1105.378    0.141   0
        27    902.998    235.437 327.6808852 +28.8345230     5.19 0.0005606539 -13.5680 -13.6095   0.0026     277837.6      676.638     1062.223    0.064   0
        28    708.809    207.419 327.7049238 +28.8370802     8.54 0.0009217217  -9.6029  -9.9361   0.0655     9428.788     568.8254     1115.971    0.058   0
        29    468.030    289.825 327.7344567 +28.8276225     5.17 0.0005583339 -15.6230 -15.6110   0.0007      1755572     1093.998     1145.263    0.131   7
        30    514.364    257.825 327.7288116 +28.8311823     5.16 0.0005569477 -13.1786 -13.2090   0.0036     192140.7     644.3098     1142.311    0.113   3
        31    482.995    278.997 327.7326346 +28.8288254     5.13 0.0005541227 -14.3736 -14.3843   0.0015     567155.3     776.2074     1145.159    0.145   3
        32    273.812    257.471 327.7585088 +28.8306374     5.15 0.0005563833 -13.5501 -13.5954   0.0027     274247.1     675.4572      1153.94    0.114   0
        33     83.463    224.927 327.7820852 +28.8336780     7.93 0.0008558295 -10.4804 -10.8976   0.0273     22858.69     574.9803     1087.658    0.526   0
        34     53.867    232.179 327.7857215 +28.8328238     8.81 0.0009508792 -10.2368 -10.6629   0.0338     18415.08     573.0292     956.5794    0.057   0
        35     75.924    247.398 327.7829621 +28.8312382     7.92 0.0008554034 -11.0787 -11.3480   0.0182     34608.48     579.9576     1056.165    0.238   2
        36    659.531    254.368 327.7108986 +28.8319036     5.02 0.0005423242 -12.0647 -12.1254   0.0091      70819.3     595.4078     1127.124    0.107   2
        37    320.297    254.347 327.7527776 +28.8310872     5.22  0.000563895 -11.8343 -11.8876   0.0113     56889.37     589.5299     1150.882    0.114   0
        38   1027.889    237.751 327.6654613 +28.8345684     4.79 0.0005173621  -9.3499  -9.0828   0.1083     4296.521     428.3401     1025.436    0.403  24
        39    115.749    242.885 327.7780564 +28.8318223     5.75 0.0006213232  -9.0890  99.0000  99.0000    -3319.739       564.97     1152.131    0.095   0
        40    768.048    267.637 327.6974713 +28.8307330     5.01 0.0005405744 -12.0343 -12.0880   0.0094     68425.05     594.4624     1097.831    0.070   0
        41    671.721    258.396 327.7093844 +28.8314987     5.36 0.0005788584 -10.6351 -10.7751   0.0305     20419.65      573.793     1124.849    0.118   3
        42    212.102    270.825 327.7660951 +28.8290479     5.16 0.0005567321 -11.8562 -11.9165   0.0110     58426.04     590.2271     1156.106    0.106   0
        43    250.477    261.716 327.7613794 +28.8301231     5.50 0.0005934433  -9.7085 -10.0631   0.0584     10598.72     569.6406     1155.109    0.128   0
        44    576.996    270.230 327.7210507 +28.8299964     5.18 0.0005598276 -10.7651 -10.8749   0.0279     22385.58     574.5075     1136.806    0.088   0
        45    189.443    293.649 327.7688379 +28.8265332     5.09 0.0005494385 -11.9966 -12.0705   0.0096     67331.27     593.9871     1155.733    0.138   0
        46   1008.015    282.021 327.6678141 +28.8297515     4.74 0.0005117377  -8.3631  99.0000  99.0000    -1673.932     564.6823     1021.352    0.043   0
        47    264.384    312.529 327.7595421 +28.8246820     5.17 0.0005583396 -10.8656 -10.9248   0.0267     23437.03     575.2474     1152.552    0.153   0
        48    204.815    333.415 327.7668458 +28.8222861     5.06 0.0005464292 -13.4517 -13.5029   0.0029     251852.9     666.9412     1153.896    0.100   0
        49    104.231    309.187 327.7793197 +28.8246501     4.75 0.0005129916  -9.5563  -8.7594   0.1927     3189.716     566.0927     1152.119    0.114   0
        50    844.342    319.002 327.6879347 +28.8253798     5.15  0.000556361 -10.0149 -10.0835   0.0573     10799.45     569.5068     1064.126    0.140   0
        51    814.446    338.886 327.6915795 +28.8231663     6.46 0.0006977019  -9.4223  -9.5197   0.0960     6425.033     567.8378     1070.599    0.137   0
        52    119.335    351.152 327.7773550 +28.8201655     5.51 0.0005951665  -9.5635  99.0000  99.0000    -821.1232     564.8102     1151.579    0.215   0
        53    213.619    362.982 327.7656887 +28.8191217     5.33 0.0005750562 -11.0191 -11.1684   0.0214     29334.58     577.4922     1152.125    0.125   0
        54     27.992    352.823 327.7886260 +28.8197608     3.79 0.0004091939  -7.6580  99.0000  99.0000    -58194.75     564.6503     836.0045    0.386   0
        55    840.234    361.610 327.6883439 +28.8207790     3.43 0.0003702025  -8.3974  -8.5517   0.2333     2634.304     565.9111     1056.689    0.390   0
        56    986.310    372.727 327.6702869 +28.8199266     6.40 0.0006909396  -8.7334  -8.5328   0.2375     2589.004     566.0985     1003.079    0.361   0
        57    546.903    390.044 327.7244860 +28.8170141     4.96 0.0005359002  -9.7778  -9.9280   0.0660     9358.761     569.0168     1133.942    0.110   0
        58    966.922    463.200 327.6724737 +28.8101323     5.32 0.0005739945 -15.7250 -15.7500   0.0006      1995212     1147.447     985.9179    0.083   4
        59    122.718    397.488 327.7768267 +28.8151811     5.13 0.0005543979  -8.9539  99.0000  99.0000    -6304.189     564.8581     1148.594    0.201   0
        60    345.696    440.453 327.7492028 +28.8110960     4.91 0.0005297976 -13.5342 -13.5821   0.0027     270917.5     674.2371     1143.611    0.137   0
        61    819.529    420.934 327.6907632 +28.8143376     4.84 0.0005228519 -11.1916 -11.2171   0.0205     30680.15     578.3398     1052.808    0.122   0
        62    425.469    449.364 327.7393356 +28.8103294     5.26 0.0005673973  -9.1883  -9.5588   0.0926     6660.678     567.8143     1137.965    0.257   0
        63    119.637    419.398 327.7771546 +28.8128127     3.89 0.0004196191  -8.4656  99.0000  99.0000    -7472.735     564.7142     1146.882    0.131   0
        64    173.083    442.600 327.7705026 +28.8104438     4.97  0.000536321 -11.7020 -11.7801   0.0124     51528.02     587.1597     1147.807    0.162   0
        65    807.334    447.464 327.6922074 +28.8114501     5.64 0.0006092697 -12.0208 -12.0677   0.0096     67154.59     593.9279     1050.254    0.161   0
        66    272.335    485.711 327.7581501 +28.8060411     4.86 0.0005246508 -14.9761 -15.0088   0.0010      1008176     907.3372     1144.834    0.118   0
        67    722.504    441.130 327.7026925 +28.8119304     6.63  0.000715719  -9.0131  -9.2258   0.1257     4901.574     567.1189     1081.237    0.259   0
        68   1015.603    462.555 327.6664667 +28.8103166     5.31 0.0005732687 -11.4867 -11.5052   0.0157     40002.95     578.9819     969.2018    0.161  16
        69    668.512    449.858 327.7093364 +28.8108610     6.51 0.0007024446  -9.1000  -9.2500   0.1229     5011.882     567.1834     1095.566    0.183   0
        70    352.994    459.999 327.7482558 +28.8090077     4.89 0.0005276133  -9.0844  -9.7851   0.0752     8204.341     568.3824     1141.685    0.232   0
        71     39.461    477.693 327.7869108 +28.8063344     4.86 0.0005249373 -12.1586 -12.1802   0.0087     74486.43     597.0212     874.0342    0.206   0
        72    177.084    468.419 327.7699473 +28.8076716     6.07 0.0006551543  -8.9159  -9.5242   0.0956     6451.821     567.8018     1146.202    0.231   0
        73    950.453    506.379 327.6744078 +28.8054410     5.08 0.0005484594 -13.9541 -13.9947   0.0020     396164.3     719.1669     978.7899    0.115   0
        74    571.674    477.721 327.7212239 +28.8076265     5.46 0.0005898896  -9.1251  -9.2805   0.1195     5154.671     567.2623     1115.959    0.219   0
        75    465.287    480.565 327.7343478 +28.8070637     5.93 0.0006406687  -9.1415  -8.9433   0.1628     3778.617     566.5599     1132.942    0.220   0
        76     97.541    505.304 327.7796764 +28.8035022     4.57 0.0004935152  -8.6999  -8.4741   0.2506     2452.679     566.0543     1141.868    0.040   0
        77    347.589    525.131 327.7487692 +28.8019766     4.78 0.0005157629 -11.1889 -11.2773   0.0194     32427.51     579.0791     1135.944    0.186   0
        78    431.445    548.761 327.7383645 +28.7996338     4.75 0.0005128543 -12.5488 -12.6085   0.0060     110509.2     611.9492     1129.051    0.130   0
        79     97.058    769.164 327.7791051 +28.7750704     5.39 0.0005824784 -12.1015 -12.1884   0.0086     75048.64     597.2112     1093.198    0.350   0
        80    123.667   1026.107 327.7752087 +28.7474503     4.24 0.0004578249  -7.9758  99.0000  99.0000    -4737.635     452.9482     1017.999    0.307  16
        81    125.053   1011.840 327.7750718 +28.7489910     5.76 0.0006220313  -8.5563  99.0000  99.0000    -4844.083      564.954     1019.169    0.222   0
        82    533.309   1010.978 327.7247139 +28.7500758     0.84 9.025755e-05  -7.4082  99.0000  99.0000    -604.8928     564.8901     976.0748    0.047   0
        83    135.492   1000.477 327.7738112 +28.7502410     3.73 0.0004023117  -7.8957  99.0000  99.0000    -2509.871     564.9061     1021.625    0.559   0
        84    126.566    973.494 327.7749767 +28.7531265     4.60 0.0004967406 -12.4787 -12.5207   0.0065     101921.4      608.312     1027.376    0.178   0
        85    826.816    742.430 327.6891249 +28.7797136     5.84 0.0006301501  -9.5232  -9.5161   0.0963     6403.685      567.558     954.8043    0.252   0
        86    608.726    742.631 327.7160346 +28.7791715     8.82 0.0009523336 -10.3684 -10.5049   0.0390     15920.32     571.8925     1039.369    0.273   0
        87    573.587    651.651 327.7205824 +28.7888901     5.03  0.000543557 -10.2479 -10.3111   0.0465     13318.12     570.7854     1078.092    0.211   0
        88    301.713    649.983 327.7541358 +28.7884124     4.86 0.0005246406  -9.8839  -9.9088   0.0672     9193.947     568.9762     1129.454    0.200   0
        89    964.259    656.767 327.6723610 +28.7892691     5.50 0.0005943716  -9.5748  -9.5484   0.0935     6596.965     567.8339      923.463    0.270   0
        90    424.412    925.881 327.7383467 +28.7589822     5.17 0.0005581001  -9.1050  -9.3772   0.1093     5635.061     567.3625     1036.401    0.293   2
        91   1008.323    867.062 327.6664450 +28.7667135     4.63 0.0005000074  -8.3810  99.0000  99.0000    -8375.887     564.9221     678.5588    0.309   0
        92    274.385    906.164 327.7569015 +28.7607426     4.59 0.0004954076 -12.0762 -12.1296   0.0091        71097     595.4486      1061.42    0.183   0
        93    422.995    931.519 327.7385082 +28.7583713     6.01 0.0006484365  -8.4844  -9.3661   0.1105     5577.736     567.2896     1034.598    0.431   3
        94    888.193    889.417 327.6812150 +28.7640212     5.77 0.0006235184  -9.8697  -9.9331   0.0657     9402.718     568.7981     846.2114    0.315   0
        95    461.513    884.684 327.7338661 +28.7635108     4.77 0.0005145995 -12.5275 -12.5954   0.0061     109185.7     611.2606     1039.471    0.180   0
        96     80.864    909.991 327.7807663 +28.7598567     4.56 0.0004918352  -9.7997 -11.2069   0.0207     30393.12     578.2001     971.4989    0.692   0
        97     84.436    885.451 327.7803843 +28.7625096     5.24 0.0005655535  -9.9927 -11.2252   0.0203     30907.36     578.4537     993.6173    0.681   0
        98    315.723    869.607 327.7518880 +28.7647822     5.06  0.000546432  -9.9065 -10.0399   0.0596     10374.66     569.3996     1071.004    0.278   0
        99     80.975    865.274 327.7808596 +28.7646751     4.24 0.0004577797  -9.7087 -11.2503   0.0199        31631     578.7507     988.9188    0.089   0
       100    715.867    838.189 327.7025936 +28.7691313     5.03 0.0005428753 -11.6823 -11.7481   0.0127      50030.4     586.6448     965.6519    0.216   0
       101     83.605    852.788 327.7805650 +28.7660269     3.45 0.0003730369  -9.2539 -11.2178   0.0205     30698.23     578.1135     1005.908    0.417   0
       102    883.604    830.451 327.6819161 +28.7703639     5.45 0.0005887345 -13.2095 -13.2358   0.0036     196941.2     646.1418     897.8922    0.219   0
       103    147.126    796.196 327.7728630 +28.7722805     4.60 0.0004968955 -11.0924 -11.1295   0.0221     28301.42     577.2169     1100.139    0.196   0
       104    465.354    813.676 327.7335587 +28.7711712     4.71 0.0005081679 -13.7049 -13.7480   0.0024     315640.6     690.6209     1062.047    0.155   0
       105     71.517    791.011 327.7822042 +28.7726537     7.27 0.0007854418 -10.5756 -11.0933   0.0229     27373.05     576.8459     975.2119    0.087   0
       106    497.747    801.545 327.7295905 +28.7725566     4.89 0.0005283718  -9.8598  -9.8198   0.0729     8470.945     568.6108     1057.638    0.212   0
       107    261.588    789.922 327.7587555 +28.7732363     4.74 0.0005121177  -9.7239  -9.7673   0.0765     8070.805     568.4189     1100.354    0.183   0
       108    787.503    776.972 327.6938962 +28.7758982     5.95 0.0006422405  -8.8576  -9.4161   0.1055     5840.312     567.4689     957.3004    0.494   0
       109    571.716    703.762 327.7206918 +28.7832707     4.63 0.0004994048  -9.2315  -9.5356   0.0946     6519.723     567.7681     1064.205    0.227   0
       110    584.708    708.812 327.7190769 +28.7827578     5.57 0.0006018289  -9.2376  -9.7733   0.0761     8115.919     568.5023     1058.064    0.321   0
       111    796.777    674.792 327.6929871 +28.7869302     5.69 0.0006145164  -9.0980  -8.9490   0.1619     3798.243     566.3295     987.9506    0.224   0
       112    127.351    707.392 327.7755149 +28.7818006     4.68 0.0005054471 -10.2036  -9.6436   0.0857     7201.741     568.0843       1119.3    0.150   0
       113    847.955    760.202 327.6864758 +28.7778488     5.24  0.000565853 -10.8552 -10.9265   0.0266     23474.21     575.0438     940.0398    0.210   0
       114    884.484    755.037 327.6819802 +28.7784919     5.38 0.0005808556 -10.8306 -10.8817   0.0277     22526.75     574.7889     926.9025    0.279   0
       115    266.865    743.089 327.7582153 +28.7782954     4.58 0.0004941249 -10.3071 -10.4558   0.0408     15216.62     571.6479      1111.79    0.211   0
       116    739.513    747.307 327.6998860 +28.7789804     5.60 0.0006042008  -8.5042  -8.7001   0.2036     3020.333      566.273     988.7919    0.259   0
       117    306.998    738.822 327.7532736 +28.7788529     3.95 0.0004268895  -8.3438  -8.2426   0.3099     1981.717     565.5909     1110.443    0.498   0
       118    287.878    696.155 327.7557338 +28.7834037     4.48 0.0004841159  -8.3168  -8.3392   0.2837     2166.055     565.8798     1123.031    0.200   0
       119    381.516    742.304 327.7440706 +28.7786587     4.67 0.0005038863 -12.2824 -12.3335   0.0076     85786.13     601.7493     1102.765    0.150   0
       120     82.607    667.409 327.7811316 +28.7859988     5.86 0.0006329714 -10.3297 -11.2040   0.0207     30310.82     577.9772     1058.911    0.409   0
       121    945.018    723.360 327.6745832 +28.7820482     5.47 0.0005906777 -10.9145 -10.9525   0.0260     24042.55     575.3693     911.0986    0.224   0
       122    283.201    724.812 327.7562430 +28.7803046     4.31 0.0004657156  -8.9642  -8.9978   0.1548     3972.902     566.4066      1115.63    0.144   0
       123    583.879    724.341 327.7191431 +28.7810825     4.17 0.0004506165  -8.3825  -9.2756   0.1201     5131.405      567.252     1053.949    0.256   0
       124    869.849    679.893 327.6839583 +28.7865540     5.00 0.0005396564 -10.7742 -10.8303   0.0290     21483.82     574.3822     956.1566    0.178   0
       125    527.368    674.728 327.7262320 +28.7862924     5.20  0.000561432  -9.6424  -9.7469   0.0779     7920.514     568.4323      1087.62    0.217   0
       126     84.472    724.485 327.7807648 +28.7798535     5.05 0.0005449186  -9.9132 -11.1599   0.0216     29103.33     577.7047     1049.038    0.594   0
       127     73.125    681.237 327.7822685 +28.7844857     4.54 0.0004904502  -9.8601 -11.2610   0.0197     31945.46     578.8553     1009.597    0.531   0
       128    674.121    714.502 327.7080307 +28.7823590     4.71 0.0005089391  -9.8503  -9.8564   0.0705     8760.987     568.7859      1024.24    0.235   0
       129     77.503    699.004 327.7816857 +28.7825820     4.60 0.0004964978  -9.9300 -11.2851   0.0193     32662.06     579.0868     1028.082    0.190   0
       130    251.292    665.968 327.7603198 +28.7865672     4.80 0.0005181143  -9.8841  -9.7183   0.0800     7714.566      568.294     1131.562    0.190   0
       131    442.180    670.654 327.7367535 +28.7865258     4.72 0.0005094249  -9.0410  -9.0113   0.1530     4022.642     566.6994     1109.665    0.184   0
       132    259.090    639.534 327.7594202 +28.7894345     4.70  0.000507682 -10.0569 -10.1183   0.0555     11150.81     569.8829     1133.209    0.223   0
       133     74.201    660.988 327.7821842 +28.7866701     3.94 0.0004253503  -9.4051 -11.2418   0.0200     31385.77     578.3795     1018.353    0.512   0
       134    727.597    626.564 327.7016353 +28.7919620     4.67 0.0005041318 -10.7301 -10.7684   0.0307     20292.84     573.6276     1029.216    0.170   0
       135    314.096   1009.548 327.7517581 +28.7496996     4.72 0.0005095482 -10.6774 -10.6897   0.0330     18875.41       573.23      1021.04    0.218   0
       136    473.008    939.001 327.7323209 +28.7576860     4.11 0.0004437605  -8.0922  -8.5560   0.2324      2644.75     565.9158      1018.29    0.425   0
       137    142.052    842.301 327.7733792 +28.7673004     4.48 0.0004839205 -11.7417 -11.7651   0.0125      50820.9     586.9816     1081.978    0.187   0
       138    852.069    618.205 327.6862939 +28.7931588     7.70  0.000831882  -9.4260  -9.5572   0.0927     6650.955     567.7941     982.0918    0.212   0
       139    158.455    620.569 327.7718839 +28.7912319     4.64 0.0005013616 -11.1482 -11.3325   0.0185     34118.73     579.8555      1138.18    0.201   3
       140    152.167    608.049 327.7726896 +28.7925656     4.69 0.0005068353 -11.6592 -11.7104   0.0132     48324.42     585.8865     1139.231    0.183   2
       141    502.391    923.472 327.7287323 +28.7594301     4.97 0.0005362257  -9.2073  -9.3284   0.1144     5387.029     567.2532     1014.926    0.285   0
       142     61.287    988.531 327.7829933 +28.7513459     4.92 0.0005316912 -13.0120 -13.0796   0.0040     170546.4     635.9893     867.5521    0.150   0
       143     89.650    581.666 327.7804676 +28.7952549     4.95 0.0005348578 -11.3665 -11.5165   0.0156     40421.83     582.4117     1105.808    0.133   0
       144    388.357    954.395 327.7427275 +28.7558226     4.81 0.0005191606 -10.6836 -10.8227   0.0292     21335.23     574.1603     1032.178    0.230   0
       145    627.743    584.634 327.7140552 +28.7962412     4.77  0.000514628 -11.3995 -11.4533   0.0166     38135.13     581.5535     1076.347    0.176   0
       146    319.546    881.346 327.7513887 +28.7635265     5.10 0.0005506538  -9.3084  -9.4966   0.0980     6290.117     567.6989     1066.673    0.210   0
       147    174.849    565.137 327.7699927 +28.7972448     5.37 0.0005796358  -9.2076  -9.7585   0.0771      8005.69     568.3268     1141.267    0.154   0
       148    828.979    539.179 327.6893250 +28.8016191     3.92 0.0004229034  -8.3117  -8.2840   0.2984     2058.806     565.6249     1014.669    0.501   0
       149    944.606    968.799 327.6740740 +28.7556011     3.43 0.0003703632  -8.7295 -10.0848   0.0572      10812.4     569.5601     597.3175    0.417   0
       150    168.943    997.425 327.7696923 +28.7506518     4.74 0.0005116895 -12.1544 -12.2164   0.0084     77010.18     598.0771     1026.169    0.193   0
       151    413.410    842.346 327.7399002 +28.7679565     4.55 0.0004912486 -11.1441 -11.1989   0.0208     30168.92     578.0876     1064.257    0.183   0
       152     60.630    963.242 327.7831349 +28.7540691     4.85  0.000524099 -11.9378 -12.0716   0.0096      67394.7     593.9529     874.5297    0.155   0
       153    275.945    746.801 327.7570863 +28.7779176     4.36 0.0004711892  -8.9366  -9.2779   0.1198     5142.144     567.0179      1110.26    0.334   0
