#   1 NUMBER                 Running object number                                     
#   2 X_IMAGE                Object position along x                                    [pixel]
#   3 Y_IMAGE                Object position along y                                    [pixel]
#   4 ALPHA_J2000            Right ascension of barycenter (J2000)                      [deg]
#   5 DELTA_J2000            Declination of barycenter (J2000)                          [deg]
#   6 FWHM_IMAGE             FWHM assuming a gaussian core                              [pixel]
#   7 FWHM_WORLD             FWHM assuming a gaussian core                              [deg]
#   8 MAG_BEST               Best of MAG_AUTO and MAG_ISOCOR                            [mag]
#   9 MAG_APER               Fixed aperture magnitude vector                            [mag]
#  10 MAGERR_APER            RMS error vector for fixed aperture mag.                   [mag]
#  11 FLUX_APER              Flux vector within fixed circular aperture(s)              [count]
#  12 FLUXERR_APER           RMS error vector for aperture flux(es)                     [count]
#  13 BACKGROUND             Background at centroid position                            [count]
#  14 ELLIPTICITY            1 - B_IMAGE/A_IMAGE                                       
#  15 FLAGS                  Extraction flags                                          
         1     10.575     80.818 237.9947427 +32.9329569    65.04  0.006987816 -13.6551 -12.8456   0.0063     137473.9     799.2667     389.7773    0.599  24
         2    142.145     87.597 237.9778641 +32.9326007    45.76  0.004916557 -13.3387 -11.9795   0.0144     61915.43     818.3585     1413.942    0.759   2
         3    192.353     30.628 237.9715614 +32.9388514    33.33  0.003580501 -12.9148 -12.0045   0.0140     63359.24     818.9319     805.7098    0.237  17
         4    135.926     11.045 237.9788394 +32.9407932    87.24  0.009372163 -14.9000 -13.6747   0.0031     295029.5     852.8585     224.5385    0.745  24
         5     65.427    109.645 237.9876453 +32.9300202    22.31  0.002396992  -9.4991  99.0000  99.0000     -5200.45     799.3106     990.0383    0.561   0
         6    422.535     85.232 237.9419330 +32.9336371     5.60 0.0006016188 -11.3594 -11.1896   0.0294     29912.89     808.7465     1580.224    0.101   0
         7    916.679     82.275 237.8786051 +32.9353088     5.66 0.0006081067 -11.8068 -11.1765   0.0297     29552.18     808.6797     1391.589    0.083   0
         8     74.915    251.746 237.9860973 +32.9148070    45.81  0.004921461 -13.8994 -12.0083   0.0140     63579.71     819.0875      1544.31    0.641   2
         9     83.220    122.439 237.9853350 +32.9286982    11.02  0.001184453 -11.7804 -11.5615   0.0209     42130.27     812.3363     1270.002    0.417   0
        10    988.329    188.692 237.8691879 +32.9240894     5.13 0.0005515198 -14.7927 -14.8310   0.0013     855819.7     1032.969     1526.277    0.056   0
        11    553.433    133.162 237.9250476 +32.9288587     5.07  0.000544408 -10.9381 -10.5201   0.0541     16145.46     804.4344     1692.622    0.111   0
        12    182.302    249.673 237.9723415 +32.9153313     5.00 0.0005373391 -11.9263 -12.0177   0.0139      64131.7     819.2118     1744.394    0.090   0
        13    252.428    263.565 237.9633234 +32.9140378     7.25 0.0007791889  -9.5738  -9.6802   0.1169      7448.58      801.682     1744.205    0.019   0
        14    568.594    404.607 237.9224912 +32.8997885    24.38  0.002618909 -17.0318 -17.0368   0.0003      6526913     1975.383     1707.474    0.237   4
        15    886.202    302.884 237.8820238 +32.9115662     5.49 0.0005898356  -9.5240  -9.8111   0.1036     8403.367     801.9121     1560.609    0.068   0
        16    782.783    334.646 237.8952049 +32.9078786     4.79 0.0005143445 -12.1581 -12.2174   0.0116      77082.8     823.0668     1620.201    0.031   0
        17     76.401    380.667 237.9856059 +32.9009848    27.59   0.00296393 -13.5354 -11.8621   0.0160     55569.37     816.3953     1542.331    0.497   2
        18     75.841    359.786 237.9857264 +32.9032227    18.91  0.002031302 -12.8531 -11.8060   0.0168     52770.67     815.5822     1546.384    0.143   2
        19    155.491    368.320 237.9755015 +32.9025315     4.95 0.0005312657 -12.8302 -12.8846   0.0064     142502.2     842.8104     1742.737    0.070   0
        20    439.227    354.825 237.9391791 +32.9047701     3.46 0.0003721916  -8.7937  -9.4213   0.1483     5868.558     801.1215     1726.551    0.654   0
        21    788.007    367.018 237.8944636 +32.9044209     3.67 0.0003948067  -8.9433  -8.8930   0.2409     3607.417     800.1445     1605.334    0.000   0
        22    339.010    369.805 237.9519852 +32.9028853     5.08 0.0005452908  -9.1097  -9.7669   0.1079     8067.548     801.6044     1731.582    0.199   0
        23    206.230    393.157 237.9689433 +32.9000101     4.87 0.0005228757 -11.8618 -11.9733   0.0144     61561.57     818.3387     1739.715    0.106   0
        24     78.099    545.930 237.9850025 +32.8832658    27.97  0.003005353 -13.2633 -11.9110   0.0153     58130.44     817.4225      1542.13    0.416   0
        25     80.120    418.651 237.9850408 +32.8969217    10.02  0.001076316 -11.9335 -11.7382   0.0179     49576.45     814.8688     1571.577    0.372   0
        26     76.808    437.207 237.9854218 +32.8949223    13.87  0.001489921 -12.1795 -11.7735   0.0173     51215.89     814.9946     1542.617    0.404   2
        27     77.418    450.186 237.9853133 +32.8935321    21.00  0.002256374 -13.1178 -11.7867   0.0171     51841.39     815.1642     1541.409    0.414   2
        28     75.323    473.422 237.9855274 +32.8910341    17.43   0.00187238 -12.6059 -11.7820   0.0172      51616.2     815.4278      1520.89    0.486   2
        29    372.893    451.560 237.9474569 +32.8942116     5.02 0.0005392048 -10.0257 -10.3189   0.0651     13413.68     803.5176     1724.129    0.090   0
        30     83.656    903.688 237.9834567 +32.8449129    60.07  0.006453413 -14.6554 -11.9249   0.0151     58881.26     817.6301     1414.027    0.883  18
        31     78.987    664.436 237.9846123 +32.8705588    63.94  0.006868891 -15.0371 -11.9676   0.0145     61239.35      818.174     1518.897    0.839  18
        32    963.254    495.475 237.8717275 +32.8911196     4.71 0.0005062976 -12.6760 -12.7334   0.0073     123986.1     837.2352     1416.326    0.021   0
        33    231.146    524.197 237.9654483 +32.8860262     5.56 0.0005973502  -9.0145  -8.9557   0.2274     3821.958     800.4374     1724.999    0.112   0
        34    402.993    778.294 237.9428549 +32.8592537     3.46 0.0003715653  -8.6362  -8.2191   0.4480     1939.334     799.9396     1619.751    0.077   0
        35     87.348    986.025 237.9827921 +32.8360930    12.34  0.001325712 -11.7085 -11.4729   0.0227     38830.01     811.4091     1391.961    0.303   0
        36    753.716    940.551 237.8975793 +32.8428170     4.52 0.0004855713 -12.6861 -12.7366   0.0073     124349.7     837.4949     1290.755    0.103   0
        37    154.431    806.549 237.9746201 +32.8555298     4.43 0.0004758119 -11.8492 -11.8842   0.0156      56711.3     816.9663     1635.993    0.105   0
        38    708.141    666.726 237.9040264 +32.8720597     4.77 0.0005119523  -8.8645  -8.2584   0.4321      2010.75     800.0071     1512.884    0.279   0
        39    778.513    829.141 237.8946520 +32.8548331     4.51 0.0004840918 -10.8218 -10.9336   0.0371      23628.3     806.8015     1351.812    0.103   0
        40    688.311    688.141 237.9065184 +32.8697087     4.45 0.0004776992 -11.5335 -11.5702   0.0208     42469.64      812.641     1516.028    0.059   0
        41    750.625    644.846 237.8986339 +32.8745224     4.75 0.0005104318  -9.6672  -9.9502   0.0912     9551.367     802.3375     1492.045    0.069   0
        42    439.394    612.584 237.9385706 +32.8771267     4.59  0.000493185 -12.6190 -12.6798   0.0077     118011.1     835.1462     1689.726    0.078   0
        43    313.701    574.287 237.9547581 +32.8808847     4.99 0.0005358214  -9.4957  -9.7897   0.1057       8238.8     802.0637     1715.289    0.131   0
        44    533.408    662.732 237.9264152 +32.8720082     4.16 0.0004470542  -9.0659  -9.0983   0.1995     4358.385     800.7404     1630.103    0.145   0
        45    614.115    538.143 237.9163586 +32.8855923     4.48  0.000481238  -8.7785  -9.0770   0.2035     4273.562      800.759     1639.883    0.226   0
        46    588.182    945.564 237.9187626 +32.8418259     4.35 0.0004668758  -9.8575  -9.8191   0.1029     8465.406     801.8864     1412.601    0.152   0
        47     88.285    957.709 237.9827382 +32.8391324     6.87 0.0007376606 -10.0581 -11.5897   0.0204     43238.42     812.7885     1412.026    0.546   1
        48    578.907    560.770 237.9208177 +32.8830687     5.93 0.0006367246  -9.5611  -9.8527   0.0998      8731.32     802.1045     1648.881    0.468   0
        49    652.617   1000.037 237.9103905 +32.8361607     4.46 0.0004790152 -12.5388 -12.5784   0.0084     107484.6     832.2281     1330.921    0.110   0
        50    722.513    876.127 237.9017183 +32.8496411     4.40 0.0004724875 -11.8785 -11.9389   0.0149     59640.66     817.8843     1365.702    0.071   0
