#   1 NUMBER                 Running object number                                     
#   2 X_IMAGE                Object position along x                                    [pixel]
#   3 Y_IMAGE                Object position along y                                    [pixel]
#   4 ALPHA_J2000            Right ascension of barycenter (J2000)                      [deg]
#   5 DELTA_J2000            Declination of barycenter (J2000)                          [deg]
#   6 FWHM_IMAGE             FWHM assuming a gaussian core                              [pixel]
#   7 FWHM_WORLD             FWHM assuming a gaussian core                              [deg]
#   8 MAG_BEST               Best of MAG_AUTO and MAG_ISOCOR                            [mag]
#   9 MAG_APER               Fixed aperture magnitude vector                            [mag]
#  10 MAGERR_APER            RMS error vector for fixed aperture mag.                   [mag]
#  11 FLUX_APER              Flux vector within fixed circular aperture(s)              [count]
#  12 FLUXERR_APER           RMS error vector for aperture flux(es)                     [count]
#  13 BACKGROUND             Background at centroid position                            [count]
#  14 ELLIPTICITY            1 - B_IMAGE/A_IMAGE                                       
#  15 FLAGS                  Extraction flags                                          
         1    840.638     79.885 200.9196047 +36.1181358   135.00    0.0145825 -14.5107 -12.3735   0.0061     89001.73     499.3884     732.3795    0.612  16
         2    821.024      9.528 200.9223696 +36.1256470    78.75  0.008506057 -13.5138 -12.2785   0.0062     81545.82     465.4491     439.9777    0.776  24
         3    696.553    199.328 200.9387124 +36.1048552     4.94 0.0005340559 -15.4992 -15.5280   0.0007      1626330     1008.963     911.9668    0.078   4
         4    783.699    196.995 200.9270241 +36.1053665     4.78   0.00051675 -15.0263 -15.0598   0.0009      1056624     856.2235     911.9489    0.060   0
         5    137.430    207.938 201.0137126 +36.1022309     4.44 0.0004791966 -13.2486 -13.2973   0.0029       208418      556.017     862.6318    0.008   0
         6    560.138    205.420 200.9570038 +36.1037898     5.56 0.0006005001  -8.7165  -9.0967   0.1136     4352.035     455.0682     907.5802    0.282   0
         7    753.022    218.512 200.9310994 +36.1029601     3.50 0.0003780954  -8.3381  -9.3450   0.0905     5470.322     455.6567     913.3637    0.375   0
         8    349.273    269.810 200.9851685 +36.0962231     5.19 0.0005605196  -8.6546  -8.6391   0.1728     2855.125     454.2068     894.9731    0.179   0
         9    637.936    330.427 200.9463257 +36.0905746     4.48 0.0004844524 -10.9132 -11.0224   0.0198     25641.95     466.6301     906.3972    0.086   0
        10    277.958    376.387 200.9945243 +36.0845391     7.80 0.0008424526  -9.2453  -9.2550   0.0982     5034.855     455.3414     885.3544    0.256   0
        11    214.698    438.807 201.0028851 +36.0776299     7.48 0.0008082521  -9.0942  -8.9079   0.1350     3657.383     454.5844     871.1606    0.160   0
        12     42.948    487.951 201.0258211 +36.0718138     5.12 0.0005532021  -9.1349  -9.1393   0.1092     4526.003     455.1129      826.628    0.120   0
        13    156.583    528.718 201.0104994 +36.0677781     4.18 0.0004509786 -12.9940 -13.0465   0.0035     165423.7     536.2833     851.1501    0.043   0
        14    910.777    898.024 200.9086647 +36.0303213     3.49 0.0003771092  -8.7176  99.0000  99.0000    -7398.856     452.5302     747.7297    0.079   0
        15    238.651    718.777 200.9991154 +36.0475820     4.25 0.0004593623 -10.2614 -10.2693   0.0390     12814.68     459.6434     833.7415    0.049   0
        16    873.170    561.013 200.9143370 +36.0664685     3.76 0.0004063788  -8.7096 -10.2814   0.0385      12958.5     459.5703     878.5942    0.506   0
        17    126.916    881.077 201.0137697 +36.0297777     5.83 0.0006295161  -8.9670  -9.2471   0.0989     4998.621      455.436     758.7737    0.348   0
        18     64.234    772.215 201.0223917 +36.0412965     7.52 0.0008119837  -8.8507  -8.9278   0.1325     3724.844     454.6088     783.0063    0.320   0
        19     54.961    780.000 201.0236191 +36.0404303     4.33 0.0004673654  -8.3721  -8.6481   0.1713     2878.926     454.0796     778.4352    0.013   0
        20    548.604    723.959 200.9575486 +36.0479663     4.09 0.0004422079  -9.7914 -10.0516   0.0475     10487.19     458.2745     867.4276    0.056   0
        21    555.059    702.986 200.9567236 +36.0502423     5.68 0.0006136598 -10.2277 -10.3517   0.0362     13824.88     460.2177     872.6845    0.091   0
        22    782.884    595.240 200.9263804 +36.0625175     4.08 0.0004407318 -10.3498 -10.4629   0.0327        15317     461.0527     898.0837    0.056   0
        23    503.311    670.071 200.9637258 +36.0536273     3.79 0.0004091015 -10.1702 -10.2347   0.0402     12412.61     459.5003      876.821    0.067   0
        24    721.164    561.767 200.9347207 +36.0659345     4.25 0.0004590412  -8.5514  -8.8789   0.1386     3560.784     454.5951     898.8379    0.245   0
        25    880.865    685.074 200.9130728 +36.0531437     8.32 0.0008989295 -10.6282 -10.8593   0.0229     22065.79     464.6977     843.5044    0.190   0
        26    881.720    950.991 200.9124607 +36.0245366     4.29 0.0004633766  -9.3669 -10.9862   0.0204      24800.7     466.0921     786.0277    0.630   0
