#   1 NUMBER                 Running object number                                     
#   2 X_IMAGE                Object position along x                                    [pixel]
#   3 Y_IMAGE                Object position along y                                    [pixel]
#   4 ALPHA_J2000            Right ascension of barycenter (J2000)                      [deg]
#   5 DELTA_J2000            Declination of barycenter (J2000)                          [deg]
#   6 FWHM_IMAGE             FWHM assuming a gaussian core                              [pixel]
#   7 FWHM_WORLD             FWHM assuming a gaussian core                              [deg]
#   8 MAG_BEST               Best of MAG_AUTO and MAG_ISOCOR                            [mag]
#   9 MAG_APER               Fixed aperture magnitude vector                            [mag]
#  10 MAGERR_APER            RMS error vector for fixed aperture mag.                   [mag]
#  11 FLUX_APER              Flux vector within fixed circular aperture(s)              [count]
#  12 FLUXERR_APER           RMS error vector for aperture flux(es)                     [count]
#  13 BACKGROUND             Background at centroid position                            [count]
#  14 ELLIPTICITY            1 - B_IMAGE/A_IMAGE                                       
#  15 FLAGS                  Extraction flags                                          
         1    852.905     89.097 200.9156475 +36.1181437   110.97   0.01206143 -15.5903 -13.4579   0.0035     241634.7     787.5212     1073.366    0.488  19
         2    816.604     46.257 200.9206294 +36.1227121    76.95  0.008364325 -14.3153 -12.9426   0.0055     150326.5     757.6459     740.5135    0.792  19
         3    826.641     10.398 200.9193686 +36.1266396    93.92   0.01020859 -14.3112 -13.3371   0.0037       216202     742.0649     295.4488    0.802  24
         4    238.672     79.581 200.9981934 +36.1175790     4.98 0.0005417832 -10.2932 -11.5276   0.0192     40835.15     720.7687     1299.757    0.385   0
         5    257.011     80.999 200.9957260 +36.1174732     3.07 0.0003338885  -9.6723 -11.4800   0.0200     39085.77     719.7891     1313.625    0.024   0
         6    126.172     84.159 201.0132957 +36.1167816     5.89 0.0006396607 -10.5773 -11.5767   0.0183     42725.79     721.3264     1272.843    0.603   0
         7    331.604     84.198 200.9856964 +36.1173223     3.46  0.000376362  -9.4455 -11.3227   0.0231     33813.47     718.0933     1358.001    0.413   0
         8     87.425     85.261 201.0184984 +36.1165582     4.12 0.0004481975  -9.8847 -11.4883   0.0199     39384.54      720.285      1263.92    0.531   0
         9    679.198    203.639 200.9387019 +36.1052337     6.62 0.0007195134 -15.3021 -15.3065   0.0009      1326158     1077.869     1519.657    0.020   0
        10    766.455    201.311 200.9269864 +36.1057120     6.66 0.0007234198 -14.8357 -14.8439   0.0012     866049.4     965.4462     1520.831    0.018   0
        11    119.286    212.412 201.0138902 +36.1028083     6.78 0.0007371536 -13.0434 -13.0700   0.0049     169045.8     763.8902     1379.701    0.029   0
        12    620.590    334.826 200.9462488 +36.0908077     6.84 0.0007431448 -10.7406 -10.8099   0.0368     21085.09     713.5493     1506.334    0.066   0
        13    138.241    533.646 201.0105179 +36.0679064     6.74 0.0007321073 -12.7567 -12.7878   0.0063     130356.8     751.1592     1353.192    0.049   0
        14    882.987    808.812 200.9098544 +36.0399088   103.76   0.01127744 -15.0425 -11.9124   0.0136     58203.09     726.4764     1280.207    0.944  18
        15    765.897    600.067 200.9260822 +36.0623222     7.12 0.0007740477 -10.0327 -10.1608   0.0665      11595.9     710.5746     1489.919    0.061   0
        16    538.265    708.987 200.9563711 +36.0498818     4.26 0.0004633545  -9.4048 -10.1517   0.0671        11500     710.4812     1419.609    0.059   0
        17    485.966    674.890 200.9634768 +36.0534554     9.18   0.00099819  -9.8315  -9.7877   0.0937     8223.727     709.2677     1429.664    0.209   0
        18    530.347    728.878 200.9573843 +36.0476969     5.91 0.0006428752  -9.4131  -9.7407   0.0978     7875.707     709.2446      1406.04    0.486   0
        19    220.726    723.985 200.9989568 +36.0474153     9.84  0.001069618  -9.9807  -9.8918   0.0851      9051.19     709.6389     1309.167    0.123   0
        20    884.696    897.733 200.9094089 +36.0302378    70.45  0.007657734 -14.3295 -12.0899   0.0116     68545.52     730.3362     1215.082    0.711  18
