#   1 NUMBER                 Running object number                                     
#   2 X_IMAGE                Object position along x                                    [pixel]
#   3 Y_IMAGE                Object position along y                                    [pixel]
#   4 ALPHA_J2000            Right ascension of barycenter (J2000)                      [deg]
#   5 DELTA_J2000            Declination of barycenter (J2000)                          [deg]
#   6 FWHM_IMAGE             FWHM assuming a gaussian core                              [pixel]
#   7 FWHM_WORLD             FWHM assuming a gaussian core                              [deg]
#   8 MAG_BEST               Best of MAG_AUTO and MAG_ISOCOR                            [mag]
#   9 MAG_APER               Fixed aperture magnitude vector                            [mag]
#  10 MAGERR_APER            RMS error vector for fixed aperture mag.                   [mag]
#  11 FLUX_APER              Flux vector within fixed circular aperture(s)              [count]
#  12 FLUXERR_APER           RMS error vector for aperture flux(es)                     [count]
#  13 BACKGROUND             Background at centroid position                            [count]
#  14 ELLIPTICITY            1 - B_IMAGE/A_IMAGE                                       
#  15 FLAGS                  Extraction flags                                          
         1    219.397    205.032 327.7674573 +28.9458839    11.73  0.001267309  -9.6443  -9.6981   0.0493     7572.673     344.0345     659.5579    0.317   2
         2    848.345    283.061 327.6894799 +28.9389941     0.98 0.0001058209  -7.1135  99.0000  99.0000    -784.6495     338.6019     624.3973    0.088   0
         3    157.977    300.024 327.7748328 +28.9354938    10.36  0.001119144  -9.3280  -9.4561   0.0615     6059.747     342.9901     659.7642    0.408   0
         4    221.100    638.329 327.7662372 +28.8991832     7.46 0.0008061912 -11.1898 -11.2215   0.0127     30804.77     360.6834     655.5064    0.164   0
         5    146.393    824.809 327.7750383 +28.8788991    19.82   0.00214137 -12.0321 -10.9016   0.0168     22941.51     355.0361     617.1907    0.165   2
         6    744.813    826.790 327.7010562 +28.8801380     7.46   0.00080615 -10.6865 -10.7218   0.0197      19441.3     352.5536     644.5095    0.161   0
         7    726.251    816.365 327.7033745 +28.8812173     7.80  0.000842411  -8.9208  -9.2589   0.0736     5053.328      342.341      645.986    0.124   0
         8    558.726    739.308 327.7242606 +28.8891204    10.41  0.001124949  -9.2611  -9.2934   0.0713      5216.44     342.4601     651.3088    0.313   0
         9    270.728    716.537 327.7599194 +28.8908748     8.56 0.0009247989  -9.2183  -9.3862   0.0655     5681.707     342.7996     656.2736    0.206   0
        10    294.711    684.399 327.7570288 +28.8943976     7.37 0.0007962431 -10.5850 -10.6218   0.0215      17730.4     351.4121     655.4852    0.148   0
        11    518.932    563.743 327.7295826 +28.9079484    10.38   0.00112189  -9.7635  -9.9079   0.0408     9186.953     345.3089     657.0457    0.223   0
        12    522.517    539.141 327.7291957 +28.9106090     7.23 0.0007815984  -8.6929  -9.0696   0.0874     4244.511     341.7878     656.5437    0.540   0
        13    897.745    504.312 327.6828732 +28.9152629     8.22 0.0008883908 -10.4960 -10.5393   0.0232     16432.86     350.5433     628.2258    0.154   0
        14     19.131    465.603 327.7916161 +28.9173034     8.92 0.0009633737  -9.4862  -9.2160   0.0765      4857.38     342.1315     612.2375    0.388   0
        15    701.117    466.156 327.7072757 +28.9189063     1.35 0.0001462624  -7.0383  -7.1168   0.5242     702.5892     339.1585     642.0615    0.140   0
        16     77.660    775.377 327.7836511 +28.8840579    22.33  0.002413024 -12.1330 -10.9170   0.0166     23270.28     355.3862     615.9283    0.102   2
        17     62.626    760.422 327.7855448 +28.8856327    11.29  0.001220274 -11.0642 -10.8646   0.0174     22172.87     354.5493     615.5087    0.564   0
