#   1 NUMBER                 Running object number                                     
#   2 X_IMAGE                Object position along x                                    [pixel]
#   3 Y_IMAGE                Object position along y                                    [pixel]
#   4 ALPHA_J2000            Right ascension of barycenter (J2000)                      [deg]
#   5 DELTA_J2000            Declination of barycenter (J2000)                          [deg]
#   6 FWHM_IMAGE             FWHM assuming a gaussian core                              [pixel]
#   7 FWHM_WORLD             FWHM assuming a gaussian core                              [deg]
#   8 MAG_BEST               Best of MAG_AUTO and MAG_ISOCOR                            [mag]
#   9 MAG_APER               Fixed aperture magnitude vector                            [mag]
#  10 MAGERR_APER            RMS error vector for fixed aperture mag.                   [mag]
#  11 FLUX_APER              Flux vector within fixed circular aperture(s)              [count]
#  12 FLUXERR_APER           RMS error vector for aperture flux(es)                     [count]
#  13 BACKGROUND             Background at centroid position                            [count]
#  14 ELLIPTICITY            1 - B_IMAGE/A_IMAGE                                       
#  15 FLAGS                  Extraction flags                                          
         1    636.715     55.975 327.9725892 +29.0866047     6.19 0.0006779542 -15.9864 -16.0019   0.0006      2516288     1383.152     1496.123    0.155   4
         2    108.391     29.317 328.0387594 +29.0893980     6.40  0.000700044 -11.2978 -11.2944   0.0237     32943.26     719.6238      1538.36    0.056   0
         3    347.978     43.825 328.0087512 +29.0878706     5.13 0.0005616171  -8.9855  -9.4085   0.1327     5799.822     708.8298     1525.508    0.203   0
         4    185.007     78.304 328.0291503 +29.0840570     6.16 0.0006738271 -11.1524 -11.2548   0.0246     31763.11     719.1041     1540.602    0.035   0
         5    321.870     86.537 328.0120091 +29.0831901     6.06 0.0006628543 -11.7069 -11.7131   0.0163     48442.14     725.7264     1528.152    0.056   0
         6    665.999    104.290 327.9689110 +29.0813232     7.45 0.0008158487  -9.2365  -8.6716   0.2613     2941.884     707.7962     1469.504    0.083   0
         7    444.065    199.133 327.9966782 +29.0708964     5.77 0.0006315342 -16.2229 -16.2382   0.0005      3128228     1502.334     1516.723    0.024   6
         8    383.811    207.905 328.0042202 +29.0699226     5.72 0.0006258621 -15.6149 -15.6084   0.0008      1751247     1217.924      1523.28    0.077   3
         9    430.169    175.936 327.9984241 +29.0734319     5.79 0.0006331472 -13.1680 -13.1992   0.0044       190407     778.8297      1520.38    0.078   3
        10    189.655    175.582 328.0285400 +29.0734124     5.91 0.0006464507 -13.5813 -13.6258   0.0031     282047.7     811.1213     1540.026    0.050   0
        11    398.742    197.098 328.0023536 +29.0711088     5.76 0.0006306914 -14.3626 -14.3839   0.0017     566973.9     904.4586     1521.971    0.068   3
        12     98.186    146.163 328.0400020 +29.0766080     0.81 8.867632e-05  -7.6906  -8.0167   0.4772     1609.502     707.2473     1541.291    0.218   0
        13    575.334    172.394 327.9802481 +29.0738514     5.83 0.0006383335 -12.1039 -12.1674   0.0108     73614.25     735.3857     1495.697    0.052   2
        14    236.072    172.384 328.0227289 +29.0737742     5.92 0.0006479007 -11.8665 -11.9101   0.0136     58082.22     729.5256     1536.979    0.043   0
        15     31.949    161.226 328.0482914 +29.0749417     8.33 0.0009119719  -9.5981  -9.7321   0.0987      7813.49     709.8265      1539.19    0.223   0
        16    683.701    185.650 327.9666759 +29.0724229     5.86 0.0006412035 -12.0554 -12.1161   0.0114     70218.44     734.1259     1447.882    0.031   0
        17    587.441    176.508 327.9787312 +29.0734037     7.08 0.0007744811 -10.7198 -10.8936   0.0341      22774.4      715.683      1490.96    0.111   3
        18    127.955    188.919 328.0362617 +29.0719368     6.01 0.0006581988 -11.8860 -11.9333   0.0134      59338.2     729.9703     1541.792    0.067   0
        19    166.602    179.701 328.0314254 +29.0729557     7.80 0.0008540134  -9.9694 -10.3879   0.0541     14294.32      712.208     1541.155    0.135   0
        20    492.870    188.236 327.9905699 +29.0720999     6.13 0.0006706013 -10.6689 -10.8109   0.0368     21104.57     715.0471     1511.724    0.062   0
        21    105.370    211.707 328.0390827 +29.0694371     5.86 0.0006416779 -11.9648 -11.9927   0.0127     62670.43     731.2321     1542.234    0.057   0
        22    180.155    230.424 328.0297135 +29.0674083     6.01 0.0006572996 -10.9261 -11.0124   0.0306     25407.22     716.6959     1537.076    0.099   0
        23    120.651    251.505 328.0371575 +29.0650857     5.71 0.0006248603 -13.4512 -13.4925   0.0035       249466     799.7761     1540.778    0.053   0
        24     20.098    227.440 328.0497546 +29.0676921     7.35 0.0008046263  -9.8395 -10.0374   0.0746      10350.6       710.79     1541.768    0.177   0
        25    759.987    237.112 327.9571128 +29.0668059     5.55 0.0006071699  -9.8023  -9.3811   0.1362     5655.051     708.9918     1400.653    0.057   0
        26    730.461    256.851 327.9608053 +29.0646400     6.28 0.0006869888  -9.1956  -9.4022   0.1335     5765.958     708.9161     1407.448    0.206   0
        27     35.439    269.258 328.0478208 +29.0631200     5.70  0.000624334  -9.8853  -9.8895   0.0854     9032.218     710.3882     1541.904    0.067   0
        28    129.430    281.057 328.0360495 +29.0618539     5.93 0.0006484493 -11.0482 -11.1920   0.0260     29977.18     718.6224     1538.854    0.085   0
        29    462.669    308.323 327.9943210 +29.0589512     5.96 0.0006526677 -10.0317 -10.1767   0.0657     11767.92     711.4095     1504.784    0.105   0
        30      5.729    499.762 328.0514680 +29.0378861     5.46 0.0005970293 -10.9680 -11.0076   0.0262     25295.81     610.1734      1522.46    0.142  16
        31    376.889    798.864 328.0049299 +29.0052479     6.15 0.0006727385 -10.7321 -10.7278   0.0302     19549.01     543.6942     1368.157    0.521  24
        32    235.429    798.664 328.0226311 +29.0052355     4.39 0.0004803099  -8.6736  -8.9117   0.1595     3670.006     539.0572     1407.214    0.155  24
        33     57.852    760.328 328.0448634 +29.0093847     5.02 0.0005497845 -11.7548 -11.7894   0.0152     51969.31      727.032     1438.443    0.116   0
        34    329.126    760.230 328.0109171 +29.0094646     5.25 0.0005743536 -11.0914 -11.0617   0.0293     26587.51     717.1978     1397.863    0.107   0
        35     62.972    714.168 328.0442369 +29.0144378     5.18 0.0005671789 -11.1338 -11.2584   0.0245     31867.97     719.2433     1460.449    0.149   0
        36    742.732    660.129 327.9591811 +29.0205086     6.56  0.000718042  -9.2469  -8.9025   0.2114      3639.16     708.2325     1220.471    0.271   0
        37     74.305    538.457 328.0428724 +29.0336702     5.37 0.0005874159 -11.1505 -11.2682   0.0243      32157.5     719.4742     1519.933    0.136   3
        38     68.069    526.120 328.0436567 +29.0350186     5.31 0.0005806707 -11.6777 -11.7294   0.0160     49178.58     726.0892     1520.608    0.105   2
        39     91.168    483.559 328.0407785 +29.0396826     5.87 0.0006422251  -9.1140  -9.2006   0.1607     4788.749     708.6285     1521.851    0.130   0
        40    347.247    466.796 328.0087286 +29.0415817     5.33 0.0005833234 -12.5457 -12.6000   0.0074     109642.9     748.8515     1499.045    0.055   0
        41    263.467    443.299 328.0192225 +29.0441328     5.41 0.0005917144 -11.1759 -11.2431   0.0249     31422.25     719.1478     1512.082    0.063   0
        42    188.137    403.806 328.0286637 +29.0484359     5.46 0.0005975674 -14.9793 -15.0069   0.0011      1006385     1031.888      1523.68    0.064   0
        43    380.941    398.382 328.0045291 +29.0490766     6.35 0.0006946936  -8.9737  -8.3486   0.3517     2184.973     707.5557     1504.429    0.108   0
        44    487.043    395.583 327.9912474 +29.0494072     6.41 0.0007016326  -9.1662  -9.5095   0.1210     6365.127     709.1734     1480.234    0.169   0
        45    269.148    377.570 328.0185297 +29.0513274     5.41 0.0005922705  -8.9469  -9.8999   0.0846      9119.64      710.383     1519.998    0.337   0
        46    722.990    365.446 327.9617168 +29.0527542     6.46 0.0007074954 -12.0335 -12.0717   0.0118     67402.34     732.9127     1373.562    0.180   0
        47    584.109    368.001 327.9791027 +29.0524466     6.85 0.0007501373  -9.0979  -9.2982   0.1469     5239.478     708.6875     1447.555    0.163   0
        48    341.137    367.218 328.0095204 +29.0524778     7.67 0.0008391895  -9.4155  -9.9282   0.0824     9359.871     710.4183     1512.325    0.150   0
        49    261.495    358.525 328.0194932 +29.0534097     5.49 0.0006011957 -13.5374 -13.5823   0.0032     270958.6     807.2894     1522.989    0.057   0
        50     88.908    360.679 328.0410986 +29.0531296     5.49 0.0006003994 -11.6758 -11.7285   0.0160     49134.77     726.0139     1530.495    0.074   0
        51    638.413    359.356 327.9723064 +29.0534039     5.80 0.0006342703  -9.0632  -9.0694   0.1813     4243.951     708.3128     1423.618    0.160   0
        52    735.203    338.949 327.9601936 +29.0556564     5.60 0.0006130839 -11.1827 -11.1796   0.0263     29637.57     718.2733      1377.41    0.038   0
        53     35.652    337.116 328.0477730 +29.0556938     5.31 0.0005806522  -8.7884  -8.8470   0.2224     3457.927     708.2006      1533.14    0.293   0
        54     38.743    316.054 328.0473926 +29.0579997     7.85 0.0008593206  -9.3665  -9.6042   0.1109     6945.175      709.423     1537.001    0.076   0
        55    231.584    787.770 328.0231153 +29.0064269     5.26 0.0005760866  -9.6955  -9.6498   0.1045     7243.353     697.1653     1412.372    0.106  16
        56    631.505    756.034 327.9730791 +29.0099908     5.38 0.0005890765 -11.6686 -11.7024   0.0164     47969.24     725.5043       1239.1    0.135   0
        57    797.707    748.061 327.9522824 +29.0108958     7.01 0.0007675426 -12.8077 -12.8233   0.0050     134686.2     619.9725     1142.701    0.312  24
        58     13.035    687.143 328.0504946 +29.0173817     5.70 0.0006236946 -11.8759 -11.9162   0.0133     58409.57     716.1839     1475.413    0.314  16
        59    381.103    731.633 328.0044204 +29.0126065     5.15 0.0005633631 -13.7142 -13.7529   0.0028     317070.5     823.1436     1389.937    0.098   0
        60    413.483    719.577 328.0003715 +29.0139333     5.60 0.0006124431  -9.7784  -9.9040   0.0843     9154.002     710.3369     1384.458    0.161   0
        61    177.327    707.819 328.0299281 +29.0151627     6.36 0.0006961849  -9.9048 -10.1156   0.0694     11123.79      711.175     1452.121    0.160   0
        62    798.575    672.613 327.9521897 +29.0191528     5.88 0.0006431971 -10.0730  -9.8860   0.0656     9003.106     543.4436     1185.206    0.385  24
        63    500.316    626.916 327.9895281 +29.0240935     6.86 0.0007509332  -9.2124  -9.8622   0.0876     8808.377     710.1206      1386.65    0.118   0
        64    589.956    632.396 327.9783078 +29.0235129     5.56 0.0006084339  -9.8429  -9.8455   0.0889     8673.268     710.0074     1330.175    0.162   0
        65    785.358    597.668 327.9538596 +29.0273522     5.37 0.0005877991 -10.6487 -10.4514   0.0511      15155.5     712.7062     1228.216    0.142   0
        66     43.183    625.431 328.0467409 +29.0241436     5.37 0.0005878889 -10.3688 -10.4611   0.0506     15290.81     712.5612     1499.144    0.076   0
        67    763.396    678.091 327.9565911 +29.0185467     5.46 0.0005974331 -10.7584 -10.6884   0.0411     18852.25     714.1419     1201.232    0.119   0
        68    182.740    661.027 328.0292643 +29.0202849     5.39  0.000589335 -10.4459 -10.5825   0.0453     17099.38     713.5908     1471.695    0.122   0
        69    523.807    660.678 327.9865797 +29.0204038     7.31 0.0007997722 -10.1109 -10.5532   0.0465     16645.52      713.214     1355.498    0.443   0
        70    489.222    569.577 327.9909309 +29.0303662     5.26 0.0005760117 -10.1451 -10.1450   0.0676      11429.2     711.0572     1419.963    0.102   0
        71    487.431    621.392 327.9911421 +29.0246952     6.67 0.0007298457  -9.2564  -9.7772   0.0946     8145.139     709.7189     1397.282    0.129   0
        72    297.288    660.295 328.0149288 +29.0203937     5.12 0.0005603482 -12.2853 -12.3322   0.0094     85677.06     740.0363     1456.653    0.089   0
        73    217.406    568.194 328.0249525 +29.0304531     5.70 0.0006235496 -10.0903 -10.2687   0.0603     12807.45     711.6213     1497.883    0.154   0
        74    199.336    642.836 328.0271926 +29.0222800     5.25 0.0005750419  -8.8859  -8.9259   0.2069     3718.485      708.264      1476.84    0.441   0
        75    358.330    588.518 328.0073087 +29.0282634     5.64 0.0006168918  -9.1094  -9.3835   0.1359     5667.768     709.0367     1467.056    0.230   0
        76    167.213    584.035 328.0312301 +29.0287067     5.87 0.0006420257  -9.9752  -9.9574   0.0802     9614.882     710.3998     1501.275    0.113   0
        77    712.438    592.864 327.9629874 +29.0278641     5.91 0.0006468666  -8.9784  -9.3793   0.1364     5645.624     708.9681     1272.442    0.150   0
        78    442.997    592.703 327.9967107 +29.0278249     6.13 0.0006706851  -9.8896 -10.0583   0.0732     10551.37     710.7899      1431.07    0.085   0
        79    643.184    544.564 327.9716663 +29.0331361     5.39 0.0005897166 -10.7861 -10.8669   0.0350      22220.9     715.3867     1337.041    0.054   0
        80    174.997    557.552 328.0302636 +29.0316069     5.87 0.0006423925 -10.2534 -10.3888   0.0541     14306.65     712.2327     1505.394    0.121   0
        81    543.389    502.692 327.9841675 +29.0376977     5.20 0.0005693838 -11.3764 -11.4317   0.0210     37382.02     721.4327     1418.849    0.081   0
        82    767.485    536.012 327.9561099 +29.0340964     5.02 0.0005497283  -9.1481  -8.4250   0.3278     2344.134     707.6189     1269.337    0.391   0
