#   1 NUMBER                 Running object number                                     
#   2 X_IMAGE                Object position along x                                    [pixel]
#   3 Y_IMAGE                Object position along y                                    [pixel]
#   4 ALPHA_J2000            Right ascension of barycenter (J2000)                      [deg]
#   5 DELTA_J2000            Declination of barycenter (J2000)                          [deg]
#   6 FWHM_IMAGE             FWHM assuming a gaussian core                              [pixel]
#   7 FWHM_WORLD             FWHM assuming a gaussian core                              [deg]
#   8 MAG_BEST               Best of MAG_AUTO and MAG_ISOCOR                            [mag]
#   9 MAG_APER               Fixed aperture magnitude vector                            [mag]
#  10 MAGERR_APER            RMS error vector for fixed aperture mag.                   [mag]
#  11 FLUX_APER              Flux vector within fixed circular aperture(s)              [count]
#  12 FLUXERR_APER           RMS error vector for aperture flux(es)                     [count]
#  13 BACKGROUND             Background at centroid position                            [count]
#  14 ELLIPTICITY            1 - B_IMAGE/A_IMAGE                                       
#  15 FLAGS                  Extraction flags                                          
         1    833.771    195.632 238.0208939 +33.0292441   203.67    0.0218334 -16.1782 -12.5987   0.0085     109518.7     857.0957     1440.109    0.909  16
         2    457.072    120.629 238.0693927 +33.0362076     7.65 0.0008203094 -14.2269 -14.2367   0.0021     495093.5     963.0963     1562.996    0.064   0
         3    434.158    195.029 238.0722116 +33.0282054     8.35 0.0008954859 -10.1569 -10.1976   0.0750     11996.17     828.2314     1611.897    0.063   0
         4     58.358    249.321 238.1203754 +33.0213562    13.28  0.001423816 -10.8511 -10.8515   0.0412      21908.3     831.2411     1467.346    0.271   0
         5    174.288    269.554 238.1054552 +33.0195252     7.89 0.0008459653 -11.8040 -11.8269   0.0170     53796.98     840.8228     1566.536    0.111   0
         6    260.993    293.995 238.0942811 +33.0171614     0.00            0  -8.8387  -9.7546   0.1126     7977.128     826.8545     1625.033    0.004   0
         7    490.090    360.036 238.0647560 +33.0107551     6.85 0.0007345452 -12.4413 -12.4643   0.0096     96764.03     853.4124     1712.212    0.021   0
         8      3.027    431.036 238.1271657 +33.0018104     7.34 0.0007868618 -10.5652 -10.5844   0.0411     17129.44     649.0244     1531.826    0.364  24
         9    718.912    884.861 238.0345284 +32.9553891     4.33 0.0004638592  -9.4793  99.0000  99.0000     -49810.2     824.7191     1303.853    0.086   0
        10    888.115    888.257 238.0128126 +32.9554898    56.36  0.006041472 -14.5583 -12.8542   0.0068     138570.1     865.6392     546.4761    0.146  17
        11    841.077    830.537 238.0189402 +32.9615201    75.18  0.008058924 -14.0976 -13.2049   0.0050     191404.1     880.7656     1306.283    0.469  16
        12    706.782    784.194 238.0362479 +32.9660968     6.73 0.0007219253 -11.1914 -11.2471   0.0287     31537.81       833.74     1772.358    0.119   0
        13    664.788    783.409 238.0416380 +32.9660649     3.46 0.0003704351  -9.3466 -10.4224   0.0610        14756     828.7623     1772.209    0.423   0
        14    713.801    774.469 238.0353629 +32.9671537     7.94 0.0008509842 -10.3196 -10.5861   0.0525     17157.63     829.6951     1772.602    0.169   1
        15     99.761    780.443 238.1141488 +32.9648038     7.84 0.0008406901 -12.2748 -11.9162   0.0157     58411.14     842.1937     1604.103    0.019   0
        16    711.800    682.566 238.0357683 +32.9769543     7.17 0.0007686443 -10.9437 -11.0002   0.0360     25123.99     831.9302     1771.719    0.109   0
        17    721.813    647.476 238.0345401 +32.9807259     6.36 0.0006822975 -11.3652 -11.4071   0.0248     36547.32     835.5862     1763.758    0.045   0
        18    801.030    800.797 238.0241267 +32.9645839    24.84  0.002662988 -12.1990 -11.8642   0.0164     55679.17     841.0164     1676.754    0.486   1
