#   1 NUMBER                 Running object number                                     
#   2 X_IMAGE                Object position along x                                    [pixel]
#   3 Y_IMAGE                Object position along y                                    [pixel]
#   4 ALPHA_J2000            Right ascension of barycenter (J2000)                      [deg]
#   5 DELTA_J2000            Declination of barycenter (J2000)                          [deg]
#   6 FWHM_IMAGE             FWHM assuming a gaussian core                              [pixel]
#   7 FWHM_WORLD             FWHM assuming a gaussian core                              [deg]
#   8 MAG_BEST               Best of MAG_AUTO and MAG_ISOCOR                            [mag]
#   9 MAG_APER               Fixed aperture magnitude vector                            [mag]
#  10 MAGERR_APER            RMS error vector for fixed aperture mag.                   [mag]
#  11 FLUX_APER              Flux vector within fixed circular aperture(s)              [count]
#  12 FLUXERR_APER           RMS error vector for aperture flux(es)                     [count]
#  13 BACKGROUND             Background at centroid position                            [count]
#  14 ELLIPTICITY            1 - B_IMAGE/A_IMAGE                                       
#  15 FLAGS                  Extraction flags                                          
         1    147.818     81.974 200.8739099 +36.1198403    64.04  0.006936549 -13.9529 -12.4377   0.0133      94424.3     1160.248     1980.502    0.818  18
         2     11.187     80.099 200.8923420 +36.1196858    68.34   0.00740224 -14.2057 -13.4587   0.0051     241803.4     1142.588     283.2727    0.586  24
         3    192.491     30.870 200.8679417 +36.1254579    31.38  0.003399438 -12.9871 -12.5571   0.0120     105397.6     1163.021      1008.72    0.254  17
         4    135.668     11.209 200.8756295 +36.1274271    88.98  0.009637853 -15.4983 -14.2909   0.0025     520405.9     1202.553    -15.61088    0.746  24
         5     87.425    120.716 200.8820117 +36.1155123    30.73  0.003328169 -12.9004 -12.2323   0.0161     78151.48     1157.054     1860.417    0.688   3
         6     66.207    110.953 200.8848848 +36.1165080    28.85  0.003124555  99.0000  -7.2756   1.5224     813.2814      1140.06     1358.016    0.534   2
         7    380.997     90.790 200.8424466 +36.1194927     6.40 0.0006933984 -11.1569 -10.9738   0.0507     24520.71     1145.087     2481.748    0.088   0
         8     77.397    164.195 200.8833142 +36.1108052    21.34  0.002312007 -12.7645 -12.1023   0.0181     69329.98     1154.797     2302.338    0.257   0
         9    312.374    265.583 200.8515095 +36.1004987     5.89 0.0006375537 -12.5102 -12.5646   0.0119     106129.2     1162.767     2644.713    0.032   0
        10     68.018    336.503 200.8843805 +36.0922306     2.69 0.0002908414  -9.6035 -11.8296   0.0232     53930.47     1151.905     2185.403    0.376   1
        11     68.667    409.329 200.8842091 +36.0843919     3.52 0.0003811644  -9.1496 -11.8294   0.0232     53920.02     1151.839     2184.265    0.410   3
        12    692.770    429.895 200.8000394 +36.0837767     4.98 0.0005392722  -9.5145  -9.8662   0.1403     8840.479     1142.013     2466.613    0.382   0
        13     68.215    430.192 200.8842461 +36.0821446     3.68 0.0003989981  -8.3490 -11.7766   0.0243     51359.43     1150.836     2162.812    0.716   1
        14   1027.200    446.561 200.7549315 +36.0828150     5.10 0.0005525589  -9.2104  99.0000  99.0000     -1013.99     880.6638     2064.267    0.257  16
        15     78.622    530.540 200.8827274 +36.0713685    48.32  0.005233453 -13.6917 -12.6588   0.0109     115751.3     1165.182     2324.249    0.741  51
        16     76.532    343.960 200.8832240 +36.0914499   123.10   0.01333425 -15.8147  99.0000  99.0000            0            0     2329.676    0.945  51
        17     80.115    713.725 200.8823157 +36.0516511   117.95   0.01277655 -15.8546 -12.5412   0.0122     103870.1     1162.788     2247.416    0.935  50
        18    722.939    495.272 200.7959044 +36.0768141     6.19 0.0006700585 -11.2166 -11.2814   0.0383     32552.11     1147.224     2380.885    0.075   0
        19    600.072    863.933 200.8120806 +36.0368150     7.52 0.0008148981 -10.1434 -10.3230   0.0922     13464.87     1143.089     2167.343    0.093   0
        20    658.849    980.103 200.8040395 +36.0244567     5.97 0.0006463872 -10.5249 -10.7864   0.0602     20632.66     1144.623     1945.535    0.061   0
        21     85.442    981.235 200.8812907 +36.0228655     4.76 0.0005154401 -10.9038 -12.0276   0.0194     64721.62     1154.245      2025.31    0.629   0
