#   1 NUMBER                 Running object number                                     
#   2 X_IMAGE                Object position along x                                    [pixel]
#   3 Y_IMAGE                Object position along y                                    [pixel]
#   4 ALPHA_J2000            Right ascension of barycenter (J2000)                      [deg]
#   5 DELTA_J2000            Declination of barycenter (J2000)                          [deg]
#   6 FWHM_IMAGE             FWHM assuming a gaussian core                              [pixel]
#   7 FWHM_WORLD             FWHM assuming a gaussian core                              [deg]
#   8 MAG_BEST               Best of MAG_AUTO and MAG_ISOCOR                            [mag]
#   9 MAG_APER               Fixed aperture magnitude vector                            [mag]
#  10 MAGERR_APER            RMS error vector for fixed aperture mag.                   [mag]
#  11 FLUX_APER              Flux vector within fixed circular aperture(s)              [count]
#  12 FLUXERR_APER           RMS error vector for aperture flux(es)                     [count]
#  13 BACKGROUND             Background at centroid position                            [count]
#  14 ELLIPTICITY            1 - B_IMAGE/A_IMAGE                                       
#  15 FLAGS                  Extraction flags                                          
         1    833.426    184.309 200.9199732 +36.2167217   180.29   0.01946173 -15.7657 -12.2777   0.0093     81485.51     698.5352     1171.795    0.909  24
         2    515.933     50.616 200.9628924 +36.2301628     6.88 0.0007430709  -9.8083  -9.8188   0.0862     8462.949     671.9683     1232.861    0.375   0
         3    468.112     91.317 200.9692339 +36.2256475     6.31 0.0006812037 -10.3099 -10.2142   0.0600     12181.31     673.2563     1251.241    0.316   0
         4    535.131    146.882 200.9601178 +36.2198733     5.94 0.0006407118  -9.6258  -9.6901   0.0970     7517.064     671.6163     1295.452    0.315   0
         5    603.960    167.149 200.9508310 +36.2178972     8.24 0.0008898646 -10.7986 -10.8385   0.0340     21647.25     676.8557     1316.792    0.313   0
         6    260.997    294.015 200.9966361 +36.2032482     4.19 0.0004518481  -8.7613  -9.6586   0.0998       7301.8     671.1592     1305.988    0.002   0
         7    184.993    332.294 201.0067634 +36.1989071     5.32 0.0005746941 -10.1710 -10.1818   0.0618     11822.46      673.123     1300.903    0.203   0
         8    438.560    392.874 200.9725869 +36.1931509     5.30 0.0005724787 -10.0191 -10.3022   0.0554      13209.8     673.6945     1375.509    0.232   0
         9    144.380    638.814 201.0115740 +36.1658429     2.43 0.0002628164  -8.6948 -10.0201   0.0717     10186.88     672.3271     1344.499    0.429   0
        10    888.211    887.762 200.9112338 +36.1412769    58.78  0.006345306 -13.8058 -12.4432   0.0080     94901.17     703.2482     547.1392    0.160  16
        11    155.700    791.999 201.0097335 +36.1494136     4.25 0.0004590218  -9.1151 -10.6608   0.0399     18378.99     675.4227     1314.571    0.101   0
        12    864.460    721.186 200.9147485 +36.1591110     4.62 0.0004985077  -8.4644  99.0000  99.0000    -7394.238     668.7178     1328.968    0.603   0
        13    859.641    703.098 200.9154309 +36.1610411     5.29  0.000570877  -8.5801  -8.4884   0.2926     2485.276     669.6651       1329.1    0.280   0
        14    860.887    632.868 200.9154017 +36.1685926     4.26 0.0004598286 -12.3220 -12.3114   0.0090     84054.35     699.5626     1314.681    0.090   0
        15    303.501    477.294 200.9905484 +36.1836774     4.37 0.0004721202 -10.3800 -10.4247   0.0495     14786.51     674.4482     1377.768    0.157   0
        16    881.110    450.984 200.9130441 +36.1881990     4.17 0.0004498592 -11.8318 -10.4905   0.0466     15711.15     674.6221     1130.894    0.110   0
        17    822.032    488.922 200.9209020 +36.1839507     5.95  0.000642602  -9.4660 -10.5614   0.0437     16771.22      674.996     1346.226    0.394   0
        18    165.264    545.092 201.0089669 +36.1759781     4.58 0.0004941458 -10.5109 -10.6259   0.0412     17796.87     675.4507     1351.326    0.071   0
        19    840.802    830.125 200.9177096 +36.1473344    77.75   0.00839294 -13.9606 -12.8745   0.0055       141183     719.4955     1079.184    0.452  16
        20    427.392    545.520 200.9737740 +36.1767124     4.12 0.0004445761 -12.1007 -12.1862   0.0101     74900.54     696.1019     1391.491    0.097   0
        21    421.936    831.566 200.9739211 +36.1459539     4.32 0.0004662514  -8.4620 -10.1539   0.0634     11522.47     673.0869     1345.641    0.171   0
        22     94.337    726.471 201.0181068 +36.1562719     5.81 0.0006276425  -8.6942  -7.9198   0.4938     1472.046     669.3246     1313.055    0.015   0
        23    440.220    505.094 200.9721345 +36.1810951     4.22 0.0004554826 -12.1900 -12.2286   0.0097     77879.73     697.2798     1391.316    0.103   0
