#   1 NUMBER                 Running object number                                     
#   2 X_IMAGE                Object position along x                                    [pixel]
#   3 Y_IMAGE                Object position along y                                    [pixel]
#   4 ALPHA_J2000            Right ascension of barycenter (J2000)                      [deg]
#   5 DELTA_J2000            Declination of barycenter (J2000)                          [deg]
#   6 FWHM_IMAGE             FWHM assuming a gaussian core                              [pixel]
#   7 FWHM_WORLD             FWHM assuming a gaussian core                              [deg]
#   8 MAG_BEST               Best of MAG_AUTO and MAG_ISOCOR                            [mag]
#   9 MAG_APER               Fixed aperture magnitude vector                            [mag]
#  10 MAGERR_APER            RMS error vector for fixed aperture mag.                   [mag]
#  11 FLUX_APER              Flux vector within fixed circular aperture(s)              [count]
#  12 FLUXERR_APER           RMS error vector for aperture flux(es)                     [count]
#  13 BACKGROUND             Background at centroid position                            [count]
#  14 ELLIPTICITY            1 - B_IMAGE/A_IMAGE                                       
#  15 FLAGS                  Extraction flags                                          
         1      9.910     81.080 327.7912482 +28.8491403    60.75  0.006558421 -13.2141 -12.3482   0.0077     86951.73     619.5004     434.0911    0.607  24
         2    140.773     88.001 327.7750729 +28.8487154    41.14  0.004441857 -12.9234 -11.6250   0.0156      44668.3     642.3066      1086.97    0.712   0
         3    194.330     28.399 327.7686043 +28.8552659    35.85  0.003869865 -12.2188 -11.7421   0.0141     49754.02     644.4031       686.65    0.471  17
         4    136.875     10.814 327.7757419 +28.8570199    85.23  0.009201463 -14.4466 -13.1848   0.0039     187903.3     667.5107     331.4434    0.745  24
         5    460.988     28.851 327.7356751 +28.8558628     4.48 0.0004831968 -10.2461  99.0000  99.0000    -12526.27     624.9264      858.782    0.185   0
         6    294.137     51.880 327.7562232 +28.8529792     4.39 0.0004737367 -10.3663  99.0000  99.0000    -23390.58     625.0324     1017.353    0.096   0
         7    718.698    139.203 327.7035913 +28.8445926     5.36  0.000578754 -15.9209 -15.9424   0.0006      2382136     1257.556     1248.904    0.179   4
         8     64.550    109.571 327.7844320 +28.8462056    24.02  0.002592983  -8.4732  -7.9210   0.4610     1473.626     625.4979     821.5939    0.591   0
         9    275.031     68.897 327.7585413 +28.8510999     4.76  0.000514267 -10.7111  99.0000  99.0000    -4489.547     624.9617     1117.324    0.082   0
        10    974.721     69.849 327.6721404 +28.8526679     4.93 0.0005319645  -9.2561  99.0000  99.0000     -21140.4     624.9971     970.7885    0.228   0
        11    734.383     83.014 327.7017869 +28.8506823     4.67 0.0005041676  -9.6406  99.0000  99.0000    -15337.45     624.6965     1147.576    0.034   0
        12    921.098    106.041 327.6786776 +28.8486434     5.10 0.0005506476 -10.6506 -10.8472   0.0315     21820.36     633.5779     1156.355    0.058   0
        13    190.334    112.545 327.7688938 +28.8461926     4.64 0.0005013695 -11.0817 -10.0806   0.0634     10770.54     629.1852     1288.185    0.089   0
        14    429.508    126.507 327.7393286 +28.8452682     6.65  0.000718185  -8.7570  99.0000  99.0000    -2728.566     625.0148     1278.116    0.175   0
        15    741.903    141.242 327.7007213 +28.8444281     8.19 0.0008844594 -10.2204 -10.4703   0.0444     15420.99     631.0479     1241.799    0.220   0
        16     82.592    144.459 327.7821192 +28.8424919     6.05 0.0006534399 -11.0649 -11.1297   0.0244     28305.83     636.0972     1123.642    0.014   0
        17    770.505    144.962 327.6971810 +28.8440953     3.19 0.0003446475  -8.3628  -8.8227   0.2011     3381.308     626.2247     1232.938    0.376   0
        18    649.107    146.622 327.7121663 +28.8436278     5.01 0.0005407269  -8.8147  -8.8077   0.2039      3335.02     626.2415     1268.078    0.231   0
        19    267.060    161.777 327.7593013 +28.8410762     4.87 0.0005258402 -11.1541 -11.2837   0.0212      32618.7     637.8593     1300.258    0.090   0
        20    403.932    169.840 327.7423827 +28.8405389     4.70 0.0005073386 -11.7092 -11.7596   0.0138     50562.09     644.8193     1293.353    0.054   0
        21   1018.137    156.877 327.6665774 +28.8433956     4.08 0.0004401204  -8.8421  -9.8338   0.0768     8580.416     606.5726     1142.256    0.218  16
        22    490.799    170.586 327.7316556 +28.8406676     6.81 0.0007354589 -10.0365 -10.4629   0.0447     15316.38     630.7086     1284.092    0.315   0
        23    512.081    259.097 327.7288171 +28.8311850     4.64 0.0005011135 -13.1532 -13.1774   0.0040     186621.7     695.6047      1287.92    0.090   3
        24    582.963    182.477 327.7202482 +28.8396078     4.35 0.0004697186  -8.8061  -9.3861   0.1199     5681.385     627.1774     1280.196    0.352   0
        25    748.343    187.352 327.6998176 +28.8394767     4.98 0.0005373281  -9.8900 -10.4120   0.0469     14614.84     630.7459     1241.634    0.036   0
        26    526.051    282.478 327.7270368 +28.8287000     5.50 0.0005934167 -16.1715 -16.1885   0.0005      2988036     1372.814     1285.646    0.035   6
        27    900.691    236.705 327.6808925 +28.8345210     4.62 0.0004983836 -13.5314 -13.5758   0.0029     269361.9     724.7927     1189.357    0.040   0
        28    465.810    291.107 327.7344531 +28.8276259     4.58 0.0004944656 -15.5852 -15.5774   0.0007      1701996      1114.24     1292.509    0.084   7
        29    706.415    208.693 327.7049440 +28.8370784     7.01 0.0007564457  -9.3256 -10.0069   0.0679     10063.57     628.9745     1257.014    0.074   0
        30     79.735    228.141 327.7822680 +28.8334712    14.31   0.00154507 -11.9922 -11.3627   0.0198     35082.58     638.8069     1207.057    0.498   0
        31    271.613    258.803 327.7585050 +28.8306363     4.52 0.0004882232 -13.5151 -13.5642   0.0029     266500.9     723.4998     1304.736    0.065   0
        32    480.768    280.291 327.7326323 +28.8288269     4.50 0.0004858161 -14.3331 -14.3479   0.0016     548463.2     815.2903     1292.127    0.084   3
        33   1026.906    239.123 327.6653042 +28.8345569     4.60 0.0004967337  -9.9833  -9.8493   0.0614     8704.216     492.3748      1139.85    0.216  24
        34     52.102    233.395 327.7856666 +28.8328377     5.39 0.0005813538  -9.9271 -10.7727   0.0337     20374.73       632.92     1048.995    0.203   0
        35    318.136    255.623 327.7527692 +28.8310916     4.62 0.0004986879 -11.8083 -11.8671   0.0126     55824.27     646.9075     1300.854    0.073   0
        36    657.329    255.594 327.7108935 +28.8319096     4.59 0.0004952335 -12.0255 -12.0931   0.0103     68744.85     651.8307     1270.579    0.049   2
        37    113.442    244.245 327.7780673 +28.8318191     4.34  0.000468401  -8.9337  99.0000  99.0000    -5682.109     624.9971     1303.771    0.268   0
        38    765.769    268.935 327.6974744 +28.8307304     4.49 0.0004843891 -11.9951 -12.0660   0.0105     67051.88     651.2659      1232.58    0.032   0
        39    669.503    259.711 327.7093809 +28.8314952     4.70 0.0005069305 -10.5302 -10.7043   0.0359     19129.59     632.6027      1267.78    0.120   3
        40     73.940    256.690 327.7829138 +28.8303820    12.72  0.001373412 -12.0356 -11.5747   0.0163     42645.59     641.8115     1173.188    0.337   2
        41    209.944    272.184 327.7660860 +28.8290451     4.57 0.0004929017 -11.8062 -11.8824   0.0124     56620.83     647.1811     1306.794    0.061   0
        42    248.351    262.768 327.7613673 +28.8301527     4.75 0.0005122931  -9.6929 -10.0347   0.0662     10325.24     629.0434     1305.849    0.120   0
        43    574.745    271.505 327.7210514 +28.8299986     4.70 0.0005076924 -10.6929 -10.8561   0.0313     21999.88     633.7011     1281.122    0.095   0
        44    187.300    295.029 327.7688260 +28.8265292     4.60  0.000496616 -11.9620 -12.0511   0.0107     66137.27     650.8638     1306.749    0.084   0
        45   1004.891    283.157 327.6679201 +28.8297623     4.22 0.0004552113  -8.2922  99.0000  99.0000    -1633.149      624.891     1135.368    0.203   0
        46     78.298    304.265 327.7822597 +28.8252683     4.63 0.0004998921  -9.9699 -11.3284   0.0204     33990.79     638.4141     1195.234    0.496   0
        47    202.646    334.763 327.7668354 +28.8222868     4.53 0.0004888613 -13.4183 -13.4820   0.0032     247050.6     717.0556     1305.287    0.052   0
        48    262.190    313.805 327.7595356 +28.8246890     4.70 0.0005073393 -10.8573 -10.9603   0.0284     24217.82     634.3143     1302.866    0.051   0
        49    102.046    310.753 327.7793124 +28.8246275     4.78 0.0005163604  -9.5991  -9.1798   0.1449     4697.894     626.8558     1303.757    0.059   0
        50    841.914    320.254 327.6879537 +28.8253828     4.78 0.0005161891  -9.9904  -9.9574   0.0710     9615.066     628.7786     1192.323    0.084   0
        51     78.148    379.846 327.7820940 +28.8171268    11.15  0.001203626 -11.8526 -11.4534   0.0182     38137.07     640.0184     1189.128    0.388   0
        52     75.839    346.113 327.7824614 +28.8207547     5.79 0.0006246819 -10.5548 -11.4030   0.0191     36408.98     639.2912     1181.672    0.675   0
        53    812.190    339.910 327.6915770 +28.8231953     5.10 0.0005506548  -9.3214  -9.3964   0.1188      5735.39     627.2342     1200.883    0.154   0
        54    117.384    352.482 327.7773174 +28.8201703     4.48 0.0004837843  -9.4432  99.0000  99.0000    -6093.295     624.8734     1303.395    0.035   0
        55    211.436    364.343 327.7656787 +28.8191220     4.64  0.000500882 -11.0305 -11.2084   0.0227     30433.22     637.0195     1303.022    0.019   0
        56    837.834    363.132 327.6883570 +28.8207547     3.83  0.000413577  -8.4237  -7.6586   0.5869     1157.235     625.3715     1184.143    0.191   0
        57    983.730    373.787 327.6703221 +28.8199505     5.18 0.0005590454  -8.7657  -9.0851   0.1581     4305.826     626.6642     1113.514    0.380   0
        58    544.767    391.460 327.7244671 +28.8170061     4.62 0.0004985509  -9.8828 -10.0764   0.0637     10728.64     629.2739     1279.865    0.031   0
        59    964.603    464.473 327.6724725 +28.8101374     4.80 0.0005182687 -15.6895 -15.7158   0.0007      1933361     1164.948     1096.215    0.039   4
        60    120.659    399.167 327.7767995 +28.8151497     4.71 0.0005083036  -8.7855  99.0000  99.0000    -8311.035     624.9794     1297.835    0.103   0
        61    343.539    441.759 327.7491857 +28.8111037     4.42 0.0004775974 -13.4888 -13.5373   0.0030     259975.5     721.4406     1292.839    0.056   0
        62     77.828    430.392 327.7820104 +28.8116816    11.63   0.00125586 -12.0203 -11.4228   0.0187     37079.18     639.3632     1183.887    0.746  18
        63    817.287    422.229 327.6907550 +28.8143405     4.44 0.0004791149 -11.1747 -11.2219   0.0225     30814.04     637.1169     1178.594    0.059   0
        64    117.457    420.839 327.7771422 +28.8128075     5.28 0.0005696007  -8.3320  99.0000  99.0000    -8519.381     624.9971      1294.85    0.314   0
        65    170.925    443.944 327.7704863 +28.8104493     4.51 0.0004872272 -11.7015 -11.8051   0.0133     52730.12     645.6593      1297.15    0.058   0
        66    805.076    448.716 327.6922002 +28.8114585     5.55  0.000598825 -11.9908 -12.0381   0.0108     65351.46     650.6129     1176.278    0.207   0
        67    270.177    487.046 327.7581316 +28.8060481     4.46 0.0004818291 -14.9422 -14.9761   0.0010     978252.2     937.8661     1294.529    0.054   0
        68    416.692    438.012 327.7401651 +28.8116839     4.20 0.0004538553  -8.4885  -9.3597   0.1228     5544.758     627.1935      1287.26    0.086   0
        69    720.282    442.667 327.7026808 +28.8119091     4.62 0.0004987972  -9.0716  -9.1847   0.1443     4719.109     626.9171     1214.675    0.082   0
        70    665.899    450.803 327.7093743 +28.8109034     4.84 0.0005227724  -9.2219  -9.4242   0.1157     5883.854     627.1172     1232.799    0.038   0
        71    423.078    450.587 327.7393468 +28.8103448     4.18 0.0004511545  -9.2119  -9.5695   0.1013     6726.411     627.5587     1285.729    0.061   0
        72   1013.276    463.838 327.6664661 +28.8103200     4.68 0.0005052409 -11.4139 -11.4080   0.0190     36574.86     639.3734     1075.507    0.083   0
        73    350.983    461.303 327.7482198 +28.8090166     6.40 0.0006906343  -8.9797  -9.7232   0.0880     7749.403     628.0716     1290.781    0.301   0
        74     37.761    479.032 327.7868371 +28.8063442     4.45 0.0004805658 -12.0578 -11.9586   0.0116     60734.04     648.7851     954.5165    0.056   0
        75    174.902    469.619 327.7699332 +28.8076934     5.31 0.0005731061  -9.0496  -9.8281   0.0799     8535.738     628.3845     1294.481    0.283   0
        76    948.137    507.665 327.6744045 +28.8054463     4.54  0.000489645 -13.9169 -13.9565   0.0022     382485.8     762.7568     1087.298    0.055   0
        77    569.002    478.937 327.7212678 +28.8076415     4.86 0.0005248249  -9.0988  -9.2931   0.1305     5214.993     626.8682     1259.376    0.169   0
        78    463.072    481.976 327.7343353 +28.8070601     4.42 0.0004773638  -8.9841  -8.3481   0.3112     2184.028     625.8524     1279.737    0.007   0
        79     74.659    493.496 327.7822478 +28.8048767     4.77  0.000515354 -10.0335 -11.3384   0.0202     34306.49     638.5723     1164.884    0.627   2
        80     95.436    506.730 327.7796512 +28.8035022     5.75 0.0006203512  -8.7817  -9.2364   0.1375     4949.565     626.8857     1279.989    0.050   0
        81    345.486    526.522 327.7487417 +28.8019784     4.49 0.0004848895 -11.1604 -11.2494   0.0219     31605.32     637.4966      1283.74    0.079   0
        82     78.329    527.889 327.7817110 +28.8011812     4.87 0.0005258779 -10.0764 -11.3057   0.0208     33286.97     638.1558     1179.603    0.273   0
        83    429.283    550.047 327.7383431 +28.7996467     4.41 0.0004758432 -12.5250 -12.5837   0.0067     108011.9     666.8204     1274.244    0.052   0
        84     78.624    680.925 327.7813018 +28.7846979    19.15  0.002067253 -12.5670 -11.6119   0.0158     44133.96     642.3566     1161.453    0.164   2
        85    386.265    955.921 327.7426798 +28.7558249     4.48 0.0004834682 -10.5854 -10.6884   0.0364     18852.07     632.4755     1154.618    0.023   0
        86    606.341    744.285 327.7160305 +28.7791491     8.33 0.0008996802 -10.1975 -10.4471   0.0454     15095.36     630.9888     1165.419    0.037   0
        87    886.087    890.898 327.6811693 +28.7640206     5.38 0.0005808806  -9.8167  -9.8958   0.0751     9084.906     628.6381     921.7252    0.200   0
        88     81.149    901.648 327.7804528 +28.7609295    12.13   0.00130968 -11.6264 -11.4745   0.0179      38887.6      640.277      1087.37    0.534   2
        89    422.004    927.689 327.7383382 +28.7589520     6.65 0.0007177804  -9.5592  -9.5264   0.1054     6464.867     627.4897     1160.503    0.402   2
        90    273.669    748.458 327.7570704 +28.7778991     5.89 0.0006363001  -9.1177  -9.2909   0.1308      5204.09     626.9695     1254.021    0.126   0
        91    459.397    886.145 327.7338242 +28.7635168     4.30 0.0004638363 -12.4837 -12.5530   0.0069     105004.1     665.4926      1165.84    0.044   0
        92   1005.934    868.328 327.6664350 +28.7667333     4.01 0.0004324344  -8.2992  99.0000  99.0000    -10164.19     624.9087     711.3688    0.248   0
        93    272.310    907.698 327.7568542 +28.7607436     4.37 0.0004712746 -12.0541 -12.1184   0.0101     70367.14     652.5543     1189.969    0.039   0
        94    317.096    882.887 327.7513885 +28.7635244     4.50  0.000486147  -9.1468  -9.6268   0.0962     7090.984     627.8271     1196.754    0.067   0
        95    313.689    871.057 327.7518373 +28.7647905     4.72 0.0005095162  -9.9246 -10.0908   0.0629     10872.13     629.3134     1202.362    0.023   0
        96    495.460    803.056 327.7295728 +28.7725533     4.53 0.0004892627  -9.7689  -9.8210   0.0805     8479.762     628.2392     1187.668    0.054   0
        97    411.293    843.752 327.7398605 +28.7679673     4.31  0.000464926 -11.0897 -11.1499   0.0240     28838.86     636.3934     1195.099    0.035   0
        98     81.810    852.380 327.7804912 +28.7662379    11.14  0.001202432 -11.7753 -11.4627   0.0181     38465.16     639.8531     1114.088    0.110   2
        99    139.959    843.822 327.7733376 +28.7673018     4.28 0.0004622938 -11.6842 -11.6883   0.0148     47349.14     643.5381     1216.182    0.027   0
       100    713.689    839.585 327.7025601 +28.7691398     4.55 0.0004911213 -11.6284 -11.6832   0.0148     47128.65     643.5211     1073.176    0.052   0
       101     80.748    815.133 327.7807129 +28.7702473    14.90  0.001608362 -12.3729 -11.5422   0.0168     41387.29     641.1833     1123.931    0.489   2
       102    785.085    777.647 327.6938962 +28.7759807     4.41 0.0004764551  -8.7318  -9.0298   0.1663     4091.897     626.6494     1064.858    0.272   0
       103     70.492    791.906 327.7820349 +28.7727240     9.74  0.001051888 -11.1882 -11.2663   0.0216     32100.34     637.7427     1073.016    0.325   0
       104    463.236    815.068 327.7335201 +28.7711820     4.31 0.0004650168 -13.6742 -13.7196   0.0026     307488.1     737.7214     1192.071    0.033   0
       105    259.326    791.417 327.7587365 +28.7732370     4.41 0.0004762509  -9.6126  -9.4052   0.1178     5782.234     627.2881     1242.407    0.069   0
       106    145.045    797.644 327.7728222 +28.7722881     4.36   0.00047107 -11.0493 -11.0695   0.0258     26779.81     635.6014      1238.57    0.030   0
       107    571.241    652.945 327.7205785 +28.7889039     4.42 0.0004776567 -10.1053 -10.1700   0.0585     11694.56     629.6224     1214.138    0.054   0
       108    582.616    710.164 327.7190391 +28.7827678     4.83 0.0005216246  -9.2001  -9.8166   0.0808     8445.838     628.1905     1188.298    0.073   0
       109     92.486    771.088 327.7793719 +28.7750202     9.47   0.00102202 -12.8791 -12.3295   0.0084     85466.59      658.196     1202.628    0.275   0
       110    440.082    671.931 327.7367189 +28.7865440     6.61 0.0007133401  -8.9701  -9.2627   0.1343     5071.043     627.0222     1250.596    0.209   0
       111    794.574    675.671 327.6929643 +28.7869874     4.63 0.0004995599  -9.0499  -9.0745   0.1596     4263.728      626.665     1100.254    0.101   0
       112    845.743    761.474 327.6864492 +28.7778662     4.76 0.0005138214 -10.8454 -10.9031   0.0300     22973.58     634.0154     1040.602    0.126   0
       113    882.132    756.347 327.6819710 +28.7785043     4.85  0.000523905 -10.7918 -10.8147   0.0325     21176.87     633.2542     1024.015    0.120   0
       114    264.685    744.536 327.7581883 +28.7782997     4.45 0.0004805333 -10.2886 -10.4919   0.0436     15730.79     631.2581     1255.501    0.028   0
       115    379.410    743.676 327.7440341 +28.7786699     4.31 0.0004653351 -12.2510 -12.3202   0.0084     84737.41     657.8854     1242.234    0.048   0
       116     58.826    964.767 327.7830530 +28.7540762     4.36  0.000470996 -11.7510 -11.8190   0.0131     53404.82     645.9034     961.5674    0.038   0
       117    672.033    715.915 327.7079914 +28.7823617     4.49 0.0004842376  -9.7930  -9.7837   0.0833     8193.799     628.1782     1145.176    0.068   0
       118    737.678    748.977 327.6998131 +28.7789565     4.18 0.0004510966  -8.4333  -8.2343   0.3456     1966.564     625.7479     1102.109    0.092   0
       119    824.388    743.718 327.6891259 +28.7797283     4.66 0.0005034979  -9.3952  -9.1357   0.1509     4511.171     626.6403     1060.014    0.024   0
       120    280.719    725.897 327.7562548 +28.7803463     4.64 0.0005007767  -8.8907  -8.6954   0.2261     3007.268     626.1282     1260.273    0.073   0
       121     80.569    886.293 327.7805617 +28.7625820     6.74 0.0007277136 -10.8769 -11.4419   0.0184     37734.64     639.8439      1094.32    0.382   2
       122    942.809    724.694 327.6745574 +28.7820566     4.94 0.0005337466 -10.8472 -10.8572   0.0312     22023.03     633.6754     1003.961    0.127   0
       123    850.084    619.605 327.6862452 +28.7931578     8.64 0.0009327285  -9.4756  -9.6159   0.0971     7020.367     627.6934     1091.894    0.248   0
       124    867.600    681.120 327.6839399 +28.7865731     4.55 0.0004916961 -10.7297 -10.7482   0.0345      19920.4     632.7231     1058.894    0.088   0
       125     78.117    655.780 327.7814256 +28.7874052    13.19  0.001423857 -12.1263 -11.5226   0.0171     40648.02     641.0157     1162.524    0.136   2
       126    470.808    939.843 327.7322883 +28.7577603     3.02 0.0003264722  -8.3709  -9.0996   0.1559     4363.604     626.5461     1139.048    0.242   0
       127    569.292    705.047 327.7206953 +28.7832871     4.74 0.0005115877  -9.1942  -9.6447   0.0946     7209.097     627.8741     1196.291    0.089   0
       128    299.471    651.382 327.7541202 +28.7884179     4.90 0.0005287905  -9.8303  -9.8018   0.0819     8331.246     628.3207     1276.331    0.199   0
       129    525.157    676.228 327.7262102 +28.7862856     4.45 0.0004806783  -9.6303  -9.7694   0.0844     8086.428     628.1002     1224.716    0.003   0
       130    249.241    667.291 327.7602805 +28.7865824     4.48 0.0004832907  -9.8726  -9.7270   0.0877     7777.107     627.9947     1278.588    0.073   0
       131     80.117    717.760 327.7810279 +28.7807340    25.12  0.002712219 -12.9960 -11.5349   0.0169     41109.97     641.1959     1155.672    0.265   2
       132    961.742    657.985 327.6723760 +28.7892866     4.90 0.0005293441  -9.5072  -9.4599   0.1120     6080.581     627.3542      1017.43    0.108   0
       133    156.303    621.854 327.7718595 +28.7912505     4.40 0.0004752028 -11.1096 -11.2088   0.0227     30446.47     636.9726     1287.238    0.088   0
       134    166.857    998.984 327.7696430 +28.7506544     4.32 0.0004666508 -12.1006 -12.1490   0.0098     72378.65     653.2399     1148.563    0.042   0
       135    125.259    708.781 327.7754793 +28.7818116     4.32 0.0004664856 -10.0781  -9.0359   0.1654     4114.807     626.5703     1263.096    0.073   0
       136    601.953    638.703 327.7168222 +28.7905113     1.35 0.0001461952  -7.4270  -7.5773   0.6325     1073.826     625.3735     1205.008    0.102   0
       137    597.706    627.699 327.7173723 +28.7916865     1.01 0.0001091025  -8.6197  -8.6247   0.2414      2817.58     626.1937     1210.544    0.118   0
       138    256.854    640.896 327.7594047 +28.7894441     4.59 0.0004955647 -10.1480 -10.2543   0.0541     12638.75     629.9797     1280.471    0.012   0
       139    725.365    627.749 327.7016178 +28.7919852     4.47 0.0004825908 -10.7329 -10.7906   0.0332      20712.9     633.2106     1150.109    0.049   0
       140    150.089    609.408 327.7726565 +28.7925759     4.28 0.0004615391 -11.6184 -11.6367   0.0155        45152     642.7355     1288.388    0.085   0
       141    312.021   1011.094 327.7517064 +28.7497027     4.49 0.0004842372 -10.7055 -10.7817   0.0335     20543.12     633.1087      1137.36    0.045   0
       142     59.517    990.053 327.7829062 +28.7513542     4.37 0.0004715913 -12.8956 -12.9407   0.0049     150068.1     682.4056     958.9431    0.026   0
       143     87.258    583.071 327.7804746 +28.7952592     4.73 0.0005108674 -11.6657 -11.6872   0.0148      47300.7     643.5364     1229.643    0.059   0
       144    625.547    585.984 327.7140352 +28.7962463     4.37 0.0004714622 -11.3861 -11.4825   0.0178     39174.58      640.389     1209.895    0.051   0
       145    500.277    925.099 327.7286879 +28.7594191     4.61  0.000497509  -9.0862  -9.1880   0.1438     4733.549     626.8171     1134.005    0.098   0
       146    172.820    566.974 327.7699542 +28.7972020     5.99 0.0006471516  -9.3122  -9.8507   0.0783     8715.283     628.2274     1290.627    0.155   0
       147    881.384    831.863 327.6818871 +28.7703683     4.95 0.0005343623 -13.1696 -13.1959   0.0040     189834.2     696.7424     987.1313    0.118   0
       148    122.912   1013.328 327.7750292 +28.7490023     4.14 0.0004474637  -8.3910  99.0000  99.0000    -5543.121     624.9971     1137.095    0.242   0
       149     76.297    540.851 327.7819302 +28.7997800     6.46  0.000697603 -10.5937 -11.3560   0.0199     34866.06     638.7568      1166.76    0.386   0
       150    124.496    975.032 327.7749268 +28.7531311     4.33 0.0004678762 -12.4424 -12.4792   0.0073     98104.22     662.9788     1147.305    0.014   0
       151     83.500    949.011 327.7800475 +28.7558336     5.45 0.0005878512 -10.3702 -11.3775   0.0195     35562.94     638.9776     1079.201    0.672   2
