#   1 NUMBER                 Running object number                                     
#   2 X_IMAGE                Object position along x                                    [pixel]
#   3 Y_IMAGE                Object position along y                                    [pixel]
#   4 ALPHA_J2000            Right ascension of barycenter (J2000)                      [deg]
#   5 DELTA_J2000            Declination of barycenter (J2000)                          [deg]
#   6 FWHM_IMAGE             FWHM assuming a gaussian core                              [pixel]
#   7 FWHM_WORLD             FWHM assuming a gaussian core                              [deg]
#   8 MAG_BEST               Best of MAG_AUTO and MAG_ISOCOR                            [mag]
#   9 MAG_APER               Fixed aperture magnitude vector                            [mag]
#  10 MAGERR_APER            RMS error vector for fixed aperture mag.                   [mag]
#  11 FLUX_APER              Flux vector within fixed circular aperture(s)              [count]
#  12 FLUXERR_APER           RMS error vector for aperture flux(es)                     [count]
#  13 BACKGROUND             Background at centroid position                            [count]
#  14 ELLIPTICITY            1 - B_IMAGE/A_IMAGE                                       
#  15 FLAGS                  Extraction flags                                          
         1    839.938     81.010 238.0189058 +32.9330221   144.09    0.0154835 -15.2719 -13.2743   0.0039     204043.1     739.0163     1014.265    0.598  16
         2    827.463     10.283 238.0206639 +32.9405654    94.40   0.01014346 -14.1732 -13.1980   0.0040     190201.8     698.2729     323.4738    0.809  24
         3    493.501     45.447 238.0634574 +32.9358920     5.34 0.0005733452  -9.3256  99.0000  99.0000    -18907.17     666.3882     1077.326    0.069   0
         4    249.762     71.465 238.0946861 +32.9324340     8.19 0.0008796705 -10.8998 -11.2401   0.0235     31335.89     678.0236     1168.434    0.140   0
         5    235.713     81.458 238.0964664 +32.9313247    12.97  0.001394005 -12.1651 -11.4794   0.0189     39063.08     680.9591     1223.047    0.408   2
         6    366.612     84.187 238.0796576 +32.9313937     2.34 0.0002516962  -9.1358 -11.2760   0.0227     32387.82     678.2262     1281.077    0.417   0
         7    157.403     84.863 238.1065106 +32.9307425     4.79 0.0005143669 -10.0369 -11.3445   0.0214     34497.05     679.1142     1217.287    0.572   0
         8    102.205     88.605 238.1135871 +32.9301881     3.45 0.0003711729  -9.4740 -11.3501   0.0213      34678.1     679.0884     1210.532    0.415   0
         9     66.740    115.531 238.1180766 +32.9272046     4.63  0.000497728 -13.7997 -13.8362   0.0025     342371.6     784.4005       1252.8    0.090   0
        10    731.505    125.069 238.0327268 +32.9280097     4.61 0.0004957387 -10.1165  99.0000  99.0000    -7527.342     666.4825     1410.909    0.103   0
        11    753.291    129.644 238.0299202 +32.9275786     4.22 0.0004530105  -9.7516  99.0000  99.0000    -18147.41     666.4448     1411.032    0.038   0
        12    702.324    192.882 238.0363210 +32.9206661     5.12 0.0005497926 -11.8237 -11.9149   0.0128     58341.78     688.0187     1411.025    0.019   0
        13    479.247    184.392 238.0649719 +32.9209683     5.54 0.0005952224  -9.3415  -9.8952   0.0801     9079.485     669.7295     1394.072    0.248   0
        14    324.257    188.015 238.0848563 +32.9201543     4.48 0.0004813951  -9.8872 -10.2031   0.0604     12056.58     670.9523     1367.327    0.102   0
        15    113.974    256.771 238.1116854 +32.9122059     4.56  0.000489879 -13.7706 -13.8101   0.0025     334221.3     781.7182     1280.652    0.090   0
        16    763.569    277.617 238.0282716 +32.9117542     4.58 0.0004916621 -12.1789 -12.2396   0.0096     78672.98      695.096     1410.908    0.076   0
        17    236.723    277.125 238.0958854 +32.9103663     5.32 0.0005713745  -9.7926 -10.3394   0.0534     13669.57     671.6278     1340.783    0.515   0
        18    582.666    328.493 238.0513734 +32.9058135     4.43 0.0004760516 -11.3012 -11.4305   0.0198     37341.91     680.3638     1394.051    0.067   0
        19      7.623    318.413 238.1251894 +32.9053055     6.59 0.0007083078  -8.8457  -8.5770   0.2390     2696.407     593.5019     1215.841    0.414  16
        20    289.149    342.187 238.0890078 +32.9035414     4.34 0.0004659115 -11.1212 -11.1458   0.0256     28727.81     677.0984     1356.209    0.092   0
        21     45.147    345.695 238.1203105 +32.9024878     5.76  0.000619208  -9.3016  -9.5187   0.1132     6419.175     668.8297     1234.202    0.220   0
        22    881.987    666.439 238.0122168 +32.8704193    25.31  0.002719487 -11.9607 -11.5908   0.0171     43285.01     682.3416     1262.566    0.741   3
        23    452.223    383.066 238.0679888 +32.8996109     4.30 0.0004625628 -10.8374 -10.9553   0.0304     24104.79      675.408     1378.223    0.031   0
        24    512.881    433.945 238.0600901 +32.8943263     4.19 0.0004505861 -12.1462 -12.1662   0.0102     73529.98     693.5337     1378.345    0.060   0
        25    160.183    451.335 238.1053041 +32.8914915     4.45 0.0004776485  -9.8913  -9.9216   0.0782     9303.608     669.9257     1284.843    0.113   0
        26    271.752    493.085 238.0908932 +32.8873282     4.32 0.0004646257 -12.4389 -12.4996   0.0076     99960.72     702.9788     1331.181    0.088   0
        27    882.388    641.916 238.0122194 +32.8730474    29.36  0.003154677 -13.5143 -11.5542   0.0177     41849.68     681.8524      1270.79    0.757   2
        28     15.079    494.341 238.1238209 +32.8864799     4.75 0.0005107003 -10.4735 -10.4128   0.0498     14625.74     671.0668     1193.177    0.189   0
        29    441.805    500.721 238.0690581 +32.8869783     4.40 0.0004724549  -9.6704  -9.3597   0.1309     5544.678     668.3711     1366.835    0.159   0
        30    780.885    514.663 238.0255228 +32.8864068     3.34  0.000359165  -8.4480  -8.2821   0.3526       2055.2     667.2718     1388.495    0.272   0
        31    883.243    736.917 238.0119003 +32.8628725    50.15  0.005389473 -14.3979 -11.7064   0.0154     48145.11     684.2853     1226.666    0.805   2
        32    884.743    947.228 238.0112446 +32.8403463    67.05  0.007204836 -14.4058 -11.8785   0.0132     56414.64     687.3364     1109.931    0.836  18
        33    812.246    866.595 238.0207198 +32.8487896     3.78 0.0004066561 -12.7892 -12.8117   0.0058     133257.6     714.5287     1264.745    0.024   0
        34    514.441   1024.353 238.0585551 +32.8310818     3.90 0.0004193769  -8.4191  99.0000  99.0000    -325.4055     563.2263     1105.914    0.216  16
        35    802.053   1018.487 238.0216905 +32.8324902     3.78 0.0004063472  -9.8738  -9.2561   0.1382     5040.271     641.5522     1177.447    0.047  16
        36    303.552    756.572 238.0862088 +32.8591895     4.27 0.0004585117 -10.8198 -10.8362   0.0339     21601.97     674.4437     1232.108    0.166   0
        37    861.255    791.221 238.0146008 +32.8569960     4.36  0.000468008 -12.0558 -12.2522   0.0095     79594.25      695.644     1282.461    0.101   0
        38    382.610    700.613 238.0761966 +32.8654020     4.12 0.0004427856 -12.7786 -12.8353   0.0057     136185.1     715.4293     1286.497    0.084   0
        39    633.098    782.387 238.0438834 +32.8573262     5.23 0.0005621845  -8.5694  -8.4681   0.2971     2439.088     667.3215     1292.379    0.284   0
        40    910.211    623.889 238.0086899 +32.8750532     3.84 0.0004131273 -10.9128  99.0000  99.0000    -5932.893     666.4259     1139.116    0.073   0
        41    132.012    632.127 238.1084990 +32.8720457     4.94 0.0005307363 -10.1065 -10.3359   0.0535        13626     671.4807     1218.957    0.206   0
        42    884.166    813.269 238.0116137 +32.8546955    40.10  0.004308821 -13.9165 -11.8339   0.0138      54147.2     686.4197     1186.245    0.600   2
        43    721.527    709.578 238.0327039 +32.8653656     9.07 0.0009751408 -10.1052 -10.2230   0.0593     12279.85     671.0541     1340.085    0.431   0
        44    360.455   1004.557 238.0783442 +32.8327804     5.93 0.0006374923  -8.7072  -5.5324   4.4327     163.2931      666.506     1059.874    0.266   0
