#   1 NUMBER                 Running object number                                     
#   2 X_IMAGE                Object position along x                                    [pixel]
#   3 Y_IMAGE                Object position along y                                    [pixel]
#   4 ALPHA_J2000            Right ascension of barycenter (J2000)                      [deg]
#   5 DELTA_J2000            Declination of barycenter (J2000)                          [deg]
#   6 FWHM_IMAGE             FWHM assuming a gaussian core                              [pixel]
#   7 FWHM_WORLD             FWHM assuming a gaussian core                              [deg]
#   8 MAG_BEST               Best of MAG_AUTO and MAG_ISOCOR                            [mag]
#   9 MAG_APER               Fixed aperture magnitude vector                            [mag]
#  10 MAGERR_APER            RMS error vector for fixed aperture mag.                   [mag]
#  11 FLUX_APER              Flux vector within fixed circular aperture(s)              [count]
#  12 FLUXERR_APER           RMS error vector for aperture flux(es)                     [count]
#  13 BACKGROUND             Background at centroid position                            [count]
#  14 ELLIPTICITY            1 - B_IMAGE/A_IMAGE                                       
#  15 FLAGS                  Extraction flags                                          
         1     74.882    252.544 200.8828798 +36.1009714    54.87   0.00596424 -14.1839 -12.2236   0.0126     77524.73     902.0299     1742.187    0.696   2
         2     10.877     80.554 200.8918913 +36.1195238    66.68  0.007248071 -13.8354 -13.0475   0.0058     165576.8      884.174     365.5984    0.594  24
         3    144.818     85.143 200.8738846 +36.1193624    51.11  0.005555595 -13.3556 -12.1244   0.0138     70754.78     900.0298     1557.061    0.776   2
         4    191.979     30.850 200.8676773 +36.1253883    34.30  0.003727687 -13.1493 -12.2131   0.0128     76780.96     901.6779     866.1844    0.236  17
         5    135.771     11.088 200.8752767 +36.1273976    87.66  0.009528183 -15.0779 -13.8631   0.0029     350960.1     937.7211      171.509    0.745  24
         6     65.465    109.305 200.8844881 +36.1165335    24.02  0.002611289  99.0000  99.0000  99.0000    -5458.277     880.2318     1072.786    0.576   0
         7    377.106     87.765 200.8426690 +36.1196566     6.98 0.0007584938 -11.0256 -10.8070   0.0458     21028.53     886.0604     1834.041    0.070   0
         8     77.220    386.290 200.8822455 +36.0864244    48.04   0.00522205 -13.7900 -12.0422   0.0149     65599.16     898.5967     1753.516    0.797   3
         9    308.291    262.663 200.8515033 +36.1004550     6.96 0.0007563021 -12.5685 -12.6014   0.0090     109793.6     910.9053     1977.261    0.021   0
        10     77.418    451.268 200.8820633 +36.0793546    42.49  0.004618084 -13.7069 -12.0188   0.0152     64195.49     898.2549     1741.785    0.740   3
        11     79.079    685.303 200.8812802 +36.0538935    74.97  0.008149237 -15.1334 -12.1961   0.0130     75585.03     901.3463     1708.944    0.877  18
        12     76.370    527.954 200.8820205 +36.0710077    40.64  0.004416746 -14.3347 -12.3856   0.0109     89997.58     905.2865      1722.27    0.718   0
        13    688.744    426.351 200.8000254 +36.0835795     5.71 0.0006201586  -9.7312  -9.9954   0.0963     9957.682     882.9561     1863.012    0.148   0
        14   1024.099    443.647 200.7549496 +36.0825039     9.05 0.0009833719  -9.8468  -8.9163   0.2211      3685.58     750.1901     1582.194    0.042  16
        15    718.966    492.047 200.7958173 +36.0765043     7.36  0.000800047 -11.1729 -11.2139   0.0316     30588.14     888.8521     1805.344    0.039   0
        16    596.253    861.055 200.8114484 +36.0360533     8.98 0.0009761577 -10.2068 -10.3845   0.0674      14248.9      884.195     1656.216    0.075   0
        17    655.156    976.885 200.8032783 +36.0235933     8.15 0.0008853945 -10.5157 -10.6338   0.0536     17926.87     885.3829     1508.328    0.134   0
        18    324.912    647.018 200.8483684 +36.0586745     1.17 0.0001267755  -7.5954  -9.0580   0.2279     4199.711     881.4237     1931.754    0.089   0
        19     83.321    900.398 200.8801967 +36.0304996    48.80  0.005304465 -14.6025 -12.1432   0.0136     71992.01     900.2761     1591.612    0.728  18
