#   1 NUMBER                 Running object number                                     
#   2 X_IMAGE                Object position along x                                    [pixel]
#   3 Y_IMAGE                Object position along y                                    [pixel]
#   4 ALPHA_J2000            Right ascension of barycenter (J2000)                      [deg]
#   5 DELTA_J2000            Declination of barycenter (J2000)                          [deg]
#   6 FWHM_IMAGE             FWHM assuming a gaussian core                              [pixel]
#   7 FWHM_WORLD             FWHM assuming a gaussian core                              [deg]
#   8 MAG_BEST               Best of MAG_AUTO and MAG_ISOCOR                            [mag]
#   9 MAG_APER               Fixed aperture magnitude vector                            [mag]
#  10 MAGERR_APER            RMS error vector for fixed aperture mag.                   [mag]
#  11 FLUX_APER              Flux vector within fixed circular aperture(s)              [count]
#  12 FLUXERR_APER           RMS error vector for aperture flux(es)                     [count]
#  13 BACKGROUND             Background at centroid position                            [count]
#  14 ELLIPTICITY            1 - B_IMAGE/A_IMAGE                                       
#  15 FLAGS                  Extraction flags                                          
         1    835.273    284.811 238.0207725 +33.0205768   126.13   0.01355717 -15.0566 -12.3029   0.0099     83396.84     756.5574     1316.071    0.853  19
         2    830.843    134.170 238.0216192 +33.0366917   172.72   0.01856517 -15.8744 -12.4684   0.0085     97130.69     761.0624     1246.899    0.871  19
         3    454.661    124.325 238.0700491 +33.0367572     7.25 0.0007788463 -14.1998 -14.2313   0.0019     492651.6     881.5308     1375.873    0.265   0
         4    431.954    198.597 238.0728302 +33.0287459     6.41 0.0006887403 -10.2758 -10.3191   0.0593     13416.95      732.884     1411.756    0.241   0
         5     56.677    253.360 238.1210127 +33.0218778     8.02 0.0008621043 -10.6985 -10.8114   0.0378     21112.75     735.6678     1295.438    0.312   0
         6    171.797    273.251 238.1061619 +33.0200589     6.39 0.0006864822 -11.8260 -11.8712   0.0145     56038.25     747.3217     1372.187    0.266   0
         7    295.227    288.794 238.0902509 +33.0187260     6.73 0.0007232708  -9.7193  -9.8957   0.0874     9084.062     731.3018     1425.824    0.230   0
         8    283.139    291.736 238.0918005 +33.0183787     5.58 0.0006002069  -9.3501  -9.5819   0.1167     6803.775     730.8301     1424.393    0.127   0
         9    261.003    293.994 238.0946442 +33.0180778     0.00            0  -8.8961  -9.7138   0.1033     7683.061     730.9666     1419.408    0.007   0
        10    487.593    363.580 238.0653588 +33.0112319     5.74   0.00061732 -12.4763 -12.4821   0.0084      98363.1     761.1714     1496.714    0.207   0
        11      1.619    434.491 238.1277409 +33.0023385     4.21 0.0004525301  -8.6835  -8.1525   0.3215     1823.816     539.9139     1343.627    0.549  24
        12    651.393    709.803 238.0436402 +32.9745999     2.10  0.000225353  -8.9035 -10.2909   0.0609     13072.35     732.7665     1542.308    0.402   0
        13    716.283    888.291 238.0349646 +32.9556624     3.05 0.0003282299 -10.3167  99.0000  99.0000    -37697.57      728.499     1130.196    0.082   0
        14    841.365    830.807 238.0189876 +32.9621424    78.58  0.008446826 -14.0424 -13.0280   0.0052     162632.5     782.1488     1162.517    0.476  16
        15    704.085    787.653 238.0367195 +32.9664040     4.93 0.0005300178 -11.1749 -11.2208   0.0261     30784.59     739.0895     1542.997    0.155   0
        16    662.727    787.448 238.0420381 +32.9663175     7.04   0.00075627  -9.9973 -10.1935   0.0666     11951.21     732.5273     1543.438    0.102   0
        17     97.215    783.515 238.1147633 +32.9652338     4.63 0.0004976594 -11.6821 -11.8681   0.0145     55879.79     747.3691     1400.413    0.103   0
        18    551.829    680.486 238.0564992 +32.9774763     6.56 0.0007051896  -9.0575  -9.1749   0.1695     4677.095     730.1229     1538.896    0.255   0
        19    719.228    650.841 238.0350256 +32.9810896     4.91 0.0005276498 -11.4082 -11.4684   0.0208     38670.43     741.5901     1536.994    0.167   0
        20     45.476    850.476 238.1212852 +32.9579258     5.92 0.0006360415 -10.1232 -10.9376   0.0337     23714.99      736.735     1329.265    0.022   0
        21    711.609    777.396 238.0357711 +32.9675218     4.99 0.0005360131 -10.4540 -10.5867   0.0464     17165.92     734.1822     1542.818    0.165   0
        22    499.228    772.309 238.0630907 +32.9675075     3.77  0.000404982 -10.2156 -10.2507   0.0632     12597.37     732.8503     1531.871    0.499   0
        23    709.440    685.738 238.0362198 +32.9773283     5.22 0.0005609907 -10.8544 -11.0158   0.0314      25487.5     737.1733         1542    0.163   0
        24    888.177    888.177 238.0128636 +32.9561224    57.48  0.006177994 -13.9420 -12.6116   0.0075     110828.6     765.3723     546.6105    0.145  16
