#   1 NUMBER                 Running object number                                     
#   2 X_IMAGE                Object position along x                                    [pixel]
#   3 Y_IMAGE                Object position along y                                    [pixel]
#   4 ALPHA_J2000            Right ascension of barycenter (J2000)                      [deg]
#   5 DELTA_J2000            Declination of barycenter (J2000)                          [deg]
#   6 FWHM_IMAGE             FWHM assuming a gaussian core                              [pixel]
#   7 FWHM_WORLD             FWHM assuming a gaussian core                              [deg]
#   8 MAG_BEST               Best of MAG_AUTO and MAG_ISOCOR                            [mag]
#   9 MAG_APER               Fixed aperture magnitude vector                            [mag]
#  10 MAGERR_APER            RMS error vector for fixed aperture mag.                   [mag]
#  11 FLUX_APER              Flux vector within fixed circular aperture(s)              [count]
#  12 FLUXERR_APER           RMS error vector for aperture flux(es)                     [count]
#  13 BACKGROUND             Background at centroid position                            [count]
#  14 ELLIPTICITY            1 - B_IMAGE/A_IMAGE                                       
#  15 FLAGS                  Extraction flags                                          
         1    853.422     89.055 238.0166442 +32.9318512   117.42   0.01257839 -15.0294 -12.8022   0.0048     132089.2      585.083     831.8695    0.492  19
         2    817.428     46.241 238.0213266 +32.9363151    70.29   0.00752916 -13.6125 -12.2221   0.0079     77416.43     561.1802     655.0298    0.802  19
         3    821.370     10.014 238.0208780 +32.9401878    82.36  0.008822498 -13.8675 -12.6962   0.0050     119802.6     549.0541     406.1532    0.768  24
         4    489.008     42.983 238.0634409 +32.9357436     5.74  0.000615323  -8.6135  99.0000  99.0000    -6061.803     525.3831     860.0176    0.436   0
         5     62.765    113.736 238.1179718 +32.9269882     8.39 0.0008989467 -13.7894 -13.7765   0.0022     324035.4     662.0505     979.3203    0.067   0
         6    727.606    122.652 238.0327221 +32.9279201     8.50 0.0009099892  -9.7341  -7.7677   0.4465     1279.653     526.1403     1077.627    0.126   0
         7    749.329    127.371 238.0299296 +32.9274777     8.73 0.0009348782  -9.1811  99.0000  99.0000    -4827.446     525.6062     1077.863    0.071   0
         8    698.661    190.897 238.0363243 +32.9205649     9.21 0.0009864244 -11.9289 -11.8618   0.0108     55554.94     551.4118     1077.824    0.070   0
         9    320.359    186.304 238.0848278 +32.9199890     9.59  0.001027049  -9.8624  -9.9846   0.0584     9859.221     530.2602     1049.765    0.146   0
        10    109.951    255.041 238.1116849 +32.9120613     8.09 0.0008669354 -13.7388 -13.7377   0.0023     312655.1     657.7747      999.839    0.046   0
        11    759.933    275.645 238.0283355 +32.9117019     8.28 0.0008869889 -12.2046 -12.2017   0.0080     75974.06     560.5372     1078.252    0.040   0
        12    578.872    326.465 238.0514626 +32.9057786     8.57 0.0009175924 -11.3670 -11.3483   0.0170     34621.02     541.8232     1069.216    0.083   0
        13    285.211    340.434 238.0890786 +32.9034596     8.68 0.0009294377 -11.1825 -11.1882   0.0196     29872.85     539.4976     1044.394    0.031   0
        14    448.255    381.000 238.0681152 +32.8995977     8.72 0.0009337734 -10.8809 -10.8809   0.0259     22508.59      536.045     1058.507    0.070   0
        15    509.163    431.972 238.0602265 +32.8943361     7.76 0.0008309531 -12.0995 -12.1217   0.0086     70577.73     558.1393     1059.706    0.030   0
        16    155.952    449.045 238.1054636 +32.8915134     9.86  0.001055755  -9.8291  -9.9062   0.0627     9172.389      529.951     1002.897    0.023   0
        17    267.882    491.291 238.0910496 +32.8873298     7.68 0.0008231468 -12.4065 -12.4163   0.0067     92583.31     567.9242     1031.959    0.006   0
        18     10.977    492.312 238.1239687 +32.8864851     9.52  0.001019862 -10.2235 -10.1816   0.0465     11821.12     505.9382     949.4578    0.171  16
        19    437.775    498.846 238.0692662 +32.8870063     8.97 0.0009607864  -9.4994  -9.5309   0.0884      6491.71     528.6849     1052.127    0.100   0
        20    884.710    958.227 238.0112757 +32.8392879     7.39 0.0007916975 -10.8376 -11.2999   0.0177     33108.98     541.1251     890.6082    0.264   0
        21    798.264   1016.238 238.0222563 +32.8328647    10.51  0.001126048  -9.7031  -9.6267   0.0801     7090.244     522.8298     938.1191    0.157  16
        22    883.061    910.615 238.0115613 +32.8443585     9.96   0.00106647 -11.4329 -11.3375   0.0172     34277.59     541.6791     908.3898    0.251   0
        23    882.958    895.796 238.0115975 +32.8459380    10.10   0.00108165 -11.1232 -11.2765   0.0181     32405.14     540.6842     913.8702    0.810   0
        24    808.718    864.638 238.0211558 +32.8490535     7.71 0.0008262818 -12.7550 -12.7758   0.0049     128918.3     583.7399     992.1078    0.037   0
        25    378.838    698.879 238.0764909 +32.8655172     7.81 0.0008364899 -12.7618 -12.7630   0.0050     127412.9     583.0412     1006.561    0.011   0
        26    858.105    789.248 238.0149476 +32.8572267     8.64 0.0009250875 -12.2594 -12.0431   0.0092     65652.16     555.9849     1002.309    0.045   0
        27    127.944    630.108 238.1087490 +32.8721330    10.75   0.00115202  -9.9848  -9.9811   0.0586     9827.203      530.304     966.1652    0.148   0
        28    906.215    621.919 238.0090451 +32.8751963     7.51  0.000804876 -10.7893 -10.4368   0.0387     14952.74     532.6122      920.002    0.068   0
        29    882.496    990.000 238.0115098 +32.8358950     3.01 0.0003228719  -9.3553 -11.1140   0.0210     27899.46     538.6113     890.9706    0.380   0
        30    881.503    945.983 238.0117056 +32.8405841     3.75 0.0004016624  -9.5020 -11.3196   0.0174     33716.64      541.449     900.5054    0.381   0
        31    882.550    881.740 238.0116717 +32.8474352    11.67  0.001250182 -11.6952 -11.3233   0.0174     33830.41     541.4006     918.9853    0.583   0
        32    882.067    854.567 238.0117761 +32.8503302    10.14  0.001086538 -11.4037 -11.2617   0.0184     31964.69     540.6106     931.2933    0.439   2
        33    299.595    754.640 238.0865510 +32.8593485     7.88 0.0008437306 -10.7150 -10.7400   0.0294     19769.62     534.7953     974.1451    0.088   0
        34    883.269    933.318 238.0114992 +32.8419391    10.08  0.001079579 -11.2889 -11.3345   0.0172      34180.9     541.6778     900.9387    0.668   2
