#   1 NUMBER                 Running object number                                     
#   2 X_IMAGE                Object position along x                                    [pixel]
#   3 Y_IMAGE                Object position along y                                    [pixel]
#   4 ALPHA_J2000            Right ascension of barycenter (J2000)                      [deg]
#   5 DELTA_J2000            Declination of barycenter (J2000)                          [deg]
#   6 FWHM_IMAGE             FWHM assuming a gaussian core                              [pixel]
#   7 FWHM_WORLD             FWHM assuming a gaussian core                              [deg]
#   8 MAG_BEST               Best of MAG_AUTO and MAG_ISOCOR                            [mag]
#   9 MAG_APER               Fixed aperture magnitude vector                            [mag]
#  10 MAGERR_APER            RMS error vector for fixed aperture mag.                   [mag]
#  11 FLUX_APER              Flux vector within fixed circular aperture(s)              [count]
#  12 FLUXERR_APER           RMS error vector for aperture flux(es)                     [count]
#  13 BACKGROUND             Background at centroid position                            [count]
#  14 ELLIPTICITY            1 - B_IMAGE/A_IMAGE                                       
#  15 FLAGS                  Extraction flags                                          
         1    149.667     79.053 327.7737129 +28.8494621    72.42  0.007846561 -14.8301 -12.9501   0.0121     151371.1      1688.96     2943.557    0.816  19
         2    191.911     31.025 327.7685665 +28.8547712    31.41  0.003403073 -13.7283 -13.2442   0.0093       198467     1696.195      1388.19    0.332  19
         3     11.586     79.847 327.7908312 +28.8489854    68.91  0.007466557 -14.7679 -14.0690   0.0043     424238.1     1666.142     171.8333    0.578  24
         4    135.124     11.285 327.7756452 +28.8567442    90.06  0.009758342 -16.0827 -14.8702   0.0021       887285     1727.555    -349.6211    0.748  24
         5     74.211    115.966 327.7829976 +28.8452599    56.42  0.006113147 -13.9729 -12.9332   0.0123     149033.6     1688.428     2363.841    0.396   3
         6    460.255     26.778 327.7353022 +28.8559825     5.09 0.0005517431  -9.1336  99.0000  99.0000     -90305.2     1666.781     2008.564    0.584   0
         7     77.984    158.799 327.7824478 +28.8406420    37.59  0.004073215 -13.6704 -12.7031   0.0152     120566.5     1683.835     3580.078    0.668   3
         8    717.412    137.788 327.7032130 +28.8446998     5.51 0.0005969031 -15.7229 -15.7539   0.0011      2002433     1943.496     3914.495    0.172   4
         9    920.230    104.899 327.6781269 +28.8488111     8.57 0.0009285199 -11.3563 -11.5081   0.0453     40108.66     1672.833      3542.47    0.236   0
        10    189.243    111.086 327.7687453 +28.8461123     4.54 0.0004919821  -9.8117  99.0000  99.0000    -126923.6      1666.97     4149.656    0.145   0
        11    265.801    160.306 327.7591606 +28.8410090     5.58  0.000604982 -10.9393 -11.1009   0.0658     27566.32     1670.534     4184.532    0.085   0
        12    402.574    168.490 327.7421889 +28.8405079     5.39 0.0005844861 -11.5166 -11.5927   0.0419      43358.1     1673.084     4132.853    0.110   0
        13    899.447    235.327 327.6804679 +28.8346599     5.10 0.0005521387 -13.3009 -13.3527   0.0084     219316.6     1699.266     3678.875    0.073   0
        14    524.807    280.923 327.7268265 +28.8286989     5.37 0.0005822099 -15.9456 -15.9778   0.0009      2461017      2001.93     4089.844    0.050   4
        15    270.355    257.374 327.7584127 +28.8305325     5.11 0.0005535114 -13.2804 -13.3290   0.0086       214591     1698.478     4180.305    0.075   0
        16   1026.331    237.692 327.6647340 +28.8347508     6.27 0.0006792175  -9.6574  99.0000  99.0000    -1048.624     1326.312     3455.915    0.162  16
        17    510.831    257.588 327.7286023 +28.8311816     4.94 0.0005352626 -12.8193 -12.9333   0.0123     149042.7     1688.337     4100.874    0.059   0
        18    316.866    254.180 327.7526531 +28.8310081     5.28  0.000572548 -11.5994 -11.6521   0.0397     45797.09      1673.73     4163.128    0.090   0
        19    464.544    289.684 327.7342805 +28.8275844     4.98 0.0005391413 -15.3140 -15.3570   0.0015      1389361     1863.682     4116.464    0.058   2
        20    656.085    254.159 327.7106024 +28.8319551     5.07 0.0005496104 -11.8023 -11.8579   0.0329     55354.39      1675.11     4034.839    0.036   0
        21    479.497    278.881 327.7324470 +28.8287935     5.00  0.000541649 -14.0630 -14.1230   0.0042     445880.8     1732.323     4114.209    0.031   3
        22    668.195    258.261 327.7090936 +28.8315453     5.02 0.0005440039 -10.2213 -10.4728   0.1173     15456.36     1668.862      4023.41    0.054   0
        23    208.600    270.746 327.7660426 +28.8289138     5.30 0.0005738633 -11.7189 -11.8781   0.0323     56395.31     1674.796     4186.969    0.107   0
        24    764.455    267.624 327.6971437 +28.8307991     4.98 0.0005395768 -11.7667 -11.8081   0.0344      52872.3     1674.693     3877.303    0.035   0
        25    573.600    269.993 327.7207983 +28.8300156     4.92 0.0005332337 -10.2504 -10.2359   0.1458      12427.2     1668.126     4075.177    0.031   0
        26    185.992    293.499 327.7688020 +28.8263913     5.26 0.0005704362 -11.9409 -12.1408   0.0254     71831.84     1677.146      4186.86    0.116   0
        27    201.316    333.315 327.7668269 +28.8221320     5.04 0.0005458295 -13.2686 -13.3681   0.0083     222459.3     1699.589     4180.593    0.102   0
        28    260.911    312.433 327.7594795 +28.8245561     5.60 0.0006069199 -10.6992 -10.8359   0.0840     21596.32     1669.876     4171.923    0.148   0
        29    841.130    318.883 327.6875457 +28.8254708     4.48 0.0004855877  -9.5779  -9.5997   0.2619     6916.439     1667.912     3687.827    0.196   0
        30    210.194    362.918 327.7656703 +28.8189581     5.65 0.0006122127 -11.5108 -11.7883   0.0350     51917.59     1674.316     4172.296    0.054   0
        31    342.187    440.290 327.7491647 +28.8109678     4.82 0.0005221024 -13.3015 -13.3852   0.0082     225980.4     1700.384     4115.397    0.104   0
        32    815.922    420.847 327.6904852 +28.8143830     4.78 0.0005183466 -10.8991 -10.8456   0.0832     21789.29      1670.14     3615.617    0.087   0
        33    963.316    463.086 327.6721405 +28.8102224     4.94 0.0005356969 -15.4517 -15.4871   0.0013      1566174     1886.918     3236.783    0.084   4
        34    169.566    442.471 327.7705549 +28.8102470     5.09 0.0005514689 -11.6214 -11.7699   0.0356     51043.54     1674.514     4151.093    0.076   0
        35    803.890    447.140 327.6919287 +28.8115087     5.66 0.0006134735 -11.7499 -11.7781   0.0354     51433.27     1674.619      3603.39    0.206   0
        36    268.833    485.597 327.7581706 +28.8058661     4.77 0.0005164995 -14.7049 -14.7443   0.0024       790179     1780.744     4124.424    0.082   0
        37   1011.969    462.561 327.6661115 +28.8104118     5.01 0.0005425991 -11.0102 -10.2216   0.1478     12264.03      1668.62     3142.561    0.207   0
        38     35.824    477.746 327.7870629 +28.8060568     5.04  0.000545855 -11.6913  99.0000  99.0000    -57986.41     1666.687     2485.408    0.208   0
        39    946.827    506.296 327.6741063 +28.8055079     4.74 0.0005131849 -13.6650 -13.7067   0.0061     303852.2     1711.749     3190.859    0.089   0
        40     80.392    750.003 327.7810191 +28.7767627   175.96   0.01906526 -16.5156 -13.1626   0.0100     184090.7     1693.704     3438.992    0.950  50
        41     76.796    413.695 327.7821076 +28.8130944   109.39   0.01185203 -15.9186  99.0000  99.0000            0            0     3596.294    0.897  51
        42     74.769    262.124 327.7826487 +28.8294676    85.74  0.009289512  99.0000  99.0000  99.0000            0            0     3594.037    0.789  50
        43    344.108    525.220 327.7487672 +28.8017955     4.89 0.0005293692 -10.9210 -10.9815   0.0735     24693.53     1670.434     4091.535    0.167   0
        44    712.355    838.174 327.7025581 +28.7690007     4.69 0.0005085269 -11.3944 -11.4759   0.0466     38936.48      1672.47     3119.121    0.156   0
        45     81.119   1005.279 327.7804415 +28.7491794     6.52 0.0007064612 -11.5706 -12.3197   0.0215     84700.95     1679.625     3012.817    0.608   0
        46     57.623    988.436 327.7833841 +28.7509330     4.77 0.0005167534 -12.5765 -12.6344   0.0162     113181.8     1683.438     2479.644    0.164   0
        47     57.019    963.140 327.7835073 +28.7536649     4.67 0.0005057623 -11.4589 -11.7352   0.0368     49439.96     1674.227     2492.301    0.160   0
        48    461.800    813.540 327.7336451 +28.7709680     4.47 0.0004841684 -13.4268 -13.4742   0.0075     245288.9     1702.759     3665.989    0.122   0
        49    457.941    884.607 327.7339909 +28.7632777     4.38 0.0004748652 -12.2818 -12.3589   0.0208     87814.68     1679.667      3549.39    0.155   0
        50    138.636    842.268 327.7736273 +28.7669572     4.40 0.0004772813 -11.2976 -10.2523   0.1436     12615.84     1668.531     3783.559    0.163   0
        51    494.415    801.785 327.7296261 +28.7723291     2.51 0.0002724668  -9.2725  99.0000  99.0000    -339.1462     1666.121     3645.231    0.388   0
        52    409.964    842.164 327.7400136 +28.7677303     4.68 0.0005066083 -10.8301 -10.8308   0.0844     21494.18     1670.002     3683.438    0.226   0
        53    143.621    796.029 327.7730977 +28.7719678     4.48 0.0004854115 -10.5793  -4.9639  18.7114     96.72627      1666.56     3885.614    0.231   0
        54    298.295    649.985 327.7542098 +28.7881848     4.23 0.0004588017  -9.5515 -10.0195   0.1780     10181.18     1668.355     4056.054    0.076   0
        55    155.002    620.535 327.7720213 +28.7909640     4.68 0.0005066999 -10.6896 -10.7172   0.0937      19358.8       1669.4     4105.451    0.185   0
        56    880.961    754.927 327.6818199 +28.7784600     4.97 0.0005386997 -10.5065 -10.3448   0.1319     13737.39     1668.793     2886.251    0.217   0
        57    671.002    714.971 327.7079073 +28.7822001     3.68 0.0003988755  -9.3220  -9.1668   0.3899     4642.187     1666.817      3453.93    0.033   0
        58    263.460    743.020 327.7583506 +28.7780335     3.85  0.000417669 -10.0099 -10.0978   0.1656     10942.89     1668.422     3960.811    0.166   0
        59    148.790    607.807 327.7728153 +28.7923219     4.62  0.000500343 -11.2017 -10.5196   0.1123     16138.34     1668.447     4109.396    0.107   0
        60    844.383    760.082 327.6863426 +28.7778027     4.88 0.0005286866 -10.5757 -10.7072   0.0945     19181.04     1669.609     2964.845    0.166   0
        61    941.472    723.208 327.6743796 +28.7820533     5.13 0.0005562563 -10.4869 -10.4020   0.1251     14481.45     1668.763     2799.139    0.185   0
        62    642.422    669.014 327.7115330 +28.7870873     0.53 5.795598e-05  -8.9923  -8.1345   1.0088     1793.945      1666.39     3596.013    0.093   0
        63    378.029    742.182 327.7441571 +28.7784452     4.57 0.0004952648 -12.0378 -12.1110   0.0261     69884.41     1676.715     3903.412    0.154   0
        64    247.741    666.005 327.7604436 +28.7863117     4.24 0.0004596164  -9.4211  99.0000  99.0000    -2515.678     1666.498     4064.656    0.072   0
        65    724.128    626.403 327.7014867 +28.7919176     4.63 0.0005014552 -10.4184 -10.2813   0.1398     12957.04     1668.441     3485.485    0.071   0
        66    124.005    707.172 327.7756972 +28.7815144     3.73 0.0004045131  -9.1967  99.0000  99.0000    -32406.74     1666.121     3996.375    0.189   0
        67    866.210    679.582 327.6837839 +28.7865616     4.85  0.000525408 -10.4723 -10.4400   0.1208      14997.5     1668.323     3057.745    0.195   0
        68    310.675   1009.523 327.7519996 +28.7493673     4.90 0.0005305952 -10.3943 -10.5269   0.1116     16246.39     1669.452     3432.737    0.235   0
        69    123.006    973.375 327.7753140 +28.7527455     4.40 0.0004770324 -12.0956 -11.9399   0.0305     59700.62     1674.961     3462.847    0.137   0
        70    879.931    830.349 327.6818112 +28.7703070     5.05 0.0005468082 -12.8846 -12.8165   0.0137     133842.7     1686.504     2716.321    0.201   0
        71    384.767    954.379 327.7429253 +28.7555337     4.68 0.0005066773 -10.5528 -10.7825   0.0882     20559.67      1669.58      3507.92    0.237   0
        72    570.003    651.524 327.7205388 +28.7887766     3.45 0.0003742631  -9.5883  -8.7049   0.5968     3033.578     1666.953     3771.117    0.255   0
        73    255.512    639.477 327.7595309 +28.7892001     5.49 0.0005944851  -9.6468  -8.4078   0.7848     2307.486      1667.41     4076.167    0.252   0
        74    427.954    548.675 327.7383325 +28.7994953     4.57 0.0004946318 -12.2995 -12.3643   0.0207     88255.05     1679.966     4051.148    0.106   0
        75    312.854    869.839 327.7519923 +28.7644679     4.48 0.0004849827  -9.6731 -10.6836   0.0966     18769.59     1669.688      3722.97    0.172   0
        76    270.887    906.081 327.7571229 +28.7604338     4.45 0.0004817572 -11.7019 -11.6256   0.0407      44694.7     1673.331     3675.775    0.164   0
        77    624.160    584.574 327.7139514 +28.7961615     4.77 0.0005169105 -11.1328 -11.2220   0.0589     30818.87     1671.162     3757.544    0.154   0
        78    165.355    997.369 327.7700227 +28.7502721     4.65 0.0005036856 -11.9050 -11.8879   0.0320     56908.89     1675.108     3467.829    0.180   0
