#   1 NUMBER                 Running object number                                     
#   2 X_IMAGE                Object position along x                                    [pixel]
#   3 Y_IMAGE                Object position along y                                    [pixel]
#   4 ALPHA_J2000            Right ascension of barycenter (J2000)                      [deg]
#   5 DELTA_J2000            Declination of barycenter (J2000)                          [deg]
#   6 FWHM_IMAGE             FWHM assuming a gaussian core                              [pixel]
#   7 FWHM_WORLD             FWHM assuming a gaussian core                              [deg]
#   8 MAG_BEST               Best of MAG_AUTO and MAG_ISOCOR                            [mag]
#   9 MAG_APER               Fixed aperture magnitude vector                            [mag]
#  10 MAGERR_APER            RMS error vector for fixed aperture mag.                   [mag]
#  11 FLUX_APER              Flux vector within fixed circular aperture(s)              [count]
#  12 FLUXERR_APER           RMS error vector for aperture flux(es)                     [count]
#  13 BACKGROUND             Background at centroid position                            [count]
#  14 ELLIPTICITY            1 - B_IMAGE/A_IMAGE                                       
#  15 FLAGS                  Extraction flags                                          
         1     75.343    262.007 200.8829423 +36.0999528    64.81  0.007040265 -14.3035 -12.2081   0.0131     76426.09     919.0468     1798.033    0.797   2
         2     10.959     80.641 200.8918146 +36.1194830    67.38  0.007319464 -13.9071 -13.1243   0.0055     177708.5      904.817     355.7443    0.595  24
         3    144.342     85.869 200.8738770 +36.1192683    46.57  0.005059017 -13.4713 -12.1640   0.0136     73382.74     918.2932     1618.424    0.751   2
         4    191.963     30.803 200.8675398 +36.1253754    34.13   0.00370682 -12.7581 -12.2973   0.0121     82966.84     920.6756     880.5472    0.263  17
         5    135.269     11.144 200.8751853 +36.1273615    88.43  0.009605898 -15.1399 -13.9160   0.0028     368464.4     958.3123     156.2486    0.746  24
         6     65.070    109.283 200.8845059 +36.1165153    21.48  0.002333367  -9.5506  99.0000  99.0000    -16198.11     898.2708     1104.973    0.535   0
         7    376.813     88.603 200.8426216 +36.1195805     7.31   0.00079378 -11.0749 -10.9604   0.0406      24218.8      904.532     1904.977    0.038   0
         8     80.895    122.986 200.8823622 +36.1150688    10.33  0.001122434 -11.6693 -11.6232   0.0222     44595.29     910.5475      1453.01    0.337   0
         9    308.243    263.315 200.8516384 +36.1004234     6.95  0.000754982 -12.5679 -12.5946   0.0092     109103.4     928.1883      2040.41    0.036   0
        10    688.670    427.635 200.8003296 +36.0835571     3.88 0.0004219963  -9.5787  -9.7828   0.1194     8187.019     900.4198     1922.021    0.255   0
        11   1023.951    444.271 200.7552584 +36.0825986     8.52 0.0009253417  -9.8327  -9.4427   0.1396     5985.153     769.2755     1626.898    0.240  16
        12     76.528    525.497 200.8824682 +36.0713340    28.91   0.00314046 -13.9683 -12.4070   0.0109     91789.81     923.3896     1786.683    0.599  50
        13     80.064    721.806 200.8817589 +36.0500191   118.28   0.01284751 -15.5341 -12.1849   0.0133     74812.36     918.7072     1749.095    0.949  50
        14    718.969    492.836 200.7961880 +36.0765519     7.63 0.0008285625 -11.2083 -11.2570   0.0309     31827.94      906.985     1860.252    0.078   0
        15     80.700    969.120 200.8813785 +36.0231561     4.38 0.0004755011  -8.9238 -11.7305   0.0201     49228.85     911.7438     1568.168    0.320   1
        16    654.880    977.751 200.8042725 +36.0237134     7.26 0.0007889536 -10.5279 -10.6525   0.0538     18238.54     903.3326     1549.247    0.009   0
        17    596.077    861.822 200.8122953 +36.0361556     7.34 0.0007969799 -10.2711 -10.4833   0.0628     15606.77     902.5787     1701.001    0.179   0
