#   1 NUMBER                 Running object number                                     
#   2 X_IMAGE                Object position along x                                    [pixel]
#   3 Y_IMAGE                Object position along y                                    [pixel]
#   4 ALPHA_J2000            Right ascension of barycenter (J2000)                      [deg]
#   5 DELTA_J2000            Declination of barycenter (J2000)                          [deg]
#   6 FWHM_IMAGE             FWHM assuming a gaussian core                              [pixel]
#   7 FWHM_WORLD             FWHM assuming a gaussian core                              [deg]
#   8 MAG_BEST               Best of MAG_AUTO and MAG_ISOCOR                            [mag]
#   9 MAG_APER               Fixed aperture magnitude vector                            [mag]
#  10 MAGERR_APER            RMS error vector for fixed aperture mag.                   [mag]
#  11 FLUX_APER              Flux vector within fixed circular aperture(s)              [count]
#  12 FLUXERR_APER           RMS error vector for aperture flux(es)                     [count]
#  13 BACKGROUND             Background at centroid position                            [count]
#  14 ELLIPTICITY            1 - B_IMAGE/A_IMAGE                                       
#  15 FLAGS                  Extraction flags                                          
         1    852.871     88.644 238.0171054 +32.9316100   117.35   0.01257579 -15.1490 -12.9629   0.0044     153161.1     626.7398     881.5908    0.499  19
         2    816.878     45.933 238.0217917 +32.9360646    72.59  0.007779022 -13.7825 -12.3636   0.0074     88195.71     600.3412     673.9991    0.804  19
         3    824.515      9.984 238.0208698 +32.9399190    88.65  0.009500085 -13.9220 -12.8341   0.0047     136034.5     586.7976     391.2603    0.796  24
         4    491.107     39.916 238.0635956 +32.9357960     5.39 0.0005771471  -9.3775  99.0000  99.0000    -8773.123        562.4     900.0997    0.215   0
         5     64.148    110.669 238.1182477 +32.9270378     5.40 0.0005784948 -13.8312 -13.8767   0.0021       355364     702.7578     1045.041    0.022   0
         6    729.070    119.899 238.0329366 +32.9279337     5.60 0.0005998391 -10.1663  -7.6851   0.5155     1185.881     562.9587     1161.722    0.128   0
         7    750.797    124.607 238.0301418 +32.9274920     5.41 0.0005800161  -9.8057  99.0000  99.0000    -9399.168     562.2409     1162.088    0.141   0
         8    370.601    140.821 238.0788858 +32.9246963     5.69 0.0006101291  -9.3450  -9.5200   0.0955     6426.828     564.9963     1134.165    0.578   0
         9    699.985    188.063 238.0365566 +32.9205842     5.85 0.0006266313 -11.8844 -11.9509   0.0106     60308.65     588.5681     1162.031    0.084   0
        10    321.820    183.000 238.0850719 +32.9200605     6.04 0.0006471221  -9.8299 -10.0322   0.0597     10300.89     566.6764     1128.285    0.141   0
        11    477.045    179.891 238.0651666 +32.9208309     6.39 0.0006844532  -9.3086  -9.8243   0.0723     8505.756     566.1843     1149.901    0.103   0
        12    111.379    251.892 238.1119461 +32.9121147     5.20 0.0005578072 -13.7907 -13.8287   0.0022     339989.3     697.3439     1068.351    0.005   0
        13    761.192    272.732 238.0285684 +32.9117263     5.30 0.0005683673 -12.2092 -12.2672   0.0080     80699.57     597.1815     1162.501    0.065   0
        14    234.222    272.269 238.0961561 +32.9102928     7.97  0.000854069 -10.1034 -10.2955   0.0470     13128.24     568.2531     1110.983    0.121   0
        15    580.304    323.552 238.0516848 +32.9058024     5.13 0.0005501395 -11.3051 -11.4204   0.0170     36995.71     578.6273     1151.017    0.070   0
        16      5.564    313.260 238.1254109 +32.9052673     7.34 0.0007871027  -8.7770  -8.4016   0.2250     2294.306      475.349     1023.598    0.256  16
        17    286.654    337.333 238.0893214 +32.9035042     4.99   0.00053434 -11.1372 -11.1871   0.0209     29842.12     575.3883     1121.074    0.062   0
        18     42.554    340.303 238.1206202 +32.9024901     6.78 0.0007263523  -9.1006  -9.2899   0.1179     5199.708      564.675     1036.453    0.157   0
        19    449.791    378.239 238.0683318 +32.8996042     5.12  0.000548339 -10.9236 -11.0419   0.0239      26108.3     573.7481     1138.067    0.057   0
        20    510.492    429.036 238.0604633 +32.8943586     4.88 0.0005227307 -12.1747 -12.2214   0.0084     77367.62     595.7399     1139.294    0.059   0
        21    157.760    446.321 238.1056646 +32.8915155     5.26 0.0005636018  -9.9275  -9.9620   0.0637     9655.697     566.6602     1072.141    0.090   0
        22    269.242    488.231 238.0912986 +32.8873645     4.85 0.0005202401 -12.4627 -12.5204   0.0065     101897.1     605.9905     1103.398    0.044   0
        23    135.808    479.179 238.1084229 +32.8879491     4.48 0.0004803044  -7.8356  -7.9121   0.4181     1461.648     562.7792     1059.691    0.332   0
        24     12.681    489.186 238.1241929 +32.8865289     5.66 0.0006064378 -10.4513 -10.3797   0.0425     14186.95     555.2647     1008.859    0.112  16
        25    439.186    495.742 238.0694956 +32.8870449     5.04 0.0005405427  -9.6484  -9.5097   0.0964     6366.153     565.2229     1131.008    0.073   0
        26    778.426    509.710 238.0259749 +32.8865050     4.12 0.0004413907  -8.4469  -8.6494   0.2124     2882.459     563.6323     1145.685    0.535   0
        27    380.194    695.685 238.0767243 +32.8655583     4.66 0.0004994202 -12.7927 -12.8407   0.0049       136867     620.1918     1076.941    0.055   0
        28    512.320   1019.313 238.0592512 +32.8314224     5.53 0.0005921793  -8.5395  -7.1799   0.7770     744.6774     532.7709     946.7321    0.414  16
        29    799.846   1013.329 238.0224167 +32.8328632     5.04  0.000539846  -9.8850  -9.5917   0.0894     6865.394     565.3804     998.4255    0.157   0
        30    881.348    696.459 238.0124793 +32.8668768     4.87 0.0005217796  -9.9174 -11.2185   0.0204     30719.08     575.8159     1050.091    0.611   0
        31    628.266    692.475 238.0449291 +32.8665982     4.68 0.0005014119  -8.3358  -8.2174   0.3159     1936.289     563.2443     1110.857    0.544   0
        32    885.097    682.105 238.0120217 +32.8684178     5.33 0.0005713298 -10.1392 -11.2005   0.0207      30213.7      575.845     1040.311    0.621   0
        33    809.993    861.566 238.0213607 +32.8490738     4.40 0.0004712673 -12.8104 -12.8470   0.0049     137658.9       620.41     1062.054    0.069   0
        34    301.143    751.564 238.0867634 +32.8593760     4.79  0.000513004 -10.8551 -10.9273   0.0265      23492.4     572.7478     1038.013    0.103   0
        35    880.544    784.384 238.0124418 +32.8574991     9.70  0.001039016 -11.3728 -11.3529   0.0180     34765.25     577.6473     1022.692    0.391   0
        36    859.000    786.257 238.0152003 +32.8572398     5.04 0.0005400369 -12.0374 -12.1474   0.0089     72272.12     593.4621     1073.814    0.139   0
        37    882.430    797.594 238.0121788 +32.8560958    16.36  0.001752979 -12.5859 -11.3765   0.0177     35529.47     577.7922     1014.756    0.610   2
        38    549.217    736.467 238.0549898 +32.8616859     5.40 0.0005782907  -8.5654  -8.4978   0.2441     2506.698      563.545     1087.326    0.649   0
        39    630.805    776.896 238.0444653 +32.8576035     5.37 0.0005750825  -8.7202  -8.8155   0.1823     3358.979     563.7802      1079.57    0.467   0
        40    719.487    704.842 238.0332152 +32.8655340     9.67  0.001036159 -10.1559 -10.1603   0.0532     11591.47     567.5609     1114.246    0.295   0
        41    907.938    619.003 238.0091942 +32.8752094     4.52 0.0004841071 -11.0299 -10.1907   0.0517     11919.92     567.5479     975.8024    0.080   0
        42    882.904    661.108 238.0123364 +32.8706507     6.55 0.0007017899 -10.5078 -11.2400   0.0200      31332.2     576.2994     1052.806    0.498   0
        43    881.399    619.200 238.0125963 +32.8751152     3.45 0.0003694946  -9.2698 -11.0593   0.0235     26529.48     573.7757     1071.397    0.412   0
        44    885.677    969.534 238.0114879 +32.8377706    22.08  0.002366383 -12.7894 -11.4979   0.0158     39732.85     579.7933      938.999    0.441   2
        45    880.856    914.673 238.0121934 +32.8436071    35.82  0.003838326 -13.4835 -11.5203   0.0155     40560.55     580.1346     969.6948    0.424   2
        46    129.652    626.973 238.1089586 +32.8721723     5.67 0.0006076323 -10.0350 -10.1589   0.0532     11575.75     567.5382     1028.281    0.113   0
        47    761.121    864.485 238.0276198 +32.8486270     1.23  0.000131809  -7.3815  -0.1248 544.4869     1.121825     562.4483     1060.266    0.311   0
        48    881.552    726.178 238.0124056 +32.8637084     9.45  0.001012483 -11.3384 -11.3068   0.0188     33320.64     576.9908     1038.625    0.124   0
        49    883.990    711.149 238.0121172 +32.8653177     5.86 0.0006280961 -10.3368 -11.2476   0.0198     31552.68     576.2553     1036.036    0.407   0
        50    357.983    999.983 238.0790603 +32.8330482     5.73 0.0006142923  -8.8333  -8.8013   0.1846     3315.414     563.6021     915.1611    0.450   0
