#   1 NUMBER                 Running object number                                     
#   2 X_IMAGE                Object position along x                                    [pixel]
#   3 Y_IMAGE                Object position along y                                    [pixel]
#   4 ALPHA_J2000            Right ascension of barycenter (J2000)                      [deg]
#   5 DELTA_J2000            Declination of barycenter (J2000)                          [deg]
#   6 FWHM_IMAGE             FWHM assuming a gaussian core                              [pixel]
#   7 FWHM_WORLD             FWHM assuming a gaussian core                              [deg]
#   8 MAG_BEST               Best of MAG_AUTO and MAG_ISOCOR                            [mag]
#   9 MAG_APER               Fixed aperture magnitude vector                            [mag]
#  10 MAGERR_APER            RMS error vector for fixed aperture mag.                   [mag]
#  11 FLUX_APER              Flux vector within fixed circular aperture(s)              [count]
#  12 FLUXERR_APER           RMS error vector for aperture flux(es)                     [count]
#  13 BACKGROUND             Background at centroid position                            [count]
#  14 ELLIPTICITY            1 - B_IMAGE/A_IMAGE                                       
#  15 FLAGS                  Extraction flags                                          
         1    832.202    173.168 327.8177813 +28.9484344   171.78    0.0185528 -15.5344 -11.9947   0.0105     62789.86     606.8399     1010.287    0.915  18
         2    854.850     37.937 327.8153196 +28.9630623     7.93  0.000856398 -11.9231 -12.1009   0.0096     69240.89     609.5856     869.1024    0.141   3
         3    848.164      2.815 327.8162342 +28.9668307     9.49  0.001025323  -9.3422 -10.6360   0.0277     17963.42     458.8304     880.3445    0.033  25
         4    426.232     88.937 327.8681899 +28.9565081     7.23 0.0007812365 -13.0692 -13.1039   0.0041     174411.9     651.4668     1055.622    0.264   0
         5    444.984    102.255 327.8658372 +28.9551196     7.16 0.0007735908 -12.9376 -12.9794   0.0045     155516.3      644.086      1064.96    0.252   0
         6     45.114     92.528 327.9153041 +28.9551625     6.59 0.0007122356 -11.2672 -11.3232   0.0191     33828.54     595.0616     876.5194    0.203   0
         7    198.421    130.871 327.8962493 +28.9514183     7.31 0.0007895256 -13.4117 -13.4394   0.0031     237542.9     675.2589     1015.214    0.268   0
         8    748.190    101.251 327.8283494 +28.9559782     9.07 0.0009797813  -9.3024  -8.6729   0.2145     2945.503     581.8931     1095.999    0.279   0
         9    493.830    125.328 327.8597388 +28.9527549     3.19 0.0003442868  -8.6764  -9.0480   0.1520     4161.146     582.3987     1081.983    0.133   0
        10    471.772    133.291 327.8624457 +28.9518420     6.65 0.0007187268  -9.4124  -9.5804   0.0933     6794.836     583.5609     1082.459    0.174   0
        11    707.800    205.271 327.8330813 +28.9446696     6.36 0.0006867524 -11.7956 -11.8545   0.0119     55184.16     603.7458     1134.143    0.208   0
        12    173.456    199.359 327.8991587 +28.9439753     6.76 0.0007297355 -10.4393 -10.4741   0.0412     15475.81     587.2518     1034.251    0.286   0
        13    586.365    218.892 327.8480601 +28.9429020     6.27 0.0006770676 -11.7967 -11.8569   0.0119     55305.33     603.9224     1122.973    0.187   0
        14    437.839    238.761 327.8663718 +28.9403921     6.43 0.0006945515 -12.1638 -12.1985   0.0088     75751.57     612.4056     1109.319    0.221   0
        15    299.817    241.100 327.8834291 +28.9397950     6.88 0.0007432594  -9.3850  -9.4184   0.1082     5852.854     583.2062     1083.123    0.347   0
        16    603.618    302.253 327.8457159 +28.9339618     5.97 0.0006446532 -12.3765 -12.4228   0.0072     93135.34        619.4     1143.736    0.184   0
        17    260.997    294.002 327.8880920 +28.9339969     0.00            0  -8.8546  -9.5255   0.0980      6459.67     583.1884     1097.268    0.006   0
        18    751.946    306.392 327.8273691 +28.9338813     6.25 0.0006753774  -9.8615  -9.4215   0.1079     5869.222      583.066     1154.652    0.203   0
        19    568.411    335.529 327.8499839 +28.9302889     5.84 0.0006308301 -11.9726 -12.0119   0.0103     63789.08     607.4556     1151.529    0.173   0
        20    500.274    346.879 327.8583777 +28.9288967     5.89 0.0006360679 -11.1064 -11.1618   0.0221     29154.44     593.1107     1147.517    0.186   0
        21    144.965    358.282 327.9022691 +28.9267780     8.17  0.000882118  -9.8035 -10.2759   0.0494     12893.27     586.1351     1086.394    0.147   0
        22    494.732    370.559 327.8590025 +28.9263312     5.78 0.0006239866 -10.5107 -10.4950   0.0404     15775.43     587.3306     1154.365    0.211   0
        23    329.530    372.835 327.8794174 +28.9256739     9.29  0.001002826  -9.8822 -10.0913   0.0584     10877.39     585.2583     1139.389    0.332   0
        24    551.841    388.989 327.8518964 +28.9244870     8.06 0.0008700574  -9.4137  -9.7359   0.0809     7840.494     583.8616     1165.294    0.177   0
        25    359.647    401.249 327.8756218 +28.9226873     4.78 0.0005161035  -8.7911  -9.4577   0.1044     6068.749      583.217     1151.809    0.322   0
        26    267.436    429.840 327.8869460 +28.9193754     5.79 0.0006253106 -12.4876 -12.5588   0.0064     105560.6     624.4406     1139.896    0.186   0
        27    861.178    425.247 327.8135684 +28.9213411     6.00 0.0006475971 -10.7976 -10.8207   0.0301     21296.06      589.692     1044.336    0.192   0
        28    478.188    419.551 327.8609227 +28.9210108     4.81 0.0005200191  -8.9083  -9.1722   0.1356     4665.476     582.6315     1167.953    0.153   0
        29    864.013    489.717 327.8130569 +28.9144007     5.64 0.0006090907  -9.3614  99.0000  99.0000    -3155.173     580.5441     1077.715    0.298   0
        30    584.537    910.437 327.8465335 +28.8683767     4.01 0.0004332053 -11.3448  99.0000  99.0000     -49994.3     580.6262     850.1209    0.025   0
        31    449.601    854.234 327.8633471 +28.8740983     4.86 0.0005246431 -12.1047 -11.9775   0.0107     61800.01     606.4634     1150.147    0.080   0
        32    847.245    591.979 327.8148736 +28.9033400     6.06 0.0006543788 -10.1354 -10.2088   0.0525     12120.33     585.7728     1128.196    0.106   0
        33    361.289    569.931 327.8749864 +28.9045144     6.38 0.0006893828  -9.0141  -9.3324   0.1171     5407.024     583.0151     1166.961    0.288   0
        34    301.669    567.741 327.8823601 +28.9046011     6.17 0.0006660763 -10.4731 -10.5971   0.0368     17330.94     587.9924      1162.88    0.159   0
        35    798.762    540.894 327.8209935 +28.9087263     5.34 0.0005772606 -14.8456 -14.8771   0.0011     892943.3     885.1786     1178.113    0.124   0
        36    858.977    516.418 327.8136126 +28.9115111     5.55 0.0005998419 -11.7695 -11.7858   0.0126     51796.54     602.3256     1090.798    0.172   0
        37    807.174    515.833 327.8200166 +28.9114474     6.76 0.0007295993 -10.0079 -10.7282   0.0327     19556.24     588.9377     1167.795    0.132   0
        38    505.548    485.805 327.8573722 +28.9139392     5.53 0.0005976525 -11.1049 -11.1983   0.0214     30152.57     593.3705     1171.964    0.149   0
        39    224.522    456.114 327.8921825 +28.9164363     5.71 0.0006171748 -11.1719 -11.2448   0.0205     31472.71     594.0549     1136.398    0.204   0
        40     60.870    891.353 327.9112775 +28.8691224     4.18 0.0004517294 -10.7198  99.0000  99.0000    -28808.96     580.5441     948.6375    0.029   0
        41    672.969    800.948 327.8358843 +28.8803936     4.94 0.0005330154 -10.7102 -10.5113   0.0398     16014.91     587.4975      1186.57    0.076   0
        42    887.631    887.397 327.8091454 +28.8716041    62.26   0.00672463 -13.5122 -12.1375   0.0093     71617.14       610.45     544.9756    0.147  16
        43    237.327    886.286 327.8894906 +28.8701136     4.51 0.0004871481 -12.7384 -12.4712   0.0069      97382.2     621.1885      995.255    0.046   0
        44     39.763    801.609 327.9141186 +28.8787396     4.80 0.0005184971  -8.8301  -8.4243   0.2696     2342.762     581.4865     1074.771    0.232   0
        45    748.971    500.777 327.8272481 +28.9129271     5.45 0.0005890969 -12.1578 -12.2245   0.0086     77586.48     613.0453     1176.633    0.121   0
        46    404.481    815.827 327.8690198 +28.8781246     5.13 0.0005544999  -9.3340  99.0000  99.0000    -1532.754     580.5605     1163.801    0.196   0
        47     54.935    824.990 327.9121833 +28.8762586     4.93 0.0005321737 -10.0485  -9.2472   0.1266     4998.741     582.7582     1073.761    0.084   0
        48    306.088    493.246 327.8820055 +28.9126397     5.46 0.0005901391 -13.5134 -13.5442   0.0028     261630.4     684.0768     1158.546    0.153   0
        49    106.097    691.333 327.9062090 +28.8907907     5.76 0.0006221554 -10.7906 -10.9609   0.0265     24230.44     590.9993     1111.366    0.183   0
        50    795.348    763.135 327.8208582 +28.8847691     7.04 0.0007605426 -10.7141 -10.8719   0.0287      22324.3     590.0469     1166.117    0.147   0
        51    465.110    771.099 327.8616429 +28.8830956     4.94 0.0005337604  -8.5476  -8.8829   0.1769     3574.041     582.2777     1173.299    0.278   0
        52    797.688    687.844 327.8207578 +28.8928882     5.14 0.0005548293 -13.3853 -13.4274   0.0031     234946.6     674.2686     1181.513    0.093   0
        53    533.253    709.890 327.8533785 +28.8898606     5.03 0.0005437287 -13.1623 -13.2139   0.0037       193003     658.5046     1180.419    0.110   0
        54    600.606    647.197 327.8452145 +28.8967832     5.43 0.0005859845  -9.6302  -9.6940   0.0840     7544.059     583.7184     1180.902    0.248   0
        55    248.972    662.450 327.8886287 +28.8942631     5.88 0.0006352812  -9.5847 -10.0764   0.0592      10728.6     585.1785     1158.825    0.230   0
        56    652.596    647.854 327.8387881 +28.8968408     5.45 0.0005880638 -10.4348 -10.5139   0.0397     16053.45      587.384     1182.536    0.120   0
        57    811.870    567.765 327.8193061 +28.9058627     5.21 0.0005627619 -11.4164 -11.5140   0.0161      40329.2     597.7066     1164.519    0.121   0
        58    902.113    609.482 327.8080491 +28.9015878     4.14 0.0004471671  -9.0362  99.0000  99.0000    -55341.13     580.5933     924.3386    0.208   0
        59    744.567    609.599 327.8275188 +28.9011895     5.16 0.0005576022 -11.7494 -11.7553   0.0130     50362.36     601.6984     1180.079    0.105   0
        60    697.038    558.204 327.8335220 +28.9066110     5.35 0.0005783399 -11.6848 -11.6347   0.0144     45068.04     599.5264     1179.746    0.133   0
        61    668.288    586.184 327.8370046 +28.9035250     5.61 0.0006062819 -10.9618 -11.0096   0.0253     25343.01     591.4374     1179.474    0.162   0
        62    302.553    551.804 327.8822919 +28.9063208     5.32  0.000574398 -12.3286 -12.3893   0.0074     90306.64     618.1183     1161.807    0.139   0
        63    308.079    530.197 327.8816645 +28.9086630     5.38 0.0005814449 -10.4689 -10.4965   0.0404     15798.22     587.2754     1160.917    0.148   0
        64    572.570    822.912 327.8482337 +28.8777788     4.94 0.0005330774 -12.7115 -12.7215   0.0056     122629.7      631.177     1162.048    0.102   0
        65    164.208    844.996 327.8986308 +28.8743788     5.37 0.0005799546  -9.7625  -9.9330   0.0675     9401.373     584.4969     1100.648    0.215   0
        66    840.423    829.627 327.8151224 +28.8777142    81.72  0.008825303 -13.6369 -12.5216   0.0066       102012     622.9112      949.532    0.495  16
