#   1 NUMBER                 Running object number                                     
#   2 X_IMAGE                Object position along x                                    [pixel]
#   3 Y_IMAGE                Object position along y                                    [pixel]
#   4 ALPHA_J2000            Right ascension of barycenter (J2000)                      [deg]
#   5 DELTA_J2000            Declination of barycenter (J2000)                          [deg]
#   6 FWHM_IMAGE             FWHM assuming a gaussian core                              [pixel]
#   7 FWHM_WORLD             FWHM assuming a gaussian core                              [deg]
#   8 MAG_BEST               Best of MAG_AUTO and MAG_ISOCOR                            [mag]
#   9 MAG_APER               Fixed aperture magnitude vector                            [mag]
#  10 MAGERR_APER            RMS error vector for fixed aperture mag.                   [mag]
#  11 FLUX_APER              Flux vector within fixed circular aperture(s)              [count]
#  12 FLUXERR_APER           RMS error vector for aperture flux(es)                     [count]
#  13 BACKGROUND             Background at centroid position                            [count]
#  14 ELLIPTICITY            1 - B_IMAGE/A_IMAGE                                       
#  15 FLAGS                  Extraction flags                                          
         1    833.836    198.176 238.0208710 +33.0285721   192.04   0.02058395 -15.8681 -12.2684   0.0098     80790.88     727.2116     1224.617    0.917  16
         2    455.602    118.077 238.0695896 +33.0360601     7.17 0.0007684991 -14.2167 -14.2515   0.0019     501888.2     859.8431     1310.714    0.196   0
         3    432.690    192.067 238.0724048 +33.0281046     7.62 0.0008168191 -10.3477 -10.3173   0.0571     13393.78      703.798     1347.782    0.229   0
         4     57.158    246.663 238.1205396 +33.0212151     8.89 0.0009532431 -10.7462 -10.8352   0.0356     21581.37      706.583     1236.982    0.341   0
         5    172.719    266.980 238.1056624 +33.0193785     6.63 0.0007103197 -11.8216 -11.8677   0.0140     55857.69     718.6851     1311.062    0.225   0
         6    295.862    282.080 238.0898212 +33.0181181     7.27 0.0007797443  -9.6860  -9.9979   0.0765     9980.396     702.6041     1358.768    0.224   0
         7    283.693    284.195 238.0913804 +33.0178581     7.45 0.0007989549  -9.4090  -9.8247   0.0896     8509.271     701.9033     1356.602    0.136   0
         8    261.000    293.994 238.0942775 +33.0167486     4.21 0.0004514192  -8.8603  -9.7507   0.0959     7948.764     701.6248     1356.725    0.019   0
         9    488.641    357.439 238.0649340 +33.0106249     5.79 0.0006209476 -12.4894 -12.5221   0.0078       102053     734.5599     1425.767    0.160   0
        10      2.011    428.493 238.1272957 +33.0016649     5.33 0.0005710565  -9.8381  -9.8989   0.0631     9110.729     529.2921     1286.165    0.515  24
        11    712.625    771.352 238.0354744 +32.9671064     4.99 0.0005344139 -10.4122 -10.5307   0.0469     16303.89     704.7329     1474.458    0.093   0
        12    717.430    882.137 238.0346713 +32.9553044     3.84 0.0004120813 -10.2114  99.0000  99.0000    -36848.19     699.0044     1159.672    0.079   0
        13    841.080    830.303 238.0188888 +32.9611750    78.59   0.00842368 -13.9660 -12.9424   0.0054     150306.6     750.7846     1124.732    0.469  16
        14    793.860    799.681 238.0250004 +32.9643103    10.86  0.001163589 -11.8124 -11.5730   0.0182      42580.2     714.1483     1407.918    0.222   0
        15    664.284    780.805 238.0416631 +32.9659638     8.38 0.0008977955 -10.0717 -10.2915   0.0584     13079.17     703.5488     1473.974    0.119   0
        16     98.328    777.596 238.1143077 +32.9647091     5.00 0.0005360015 -11.5995 -11.7404   0.0157     49676.83     716.4354     1346.001    0.056   0
        17    710.528    679.638 238.0358979 +32.9768820     5.13 0.0005499258 -10.8272 -10.9350   0.0325     23658.87     707.3568     1474.058    0.139   0
        18     46.357    843.111 238.1208611 +32.9575731     4.69 0.0005025675  -9.3500 -10.7684   0.0378     20293.92     706.2252     1281.245    0.276   0
        19    652.443    703.111 238.0433143 +32.9742169     4.84 0.0005192655  -9.1240  -9.9876   0.0772     9886.429      702.492     1473.496    0.490   0
        20    888.116    888.131 238.0127564 +32.9551372    58.18  0.006236343 -13.8811 -12.5348   0.0077     103256.7     735.0259     545.6412    0.154  16
        21    553.117    674.502 238.0561127 +32.9769907     7.40 0.0007928673  -9.2547  -9.3417   0.1396      5453.38     700.9521     1468.851    0.262   0
        22    705.251    781.705 238.0364034 +32.9659817     4.83 0.0005175856 -11.1821 -11.2538   0.0243     31734.85     710.2443     1474.276    0.076   0
        23    720.343    644.813 238.0346965 +32.9806234     5.22 0.0005593317 -11.3973 -11.4800   0.0198      39082.6     712.8065     1467.073    0.122   0
