#   1 NUMBER                 Running object number                                     
#   2 X_IMAGE                Object position along x                                    [pixel]
#   3 Y_IMAGE                Object position along y                                    [pixel]
#   4 ALPHA_J2000            Right ascension of barycenter (J2000)                      [deg]
#   5 DELTA_J2000            Declination of barycenter (J2000)                          [deg]
#   6 FWHM_IMAGE             FWHM assuming a gaussian core                              [pixel]
#   7 FWHM_WORLD             FWHM assuming a gaussian core                              [deg]
#   8 MAG_BEST               Best of MAG_AUTO and MAG_ISOCOR                            [mag]
#   9 MAG_APER               Fixed aperture magnitude vector                            [mag]
#  10 MAGERR_APER            RMS error vector for fixed aperture mag.                   [mag]
#  11 FLUX_APER              Flux vector within fixed circular aperture(s)              [count]
#  12 FLUXERR_APER           RMS error vector for aperture flux(es)                     [count]
#  13 BACKGROUND             Background at centroid position                            [count]
#  14 ELLIPTICITY            1 - B_IMAGE/A_IMAGE                                       
#  15 FLAGS                  Extraction flags                                          
         1     10.209     81.257 200.8922975 +36.1195536    62.82  0.006784795 -13.3848 -12.5379   0.0070       103553     670.0128     413.9088    0.605  24
         2    192.520     30.502 200.8679098 +36.1255114    30.79  0.003325391 -12.1564 -11.6611   0.0162     46177.52     688.3217     739.9402    0.155  17
         3    136.050     10.960 200.8755263 +36.1274583    86.10  0.009299546 -14.5983 -13.3620   0.0035     221211.6     720.0225      296.878    0.743  24
         4    144.864     85.049 200.8742125 +36.1195158    34.80  0.003758553 -12.5668 -11.6795   0.0159     46965.78     688.4968     1165.114    0.619   2
         5    292.387     36.697 200.8544902 +36.1251173     4.40 0.0004753293  -9.8679  99.0000  99.0000    -36082.76     671.3784     1004.387    0.144   0
         6     63.595    110.521 200.8850782 +36.1165539    17.14  0.001850781  -9.8367  99.0000  99.0000    -13750.66     671.2454     869.1417    0.412   2
         7    379.757     91.944 200.8426644 +36.1194135     5.52 0.0005962948 -11.4850 -11.5472   0.0179     41581.25     686.6503     1364.995    0.178   0
         8    540.309     99.756 200.8210958 +36.1190054     7.27 0.0007850209 -10.0642 -10.1917   0.0615     11930.59     675.8253     1378.413    0.227   0
         9    210.324    214.988 200.8651971 +36.1057227     1.06  0.000114491  -7.7375  -9.7421   0.0929       7885.7     674.2327      1434.33    0.078   0
        10     77.943    249.898 200.8829052 +36.1016065    13.70  0.001479579 -12.2585 -11.6468   0.0164     45573.12     688.1392      1303.21    0.334   2
        11    311.027    267.057 200.8515894 +36.1003977     5.31 0.0005732723 -12.7152 -12.7652   0.0061     127666.1     717.3793     1431.255    0.134   0
        12     79.582    306.088 200.8825857 +36.0955690     5.49 0.0005929471 -10.4344 -11.4390   0.0198     37634.52     685.2676     1315.866    0.398   0
        13     74.667    287.672 200.8832780 +36.0975357     3.67 0.0003967379  -9.7020 -11.5109   0.0185     40213.29     686.2078     1282.794    0.388   2
        14     78.159    359.011 200.8826830 +36.0898744     6.05 0.0006538644 -10.6457 -11.4844   0.0190     39241.48     685.6863     1299.064    0.442   2
        15     74.021    370.809 200.8832175 +36.0885944     4.97 0.0005366176 -10.2677 -11.4736   0.0192        38856     685.3783     1270.123    0.387   2
        16     78.121    381.904 200.8826476 +36.0874127     5.94  0.000641097 -10.6796 -11.5088   0.0186     40135.15     686.1422     1296.289    0.551   2
        17     71.881    390.211 200.8834703 +36.0865023     5.83 0.0006296983 -10.6047 -11.4773   0.0191     38986.56     685.6863     1254.101    0.439   0
        18     80.297    407.414 200.8823105 +36.0846756     4.35 0.0004694879  -9.8476 -11.4041   0.0204     36445.72     684.8338     1307.009    0.447   0
        19     77.425    433.050 200.8826505 +36.0819112     8.62 0.0009309967 -11.2786 -11.4823   0.0190      39166.3     685.7704     1283.858    0.302   0
        20    691.523    431.009 200.8002449 +36.0837895     5.21 0.0005621782  -9.9531 -10.1004   0.0669     10969.17     675.3751     1356.646    0.212   0
        21     78.816    527.599 200.8822966 +36.0717483     5.63 0.0006078075 -12.4499 -12.1347   0.0106     71427.63     697.1031     1291.645    0.164   0
        22     76.883    461.690 200.8826726 +36.0788300     5.39 0.0005822818 -10.4035 -11.4659   0.0193     38580.56     685.5569     1281.427    0.388   0
        23   1026.456    448.393 200.7552693 +36.0828013     5.32 0.0005746305 -10.0891 -10.0292   0.0567     10272.71     536.7474     1176.303    0.171  24
        24    332.698    444.969 200.8483740 +36.0813260     4.21 0.0004545068  -8.6213  -9.5629   0.1095     6686.128     673.9014     1420.677    0.103   0
        25    721.747    496.654 200.7960805 +36.0768110     5.33 0.0005755334 -11.3016 -11.3622   0.0212      35066.1     684.2927     1320.183    0.146   0
        26     81.308    788.612 200.8815008 +36.0436891     7.06 0.0007624654 -10.9593 -11.5523   0.0179     41776.98     686.7772     1231.161    0.380   2
        27    657.840    981.595 200.8038502 +36.0244963     5.36 0.0005793291 -10.6347 -10.7470   0.0370     19897.02     678.5779     1131.199    0.154   0
        28     83.504    607.006 200.8815272 +36.0632228     5.89 0.0006362451 -10.6545 -11.3768   0.0209     35540.48     684.3356     1317.063    0.635   2
        29     74.825    593.652 200.8827152 +36.0646349     4.21 0.0004541877  -9.8871 -11.4767   0.0191     38965.77     685.6973      1255.73    0.126   0
        30     85.238    897.082 200.8807821 +36.0320364     9.38  0.001012816 -11.5907 -11.5747   0.0175     42645.85     687.0749     1200.708    0.372   2
        31     81.650    816.768 200.8814052 +36.0406625     6.74  0.000727642 -11.0408 -11.5796   0.0174     42837.64     687.1261     1224.345    0.726   0
        32    598.902    865.642 200.8119473 +36.0368075     5.21 0.0005621976 -10.3691 -10.4914   0.0468     15724.54     677.1708     1224.641    0.153   0
        33     82.565    866.093 200.8811953 +36.0353613    10.69   0.00115496 -11.7609 -11.5107   0.0185     40204.91     686.1118     1206.535    0.175   0
        34     82.305    855.992 200.8812480 +36.0364467     7.82 0.0008450018 -11.2083 -11.5302   0.0182     40933.99      686.396     1205.196    0.283   0
        35     82.157    798.982 200.8813685 +36.0425764    10.50  0.001134271 -11.6951 -11.5507   0.0179     41715.36     686.6248     1233.123    0.690   2
        36     81.481    764.580 200.8815201 +36.0462737    11.86   0.00128085 -12.0082 -11.5774   0.0175     42750.89     687.1131     1242.137    0.083   0
        37     79.487    747.469 200.8818178 +36.0481081     6.20 0.0006695584 -10.8107 -11.5709   0.0176     42498.35     687.0955     1236.935    0.522   2
        38     80.319    719.999 200.8817547 +36.0510642     9.14 0.0009870759 -11.6523 -11.6118   0.0169        44130     687.5034      1254.19    0.223   2
        39     75.746    652.786 200.8824871 +36.0582788    16.95  0.001830392 -10.3234 -11.6069   0.0170     43931.25     687.5239     1248.711    0.657   3
        40     78.794    677.543 200.8820343 +36.0556252    23.17  0.002502308 -12.9728 -11.6917   0.0157     47498.54     688.6902     1262.151    0.246   2
        41     80.001    958.993 200.8813750 +36.0253649     4.14 0.0004466971  -9.7067 -11.3120   0.0222     33481.95     683.5458     1140.958    0.413   0
        42    150.987    562.994 200.8725509 +36.0681402     1.23 0.0001324657  -7.5028  99.0000  99.0000    -3337.696     671.0934     1418.064    0.032   0
        43     85.834    576.336 200.8812687 +36.0665270     5.02 0.0005422818 -10.1247 -11.1847   0.0249     29775.63     682.3945     1335.698    0.516   2
        44    638.539    885.746 200.8065978 +36.0347514     4.97 0.0005370793  -9.0800  -9.2898   0.1406     5198.816     673.2547     1193.133    0.050   0
        45     87.255    922.919 200.8804660 +36.0292638     6.21  0.000670667 -10.6083 -11.4079   0.0203     36573.09     684.9548     1197.238    0.630   0
        46     75.871    643.921 200.8824859 +36.0592325    10.45  0.001129189 -10.7755 -11.5557   0.0178     41908.08     686.8621     1251.148    0.495   3
        47     77.498    620.265 200.8823095 +36.0617806     8.67 0.0009361231 -11.2955 -11.5565   0.0178     41938.33     686.8546     1264.638    0.501   2
