#   1 NUMBER                 Running object number                                     
#   2 X_IMAGE                Object position along x                                    [pixel]
#   3 Y_IMAGE                Object position along y                                    [pixel]
#   4 ALPHA_J2000            Right ascension of barycenter (J2000)                      [deg]
#   5 DELTA_J2000            Declination of barycenter (J2000)                          [deg]
#   6 FWHM_IMAGE             FWHM assuming a gaussian core                              [pixel]
#   7 FWHM_WORLD             FWHM assuming a gaussian core                              [deg]
#   8 MAG_BEST               Best of MAG_AUTO and MAG_ISOCOR                            [mag]
#   9 MAG_APER               Fixed aperture magnitude vector                            [mag]
#  10 MAGERR_APER            RMS error vector for fixed aperture mag.                   [mag]
#  11 FLUX_APER              Flux vector within fixed circular aperture(s)              [count]
#  12 FLUXERR_APER           RMS error vector for aperture flux(es)                     [count]
#  13 BACKGROUND             Background at centroid position                            [count]
#  14 ELLIPTICITY            1 - B_IMAGE/A_IMAGE                                       
#  15 FLAGS                  Extraction flags                                          
         1    148.309     81.565 237.9769404 +32.9341834    68.68   0.00736257 -14.5175 -12.7507   0.0122     125971.7     1417.281     2473.913    0.816  19
         2     11.385     79.933 237.9945357 +32.9339978    68.70  0.007365344 -14.4953 -13.7755   0.0047     323730.7     1395.399     202.3791    0.583  24
         3    192.372     31.295 237.9713447 +32.9396545    30.75  0.003296303 -13.3055 -12.8834   0.0108     142351.5     1420.244     1172.642    0.252  17
         4    135.578     11.234 237.9786690 +32.9416435    89.36  0.009579407 -15.8015 -14.6009   0.0023     692429.2     1456.904    -193.9657    0.747  24
         5     66.028    110.156 237.9874744 +32.9309214    28.80  0.003087585  99.0000  99.0000  99.0000    -16614.57     1394.843     1617.345    0.512   2
         6     86.028    120.900 237.9848905 +32.9298293    34.51  0.003699117 -13.2813 -12.5760   0.0143     107253.9      1414.17     2288.448    0.638   3
         7    917.423     93.141 237.8781023 +32.9349233     5.45 0.0005839022 -11.7937 -11.2438   0.0484     31442.22     1400.664     2800.361    0.062   0
         8    423.578     95.957 237.9415529 +32.9333651     5.90 0.0006321251 -11.5101 -11.4297   0.0408     37314.28     1401.437     3249.741    0.084   0
         9     78.185    165.406 237.9858390 +32.9250668    22.27  0.002387531 -13.0164 -12.3890   0.0170     90280.88     1410.542     2924.425    0.232   0
        10    554.399    143.956 237.9246836 +32.9285875     5.22  0.000559577 -10.5927  99.0000  99.0000    -2214.885     1394.488     3275.226    0.059   0
        11    988.921    199.287 237.8687892 +32.9237933     5.62 0.0006029212 -14.6439 -14.6894   0.0022     751203.3     1523.798     2843.168    0.088   0
        12    183.612    260.563 237.9721695 +32.9152044     5.58 0.0005979729 -11.8801 -11.9837   0.0246     62158.38     1405.862     3373.759    0.018   0
        13    569.395    414.848 237.9224178 +32.8997637     7.14 0.0007658736 -16.9127 -16.9229   0.0004      5876795     2209.875      3282.11    0.085   4
        14    783.637    345.365 237.8949851 +32.9077123     5.51 0.0005907383 -12.0674 -12.1426   0.0212     71953.48     1407.759     3062.698    0.061   0
        15    156.837    379.191 237.9754529 +32.9024952     5.30  0.000568642 -12.6528 -12.6718   0.0131     117145.9     1415.451     3369.264    0.011   0
        16    207.434    404.041 237.9689216 +32.8999797     5.70 0.0006106956 -11.9737 -12.0840   0.0224     68173.56     1407.166      3362.15    0.029   0
        17    374.199    462.599 237.9474274 +32.8941737     3.45 0.0003693774  -9.5478 -10.4193   0.1031     14713.42     1396.887     3324.568    0.419   0
        18     66.795    486.399 237.9868756 +32.8908368     3.45 0.0003702192  -8.6644 -11.9947   0.0243     62787.11     1405.739     2667.196    0.414   1
        19     80.505    748.206 237.9847675 +32.8629787   166.17    0.0178142 -16.1984 -12.8284   0.0114     135315.2     1418.773      2790.17    0.960  50
        20     75.539    262.206 237.9860504 +32.9147463    77.91  0.008352021  99.0000  99.0000  99.0000            0            0      2919.81    0.785  50
        21    963.863    506.143 237.8716431 +32.8910364     5.54 0.0005934442 -12.4748 -12.4572   0.0160      96136.3     1412.008     2582.057    0.100   0
        22    954.079    614.217 237.8727708 +32.8794970     5.61 0.0006011599  -9.4814  -9.3504   0.2758     5497.324     1395.907     2431.373    0.721   2
        23    653.583   1011.273 237.9108664 +32.8364324     5.41 0.0005798736 -12.2991 -12.2281   0.0197     77848.35     1408.962     2377.572    0.053   0
        24     87.689    997.691 237.9835147 +32.8364163    11.18  0.001198795 -12.3461 -12.1925   0.0203     75337.68     1408.516      2552.99    0.241   0
        25    589.130    957.153 237.9192062 +32.8420341     4.50 0.0004825119  -9.8224 -10.4170   0.1034     14682.21     1397.394     2565.524    0.209   0
        26    779.357    840.147 237.8949318 +32.8549847     5.53 0.0005925825 -10.5241 -10.5360   0.0927     16383.25     1398.013     2425.114    0.096   0
        27    754.565    951.674 237.8979783 +32.8430392     5.51 0.0005907047 -12.4553 -12.3909   0.0169     90441.58     1411.155     2273.523    0.056   0
        28    723.413    887.167 237.9020559 +32.8498330     5.62 0.0006025056 -11.7152 -11.7658   0.0300     50854.74     1403.733     2453.953    0.044   0
        29    689.126    699.057 237.9066891 +32.8697881     5.45 0.0005846752 -11.2279 -11.2534   0.0480     31720.61     1400.557     2808.361    0.035   0
        30    440.287    623.463 237.9387351 +32.8772051     5.40  0.000578506 -12.4671 -12.5130   0.0152     101206.3     1413.178     3236.432    0.048   0
        31    155.655    817.661 237.9750280 +32.8557755     5.58 0.0005982958 -11.6756 -11.7012   0.0318     47917.32     1403.445     3104.502    0.022   0
