#   1 NUMBER                 Running object number                                     
#   2 X_IMAGE                Object position along x                                    [pixel]
#   3 Y_IMAGE                Object position along y                                    [pixel]
#   4 ALPHA_J2000            Right ascension of barycenter (J2000)                      [deg]
#   5 DELTA_J2000            Declination of barycenter (J2000)                          [deg]
#   6 FWHM_IMAGE             FWHM assuming a gaussian core                              [pixel]
#   7 FWHM_WORLD             FWHM assuming a gaussian core                              [deg]
#   8 MAG_BEST               Best of MAG_AUTO and MAG_ISOCOR                            [mag]
#   9 MAG_APER               Fixed aperture magnitude vector                            [mag]
#  10 MAGERR_APER            RMS error vector for fixed aperture mag.                   [mag]
#  11 FLUX_APER              Flux vector within fixed circular aperture(s)              [count]
#  12 FLUXERR_APER           RMS error vector for aperture flux(es)                     [count]
#  13 BACKGROUND             Background at centroid position                            [count]
#  14 ELLIPTICITY            1 - B_IMAGE/A_IMAGE                                       
#  15 FLAGS                  Extraction flags                                          
         1    843.966     77.704 327.8137778 +28.8487771   129.16    0.0139529 -14.6106 -11.9772   0.0078     61783.78     445.6786     667.8168    0.622  19
         2    587.745     29.505 327.8455615 +28.8533368     5.96 0.0006438885 -12.9514 -12.9194   0.0036     147152.5      491.295     682.9741    0.167   0
         3    819.049      8.911 327.8170282 +28.8561295    71.05  0.007675818 -13.1756 -11.9191   0.0076     58565.72     412.0044      460.702    0.769  24
         4    475.235      9.505 327.8595160 +28.8552112     6.06 0.0006550472 -11.1139 -10.7256   0.0218     19508.77     391.9408     629.5463    0.343  16
         5    748.897     56.805 327.8255782 +28.8507947     6.56 0.0007087832 -12.8375 -12.8848   0.0037     142532.8     488.8512     704.1083    0.078   2
         6    790.838     59.146 327.8203894 +28.8506461    11.15  0.001204494 -11.1926 -11.4470   0.0124     37912.47     432.1466     663.5856    0.235   3
         7    811.243     69.498 327.8178421 +28.8495809    15.09  0.001629879 -11.3413 -11.3774   0.0132      35559.4     430.7502     681.2457    0.297   3
         8    763.885     54.833 327.8237310 +28.8510443    11.09  0.001198488 -10.1933 -11.0474   0.0176      26240.8     425.3074     681.0206    0.075   3
         9    562.221     81.349 327.8485850 +28.8476861     5.99 0.0006469479 -12.8095 -12.8743   0.0038     141163.5      488.199     773.7922    0.090   0
        10    613.937     94.743 327.8421606 +28.8463714     5.93 0.0006406907 -13.1718 -13.2212   0.0029     194300.8     514.6819     802.9104    0.081   0
        11    353.729     64.161 327.8743925 +28.8490160     8.45 0.0009123817  -9.4143  -9.8990   0.0495     9111.656     415.1052     724.9813    0.078   0
        12    732.083    106.243 327.8275324 +28.8454253     6.00 0.0006485057 -12.4367 -12.4687   0.0052     97154.79     465.1579     806.3512    0.099   0
        13     29.902    115.401 327.9142756 +28.8426728     5.55  0.000599156  -9.7597  -9.5058   0.0708     6343.316     413.3428     755.2077    0.157   0
        14    508.837    134.523 327.8550472 +28.8418223     5.75 0.0006206389 -11.1970 -11.1757   0.0157     29529.81     427.2253     802.3824    0.095   0
        15    356.803    152.222 327.8737882 +28.8395335     5.53 0.0005969661 -10.1232 -10.2133   0.0372      12170.7     416.7841     795.3797    0.117   0
        16      2.266    128.811 327.9176557 +28.8411570     4.15 0.0004483092  -8.2045  99.0000  99.0000    -1133.475     310.5893     752.7285    0.256  24
        17    583.629    191.089 327.8456630 +28.8359129     5.63 0.0006084417 -14.7250 -14.7542   0.0010     797378.9     752.6324     807.1736    0.066   0
        18    412.994    140.663 327.8668745 +28.8409205     5.80 0.0006264459  -9.5271  -9.4198   0.0766     5860.063     413.1308     798.5617    0.172   0
        19    168.537    139.809 327.8970825 +28.8403954     6.02 0.0006506334  -9.2454  -9.1447   0.0984     4548.738     412.3595      771.954    0.131   0
        20    693.292    191.164 327.8321130 +28.8361774     5.73 0.0006193084 -14.4505 -14.4805   0.0012     619716.1     691.0829     809.3245    0.081   0
        21    925.234    143.708 327.8035719 +28.8418636     4.77  0.000515251  -8.2384  99.0000  99.0000    -2491.631     347.2562     658.9689    0.294  16
        22    117.697    187.401 327.9032416 +28.8351373     5.48 0.0005922689 -12.2108 -12.2721   0.0061     81068.09     456.3054     768.1516    0.081   0
        23    347.345    178.045 327.8748910 +28.8367269     5.70  0.000615924  -9.3706  -9.4929   0.0716     6268.325     413.4352     795.5174    0.119   0
        24    768.195    177.582 327.8228919 +28.8378264     8.09 0.0008738232  -9.3812  -9.6601   0.0615     7311.972     413.8479     808.1949    0.102   0
        25    492.910    187.847 327.8568804 +28.8360359     5.58 0.0006032796  -9.5534  -9.7266   0.0579     7774.205     414.3448     802.8799    0.093   0
        26    166.877    198.277 327.8971372 +28.8340902     5.67 0.0006124235 -10.0435 -10.2808   0.0350     12951.98     417.4799     774.4637    0.099   0
        27    384.446    216.574 327.8702089 +28.8326680     5.39 0.0005819733 -12.3644 -12.4228   0.0054     93137.16     462.9424     798.4275    0.084   0
        28    172.366    216.797 327.8964114 +28.8321084     5.38 0.0005810587 -11.9324 -11.9997   0.0077     63077.07     446.3184     775.1323    0.085   0
        29    487.847    204.364 327.8574641 +28.8342432     6.61 0.0007142918  -9.1689  -9.4025   0.0778     5767.765     413.1209     802.6559    0.105   0
        30    437.523    204.876 327.8636806 +28.8340619     6.10 0.0006587759  -8.5588  -8.9722   0.1153     3880.551     412.0233     801.0887    0.273   0
        31     92.425    241.508 327.9062245 +28.8292421     5.37 0.0005802962 -12.8187 -12.8627   0.0038       139659     487.4085     764.7008    0.065   0
        32    765.932    214.907 327.8230785 +28.8337984     7.18 0.0007756738  -8.8093  -9.0324   0.1091     4101.818      412.123     809.3987    0.109   0
        33    142.760    225.637 327.9000465 +28.8310806     4.72 0.0005097158  -8.1941  -8.4687   0.1829     2440.421      411.114     771.4462    0.345   0
        34    795.394    240.015 327.8193757 +28.8311653     5.69 0.0006148139 -10.7206 -10.7799   0.0223     20510.27      421.768     809.2245    0.126   0
        35    757.021    261.675 327.8240627 +28.8287362     5.72 0.0006174647 -12.7062 -12.7599   0.0041     127041.1     480.9424     809.3151    0.082   0
        36    804.366    259.627 327.8182183 +28.8290739    11.06   0.00119504 -10.4287 -10.4010   0.0314     14467.93     418.3073     808.4046    0.180   0
        37     69.915    266.586 327.9089408 +28.8264821     5.43  0.000586342 -11.7314 -11.7915   0.0092     52071.28     440.1967     760.5799    0.087   0
        38    410.217    281.031 327.8668610 +28.8257863     5.37 0.0005798398 -11.5128 -11.5625   0.0112     42170.89     434.4612      800.343    0.085   0
        39    773.115    274.041 327.8220435 +28.8274434     5.95 0.0006429497 -10.2449 -10.3978   0.0315     14424.75     418.3155     808.7935    0.103   0
        40    688.986    266.826 327.8324555 +28.8280127     6.56 0.0007091354  -8.6174  -8.8228   0.1322     3381.647     411.5014     809.2871    0.140   0
        41     63.108    282.261 327.9097411 +28.8247755     5.38 0.0005812321 -10.4326 -10.5066   0.0286     15946.26     419.2578      759.218    0.079   0
        42     95.234    273.514 327.9057948 +28.8258000     5.16 0.0005573015  -8.3466  -8.8029   0.1346     3320.112     411.6024     765.2459    0.280   0
        43    608.174    292.256 327.8423758 +28.8250714     5.59 0.0006035416 -10.5218 -10.5900   0.0265     17219.37      420.005     805.8634    0.125   0
        44    435.259    289.550 327.8637455 +28.8249311     5.67 0.0006130243  -9.2520  -9.4611   0.0737     6087.559      413.257     800.8538    0.142   0
        45    469.685    293.143 327.8594832 +28.8246302     5.68 0.0006132121  -9.1438  -9.4512   0.0744     6032.216     413.2809     800.9172    0.163   0
        46    829.866    289.302 327.8149939 +28.8259387     5.42 0.0005858824  -8.8398  99.0000  99.0000    -971.7561     409.6504      806.355    0.090   0
        47    553.279    293.864 327.8491538 +28.8247614     7.36 0.0007953155  -8.5916  -8.4212   0.1911     2335.993     411.0389      804.369    0.063   0
        48    157.025    299.326 327.8980945 +28.8231755     2.72 0.0002942731  -8.0320  -7.9158   0.3040     1466.683     410.4983     773.1618    0.087   0
        49    744.192    310.395 327.8255260 +28.8234541     5.49 0.0005931781 -10.3420 -10.4251   0.0307     14792.42     418.4218     808.2821    0.086   0
        50    596.186    307.742 327.8438179 +28.8233727     5.77 0.0006231585  -9.9113 -10.0551   0.0429     10520.47     415.9642     804.8723    0.083   0
        51    289.161    327.328 327.8816986 +28.8204922     5.18 0.0005596746 -11.9083 -11.9660   0.0079     61151.29     445.3344     790.0314    0.060   0
        52    248.934    311.578 327.8867084 +28.8220880     7.29 0.0007878623  -8.7045  -9.2258   0.0914     4901.191     412.5847     784.6761    0.364   0
        53    819.763    321.956 327.8161608 +28.8223946     5.69 0.0006150641  -9.6505  -9.2254   0.0915     4899.665     412.5952     806.0444    0.138   0
        54    216.299    317.316 327.8907255 +28.8213870     6.28 0.0006781125  -8.5374  -8.8069   0.1342     3332.549     411.6792     780.2819    0.165   0
        55     86.065    351.656 327.9067259 +28.8173556     5.27 0.0005694687 -13.0025 -13.0422   0.0033     164764.9      500.139     763.0081    0.060   0
        56    388.506    344.837 327.8693809 +28.8188556     5.18 0.0005599363 -12.0803 -12.1382   0.0068     71662.38     451.1964      796.983    0.063   0
        57    897.446    332.954 327.8065364 +28.8214006     5.66 0.0006117641  -9.3280  99.0000  99.0000    -218.0535     409.6273     744.7019    0.172   0
        58    146.771    337.581 327.8992627 +28.8190268     5.66   0.00061192  -9.9322  -9.9324   0.0480     9396.454     415.1853     771.7102    0.075   0
        59    327.212    350.704 327.8769381 +28.8180691     5.18  0.000559427  -9.5395  -9.5901   0.0655     6855.513     413.7442     793.7206    0.061   0
        60    116.975    381.184 327.9028313 +28.8142521     5.25 0.0005673856 -12.3640 -12.4228   0.0054     93140.29     462.8415     766.2916    0.118   0
        61    755.602    381.976 327.8239378 +28.8157680     5.30 0.0005728742 -12.0297 -12.0905   0.0071     68580.77      449.359     804.7797    0.086   3
        62    906.103    383.889 327.8053407 +28.8159326     4.84 0.0005226269  -9.8505  99.0000  99.0000    -2114.642     409.6389     728.3273    0.183   0
        63    753.845    394.525 327.8241234 +28.8144113     5.47 0.0005908642 -10.9712 -11.1041   0.0167     27647.08     426.1444     804.2548    0.119   3
        64    591.044    399.222 327.8442228 +28.8135013     5.49 0.0005933062  -9.8225  -9.8309   0.0526     8557.745       414.76     801.9569    0.096   0
        65    558.426    401.554 327.8482463 +28.8131687     5.82 0.0006282845  -9.6720  -9.5704   0.0667     6732.073     413.6696      800.871    0.130   0
        66     37.973    395.116 327.9125543 +28.8125494     7.20 0.0007778385  -8.7075  -8.8733   0.1262     3542.461      411.749     750.7856    0.064   0
        67    615.766    422.165 327.8411112 +28.8110902     5.20 0.0005620506 -12.4803 -12.5387   0.0049     103624.1     468.5713     802.1898    0.074   0
        68    443.033    423.092 327.8624464 +28.8105590     5.57 0.0006018277  -9.9563  -9.9440   0.0475     9497.183     415.3373      797.191    0.150   0
        69    479.378    429.459 327.8579407 +28.8099639     6.23 0.0006732555  -9.2247  -9.2181   0.0921     4866.785     412.5638     797.4929    0.186   0
        70    509.093    436.118 327.8542532 +28.8093206     5.17 0.0005587733 -10.1914 -10.1885   0.0381     11896.15      416.813     798.1796    0.086   0
        71    281.903    444.065 327.8822967 +28.8078935     5.00 0.0005397089 -11.1176 -11.1542   0.0160     28951.44     426.9312      786.925    0.029   0
        72    313.121    440.771 327.8784490 +28.8083272     5.17 0.0005588311  -9.3016  -9.3498   0.0816     5494.324     412.9324     789.7016    0.052   0
        73    491.108    483.196 327.8563557 +28.8042021     5.00  0.000540403 -12.3706 -12.4337   0.0053     94073.98     463.4377     797.0443    0.067   0
        74    175.911    454.371 327.8953628 +28.8065147     5.19 0.0005606842 -10.4552 -10.5141   0.0284     16056.48     419.2783     770.8311    0.046   0
        75    874.497    465.692 327.8090423 +28.8070392     5.37 0.0005802995 -11.7279 -11.8185   0.0090     53384.43     441.0603     785.0577    0.100   0
        76    829.497    447.358 327.8146465 +28.8089042     5.71  0.000616541  -8.0859  99.0000  99.0000    -3037.559     409.5809     801.7801    0.251   0
        77    139.063    451.260 327.8999223 +28.8067564     6.79 0.0007330732  -8.4091  -8.2748   0.2186     2041.336      410.825     765.8203    0.097   0
        78    546.621    493.632 327.8494724 +28.8032161     5.06 0.0005464393 -11.6323 -11.6903   0.0100      47435.4     437.5343     797.3582    0.079   0
        79    327.434    481.762 327.8765763 +28.8039458     5.19 0.0005611281  -9.7183  -9.8206   0.0531      8477.07     414.7458     789.3586    0.077   0
        80     78.262    492.046 327.9073272 +28.8022063     5.86 0.0006325552  -9.3219  -9.2324   0.0909     4931.364     412.5799     753.5877    0.037   0
        81    232.841    496.313 327.8882231 +28.8021388     5.42 0.0005856299  -9.6594  -9.8127   0.0535     8415.701     414.7202     776.2625    0.121   0
        82    410.598    564.106 327.8660948 +28.7952809     4.86  0.000525345 -14.5076 -14.5419   0.0012     655756.1     703.9727     790.6096    0.039   0
        83    652.592    526.012 327.8363017 +28.7999903     3.92   0.00042384  -7.9557  -7.8914   0.3107      1434.07     410.2934     800.3698    0.452   0
        84    521.559    923.527 327.8514829 +28.7568246     5.97   0.00064458  -8.5470  -8.4928   0.1789     2495.338     411.1243     735.4473    0.212   0
        85    844.417   1024.026 327.8113717 +28.7467941     4.98 0.0005377026 -10.0593 -10.0740   0.0362     10705.49      356.694     736.5745    0.137  16
        86    454.499    989.231 327.8595960 +28.7495761     4.80 0.0005181555 -10.3448 -10.3967   0.0315      14410.2     418.3295     714.3153    0.120   0
        87    779.081    977.522 327.8195533 +28.7516448     4.75 0.0005129845 -14.6488 -14.6808   0.0011     745307.2     735.1647     743.0475    0.090   0
        88    363.020    980.176 327.8709126 +28.7503225     4.98 0.0005379031 -12.8417 -12.8910   0.0037       143346     489.2378     706.1242    0.081   0
        89    234.404    984.503 327.8867799 +28.7495319     5.36 0.0005789539 -10.3919 -10.3968   0.0315     14411.27      418.228     688.4131    0.111   0
        90    110.473    863.516 327.9023914 +28.7622561     5.24 0.0005665947 -11.1658 -11.2081   0.0153     30424.52     427.8151     703.8751    0.126   0
        91    292.838    833.728 327.8799508 +28.7659281     5.62  0.000607087  -8.5376  -8.3254   0.2086     2138.819     410.9074     736.6285    0.179   0
        92    848.878    826.841 327.8113102 +28.7680554     4.73 0.0005114185 -11.2395 -11.3578   0.0134     34925.12     430.3598     763.4508    0.120   0
        93    300.373    796.723 327.8791149 +28.7699350     4.75 0.0005136196 -10.5480 -10.6414   0.0253     18052.91      420.467     746.6121    0.010   0
        94    597.843    801.904 327.8423702 +28.7701218     4.71 0.0005085554 -10.2335 -10.3133   0.0340     13344.45     417.6581      766.523    0.117   0
        95     50.314    792.042 327.9100037 +28.7698054     5.65  0.000609987 -10.3007 -10.3797   0.0320     14186.04     418.1956     709.0851    0.144   0
        96    340.005    845.437 327.8740970 +28.7647850     4.82 0.0005201907 -10.6304 -10.7084   0.0238      19202.3     421.0371      737.894    0.058   0
        97    320.246    792.326 327.8766722 +28.7704590     4.71 0.0005092739 -12.1833 -12.2390   0.0063     78629.14     455.0715     749.3415    0.043   0
        98    632.894    878.797 327.8378491 +28.7619223     4.31 0.0004660058  -8.9223  -8.8191   0.1326      3370.13     411.5636     754.7326    0.182   0
        99    148.812    857.029 327.8976743 +28.7630526     5.28 0.0005702405  -8.7883  -8.8781   0.1256     3558.341     411.5857      712.368    0.078   0
       100    704.485    766.159 327.8292913 +28.7742387     4.77 0.0005157716 -10.6486 -10.7066   0.0239      19170.8     421.1424     778.1032    0.075   0
       101    285.227    878.510 327.8807762 +28.7610829     4.98  0.000537611 -10.6331 -10.7002   0.0240      19058.4     421.0644     723.7244    0.083   0
       102    645.095    782.161 327.8365850 +28.7723669     4.68 0.0005054873 -10.6028 -10.6640   0.0248     18433.67     420.6595       772.91    0.134   0
       103    761.921    905.711 327.8218509 +28.7593414     5.16  0.000557149  -8.6147  -8.4514   0.1859     2401.877     411.0905     756.4782    0.173   0
       104    909.081    882.046 327.8037398 +28.7622539     4.47 0.0004830822  -9.2297  99.0000  99.0000    -40.52357     409.6389     694.8196    0.148   0
       105    658.498    746.002 327.8350207 +28.7762970     2.38 0.0002570986  -8.0362  -8.1768   0.2391     1865.203     410.6254     780.4318    0.366   0
       106    464.905    888.454 327.8585663 +28.7604628     4.71 0.0005085997 -10.7308 -10.7311   0.0233     19608.02     421.4019     740.0246    0.055   0
       107    626.424    736.999 327.8390040 +28.7771876     4.66  0.000503193 -12.3797 -12.4346   0.0053     94156.61     463.3696     780.7273    0.077   0
       108    507.641    764.226 327.8536035 +28.7739574     5.46 0.0005894004  -8.9728  -8.9800   0.1145     3908.498     411.9251     768.2096    0.120   0
       109     78.631    727.475 327.9066738 +28.7768357     5.42 0.0005855315 -10.6491 -10.7364   0.0232     19703.68     421.4586      727.622    0.069   0
       110    577.141    706.855 327.8451658 +28.7803136     5.09 0.0005495387  -9.3449  -9.4774   0.0726     6179.713     413.3127     781.5536    0.074   0
       111    578.510    911.958 327.8444805 +28.7582134     6.36 0.0006869899  -8.4376  -8.6696   0.1521     2936.695      411.381     741.6923    0.199   0
       112    492.471    729.318 327.8555650 +28.7776815     5.01 0.0005410464  -9.7459  -9.7532   0.0565     7966.936     414.4725     774.5418    0.083   0
       113    775.486    696.409 327.8206975 +28.7819312     5.26 0.0005678562  -9.7202  -9.9004   0.0494     9123.543     415.0895     789.7345    0.067   0
       114    603.285    710.996 327.8419267 +28.7799324     3.78 0.0004086443  -8.1917  -8.4046   0.1940     2300.511     410.9827     782.7962    0.070   0
       115    231.918    712.518 327.8877832 +28.7788367     4.95 0.0005350068 -11.1851 -11.2583   0.0146     31865.98     428.6344     752.6732    0.036   0
       116    600.898    641.017 327.8423974 +28.7874679     5.26  0.000568086  -9.4695  -9.6098   0.0644     6981.231     413.8775     791.8196    0.134   0
       117    301.368    638.487 327.8793958 +28.7869902     5.24 0.0005658441  -9.6519  -9.8077   0.0538      8376.91     414.6625     772.6815    0.054   0
       118    684.892    914.918 327.8313385 +28.7581586     4.59 0.0004953792 -11.3097 -11.3540   0.0134     34801.59     430.3212     750.8483    0.094   0
       119    406.767    682.970 327.8662662 +28.7824615     4.72 0.0005096559 -14.0570 -14.0936   0.0016     433940.2     620.2557     777.2907    0.037   0
       120    176.076    925.959 327.8941310 +28.7556933     5.56 0.0006009325 -10.2001 -10.2663   0.0355      12779.7     417.3085     695.4304    0.110   0
       121    521.484    586.823 327.8523420 +28.7931104     5.55 0.0005991632  -8.8403  -9.4465   0.0747     6006.299     413.2538     794.9335    0.317   0
       122    651.829    845.757 327.8355940 +28.7655300     4.58 0.0004947045 -13.3453 -13.3879   0.0025     226541.4     530.1021     763.0004    0.074   0
       123    782.313    654.860 327.8199579 +28.7864257     5.09 0.0005503864  -9.9151 -10.0929   0.0415     10893.39     416.2225     794.8228    0.114   0
       124     84.657    646.915 327.9061377 +28.7855328     5.42 0.0005854584 -10.4307 -10.5103   0.0285      16000.3     419.2674     741.2729    0.045   0
       125    387.299    669.053 327.8687057 +28.7839125     5.23 0.0005648003  -9.6866 -10.0105   0.0447     10097.08     415.6983     777.7744    0.070   0
       126    459.726    657.004 327.8597918 +28.7853927     5.02  0.000541841  -9.5895  -9.7144   0.0585     7687.409     414.2122     785.4985    0.093   0
       127    434.613    652.259 327.8629052 +28.7858411     4.77 0.0005152511 -12.9595 -13.0066   0.0034     159458.4     497.4889     784.3511    0.051   0
       128    295.755    583.368 327.8802298 +28.7929161     4.91 0.0005299894 -12.4837 -12.5466   0.0049     104390.1     468.9697     777.5975    0.041   0
       129    870.479   1003.316 327.8082054 +28.7490900     5.75  0.000621386  -9.3471 -10.0898   0.0416     10862.01     416.1923     728.9807    0.242   0
       130    344.224    919.413 327.8733877 +28.7568235     3.44 0.0003713526  -8.1455  -8.9578   0.1168     3829.215     411.7502     719.7155    0.401   0
       131     20.085    556.342 327.9143465 +28.7951290     5.52 0.0005961627 -10.4681 -10.5431   0.0276     16491.04     419.5712     738.0518    0.067   0
       132    534.627    599.598 327.8506865 +28.7917665     4.84 0.0005226659 -12.8895 -12.9464   0.0035       150856     493.0219      795.062    0.059   0
       133    721.892    854.951 327.8269200 +28.7647128     6.61 0.0007139686  -8.6399  -8.8329   0.1310     3413.043     411.7165     764.7842    0.079   0
       134    898.294    956.704 327.8048869 +28.7541816     5.20 0.0005616775  -8.8375  -9.8481   0.0518     8694.693     414.9684     697.9345    0.209   0
       135    849.973   1005.917 327.8107307 +28.7487593     4.93 0.0005320887 -10.8765 -10.9253   0.0196     23449.32      423.641     736.7254    0.166   0
       136    545.726    615.675 327.8492751 +28.7900615     4.93 0.0005325606 -11.0748 -11.1604   0.0159     29117.68     427.0729       794.27    0.076   0
       137    688.721    596.436 327.8316628 +28.7924904     4.97 0.0005370624 -10.6349 -10.6959   0.0241      18982.9     421.0196     798.0688    0.083   0
       138    755.638    561.464 327.8234853 +28.7964250     5.83 0.0006294904  -8.2512  -8.4241   0.1906     2342.208     411.0196     799.9312    0.336   0
       139    832.945    551.062 327.8139628 +28.7977366     4.87 0.0005258859  -9.0998  -7.7429   0.3563     1250.702     410.3436     799.5958    0.026   0
       140    447.168    540.181 327.8616387 +28.7979510     5.72 0.0006180977  -8.8227  -9.0668   0.1057      4233.62     412.1109     794.1135    0.161   0
       141    788.432    824.350 327.8187801 +28.7681750     4.81 0.0005196511 -10.6342 -10.6725   0.0246     18578.75     420.7795     771.5753    0.121   0
       142    914.799    893.463 327.8030055 +28.7610376     3.68 0.0003972603  -7.7422  99.0000  99.0000     -11238.8     409.4998     685.4849    0.249   0
       143    112.071    838.830 327.9022577 +28.7649205     5.46  0.000589702  -9.8814  -9.8149   0.0534     8432.208     414.7187     710.4014    0.121   0
       144    266.007    970.407 327.8829144 +28.7511309     5.55 0.0005995716  -9.3042  -9.4151   0.0769     5835.063     413.0123     697.2759    0.145   0
       145    623.142    974.582 327.8388128 +28.7515755     4.78 0.0005165732 -11.1396 -11.2021   0.0153      30257.8     427.6511     731.6028    0.114   0
