#   1 NUMBER                 Running object number                                     
#   2 X_IMAGE                Object position along x                                    [pixel]
#   3 Y_IMAGE                Object position along y                                    [pixel]
#   4 ALPHA_J2000            Right ascension of barycenter (J2000)                      [deg]
#   5 DELTA_J2000            Declination of barycenter (J2000)                          [deg]
#   6 FWHM_IMAGE             FWHM assuming a gaussian core                              [pixel]
#   7 FWHM_WORLD             FWHM assuming a gaussian core                              [deg]
#   8 MAG_BEST               Best of MAG_AUTO and MAG_ISOCOR                            [mag]
#   9 MAG_APER               Fixed aperture magnitude vector                            [mag]
#  10 MAGERR_APER            RMS error vector for fixed aperture mag.                   [mag]
#  11 FLUX_APER              Flux vector within fixed circular aperture(s)              [count]
#  12 FLUXERR_APER           RMS error vector for aperture flux(es)                     [count]
#  13 BACKGROUND             Background at centroid position                            [count]
#  14 ELLIPTICITY            1 - B_IMAGE/A_IMAGE                                       
#  15 FLAGS                  Extraction flags                                          
         1    853.442     89.199 238.0170583 +32.9321079   122.43   0.01315484 -14.8857 -12.6714   0.0051     117104.6     553.1921       789.91    0.510  19
         2    817.203     46.065 238.0217895 +32.9366322    69.86  0.007506185 -13.5063 -12.0234   0.0089     64468.43     528.9362     632.1444    0.809  19
         3    824.341      9.688 238.0209362 +32.9405440    85.49  0.009185672 -13.6703 -12.5104   0.0055       100962     514.2578     416.5484    0.797  24
         4    492.363     43.890 238.0635283 +32.9360272     5.21 0.0005601928  -9.6163  99.0000  99.0000    -3494.454     497.5613     817.1664    0.091   0
         5    248.594     69.209 238.0948003 +32.9326793     3.46 0.0003714752  -8.8433 -10.4914   0.0349     15724.12     505.3031     866.5242    0.420   0
         6     65.252    114.065 238.1182704 +32.9273934     4.70 0.0005051935 -13.8068 -13.8492   0.0020     346473.4     648.6832     918.8882    0.032   0
         7    730.207    123.562 238.0328299 +32.9281142     4.83 0.0005194312 -10.2457  -9.1853   0.1150     4722.093     499.8863     1001.996    0.104   0
         8    751.951    128.106 238.0300285 +32.9276838     4.75 0.0005101496  -9.9504  99.0000  99.0000    -2160.011     497.6599     1002.126    0.179   0
         9    624.701    134.053 238.0463652 +32.9267197     3.90 0.0004191391  -7.9729  99.0000  99.0000    -4018.068     497.6177     1000.797    0.078   0
        10    371.683    144.391 238.0788499 +32.9249554     8.36 0.0008980691  -9.6490  -9.6572   0.0746     7292.374     501.2539     985.5468    0.322   0
        11    701.070    191.458 238.0364529 +32.9207721     5.32 0.0005715112 -11.8401 -11.9252   0.0097     58893.46     526.3611      1003.61    0.059   0
        12    322.875    186.572 238.0850426 +32.9203127     4.75 0.0005101264  -9.7860  -9.8814   0.0608     8964.893     502.1153     981.0651    0.085   0
        13    478.066    183.573 238.0651130 +32.9210391     5.25 0.0005640089  -9.1211  -9.3433   0.0995     5461.751     500.3961     995.9316    0.114   0
        14    112.512    255.272 238.1119364 +32.9124049     4.63  0.000497319 -13.7735 -13.8116   0.0021     334695.6     644.2369     937.4254    0.062   0
        15    762.257    276.174 238.0284440 +32.9118618     4.70 0.0005049572 -12.1840 -12.2525   0.0073     79618.47     536.1796     1004.628    0.084   0
        16    234.425    275.592 238.0962404 +32.9105521    10.91   0.00117212 -10.4767 -10.4554   0.0361     15210.82     504.9936     965.7476    0.384   0
        17    581.322    327.054 238.0515927 +32.9059498     4.54 0.0004877849 -11.2728 -11.3863   0.0156     35851.06     515.3823     996.5104    0.073   0
        18      6.546    316.632 238.1254316 +32.9055559     6.72 0.0007222993  -8.8841  -8.7775   0.1449     3243.317     432.6327     901.8287    0.216  16
        19    287.725    340.763 238.0892751 +32.9037168     4.35 0.0004675461 -11.1401 -11.2155   0.0182     30634.32     512.7772     976.2039    0.061   0
        20     43.825    344.065 238.1205926 +32.9027189     4.79 0.0005145331  -9.0500  -9.1568   0.1180     4599.423     499.9511     912.5648    0.174   0
        21    450.893    381.666 238.0682454 +32.8997657     4.31 0.0004635822 -10.8542 -10.9564   0.0229      24129.8     509.6924     987.1659    0.103   0
        22    511.549    432.500 238.0603642 +32.8944825     4.29 0.0004614402 -12.1491 -12.1918   0.0077     75284.71     534.1289     986.7974    0.079   0
        23    158.928    449.730 238.1056144 +32.8917143     4.83 0.0005188222  -9.9445  -9.9996   0.0546     9996.389     502.6983     938.3448    0.112   0
        24    542.448    457.643 238.0563512 +32.8918716     6.24 0.0006703299  -9.0967  -9.3571   0.0983     5531.239     500.4588     986.9284    0.285   0
        25    270.341    491.645 238.0912307 +32.8875217     4.31 0.0004631172 -12.4409 -12.4902   0.0060     99098.97     545.1356     963.5708    0.083   0
        26     13.828    492.781 238.1241660 +32.8867216     5.07 0.0005451816 -10.4721 -10.4136   0.0371     14636.56     499.4345     892.0879    0.158  16
        27    440.339    499.273 238.0693881 +32.8871502     4.44 0.0004765691  -9.6660  -9.6713   0.0737     7387.891     501.3715     981.6706    0.105   0
        28    779.496    513.185 238.0258134 +32.8865376     4.49 0.0004824877  -8.5334  -8.7401   0.1730     3133.665     499.2176     991.4563    0.115   0
        29    891.310    974.898 238.0106532 +32.8374039     6.21 0.0006675179 -10.1895 -11.0103   0.0219     25358.31     510.2809     822.3825    0.434   0
        30    513.251   1023.152 238.0590846 +32.8312670     5.82 0.0006252292  -8.7130  -7.4989   0.4727     998.9476     434.7798     842.6564    0.233  16
        31    800.806   1016.812 238.0221948 +32.8326866     3.97 0.0004270094  -9.8991  -9.7210   0.0692     7733.726     492.4656     879.3728    0.125  16
        32    810.858    865.075 238.0211702 +32.8489534     3.82 0.0004102752 -12.7996 -12.8449   0.0044     137388.2     562.4584     925.9731    0.066   0
        33    257.734    848.265 238.0921946 +32.8493183     4.59 0.0004931251  -8.1275  -8.2237   0.2781     1947.526     498.6794     868.0885    0.308   0
        34      3.099    749.367 238.1250624 +32.8592299     5.33 0.0005725567  -8.9736  -9.7849   0.0521     8202.819     393.8232     861.3136    0.384  16
        35    595.132    716.356 238.0491243 +32.8643168     4.77 0.0005122446  -8.2904  -8.8764   0.1527     3552.654     499.3853     957.0546    0.264   0
        36    381.226    699.166 238.0766152 +32.8656006     4.13 0.0004433311 -12.7803 -12.8434   0.0045     137205.3     562.3273      939.774    0.082   0
        37    629.126    696.338 238.0447960 +32.8665473     4.07 0.0004378029  -8.3599  -8.5111   0.2135     2537.645      498.919      964.649    0.190   0
        38    880.407    680.392 238.0125647 +32.8688985     3.45 0.0003705197  -9.0370 -11.0595   0.0209     26532.98     510.5954     924.4219    0.701   0
        39    882.661    790.876 238.0120832 +32.8570786     5.39 0.0005795822 -10.0782 -11.1499   0.0193     28836.85     511.9412     890.3395    0.386   0
        40    859.783    789.757 238.0150218 +32.8571401     4.46 0.0004791075 -11.9556 -12.1063   0.0083     69582.61     531.3743     933.8327    0.164   0
        41    302.181    755.071 238.0866603 +32.8594100     4.16 0.0004474493 -10.8461 -10.9072   0.0240     23061.95      509.127     910.9126    0.136   0
        42    880.428    760.434 238.0124227 +32.8603313     5.56   0.00059698 -10.1366 -11.0972   0.0202     27471.12     511.2327     905.7471    0.744   0
        43    720.546    708.625 238.0330380 +32.8654675    11.35  0.001219569 -10.1213 -10.1560   0.0474     11545.03     503.4261     967.0285    0.423   0
        44    880.006    638.876 238.0126884 +32.8733411     5.71 0.0006137145 -10.0154 -10.9697   0.0227     24427.59     509.6873     932.3356    0.412   0
        45    631.799    780.685 238.0443029 +32.8575262     4.00 0.0004295209  -8.6062  -8.6741   0.1838     2948.782     499.0408     940.8155    0.224   0
        46    884.149    812.707 238.0118542 +32.8547457     8.45 0.0009082032 -11.0643 -11.1863   0.0187     29820.59     512.4487     881.6982    0.456   0
        47    130.748    630.629 238.1088971 +32.8722777     4.99 0.0005356843 -10.0012 -10.1911   0.0459     11924.11     503.6005     906.0001    0.178   0
        48    886.046    971.145 238.0113353 +32.8377922     5.58 0.0005995715  -8.1055 -11.1712   0.0189     29408.01     512.1927     833.5703    0.454   1
        49    882.290    953.279 238.0118485 +32.8396949     5.35 0.0005747631 -10.0473 -11.2276   0.0180     30976.41      512.985     846.0302    0.743   2
        50    908.842    622.425 238.0090148 +32.8751753     4.10 0.0004409279 -11.0926 -10.5445   0.0333     16511.27     505.8033     859.2319    0.104   0
        51    882.462    854.002 238.0119989 +32.8503214    11.08  0.001190174 -11.5613 -11.2193   0.0181     30742.41     512.7343     873.7192    0.258   2
        52    883.760    895.246 238.0117607 +32.8459102     5.54 0.0005951943 -10.1443 -11.2051   0.0183      30342.2     512.6758     857.3779    0.469   2
        53    875.217    917.188 238.0128190 +32.8435398     3.45 0.0003710883  -8.9250 -11.1071   0.0200     27722.97     511.1914     869.6036    0.650   0
        54    887.488    881.811 238.0113055 +32.8473577     6.59 0.0007077374 -10.3809 -11.1510   0.0193     28866.36     511.9283     854.5536    0.437   2
        55    359.491   1003.068 238.0788524 +32.8330161     5.14 0.0005521455  -8.7635  -8.4800   0.2197     2466.135     498.9113     818.2376    0.229   0
