#   1 NUMBER                 Running object number                                     
#   2 X_IMAGE                Object position along x                                    [pixel]
#   3 Y_IMAGE                Object position along y                                    [pixel]
#   4 ALPHA_J2000            Right ascension of barycenter (J2000)                      [deg]
#   5 DELTA_J2000            Declination of barycenter (J2000)                          [deg]
#   6 FWHM_IMAGE             FWHM assuming a gaussian core                              [pixel]
#   7 FWHM_WORLD             FWHM assuming a gaussian core                              [deg]
#   8 MAG_BEST               Best of MAG_AUTO and MAG_ISOCOR                            [mag]
#   9 MAG_APER               Fixed aperture magnitude vector                            [mag]
#  10 MAGERR_APER            RMS error vector for fixed aperture mag.                   [mag]
#  11 FLUX_APER              Flux vector within fixed circular aperture(s)              [count]
#  12 FLUXERR_APER           RMS error vector for aperture flux(es)                     [count]
#  13 BACKGROUND             Background at centroid position                            [count]
#  14 ELLIPTICITY            1 - B_IMAGE/A_IMAGE                                       
#  15 FLAGS                  Extraction flags                                          
         1    833.780    194.649 238.0209389 +33.0295577   193.46   0.02078129 -15.8844 -12.2886   0.0096     82308.59     725.8415     1222.689    0.912  16
         2    455.453    119.069 238.0697231 +33.0366588     7.42 0.0007973934 -14.2159 -14.2466   0.0019     499638.2     857.5391     1312.112    0.185   0
         3    432.397    192.879 238.0725461 +33.0286992     8.17 0.0008774778 -10.2851 -10.3622   0.0546      13959.8     701.7881     1349.481    0.264   0
         4     57.156    247.637 238.1206797 +33.0218403     9.69  0.001041419 -10.7326 -10.7992   0.0366     20876.88     704.4039     1239.397    0.331   0
         5    172.565    268.027 238.1058037 +33.0199675     7.25 0.0007791378 -11.8393 -11.8856   0.0137     56783.56     716.9385     1311.937    0.233   0
         6    295.487    283.283 238.0899726 +33.0186622     9.30 0.0009990676  -9.6681  -9.9061   0.0829     9171.419     700.1195     1360.273    0.287   0
         7    283.506    285.765 238.0915079 +33.0183649     6.84 0.0007345629  -9.3086  -9.7602   0.0948     8018.119     699.7076     1359.098    0.170   0
         8    260.990    293.999 238.0943862 +33.0174238     4.21  0.000452568  -8.9004  -9.5913   0.1106     6863.354     699.0983     1358.371    0.002   0
         9    488.494    358.427 238.0650184 +33.0111306     6.21 0.0006671944 -12.4906 -12.5193   0.0078     101794.1     732.4846     1425.859    0.149   0
        10      2.049    429.765 238.1274028 +33.0022017     5.67 0.0006091535  -9.7753  -9.7466   0.0724     7918.239     527.9818     1288.259    0.550  24
        11    720.182    645.888 238.0347000 +32.9809731     5.69 0.0006108295 -11.4353 -11.4879   0.0196     39370.21     710.9371     1467.995    0.109   0
        12    717.135    883.333 238.0346478 +32.9555545     4.26 0.0004577729 -10.1336  99.0000  99.0000       -37361     696.9749     1148.859    0.030   0
        13    840.810    830.454 238.0188585 +32.9615337    77.34  0.008308308 -13.9574 -12.9410   0.0054       150111     748.7938     1126.467    0.469  16
        14    705.116    782.743 238.0363800 +32.9662881     5.33 0.0005727381 -11.1865 -11.2757   0.0238     32378.96     708.4744     1473.978    0.131   0
        15    663.279    781.966 238.0417564 +32.9662624     8.59 0.0009231626 -10.2148 -10.5155   0.0475     16076.55       702.62     1473.904    0.139   0
        16    710.391    680.794 238.0358929 +32.9772120     5.96 0.0006400975 -10.8370 -10.9194   0.0328     23322.05     704.9984     1475.026    0.084   0
        17     98.258    778.617 238.1143520 +32.9651276     5.54 0.0005946804 -11.7490 -11.8060   0.0147     52770.25     715.5569     1344.475    0.086   0
        18    712.475    772.489 238.0354536 +32.9674045     5.76 0.0006189423 -10.4635 -10.5397   0.0464     16438.94     702.8467     1474.298    0.150   0
        19    552.691    675.353 238.0561659 +32.9773828     5.19 0.0005576499  -8.9602  -8.7639   0.2367     3202.962     698.1228      1471.18    0.360   0
        20     46.881    845.345 238.1208207 +32.9578488     4.81 0.0005171375  -9.4927 -10.7497   0.0383     19947.42      704.113     1281.795    0.278   0
        21    888.276    887.937 238.0126548 +32.9555045    58.33  0.006265881 -13.8651 -12.5315   0.0077     102947.1     732.8967     548.0643    0.143  16
