#   1 NUMBER                 Running object number                                     
#   2 X_IMAGE                Object position along x                                    [pixel]
#   3 Y_IMAGE                Object position along y                                    [pixel]
#   4 ALPHA_J2000            Right ascension of barycenter (J2000)                      [deg]
#   5 DELTA_J2000            Declination of barycenter (J2000)                          [deg]
#   6 FWHM_IMAGE             FWHM assuming a gaussian core                              [pixel]
#   7 FWHM_WORLD             FWHM assuming a gaussian core                              [deg]
#   8 MAG_BEST               Best of MAG_AUTO and MAG_ISOCOR                            [mag]
#   9 MAG_APER               Fixed aperture magnitude vector                            [mag]
#  10 MAGERR_APER            RMS error vector for fixed aperture mag.                   [mag]
#  11 FLUX_APER              Flux vector within fixed circular aperture(s)              [count]
#  12 FLUXERR_APER           RMS error vector for aperture flux(es)                     [count]
#  13 BACKGROUND             Background at centroid position                            [count]
#  14 ELLIPTICITY            1 - B_IMAGE/A_IMAGE                                       
#  15 FLAGS                  Extraction flags                                          
         1     10.457     81.001 200.8918421 +36.1194483    64.19   0.00692813 -13.5897 -12.7606   0.0065     127122.4     760.3979     390.9374    0.602  24
         2    143.409     87.380 200.8739955 +36.1191135    44.89  0.004844826 -13.1956 -11.9288   0.0143     59092.01     779.8198     1342.964    0.726   0
         3    192.769     30.564 200.8674702 +36.1253481    31.91  0.003443487 -12.6422 -11.8645   0.0152     55693.06     779.0659     794.3598    0.208  17
         4    136.366     11.029 200.8750706 +36.1272993    86.74  0.009361997 -14.8184 -13.5976   0.0032     274816.5     813.9843     244.3292    0.742  24
         5    289.917     34.064 200.8544308 +36.1252259     4.80 0.0005175135  -9.8630  99.0000  99.0000    -51609.75      761.135     1098.252    0.306   0
         6     63.486    110.849 200.8846769 +36.1163812    17.95  0.001936853  -8.6764  99.0000  99.0000     -18421.2     761.0274     945.5411    0.585   2
         7    377.064     89.817 200.8426464 +36.1194614     4.70  0.000506804 -11.3935 -11.3969   0.0232     36205.18     772.8082     1560.171    0.126   0
         8    538.564     97.185 200.8209686 +36.1190863     7.92 0.0008543417 -10.0652 -10.0929   0.0762     10893.48     764.4261     1591.615    0.114   0
         9     76.087    239.081 200.8827664 +36.1026352    29.53  0.003187375 -13.1564 -11.8752   0.0150     56246.91     779.2015     1480.567    0.524   2
        10    729.021    205.814 200.7952449 +36.1078998     6.17 0.0006660433 -10.3824 -10.8005   0.0399     20902.63     767.5218     1584.233    0.143   0
        11     76.856    287.235 200.8825807 +36.0974628    13.13  0.001417421 -12.4805 -11.7104   0.0175     48322.55     776.7393     1490.138    0.494   2
        12    308.288    264.979 200.8515796 +36.1004606     4.16 0.0004494077 -12.6655 -12.7118   0.0071     121544.2     799.9183     1657.518    0.041   0
        13     77.311    344.515 200.8824214 +36.0913091     9.46  0.001021502 -11.7787 -11.6737   0.0180     46719.39     776.1809     1484.679    0.395   2
        14     79.403    667.258 200.8815875 +36.0566342    68.02  0.007341329 -14.9699 -11.8746   0.0151     56213.94     779.0858     1450.102    0.888  18
        15     78.108    376.342 200.8822599 +36.0878912     8.09  0.000873261 -10.2419 -11.6948   0.0177     47636.44     776.5396     1488.553    0.475   3
        16     77.607    389.744 200.8823040 +36.0864497    12.67  0.001367798 -12.1091 -11.7044   0.0175      48056.3     776.5059     1486.139    0.373   2
        17     73.328    401.582 200.8828575 +36.0851665    11.35  0.001224824 -11.9817 -11.6950   0.0177     47643.12     776.5206     1440.958    0.544   2
        18     77.506    422.340 200.8822617 +36.0829469    12.28  0.001325439 -12.0157 -11.6521   0.0184     45797.88     775.9474     1481.036    0.547   2
        19     76.296    436.406 200.8823998 +36.0814323    14.18  0.001530257 -12.4661 -11.6996   0.0176     47844.34     776.4166     1462.515    0.479   0
        20    688.452    429.072 200.8003285 +36.0838062     3.89 0.0004193265  -9.9750 -10.0735   0.0776      10699.9     764.4271     1564.151    0.093   0
        21     77.477    633.351 200.8819037 +36.0602726    25.78  0.002782399 -11.8480 -11.7608   0.0167     50617.97     777.5199     1443.959    0.778   3
        22    329.718    443.057 200.8484081 +36.0813808     5.51 0.0005944947  -8.8682  -9.0903   0.1914     4326.482     762.4903     1644.424    0.255   0
        23   1023.592    445.888 200.7553623 +36.0828436     4.01 0.0004328542 -10.2910 -10.1085   0.0649      11051.1     660.6675     1340.164    0.136  16
        24     77.472    475.384 200.8821753 +36.0772470     7.31 0.0007892261 -11.1945 -11.6608   0.0183      46167.5     776.0665      1467.63    0.526   0
        25     80.517    722.607 200.8813433 +36.0506896    31.72  0.003423946 -13.5562 -11.8527   0.0154     55089.31      778.809     1440.349    0.528   2
        26    718.722    494.328 200.7961653 +36.0768709     3.46 0.0003733818 -11.2665 -11.3717   0.0237     35374.31     772.5818     1518.232    0.058   0
        27     74.290    488.995 200.8825786 +36.0757760     5.82 0.0006284338 -10.7621 -11.6234   0.0189     44601.24     775.4984     1440.542    0.275   2
        28     76.582    525.873 200.8822080 +36.0718193     4.17 0.0004496949 -12.4149 -12.2308   0.0109      78038.8     786.2664     1464.229    0.247   0
        29    595.706    863.135 200.8120621 +36.0369267     3.07 0.0003313866 -10.2478 -10.4023   0.0574     14485.02     765.7924     1396.008    0.091   0
        30    354.482   1012.103 200.8441413 +36.0202980     3.21 0.0003459246  -8.5861  99.0000  99.0000    -519.6817     761.0059     1419.784    0.264   0
        31    184.483    802.973 200.8672722 +36.0423270     3.05 0.0003293261  -8.7937  -9.7872   0.1009     8220.045       763.68     1565.753    0.236   0
        32    654.756    979.083 200.8039624 +36.0246182     3.23 0.0003482969 -10.5522 -10.7146   0.0432     19312.86     767.3668     1279.748    0.086   0
        33     84.591    574.869 200.8810503 +36.0665755     8.35 0.0009010255 -11.0992 -11.4587   0.0219     38325.83     773.4515     1527.837    0.430   0
        34    635.419    883.394 200.8067074 +36.0348513     3.27 0.0003533588  -9.1047  -9.2827   0.1603     5164.978     762.2925     1357.718    0.086   0
        35     83.390    893.377 200.8806659 +36.0323471    35.44  0.003824437 -14.0272 -11.8521   0.0154     55059.03     778.5468     1352.666    0.682   0
        36     81.446    766.067 200.8811444 +36.0460220    40.36  0.004355659 -14.2939 -11.8418   0.0155     54538.73     778.6112     1417.709    0.712   2
