#   1 NUMBER                 Running object number                                     
#   2 X_IMAGE                Object position along x                                    [pixel]
#   3 Y_IMAGE                Object position along y                                    [pixel]
#   4 ALPHA_J2000            Right ascension of barycenter (J2000)                      [deg]
#   5 DELTA_J2000            Declination of barycenter (J2000)                          [deg]
#   6 FWHM_IMAGE             FWHM assuming a gaussian core                              [pixel]
#   7 FWHM_WORLD             FWHM assuming a gaussian core                              [deg]
#   8 MAG_BEST               Best of MAG_AUTO and MAG_ISOCOR                            [mag]
#   9 MAG_APER               Fixed aperture magnitude vector                            [mag]
#  10 MAGERR_APER            RMS error vector for fixed aperture mag.                   [mag]
#  11 FLUX_APER              Flux vector within fixed circular aperture(s)              [count]
#  12 FLUXERR_APER           RMS error vector for aperture flux(es)                     [count]
#  13 BACKGROUND             Background at centroid position                            [count]
#  14 ELLIPTICITY            1 - B_IMAGE/A_IMAGE                                       
#  15 FLAGS                  Extraction flags                                          
         1      9.095     81.680 327.7915939 +28.8490367    56.36  0.006087219 -12.8826 -11.9974   0.0090     62946.61     522.5513     463.6585    0.633  24
         2    137.090     10.586 327.7759501 +28.8570111    82.73  0.008935215 -14.1167 -12.8189   0.0046     134137.9     568.1824     397.7076    0.745  24
         3    205.981     20.278 327.7674160 +28.8561348     5.20  0.000561584  -9.5128  -8.4783   0.2365     2462.239     536.2352     662.1177    0.471   2
         4    140.567     86.878 327.7753401 +28.8487987    30.47  0.003290626 -12.3221 -11.1361   0.0209     28472.55     548.2274     929.4785    0.673   2
         5    462.948     28.019 327.7356507 +28.8559227     5.17 0.0005586627 -10.4372  99.0000  99.0000    -645.1102     535.0709     765.6975    0.295   0
         6    295.972     51.147 327.7562255 +28.8530271     5.38  0.000581544 -10.5458  99.0000  99.0000    -10451.99     535.1163     885.3898    0.130   0
         7    276.914     68.155 327.7585401 +28.8511482     5.40 0.0005832408 -10.8230  -9.1473   0.1280     4559.616     537.3026     954.7665    0.061   0
         8    720.496    138.992 327.7035773 +28.8445807     4.71 0.0005082479 -15.9644 -15.9575   0.0005      2415466     1222.294     1051.773    0.049   7
         9    976.809     69.054 327.6720720 +28.8527226     6.53  0.000704841  -9.3982  99.0000  99.0000    -19858.27     535.0406     859.3916    0.316   0
        10    736.352     82.332 327.7017482 +28.8507238     5.36 0.0005789485  -9.8518  99.0000  99.0000    -6767.488     535.0255      974.346    0.134   0
        11     62.550    111.214 327.7849202 +28.8459854     9.16 0.0009898356  -9.5437  99.0000  99.0000    -7914.842     535.1011     743.7155    0.419   2
        12    923.096    105.503 327.6786253 +28.8486687     5.36 0.0005793041 -10.3494 -10.4240   0.0398     14777.91     542.1258     992.5909    0.145   0
        13    192.263    112.072 327.7688943 +28.8462100     4.96 0.0005352522 -11.2087 -10.7375   0.0300     19724.29     544.2532     1078.342    0.041   0
        14    726.506    125.066 327.7028668 +28.8460956     5.26 0.0005681418 -11.9957 -12.1761   0.0083     74204.63     568.7567     1049.155    0.219   3
        15    431.828    126.024 327.7392673 +28.8452872     6.67 0.0007208555  -8.8728  -3.9249  15.6413     37.14982     535.0579     1072.053    0.048   0
        16    743.908    140.099 327.7006827 +28.8445170     6.87 0.0007416981  -9.6110 -10.4673   0.0383     15379.23     542.3433     1047.003    0.187   1
        17     84.186    143.730 327.7821704 +28.8425347     6.29  0.000678948 -10.8047 -10.8906   0.0261     22710.42     545.6083     965.2402    0.013   0
        18    772.509    144.982 327.6971384 +28.8440586     4.98 0.0005373823  -8.4153  -8.6484   0.2023     2879.795       536.46     1041.417    0.392   0
        19    651.173    146.367 327.7121240 +28.8436209     5.13  0.000554027  -8.9458  -9.1258   0.1305     4470.323     537.1404     1064.198    0.164   0
        20    268.778    161.127 327.7593269 +28.8411102     4.82 0.0005208687 -11.1315 -11.2461   0.0189     31508.84     549.6545     1089.289    0.082   0
        21    573.050    149.481 327.7217675 +28.8430987     4.54 0.0004904555  -8.3457  -8.2232   0.2991     1946.569     536.0853     1070.245    0.185   0
        22    916.981    150.018 327.6792798 +28.8438574     4.13 0.0004462936  -8.7157  -9.7990   0.0704     8310.329     538.6992     1003.293    0.415   0
        23    405.726    169.292 327.7423910 +28.8405618     4.90  0.000529215 -11.7391 -11.7764   0.0118     51351.98     558.5634     1084.335    0.057   0
        24    493.252    170.095 327.7315772 +28.8406860     6.95 0.0007503965  -9.6927  -9.9910   0.0591     9917.039     539.7295      1079.96    0.125   0
        25    527.934    282.095 327.7270337 +28.8287006     5.89 0.0006362901 -16.1936 -16.2101   0.0005      3048250     1345.545     1081.202    0.035   6
        26    584.893    182.324 327.7202288 +28.8395879     4.46 0.0004813462  -8.6706  -9.0354   0.1418     4113.165     536.9892     1075.667    0.138   0
        27    750.090    186.886 327.6998120 +28.8394901     5.11 0.0005516375  -9.6316 -10.0131   0.0579     10121.11      539.824     1048.162    0.019   0
        28    902.629    236.279 327.6808573 +28.8345284     4.71 0.0005082836 -13.5718 -13.6160   0.0025     279507.9     652.7411     1008.271    0.090   0
        29    708.508    208.514 327.7048990 +28.8370607     6.16 0.0006653394  -9.3878  -9.8281   0.0686     8535.675     539.0893     1057.579    0.134   0
        30    467.676    290.639 327.7344567 +28.8276352     4.60 0.0004972551 -15.6227 -15.6118   0.0007      1756742     1079.207     1084.942    0.103   7
        31    514.011    258.631 327.7288078 +28.8311955     4.57 0.0004940451 -13.1712 -13.2008   0.0035     190683.9     617.6282     1082.358    0.070   3
        32    482.644    279.823 327.7326330 +28.8288367     4.54  0.000489896 -14.3717 -14.3822   0.0014     566085.4     754.5164      1084.92    0.120   3
        33     83.233    225.273 327.7820946 +28.8337457     7.27 0.0007856286 -10.1575 -10.7908   0.0286     20716.44     544.7236     1033.739    0.317   0
        34    273.454    258.297 327.7585212 +28.8306509     4.63 0.0005005896 -13.5469 -13.5922   0.0026       273443     650.4016      1091.12    0.065   0
        35     53.366    233.332 327.7857646 +28.8328041     6.74 0.0007276477  -9.8596 -10.4458   0.0390     15077.75     542.0698     912.6954    0.203   0
        36   1027.656    238.638 327.6654084 +28.8345679     4.72 0.0005102082  -9.5376  -9.4588   0.0734      6074.52     410.4829     975.1929    0.294  24
        37    659.241    255.194 327.7108773 +28.8319133     4.56 0.0004926798 -12.0735 -12.1479   0.0085     72303.35     567.7491     1067.459    0.080   2
        38    319.936    255.194 327.7527873 +28.8310979     4.64 0.0005016251 -11.8322 -11.8992   0.0106     57503.92     561.2668     1088.601    0.065   0
        39    722.974    243.000 327.7030330 +28.8333790     0.00            0  -8.6883  99.0000  99.0000    -1335.983      534.874     1052.595    0.008   0
        40    115.452    243.779 327.7780712 +28.8318304     4.74 0.0005118801  -9.1360  99.0000  99.0000    -2749.499      535.086     1090.578    0.094   0
        41    671.329    259.265 327.7093749 +28.8315035     4.58 0.0004944041 -10.6187 -10.7492   0.0296     19938.26     544.3366     1065.299    0.150   3
        42    767.656    268.436 327.6974559 +28.8307442     4.52  0.000487945 -12.0276 -12.0890   0.0090     68487.55     566.2095     1040.501    0.056   0
        43    211.761    271.672 327.7661097 +28.8290597     4.71 0.0005089607 -11.8551 -11.9369   0.0103     59533.92     562.2422     1092.454    0.072   0
        44    250.106    262.245 327.7613958 +28.8301688     4.94 0.0005335038  -9.7591 -10.1296   0.0521     11267.34     540.3096     1091.706    0.119   0
        45    576.668    270.931 327.7210402 +28.8300203     4.53 0.0004897351 -10.7149 -10.8630   0.0268     22141.26      545.392     1076.948    0.068   0
        46    189.119    294.468 327.7688526 +28.8265483     4.64 0.0005007859 -12.0028 -12.0816   0.0090     68018.02     566.0021       1092.3    0.065   0
        47   1007.272    282.833 327.6678267 +28.8297579     3.85 0.0004153983  -8.2916  99.0000  99.0000    -1907.162     535.1163     971.8645    0.258   0
        48    264.073    313.359 327.7595506 +28.8246950     4.60 0.0004970417 -10.8285 -10.8885   0.0261     22667.48     545.5886     1089.534    0.088   0
        49    204.450    334.245 327.7668654 +28.8222994     4.50 0.0004856205 -13.4563 -13.5131   0.0027       254237     643.0273     1090.671    0.069   0
        50    103.837    310.092 327.7793488 +28.8246565     4.63 0.0005000627  -9.6358  -8.8507   0.1680     3469.669     536.6594     1089.642    0.110   0
        51    939.904    313.657 327.6760780 +28.8262781     4.81 0.0005197452  -8.4655  -8.9684   0.1508     3866.777     536.9348      981.298    0.257   0
        52    843.835    319.869 327.6879295 +28.8253822     4.51 0.0004868831  -9.9859  -9.9950   0.0589     9954.153     539.7017     1010.768    0.078   0
        53    814.190    339.380 327.6915466 +28.8232097     4.90 0.0005296712  -9.2291  -9.2990   0.1113     5243.261     537.2889     1017.389    0.043   0
        54    118.969    351.992 327.7773808 +28.8201784     4.34 0.0004687987  -9.6679  99.0000  99.0000    -302.8719     534.9043     1089.095    0.120   0
        55    213.301    363.855 327.7657025 +28.8191303     4.63 0.0004997537 -11.0508 -11.2314   0.0192      31086.1     549.3884      1088.95    0.075   0
        56     27.477    353.534 327.7886765 +28.8197882     4.34 0.0004690814  -7.9410  99.0000  99.0000    -54626.39     535.1011     800.6108    0.536   0
        57    840.002    362.202 327.6883066 +28.8208115     3.86 0.0004167747  -8.4923  -7.8342   0.4275     1360.404     535.5397     1004.507    0.177   0
        58    985.949    373.328 327.6702562 +28.8199563     4.73 0.0005104767  -8.7698  -8.6036   0.2108     2763.277     536.3302     954.6065    0.214   0
        59    546.550    390.805 327.7244831 +28.8170310     4.69 0.0005066667  -9.8921 -10.0589   0.0555      10557.8     539.9362     1071.792    0.126   0
        60    966.525    464.026 327.6724505 +28.8101374     4.86 0.0005248826 -15.7142 -15.7414   0.0006      1979552     1129.664     940.3309    0.067   4
        61    122.329    398.572 327.7768555 +28.8151675     4.61 0.0004979879  -9.0982  99.0000  99.0000    -4698.668      535.086     1086.129    0.074   0
        62    345.346    441.270 327.7492138 +28.8111087     4.32   0.00046605 -13.5304 -13.5827   0.0026     271058.5     649.4595     1082.026    0.072   0
        63    819.196    421.736 327.6907407 +28.8143472     4.32 0.0004669537 -11.1950 -11.2491   0.0189      31596.5     549.5617     999.3481    0.086   0
        64    119.232    420.026 327.7771872 +28.8128481     4.38 0.0004735008  -8.6058  99.0000  99.0000    -6657.402     535.0709     1084.504    0.106   0
        65    806.980    448.286 327.6921889 +28.8114573     5.41 0.0005843049 -12.0272 -12.0862   0.0090     68311.23     566.1317     997.0493    0.222   0
        66    172.723    443.432 327.7705262 +28.8104565     4.36 0.0004705272 -11.6932 -11.7824   0.0118     51634.74     558.6899      1085.65    0.075   0
        67    271.979    486.532 327.7581679 +28.8060537     4.34 0.0004686123 -14.9797 -15.0138   0.0010      1012810     890.3859     1083.789    0.069   0
        68    418.493    437.803 327.7401887 +28.8116589     4.36 0.0004706863  -8.3315  -8.7485   0.1845     3157.957     536.4688     1078.709    0.238   0
        69    722.100    442.098 327.7026852 +28.8119228     4.24 0.0004583593  -8.9849  -8.9494   0.1535     3799.924      537.145     1025.436    0.119   0
        70    425.314    450.260 327.7393174 +28.8103331     4.28  0.000461936  -9.3490  -9.2935   0.1119     5216.659      537.563      1077.52    0.007   0
        71    667.883    450.183 327.7093622 +28.8109226     4.42 0.0004775346  -9.0157  -9.2065   0.1212     4814.849     537.2856     1039.099    0.084   0
        72   1015.187    463.393 327.6664424 +28.8103198     4.66 0.0005032251 -11.4782 -11.5077   0.0149     40094.09     551.8895     925.1193    0.145  16
        73    352.862    460.945 327.7482396 +28.8090068     4.44 0.0004799454  -9.2162  -9.7113   0.0763     7665.085     538.6252     1080.811    0.087   0
        74     39.164    478.488 327.7869363 +28.8063525     4.21 0.0004549479 -12.1479 -12.1465   0.0085     72213.08      567.795     841.5128    0.105   0
        75    176.976    469.345 327.7699399 +28.8076747     4.51 0.0004873457  -8.8981  -9.3215   0.1091     5352.804     537.5961     1084.107    0.207   0
        76    950.068    507.219 327.6743852 +28.8054444     4.39 0.0004736868 -13.9528 -13.9958   0.0019     396560.5     696.1768     933.9083    0.097   0
        77    571.114    478.539 327.7212471 +28.8076360     4.68 0.0005055976  -9.3339  -9.4406   0.0978     5973.865     537.9301     1056.011    0.104   0
        78    465.046    481.363 327.7343387 +28.8070772     4.48 0.0004835575  -9.1437  -8.8510   0.1680     3470.616     536.7805     1072.384    0.073   0
        79     97.194    506.103 327.7797049 +28.8035190     4.66 0.0005036408  -8.9472  -9.2314   0.1184     4926.733     537.2925     1078.877    0.077   0
        80    347.309    526.001 327.7487734 +28.8019833     4.28 0.0004625572 -11.1793 -11.2573   0.0188     31835.83     549.6853     1075.079    0.074   0
        81    998.659    526.463 327.6683415 +28.8034848     4.48 0.0004842117  -8.4345  -7.6368   0.5128     1134.247     535.5703     911.7595    0.126   0
        82    261.158    528.898 327.7594047 +28.8014623     4.45 0.0004801001  -8.1338  -8.3537   0.2652     2195.323     536.0956     1080.675    0.187   0
        83    431.127    549.555 327.7383686 +28.7996475     4.18 0.0004519603 -12.5694 -12.6286   0.0056     112579.4     585.2985     1067.347    0.077   0
        84   1008.062    868.053 327.6664114 +28.7666981     3.70 0.0003994684  -8.5936  99.0000  99.0000    -5617.409     535.0255     662.9004    0.133   0
        85    123.249   1026.455 327.7752576 +28.7475120     3.95 0.0004267142  -8.0264  99.0000  99.0000    -3608.928     424.0817     969.8824    0.229  16
        86    126.239    974.344 327.7750118 +28.7531345     3.94  0.000425887 -12.4795 -12.5170   0.0062     101575.2      580.649      977.573    0.123   0
        87    301.463    650.875 327.7541421 +28.7884163     4.16 0.0004497991  -9.8726  -9.9141   0.0634     9239.282     539.3704      1068.47    0.130   0
        88    258.819    640.361 327.7594319 +28.7894459     4.24 0.0004574957 -10.1141 -10.1605   0.0506     11593.57     540.3856     1072.406    0.136   0
        89    461.189    885.567 327.7338768 +28.7635125     4.07 0.0004390515 -12.5166 -12.5789   0.0059     107540.3      583.031     988.2837    0.133   0
        90    472.281    939.004 327.7323838 +28.7577810     4.11 0.0004444147  -8.4034  -8.9063   0.1596     3651.999     536.7292     969.1562    0.083   0
        91    424.020    926.427 327.7383698 +28.7590201     5.05 0.0005453119  -8.9452  -9.2312   0.1185     4925.709     537.2618     985.2927    0.314   3
        92   1001.283    893.529 327.6671909 +28.7639370     6.07 0.0006551574  -9.2034  -9.5004   0.0926      6312.11     538.0872     625.1242    0.021   0
        93     84.863    884.293 327.7803317 +28.7627369     4.35 0.0004696028  -9.4713 -11.1398   0.0208     28571.82     548.3466     951.6248    0.319   0
        94    422.631    932.384 327.7385274 +28.7583749     5.91 0.0006386469  -8.8511  -9.4489   0.0970     6019.588     537.7405     983.6024    0.168   3
        95    502.075    924.359 327.7287401 +28.7594306     4.60 0.0004963329  -9.2029  -9.4407   0.0978     5974.179      537.885     965.1332    0.268   0
        96    887.960    890.348 327.6811864 +28.7640134     5.24 0.0005661576  -9.8890 -10.0747   0.0548     10711.81     540.1275     813.2271    0.232   0
        97    274.056    906.999 327.7569254 +28.7607511     3.94  0.000425981 -12.0858 -12.1397   0.0086     71759.27     567.4952     1008.496    0.115   0
        98    859.382    885.185 327.6847257 +28.7645024     3.42 0.0003697722  -8.1293  -6.5172   1.4366     404.4791      535.063     847.2332    0.418   0
        99    315.323    870.435 327.7519173 +28.7647910     3.97 0.0004288649  -9.9483 -10.1655   0.0504     11646.53       540.47      1015.65    0.134   0
       100    413.055    843.245 327.7399167 +28.7679571     4.09 0.0004418881 -11.1288 -11.2073   0.0196     30403.14     549.1513     1010.103    0.096   0
       101    715.531    838.990 327.7025882 +28.7691395     4.31  0.000465012 -11.6895 -11.7681   0.0119     50961.05     558.3884     921.0662    0.151   0
       102    141.687    843.175 327.7734147 +28.7673064     3.87 0.0004176638 -11.7255 -11.7385   0.0122     49589.56     557.7595     1026.447    0.121   0
       103    883.221    831.285 327.6819053 +28.7703666     4.80 0.0005188998 -13.2169 -13.2554   0.0034     200518.3     621.7656     860.6191    0.186   0
       104    465.010    814.498 327.7335700 +28.7711798     4.04 0.0004364844 -13.7138 -13.7581   0.0023     318601.5     667.5218      1008.39    0.101   0
       105     71.117    791.410 327.7822485 +28.7727118     6.35 0.0006860273 -10.4787 -10.9633   0.0244      24283.3     546.2692     926.7297    0.173   0
       106    785.227    828.428 327.6940086 +28.7704429     3.44 0.0003714368  -8.1630  -8.4640   0.2396     2430.052     536.1597     900.2469    0.404   0
       107    146.799    797.022 327.7728927 +28.7722921     3.87 0.0004180087 -11.1012 -11.1670   0.0203     29295.64     548.4106     1042.041    0.094   0
       108    261.312    790.744 327.7587711 +28.7732473     4.15 0.0004479506  -9.7560  -9.8296   0.0685     8547.335     539.0947     1042.171    0.132   0
       109    497.375    802.361 327.7296028 +28.7725654     4.22 0.0004555897  -9.8733  -9.8735   0.0658     8899.915      539.183     1004.726    0.207   0
       110    787.129    777.123 327.6938908 +28.7759759     6.12 0.0006607607  -8.7884  -8.9160   0.1582     3684.652       536.85     916.5707    0.330   0
       111    869.418    680.617 327.6839510 +28.7865697     4.28 0.0004625993 -10.7494 -10.7941   0.0285     20779.82      544.485     914.5178    0.133   0
       112     85.029    711.717 327.7807199 +28.7813332     4.28 0.0004626627  -9.4876 -11.0611   0.0224     26573.24     547.3606     1002.882    0.082   0
       113     80.249    668.362 327.7814128 +28.7859932     6.74 0.0007284043 -10.5778 -11.1600   0.0205     29107.76     548.5613     992.5569    0.322   0
       114    584.363    709.634 327.7190781 +28.7827657     4.54 0.0004906829  -9.3028  -9.7472   0.0739     7922.654     538.7748     1005.143    0.105   0
       115    847.623    760.906 327.6864594 +28.7778664     4.42 0.0004770083 -10.8115 -10.8400   0.0273     21676.28     545.1046     900.5118    0.132   0
       116    884.109    755.798 327.6819667 +28.7785030     4.59 0.0004956183 -10.7800 -10.7658   0.0292     20244.24     544.3879     888.6334    0.209   0
       117    266.533    743.892 327.7582366 +28.7783085     4.15 0.0004477947 -10.3594 -10.5093   0.0369     15985.18     542.5778     1051.958    0.110   0
       118    381.161    743.127 327.7440871 +28.7786685     4.04 0.0004363736 -12.2901 -12.3402   0.0072     86311.73     573.9973     1044.185    0.119   0
       119    573.073    652.339 327.7206041 +28.7889127     4.08 0.0004406038 -10.1785 -10.2768   0.0455     12903.35      541.111      1022.87    0.066   0
       120    127.095    708.165 327.7755351 +28.7818188     4.11 0.0004438991 -10.2185  -9.7878   0.0712     8224.662     538.8699     1058.926    0.093   0
       121    739.498    748.120 327.6998372 +28.7789882     3.94 0.0004255252  -8.5505  -8.4781   0.2366     2461.663     536.2198     943.2616    0.146   0
       122    306.633    739.920 327.7532954 +28.7788337     5.27 0.0005691429  -8.3227  -8.4799   0.2362     2465.709     536.2368      1051.22    0.290   0
       123    282.762    725.160 327.7562769 +28.7803664     4.79 0.0005173622  -8.9007  -9.0324   0.1422     4101.548     537.0291     1055.874    0.074   0
       124    571.224    704.284 327.7207125 +28.7833108     4.06 0.0004385555  -9.2165  -9.5126   0.0915     6383.489     538.0602     1010.515    0.122   0
       125    251.057    666.895 327.7603279 +28.7865678     4.32 0.0004667414  -9.9313  -9.9343   0.0622     9413.169     539.5261     1070.641    0.048   0
       126    287.313    696.729 327.7557817 +28.7834410     2.74 0.0002961081  -8.5076  -8.5807   0.2153     2705.809      536.394     1062.358    0.199   0
       127    526.809    675.362 327.7262630 +28.7863209     4.34 0.0004690918  -9.7202  -9.9359   0.0621     9426.729     539.3522      1029.64    0.112   0
       128    944.642    724.090 327.6745652 +28.7820623     4.75 0.0005126763 -10.9344 -10.9917   0.0238     24927.78     546.6085     872.4242    0.168   0
       129    583.328    724.912 327.7191707 +28.7811170     4.76 0.0005146146  -8.2896  -8.9463   0.1539     3789.078     536.9138     1001.404    0.289   0
       130    673.900    715.319 327.7080109 +28.7823668     4.29 0.0004634542  -9.9156 -10.1038   0.0533     11003.58     540.1876     972.9485    0.121   0
       131     78.874    693.868 327.7815221 +28.7832414     4.51 0.0004873904  -9.6985 -11.1860   0.0200     29811.98     548.8821     982.5901    0.216   0
       132    796.175    675.552 327.6930054 +28.7869423     4.69 0.0005062257  -8.9914  -8.9904   0.1478     3945.866     536.9113      941.962    0.246   0
       133    441.927    671.445 327.7367519 +28.7865391     3.88 0.0004193699  -9.0669  -9.1804   0.1241      4700.75     537.2476     1049.401    0.075   0
       134    576.515    642.628 327.7202015 +28.7899673     5.75 0.0006214093  -8.6278  -9.1729   0.1250      4668.37     537.2627     1023.867    0.331   0
       135    963.928    657.488 327.6723344 +28.7892844     4.59 0.0004961707  -9.5741  -9.4312   0.0986     5922.364     537.8911      884.598    0.229   0
       136    387.913    955.298 327.7427593 +28.7558221     4.01  0.000433385 -10.6238 -10.7132   0.0306     19287.18     544.0822     981.2548    0.090   0
       137    135.664   1001.095 327.7737853 +28.7502750     4.68 0.0005057269  -8.1802  99.0000  99.0000    -2139.887     535.1314     973.0937    0.257   0
       138     89.246    582.450 327.7805055 +28.7952727     4.34 0.0004688291 -11.3548 -11.5334   0.0147      41053.8     553.9496     1042.511    0.029   0
       139    275.617    747.844 327.7571058 +28.7779047     4.20 0.0004537282  -9.0371  -9.4463   0.0973     6005.366     537.8242     1050.633    0.186   0
       140     96.727    770.013 327.7791378 +28.7750802     4.73  0.000511297 -12.0855 -12.1859   0.0083     74881.16     568.9685     1035.494    0.337   0
       141    319.050    881.964 327.7514303 +28.7635578     3.92 0.0004237322  -9.3240  -9.5700   0.0869     6729.882     538.2361     1011.811    0.080   0
       142    852.065    618.582 327.6862344 +28.7932133     7.30 0.0007880044  -9.4489  -9.5746   0.0865     6758.032     538.2342     936.7878    0.361   0
       143    727.281    627.310 327.7016217 +28.7919773     4.08 0.0004410983 -10.7743 -10.8096   0.0281     21078.42     544.8005     978.7836    0.086   0
       144    158.126    621.333 327.7719089 +28.7912512     4.18  0.000451968 -11.1662 -11.2977   0.0181     33042.84     550.3223     1077.258    0.098   0
       145    151.853    608.864 327.7727129 +28.7925794     4.18 0.0004513389 -11.6581 -11.7026   0.0126     47978.87     556.9934     1077.824    0.110   0
       146    943.490    969.023 327.6741542 +28.7556664     5.00 0.0005403499  -8.8733 -10.0014   0.0585     10012.52     539.7287     595.8021    0.389   0
       147     60.935    989.353 327.7830362 +28.7513575     4.01 0.0004334391 -12.9986 -13.0680   0.0039     168731.3     608.7706     835.2959    0.084   0
       148    313.718   1010.432 327.7517881 +28.7497017     4.06 0.0004385047 -10.7225 -10.7990   0.0283      20873.4      544.751     969.9432    0.169   0
       149    627.350    585.487 327.7140565 +28.7962460     4.12 0.0004453693 -11.3932 -11.4518   0.0158     38082.15     552.6361     1022.343    0.105   0
       150    608.588    743.369 327.7160096 +28.7791884     5.48 0.0005916712 -10.2340 -10.4438   0.0391     15049.58     541.8775     988.5927    0.119   0
       151    174.807    566.422 327.7699788 +28.7972088     5.33  0.000576191  -9.2604  -9.7282   0.0751      7785.48     538.4856     1079.651    0.196   0
       152    828.836    540.140 327.6892809 +28.8016111     4.15 0.0004485445  -8.3376  -7.4673   0.5994     970.3566     535.5543     967.8544    0.176   0
       153    124.807   1012.809 327.7750976 +28.7489863     4.60 0.0004970668  -8.6016  99.0000  99.0000     -4122.36     534.9043     970.9343    0.191   0
       154    168.618    998.291 327.7697247 +28.7506575     3.97 0.0004291476 -12.1506 -12.2099   0.0081      76554.6     569.7603     976.5319    0.142   0
       155    826.482    743.039 327.6891101 +28.7797418     4.54 0.0004902825  -9.4883  -9.2016   0.1217     4793.316     537.3359     913.7773    0.182   0
       156     60.236    964.063 327.7831823 +28.7540809     4.05 0.0004370079 -11.8933 -12.0292   0.0095     64818.14      564.587     837.2546    0.092   0
