#   1 NUMBER                 Running object number                                     
#   2 X_IMAGE                Object position along x                                    [pixel]
#   3 Y_IMAGE                Object position along y                                    [pixel]
#   4 ALPHA_J2000            Right ascension of barycenter (J2000)                      [deg]
#   5 DELTA_J2000            Declination of barycenter (J2000)                          [deg]
#   6 FWHM_IMAGE             FWHM assuming a gaussian core                              [pixel]
#   7 FWHM_WORLD             FWHM assuming a gaussian core                              [deg]
#   8 MAG_BEST               Best of MAG_AUTO and MAG_ISOCOR                            [mag]
#   9 MAG_APER               Fixed aperture magnitude vector                            [mag]
#  10 MAGERR_APER            RMS error vector for fixed aperture mag.                   [mag]
#  11 FLUX_APER              Flux vector within fixed circular aperture(s)              [count]
#  12 FLUXERR_APER           RMS error vector for aperture flux(es)                     [count]
#  13 BACKGROUND             Background at centroid position                            [count]
#  14 ELLIPTICITY            1 - B_IMAGE/A_IMAGE                                       
#  15 FLAGS                  Extraction flags                                          
         1     10.217     81.020 200.8919314 +36.1195494    62.63   0.00675644 -13.3690 -12.5195   0.0072     101812.6     670.7765     420.8268    0.607  24
         2    142.525     87.591 200.8741899 +36.1192128    38.59  0.004163257 -12.8338 -11.6951   0.0157     47649.03     690.4034     1191.869    0.698   0
         3    192.459     30.565 200.8676089 +36.1254802    31.73  0.003423211 -12.2372 -11.6836   0.0159     47144.84     690.3508     735.3324    0.188  17
         4    136.356     10.908 200.8751651 +36.1274368    85.83  0.009259407 -14.5862 -13.3493   0.0036     218641.4     719.9483     304.3562    0.744  24
         5    290.128     36.311 200.8545096 +36.1251331     4.46 0.0004807251  -9.8820  99.0000  99.0000    -34730.14     673.0995     996.5034    0.051   0
         6     65.056    108.386 200.8845299 +36.1167618    18.68  0.002014968 -10.0254  99.0000  99.0000     -10198.6     673.0044     858.1981    0.601   0
         7    377.384     91.662 200.8427118 +36.1194248     5.66 0.0006109386 -11.4843 -11.5446   0.0180     41480.11     688.2777     1366.352    0.129   0
         8    539.084     98.857 200.8210309 +36.1190940     7.43 0.0008020299  -9.9070 -10.1549   0.0638     11533.21     677.3507     1380.132    0.456   0
         9    730.576    208.024 200.7951717 +36.1078804     4.73  0.000510195  -9.6675 -10.5733   0.0435     16955.99     679.1983     1373.424    0.521   0
        10     75.990    235.864 200.8828163 +36.1030921    14.72  0.001587537 -12.4246 -11.5890   0.0173     43211.84     688.9064     1292.612    0.582   0
        11    308.615    266.679 200.8515931 +36.1004260     5.36 0.0005786542 -12.7159 -12.7738   0.0061     128678.4     719.2177     1431.616    0.092   0
        12     76.642    267.417 200.8826675 +36.0997028    13.07  0.001409476 -12.1662 -11.5555   0.0178     41898.01     688.2805     1299.038    0.599   0
        13     76.607    296.805 200.8826149 +36.0965444     4.57  0.000492655 -10.3274 -11.4716   0.0192      38781.6     687.1104     1298.373    0.247   2
        14     75.197    314.807 200.8827688 +36.0946057     3.47  0.000374363  -9.4736 -11.4510   0.0196     38055.64     686.8648     1283.741    0.658   0
        15     80.806    324.590 200.8819984 +36.0935701     3.44 0.0003705875  -9.4494 -11.3478   0.0215     34604.55     685.5141     1323.787    0.409   0
        16     76.752    342.377 200.8825067 +36.0916471     4.76 0.0005140168 -10.1242 -11.4653   0.0194     38557.54      687.178     1295.639    0.334   0
        17     79.708    367.774 200.8820613 +36.0889259     6.18 0.0006668015 -10.7188 -11.4841   0.0190      39232.3     687.4048     1313.608    0.290   0
        18     76.862    387.890 200.8824034 +36.0867560    11.87  0.001279968 -12.1053 -11.5570   0.0178     41954.85      688.506     1290.672    0.596   0
        19     80.949    673.946 200.8812993 +36.0560246    29.33  0.003164173 -13.4966 -11.6725   0.0161     46665.05     690.1027     1279.405    0.594   2
        20     76.700    527.525 200.8821532 +36.0717488     5.80 0.0006253817 -12.6633 -12.1616   0.0104     73224.92     699.7132     1277.795    0.232   0
        21    689.092    430.778 200.8003208 +36.0838285     6.06 0.0006533093  -9.9190  -9.9885   0.0743     9894.907       676.67     1358.699    0.184   0
        22     75.499    436.983 200.8824903 +36.0814762     3.02 0.0003255399  -9.6948 -11.4865   0.0190      39317.1     687.5662     1271.597    0.374   0
        23   1024.205    447.749 200.7554059 +36.0829013     5.42 0.0005851847 -10.2141  -9.9716   0.0641     9741.845     575.2488     1182.377    0.129  16
        24    330.329    445.094 200.8483449 +36.0813113     4.84 0.0005221881  -8.8310  -9.3498   0.1334     5494.212     675.1182      1422.42    0.263   0
        25     78.836    466.843 200.8819852 +36.0782763     3.93 0.0004236318  -9.7394 -11.4005   0.0205     36326.12     686.4031     1296.557    0.257   0
        26    719.293    496.239 200.7961560 +36.0768747     5.27 0.0005687731 -11.3154 -11.3798   0.0209     35639.21     686.0781     1321.605    0.112   0
        27    596.417    865.045 200.8119295 +36.0369056     5.26 0.0005678272 -10.3962 -10.5671   0.0437     16859.72     679.2006     1226.478    0.197   0
        28    655.391    981.120 200.8038221 +36.0245906     5.32 0.0005742509 -10.6713 -10.7972   0.0355     20840.11     680.7018     1134.444    0.152   0
        29     82.148    846.004 200.8808041 +36.0375365     4.84 0.0005225449 -10.2504 -11.4922   0.0189      39526.1     687.4557     1212.326    0.405   0
        30     81.554    870.080 200.8808368 +36.0349474     6.56  0.000707197 -10.8873 -11.5044   0.0187     39970.72     687.7479     1199.771    0.632   2
        31     81.595    887.097 200.8807982 +36.0331187     9.24 0.0009963536 -11.6132 -11.5753   0.0175      42669.6     688.5793     1190.104    0.216   0
        32     84.503    918.501 200.8803480 +36.0297517     3.77 0.0004067694  -9.6824 -11.4352   0.0199     37504.54     687.1679     1190.093    0.590   0
        33     76.998    824.486 200.8815353 +36.0398347     5.26 0.0005676692 -10.3187 -11.4534   0.0196     38138.23     687.0068     1191.285    0.444   2
        34    636.232    885.156 200.8065630 +36.0348522     6.82 0.0007352915  -9.1299  -9.1451   0.1610     4550.287     674.6735     1195.653    0.130   0
        35     81.619    742.417 200.8810763 +36.0486677    25.07  0.002704156 -13.4748 -11.6001   0.0171     43654.27     688.7693     1260.418    0.662   2
        36     84.196    832.400 200.8805564 +36.0390043     3.46 0.0003728677  -9.5006 -11.4882   0.0190      39379.3     687.2719     1232.339    0.422   0
