#   1 NUMBER                 Running object number                                     
#   2 X_IMAGE                Object position along x                                    [pixel]
#   3 Y_IMAGE                Object position along y                                    [pixel]
#   4 ALPHA_J2000            Right ascension of barycenter (J2000)                      [deg]
#   5 DELTA_J2000            Declination of barycenter (J2000)                          [deg]
#   6 FWHM_IMAGE             FWHM assuming a gaussian core                              [pixel]
#   7 FWHM_WORLD             FWHM assuming a gaussian core                              [deg]
#   8 MAG_BEST               Best of MAG_AUTO and MAG_ISOCOR                            [mag]
#   9 MAG_APER               Fixed aperture magnitude vector                            [mag]
#  10 MAGERR_APER            RMS error vector for fixed aperture mag.                   [mag]
#  11 FLUX_APER              Flux vector within fixed circular aperture(s)              [count]
#  12 FLUXERR_APER           RMS error vector for aperture flux(es)                     [count]
#  13 BACKGROUND             Background at centroid position                            [count]
#  14 ELLIPTICITY            1 - B_IMAGE/A_IMAGE                                       
#  15 FLAGS                  Extraction flags                                          
         1    832.727    173.188 327.8176447 +28.9483346   167.39   0.01808322 -15.5097 -12.0016   0.0105     63189.38     608.5801     1005.608    0.921  18
         2    853.949     37.423 327.8153558 +28.9630153     8.01 0.0008647977 -12.0050 -12.1137   0.0095      70062.9     611.3658       871.09    0.161   3
         3    425.512     88.359 327.8682409 +28.9564631     7.14 0.0007711384 -13.0748 -13.1028   0.0041     174230.4      652.632     1055.966    0.245   0
         4    444.258    101.653 327.8658878 +28.9550776     7.05 0.0007620737 -12.9361 -12.9794   0.0045     155505.8       645.36     1065.598    0.244   0
         5     44.340     91.935 327.9153939 +28.9551138     6.94 0.0007502087 -11.2252 -11.2736   0.0200     32317.96     595.7794     875.3586    0.212   0
         6    197.694    130.298 327.8963213 +28.9513701     7.32 0.0007903313 -13.4212 -13.4515   0.0031     240210.8     677.5486     1013.843    0.243   0
         7    747.320    100.503 327.8283927 +28.9559556     9.29  0.001003707  -9.2956  -8.7237   0.2052     3086.691     583.3517     1095.559    0.449   0
         8    471.063    132.614 327.8624929 +28.9518088     8.36 0.0009032827  -9.3146  -9.4923   0.1014     6265.115      584.745     1081.578    0.187   0
         9    707.075    204.739 327.8331118 +28.9446248     6.58 0.0007108483 -11.7975 -11.8478   0.0120     54841.75      605.157     1133.089    0.202   0
        10    172.688    198.758 327.8992394 +28.9439303     6.78 0.0007326174 -10.4093 -10.4016   0.0441     14475.84     588.2286     1032.811    0.255   0
        11    585.638    218.267 327.8481017 +28.9428658     6.36 0.0006871162 -11.8056 -11.8558   0.0119     55248.61     605.2776     1120.953    0.196   0
        12    437.070    238.190 327.8664313 +28.9403481     6.42  0.000693124 -12.1669 -12.2066   0.0087     76316.91      613.949     1106.575    0.216   0
        13    854.792    276.443 327.8146588 +28.9372632     9.47  0.001022754 -10.6452 -11.2616   0.0202     31961.08     595.5009      973.155    0.101   3
        14    298.556    240.079 327.8835622 +28.9397963     7.79 0.0008417224  -9.4463  -9.2693   0.1244     5101.569     584.2473     1081.701    0.234   0
        15    602.890    301.676 327.8457579 +28.9339216     6.05 0.0006535406 -12.3947 -12.4371   0.0071     94370.78      621.288     1139.585    0.156   0
        16    556.680    287.002 327.8515113 +28.9353876     0.79 8.513789e-05  -7.7227  -7.6986   0.5268     1200.716     582.4771     1132.426    0.085   0
        17    261.009    294.008 327.8880694 +28.9338910     0.00            0  -8.8276  -9.4947   0.1011     6278.644     584.4885     1095.006    0.007   0
        18    751.390    305.842 327.8273773 +28.9338407     6.55 0.0007075167  -9.9117  -9.7104   0.0830     7658.752     585.2259     1151.731    0.187   0
        19    567.694    334.984 327.8500281 +28.9302451     5.96   0.00064435 -11.9904 -12.0317   0.0102     64967.38     609.3415       1147.6    0.178   0
        20    499.640    346.323 327.8584178 +28.9288535     6.11 0.0006603135 -11.0997 -11.1582   0.0222      29058.8     594.3942     1144.212    0.187   0
        21    143.814    357.576 327.9024035 +28.9267449     8.33 0.0009000014  -9.8362 -10.2855   0.0490     13007.15      587.392     1082.336    0.303   0
        22    494.106    370.055 327.8590424 +28.9262827     5.99 0.0006470793 -10.5172 -10.4876   0.0408        15669     588.7844     1150.189    0.144   0
        23    328.572    371.785 327.8795137 +28.9256810    10.12  0.001093087  -9.8808 -10.1569   0.0551     11554.47     586.7571     1135.396    0.469   0
        24    551.002    388.505 327.8519582 +28.9244367     8.17 0.0008824866  -9.4958  -9.8823   0.0709     8972.977     585.7707     1160.839    0.284   0
        25    359.152    400.587 327.8756579 +28.9226546     6.24 0.0006744068  -9.1359  -9.6800   0.0853     7447.428     585.2175     1146.452    0.490   0
        26    266.721    429.252 327.8870175 +28.9193331     5.75 0.0006215584 -12.4813 -12.5439   0.0065     104127.8     625.2171     1136.862    0.176   0
        27    243.993    403.026 327.8898957 +28.9221015     0.00            0  -7.3256  -8.6950   0.2107     3006.003     583.1199     1127.718    0.001   0
        28    860.422    424.643 327.8135952 +28.9213087     5.95 0.0006423348 -10.9513 -11.0774   0.0239     26975.94     593.4367       1039.6    0.157   0
        29    477.630    418.448 327.8609581 +28.9210273     5.43 0.0005867199  -8.7485  -9.2274   0.1292     4908.789     584.1484     1162.346    0.127   0
        30    571.849    822.305 327.8482894 +28.8777474     4.98 0.0005378159 -12.7110 -12.7172   0.0056     122140.9     632.3636     1157.202    0.079   0
        31    583.846    909.918 327.8465861 +28.8683371     4.17 0.0004509386 -11.3777  99.0000  99.0000    -44998.62     582.1097     845.4491    0.054   0
        32    887.524    887.315 327.8090990 +28.8715228    61.26  0.006618497 -13.5251 -12.1470   0.0092     72240.59     612.3652     541.2661    0.130  16
        33    301.015    567.167 327.8824243 +28.9045597     6.11 0.0006597445 -10.4209 -10.5313   0.0392     16312.88     588.8624     1157.015    0.132   0
        34    798.065    540.287 327.8210208 +28.9086947     5.41 0.0005840472 -14.8473 -14.8768   0.0011     892769.6     886.1465     1172.926    0.114   0
        35    858.234    515.872 327.8136399 +28.9114735     5.57 0.0006020774 -11.7826 -11.8034   0.0125        52644     604.2643     1087.222    0.147   0
        36    863.511    489.266 327.8130531 +28.9143532     5.86 0.0006332534  -9.4698  99.0000  99.0000    -2019.772     582.1097     1072.688    0.184   0
        37    504.728    485.196 327.8574380 +28.9139029     5.53  0.000597856 -11.1144 -11.2072   0.0213     30401.84     594.8943     1166.456    0.159   0
        38    223.763    455.539 327.8922636 +28.9163923     5.72 0.0006181297 -11.1368 -11.1975   0.0214     30131.16      594.845     1133.918    0.191   0
        39     60.138    890.763 327.9113788 +28.8690828     4.36 0.0004709355 -10.8230  99.0000  99.0000    -16051.62     582.0603     929.8434    0.017   0
        40    672.301    800.367 327.8359245 +28.8803608     5.04 0.0005447539 -10.7532 -10.6899   0.0339     18877.35     590.0801     1179.974    0.044   0
        41    667.602    585.581 327.8370425 +28.9034920     5.72 0.0006176839 -10.9676 -10.9968   0.0257     25045.91      592.429     1172.924    0.100   0
        42     38.776    801.002 327.9142513 +28.8786999     4.09 0.0004414832  -8.6784  -8.3402   0.2919      2168.09     582.7606     1070.006    0.180   0
        43    236.590    885.715 327.8895777 +28.8700744     4.57 0.0004941022 -12.7193 -12.3499   0.0077     87087.98      618.273     1002.232    0.027   0
        44    840.571    830.282 327.8150451 +28.8775527    80.58  0.008705187 -13.6627 -12.5074   0.0067       100686     623.7625     939.0342    0.515  16
        45    748.266    500.163 327.8272797 +28.9128952     5.56 0.0006004308 -12.1546 -12.2169   0.0087     77046.25     614.2303     1172.448    0.113   0
        46    403.894    815.231 327.8690727 +28.8780900     5.06 0.0005467663  -9.3137  99.0000  99.0000    -285.0017     582.0109     1157.799    0.077   0
        47    448.882    853.625 327.8634135 +28.8740658     4.86 0.0005248211 -12.1012 -11.9897   0.0106     62499.87     608.2653      1142.84    0.079   0
        48    532.557    709.325 327.8534317 +28.8898229     5.10 0.0005508199 -13.1690 -13.2220   0.0037     194453.7     660.3044     1174.035    0.070   0
        49    846.357    591.631 327.8149210 +28.9032813     6.19 0.0006683964 -10.1884 -10.3376   0.0468     13646.96     587.8436     1122.884    0.085   0
        50    464.582    770.264 327.8616830 +28.8830872     4.10 0.0004431313  -8.4998  -8.8467   0.1833      3456.84     583.4938     1167.584    0.528   0
        51    305.379    492.716 327.8820743 +28.9125926     5.50 0.0005944468 -13.5154 -13.5471   0.0028     262336.1     685.5519     1153.003    0.140   0
        52    901.475    608.912 327.8080619 +28.9015547     4.80 0.0005189162  -9.1139  99.0000  99.0000    -52786.71     582.1097     922.7185    0.222   0
        53    795.007    762.795 327.8208462 +28.8847122     7.46  0.000806278 -10.7331 -10.9099   0.0278     23119.28     591.7288     1159.381    0.144   0
        54    796.949    687.259 327.8207937 +28.8928560     5.21 0.0005626028 -13.3834 -13.4211   0.0031     233591.1     674.9171     1175.021    0.079   0
        55    105.426    690.727 327.9062945 +28.8907514     5.51 0.0005952093 -10.8135 -10.9151   0.0277     23228.97     591.9694     1105.515    0.120   0
        56    599.918    646.802 327.8452593 +28.8967275     6.51 0.0007033118  -9.6897  -9.7325   0.0813     7816.296     585.3096      1173.99    0.127   0
        57    248.335    661.770 327.8886975 +28.8942335     6.04 0.0006529128  -9.2518  -9.6804   0.0853     7449.981     585.2513     1154.534    0.208   0
        58    651.889    647.227 327.8388315 +28.8968107     5.73 0.0006189735 -10.4313 -10.5775   0.0376     17021.97     589.3098     1175.363    0.124   0
        59    163.383    844.280 327.8987343 +28.8743536     5.00 0.0005403704  -9.1954  99.0000  99.0000    -60.02389     582.0273     1106.283    0.014   0
        60    811.095    567.221 327.8193424 +28.9058248     5.26  0.000568225 -11.3962 -11.4887   0.0165     39397.43     598.7587     1160.393    0.143   0
        61    743.854    608.993 327.8275541 +28.9011580     5.28 0.0005700177 -11.7409 -11.7445   0.0131     49866.57     603.0029     1175.024    0.107   0
        62    696.374    557.576 327.8335543 +28.9065807     5.45 0.0005891644 -11.6749 -11.6498   0.0143     45701.07     601.2893     1173.878    0.106   0
        63    360.613    569.702 327.8750474 +28.9044366     7.34 0.0007925019  -9.0970  -9.3798   0.1124     5648.572      584.465     1161.302    0.224   0
        64    301.818    551.250 327.8823655 +28.9062767     5.30 0.0005722505 -12.3358 -12.4006   0.0074     91251.13     620.0004      1155.98    0.120   0
        65    307.329    529.710 327.8817389 +28.9086115     5.56 0.0006010477 -10.4943 -10.5497   0.0386     16590.56     589.1918     1155.225    0.116   0
        66     54.170    824.477 327.9122875 +28.8762098     5.33 0.0005753015 -10.1736 -10.2586   0.0503      12689.8     587.4691     1059.104    0.040   0
