#   1 NUMBER                 Running object number                                     
#   2 X_IMAGE                Object position along x                                    [pixel]
#   3 Y_IMAGE                Object position along y                                    [pixel]
#   4 ALPHA_J2000            Right ascension of barycenter (J2000)                      [deg]
#   5 DELTA_J2000            Declination of barycenter (J2000)                          [deg]
#   6 FWHM_IMAGE             FWHM assuming a gaussian core                              [pixel]
#   7 FWHM_WORLD             FWHM assuming a gaussian core                              [deg]
#   8 MAG_BEST               Best of MAG_AUTO and MAG_ISOCOR                            [mag]
#   9 MAG_APER               Fixed aperture magnitude vector                            [mag]
#  10 MAGERR_APER            RMS error vector for fixed aperture mag.                   [mag]
#  11 FLUX_APER              Flux vector within fixed circular aperture(s)              [count]
#  12 FLUXERR_APER           RMS error vector for aperture flux(es)                     [count]
#  13 BACKGROUND             Background at centroid position                            [count]
#  14 ELLIPTICITY            1 - B_IMAGE/A_IMAGE                                       
#  15 FLAGS                  Extraction flags                                          
         1    834.004    201.288 238.0211372 +33.0284830   217.15   0.02331008 -16.6862 -13.0861   0.0073     171570.3     1149.045     1987.027    0.904  24
         2    457.674    116.748 238.0696520 +33.0365269     7.00 0.0007519332 -14.2270 -14.2686   0.0026     509836.6     1220.425     2168.791    0.167   0
         3    249.990    165.956 238.0962534 +33.0307094     0.00            0  -8.8605  -9.1828   0.2563     4711.171      1111.96     2108.324    0.004   0
         4    435.087    190.713 238.0724212 +33.0285591     8.05 0.0008639724 -10.3361 -10.3877   0.0847     14292.17     1114.269     2248.285    0.320   0
         5     59.549    245.512 238.1205787 +33.0216888     8.34 0.0008955693 -10.8972 -11.0024   0.0482     25173.44     1116.801     2021.234    0.276   0
         6    174.925    265.664 238.1057157 +33.0198472     6.64  0.000712387 -11.8477 -11.9058   0.0211     57851.89      1124.03     2175.396    0.172   0
         7    261.022    294.009 238.0946005 +33.0170492   -13.57 -0.001456746  -8.8873 -10.0613   0.1142     10581.21     1112.965     2272.907    0.007   0
         8    490.674    356.076 238.0649800 +33.0110284     5.83 0.0006254439 -12.4720 -12.5052   0.0123     100478.1     1133.656     2409.151    0.126   0
         9      2.655    426.903 238.1275492 +33.0021417     5.74 0.0006164051 -10.8976 -11.0017   0.0372     25158.03     861.5087     2115.204    0.356  24
        10    263.604    852.776 238.0932441 +32.9573188     3.45 0.0003704894  -9.8748 -11.4843   0.0310     39238.63     1119.384     2275.677    0.414   0
        11    888.440    888.420 238.0129481 +32.9551637    54.86  0.005888913 -15.0132 -13.3497   0.0058     218706.6     1159.134     561.2047    0.147  17
        12    838.271    828.772 238.0194941 +32.9614097    80.34  0.008623753 -14.2125 -13.7054   0.0042     303502.8     1177.429     1832.545    0.229  16
        13    100.487    776.346 238.1143312 +32.9650493     6.18 0.0006637185 -12.1874 -12.0950   0.0178     68868.34     1126.509     2234.281    0.019   0
        14    665.844    779.124 238.0417239 +32.9662646     4.52 0.0004855877  -9.9929 -10.9354   0.0512     23668.24     1116.433     2498.185    0.191   0
        15    714.777    769.966 238.0354560 +32.9673727     5.89 0.0006318537 -10.3968 -10.3319   0.0891     13575.57     1114.014     2497.518    0.153   0
        16    712.572    678.233 238.0359010 +32.9771741     5.70 0.0006121275 -11.0193 -11.1660   0.0415     29267.98     1117.624     2497.107    0.095   0
        17    719.668    880.647 238.0346330 +32.9555526     3.75 0.0004023473  -9.6080  99.0000  99.0000     -95950.4     1110.963     1858.606    0.112   0
        18    707.319    780.254 238.0363957 +32.9662532     5.44 0.0005840921 -11.1831 -11.2778   0.0374     32443.02     1118.521     2497.189    0.080   0
        19    722.360    643.475 238.0347051 +32.9809158     5.54 0.0005950076 -11.3924 -11.4999   0.0306     39807.47      1120.01     2482.967    0.085   0
        20    627.845    483.849 238.0471285 +32.9977321     3.66 0.0003923525  -7.9773 -10.2025   0.1004     12050.27     1113.859     2472.676    0.216   0
