#   1 NUMBER                 Running object number                                     
#   2 X_IMAGE                Object position along x                                    [pixel]
#   3 Y_IMAGE                Object position along y                                    [pixel]
#   4 ALPHA_J2000            Right ascension of barycenter (J2000)                      [deg]
#   5 DELTA_J2000            Declination of barycenter (J2000)                          [deg]
#   6 FWHM_IMAGE             FWHM assuming a gaussian core                              [pixel]
#   7 FWHM_WORLD             FWHM assuming a gaussian core                              [deg]
#   8 MAG_BEST               Best of MAG_AUTO and MAG_ISOCOR                            [mag]
#   9 MAG_APER               Fixed aperture magnitude vector                            [mag]
#  10 MAGERR_APER            RMS error vector for fixed aperture mag.                   [mag]
#  11 FLUX_APER              Flux vector within fixed circular aperture(s)              [count]
#  12 FLUXERR_APER           RMS error vector for aperture flux(es)                     [count]
#  13 BACKGROUND             Background at centroid position                            [count]
#  14 ELLIPTICITY            1 - B_IMAGE/A_IMAGE                                       
#  15 FLAGS                  Extraction flags                                          
         1    840.851     80.059 200.9170990 +36.1185447   135.98   0.01467102 -14.6425 -12.5423   0.0056     103975.1     531.6089     767.3494    0.607  16
         2    824.174      9.530 200.9194629 +36.1260824    85.17  0.009188568 -13.5761 -12.4249   0.0058     93317.88     494.6576     428.9512    0.801  24
         3    680.069    203.092 200.9384004 +36.1048420     5.64 0.0006082774 -15.4818 -15.5109   0.0007      1600886     1015.464      975.388    0.079   4
         4    767.240    200.734 200.9267327 +36.1053505     4.92 0.0005303349 -15.0090 -15.0414   0.0009      1038912     866.0997      976.517    0.073   0
         5    120.137    211.816 201.0133548 +36.1022397     4.59 0.0004949222 -13.2334 -13.2838   0.0030     205829.7     577.5817     912.8428    0.039   0
         6    543.396    209.648 200.9566879 +36.1037350     5.26 0.0005672299  -8.3979  -8.8459   0.1515     3454.154     481.9974     969.9142    0.105   0
         7    332.406    273.657 200.9848140 +36.0962244     5.78 0.0006231993  -8.6507  -8.5931   0.1911     2736.877     481.6388     953.1162    0.224   0
         8    621.387    334.158 200.9460106 +36.0905723     4.55 0.0004906329 -10.8630 -10.9707   0.0219     24450.19     492.7937     968.7894    0.082   0
         9    261.349    380.167 200.9941193 +36.0845560     8.34 0.0008996544  -9.2907  -9.2637   0.1033     5075.509     482.9728     940.7213    0.223   0
        10    197.269    442.840 201.0025740 +36.0776229     7.71 0.0008314242  -9.0470  -9.2856   0.1013     5178.838     482.9722     920.7241    0.334   0
        11     25.295    492.244 201.0254938 +36.0717907     5.92 0.0006387952  -9.1803  -9.3001   0.0999     5248.671     483.0219     868.8583    0.288   0
        12    139.203    532.893 201.0101684 +36.0677624     4.58 0.0004946721 -12.9653 -13.0122   0.0038     160286.6     557.4268     898.2277    0.118   0
        13    408.604    935.205 200.9733405 +36.0252951     2.31  0.000248931  -8.3493  -8.9130   0.1425     3674.521     482.0846     833.8055    0.408   0
        14    880.146    889.416 200.9103496 +36.0316035     7.46 0.0008052058 -10.7100 -11.1303   0.0190     28321.62     494.8066     847.2437    0.603   0
        15    109.387    885.042 201.0134625 +36.0297957     5.91 0.0006375342  -8.9422  -9.1523   0.1144     4580.412     482.6082     784.5059    0.150   0
        16    881.469    877.004 200.9101954 +36.0329424     6.36 0.0006862556 -10.3243 -11.1219   0.0191     28102.67     494.6696     848.6723    0.704   0
        17    878.585    855.200 200.9106213 +36.0352793     3.43 0.0003705829  -9.2434 -11.0820   0.0198     27089.62      493.946     859.1898    0.412   0
        18    885.262    837.083 200.9097613 +36.0372474     5.91 0.0006377941 -10.1538 -11.0366   0.0206     25980.65     493.7281     851.7635    0.627   0
        19    884.957    802.630 200.9098653 +36.0409522     5.36 0.0005785478  -9.9169 -11.0593   0.0202     26528.49     493.8866     861.3583    0.734   0
        20     46.530    776.456 201.0220864 +36.0412854     5.26 0.0005680157  -8.7052  -8.8310   0.1536     3407.277     482.0137     816.6402    0.006   0
        21    531.582    728.017 200.9572842 +36.0479443     3.87 0.0004178029  -9.6925  -9.8881   0.0584     9020.312     484.7681     921.5279    0.132   0
        22    221.270    723.000 200.9988132 +36.0475610     4.68 0.0005049631 -10.2720 -10.3143   0.0396     13356.83     487.0664     878.2832    0.178   0
        23    538.117    707.331 200.9564492 +36.0501885     5.50 0.0005933934 -10.1216 -10.2140   0.0434     12178.45      486.649     928.1516    0.100   0
        24    328.145    647.642 200.9846595 +36.0559860     1.32 0.0001426409  -7.7510  -8.1494   0.2874     1818.676      481.284     918.3817    0.176   0
        25    893.623    902.004 200.9085237 +36.0302886     5.32 0.0005737364 -10.9383 -11.0683   0.0200     26750.22     493.8138     815.6178    0.094   0
        26    883.381    863.009 200.9099653 +36.0344533     6.97 0.0007518095 -10.4878 -11.1374   0.0188     28507.93     494.7029     848.5622    0.592   2
        27    880.607    814.211 200.9104259 +36.0396940     3.45  0.000371944  -9.1454 -11.0634   0.0201     26629.49     493.7791     866.9275    0.414   0
        28    882.489    744.494 200.9103021 +36.0471983     3.76 0.0004056549  -9.0290 -10.9980   0.0214     25072.48     493.2284     881.2808    0.590   0
        29    766.319    599.187 200.9261155 +36.0624899     4.01 0.0004327013 -10.3039 -10.3922   0.0369     14350.35     487.6564     957.6666    0.063   0
        30    486.404    674.194 200.9634318 +36.0536000     4.03 0.0004347853 -10.2112 -10.2776   0.0409     12913.32     486.8521     931.8245    0.100   0
        31    704.571    565.804 200.9344414 +36.0659002     4.87 0.0005258905  -8.4899  -8.9235   0.1411     3710.383      482.049     958.4932    0.220   0
        32    863.896    689.130 200.9128917 +36.0530993     3.07 0.0003309538  -8.6733 -10.1733   0.0450     11730.64      486.392     934.5824    0.212   0
        33    882.838    948.472 200.9098812 +36.0252591     9.48  0.001022988 -11.2125 -11.1560   0.0185     28998.86      495.175     825.8322    0.409   0
