#   1 NUMBER                 Running object number                                     
#   2 X_IMAGE                Object position along x                                    [pixel]
#   3 Y_IMAGE                Object position along y                                    [pixel]
#   4 ALPHA_J2000            Right ascension of barycenter (J2000)                      [deg]
#   5 DELTA_J2000            Declination of barycenter (J2000)                          [deg]
#   6 FWHM_IMAGE             FWHM assuming a gaussian core                              [pixel]
#   7 FWHM_WORLD             FWHM assuming a gaussian core                              [deg]
#   8 MAG_BEST               Best of MAG_AUTO and MAG_ISOCOR                            [mag]
#   9 MAG_APER               Fixed aperture magnitude vector                            [mag]
#  10 MAGERR_APER            RMS error vector for fixed aperture mag.                   [mag]
#  11 FLUX_APER              Flux vector within fixed circular aperture(s)              [count]
#  12 FLUXERR_APER           RMS error vector for aperture flux(es)                     [count]
#  13 BACKGROUND             Background at centroid position                            [count]
#  14 ELLIPTICITY            1 - B_IMAGE/A_IMAGE                                       
#  15 FLAGS                  Extraction flags                                          
         1     81.152    181.112 327.7844735 +28.9483052     4.58 0.0004945121  -9.4616 -10.9588   0.0222     24184.33     494.0319     819.1047    0.401   0
         2     79.513    207.728 327.7846130 +28.9454319     5.00 0.0005399482  -9.9088 -11.1010   0.0195     27566.57     495.7405     821.9107    0.625   0
         3     65.152    196.857 327.7864156 +28.9465678     4.99 0.0005391508  -9.7500 -11.0433   0.0206     26140.05     494.9676     797.5177    0.385   0
         4    216.639    205.538 327.7676536 +28.9460110     7.09 0.0007656225  -9.6276  -9.9208   0.0568     9296.188     486.4261     857.2604    0.181   0
         5     77.743    270.616 327.7846822 +28.9386482    10.91  0.001178416 -11.3099 -11.1502   0.0187     28845.09     496.3452     820.3887    0.613   2
         6    155.341    302.313 327.7750076 +28.9354257     8.15  0.000880747  -9.5839  -9.6923   0.0700     7531.837      485.532      858.785    0.297   0
         7     79.053    771.411 327.7833288 +28.8846661    75.84  0.008194753 -13.7942 -11.9673   0.0091     61224.54     512.3946     776.0414    0.640  19
         8     73.590    419.796 327.7848409 +28.9225562     3.46 0.0003736996  -9.1264 -10.9837   0.0217     24744.43     494.1028     817.6297    0.415   0
         9    218.936    639.970 327.7663435 +28.8991852     6.31 0.0006821073 -10.8381 -10.8422   0.0246      21720.9     492.7837     863.0731    0.075   0
        10    556.719    740.986 327.7243388 +28.8891312     6.85 0.0007406364  -8.9068  -9.0965   0.1207     4351.301     483.7966     849.9037    0.338   0
        11      5.740    809.752 327.7923018 +28.8803487    33.62  0.003632762 -12.0223 -11.2270   0.0150     30960.63      426.485     553.2288    0.690  24
        12    516.570    565.392 327.7297109 +28.9079617     8.14 0.0008800014  -9.9155 -10.3631   0.0380     13970.93     488.6214     859.9657    0.188   0
        13     66.155    563.530 327.7854182 +28.9070432     5.22 0.0005645599  -9.9949 -11.0637   0.0202     26636.73     495.1918     818.3878    0.237   2
        14     75.408    554.745 327.7842949 +28.9080134     7.24 0.0007827148 -10.7461 -11.1967   0.0179     30106.54     496.9141     830.6426    0.544   0
        15     70.603    516.191 327.7849809 +28.9121575     3.45 0.0003727865  -9.1701 -10.9676   0.0220     24380.07     493.9583     825.0128    0.421   0
        16    895.376    506.088 327.6829981 +28.9152783     7.51 0.0008119911 -10.4725 -10.5515   0.0320     16618.24     490.1614     781.4255    0.155   0
        17     77.357    487.009 327.7842150 +28.9153202     7.46  0.000805941 -10.7236 -11.1697   0.0184     29367.64     496.5158     832.9415    0.475   0
        18     64.080    482.178 327.7858685 +28.9158076     7.71  0.000832583 -10.7093 -11.1174   0.0192     27986.52      495.939     815.3398    0.297   0
        19     17.073    467.182 327.7917181 +28.9173061     7.26 0.0007840132  -9.0814  99.0000  99.0000    -3274.939     481.6518     750.1951    0.339   0
        20    159.724    828.910 327.7732183 +28.8786697    77.45  0.008368494 -13.6077 -11.8765   0.0098     56310.61     510.0429     781.6892    0.666   2
        21    742.587    828.588 327.7011555 +28.8801420     6.46 0.0006980801 -10.3864 -10.3366   0.0389     13634.01     488.4624     829.6604    0.170   0
        22    268.547    718.432 327.7600239 +28.8908506     5.56 0.0006012431  -8.8002  -9.0193   0.1296     4052.344      483.737     865.5048    0.316   0
        23    897.012    641.283 327.6824882 +28.9007081     1.17 0.0001266701  -7.4461  -8.8857   0.1465      3583.16     483.3859      800.942    0.045   0
        24    292.496    686.215 327.7571383 +28.8943831     6.49 0.0007011161 -10.2834 -10.1927   0.0444     11941.68     487.7704      862.063    0.112   0
        25    202.656    569.508 327.7685232 +28.9067404     4.59 0.0004959969  -9.1460 -10.4571   0.0349     15234.56      489.482     864.1459    0.616   0
