#   1 NUMBER                 Running object number                                     
#   2 X_IMAGE                Object position along x                                    [pixel]
#   3 Y_IMAGE                Object position along y                                    [pixel]
#   4 ALPHA_J2000            Right ascension of barycenter (J2000)                      [deg]
#   5 DELTA_J2000            Declination of barycenter (J2000)                          [deg]
#   6 FWHM_IMAGE             FWHM assuming a gaussian core                              [pixel]
#   7 FWHM_WORLD             FWHM assuming a gaussian core                              [deg]
#   8 MAG_BEST               Best of MAG_AUTO and MAG_ISOCOR                            [mag]
#   9 MAG_APER               Fixed aperture magnitude vector                            [mag]
#  10 MAGERR_APER            RMS error vector for fixed aperture mag.                   [mag]
#  11 FLUX_APER              Flux vector within fixed circular aperture(s)              [count]
#  12 FLUXERR_APER           RMS error vector for aperture flux(es)                     [count]
#  13 BACKGROUND             Background at centroid position                            [count]
#  14 ELLIPTICITY            1 - B_IMAGE/A_IMAGE                                       
#  15 FLAGS                  Extraction flags                                          
         1    886.038     83.016 200.7760802 +36.2296960    -9.58 -0.001030324  -8.0454  -7.5813   0.5281     1077.707     524.0862     699.8013    0.001   0
         2     92.904    126.895 200.8826196 +36.2233245    11.88  0.001277783 -11.1059 -10.8189   0.0273     21259.46      533.859     870.1572    0.489   2
         3     90.447    163.064 200.8828846 +36.2194644     9.18 0.0009867549 -11.0318 -11.0880   0.0214     27240.54     536.4357     871.5446    0.149   2
         4     86.571    176.276 200.8833817 +36.2180478     4.15 0.0004458635  -9.6875 -11.1820   0.0197     29703.53       537.64     869.3649    0.535   0
         5     74.073    196.355 200.8850252 +36.2158805    10.19  0.001095169 -11.5028 -11.3294   0.0172     34022.68     539.6159     849.5599    0.283   2
         6     74.742    271.020 200.8848004 +36.2079247    21.72  0.002335673 -12.4319 -11.3897   0.0163     35963.59     540.5718     852.7617    0.357   0
         7     91.667    419.563 200.8822580 +36.1921310     6.44 0.0006924606 -10.1133 -10.6327   0.0323     17909.93      532.084     883.8423    0.760   0
         8     70.132    558.838 200.8848999 +36.1772406    20.52  0.002206505 -12.4390 -11.4422   0.0156      37747.8     541.3246     855.5236    0.418   2
         9    160.821    829.981 200.8722319 +36.1485425    83.47  0.008974362 -13.8592 -12.1001   0.0087     69188.84     555.5018     795.6044    0.621   2
        10     80.628    772.146 200.8831051 +36.1545305    77.59  0.008342129 -13.9378 -12.0946   0.0088      68839.8     555.5682     801.1522    0.645  19
        11    343.015    820.410 200.8477821 +36.1499582     5.46 0.0005875381  -9.9184 -10.0111   0.0568     10103.18     528.2418     902.4097    0.249   0
        12      6.940    811.056 200.8929307 +36.1502214    42.34  0.004552415 -12.3372 -11.5267   0.0128     40802.91     479.6155     522.9106    0.664  24
        13     79.296    485.995 200.8838004 +36.1850239     6.35 0.0006823613 -10.6325 -11.3879   0.0163     35906.25     540.4304     870.9695    0.576   0
        14     77.896    471.549 200.8840144 +36.1865604    10.02  0.001077453 -11.5129 -11.3133   0.0175     33519.96     539.4405     868.0573    0.497   2
        15     90.757    457.233 200.8823124 +36.1881144     7.05 0.0007579423 -10.5830 -11.1527   0.0202     28912.58     537.2577      887.516    0.110   0
        16    752.190    859.403 200.7927673 +36.1466729     3.43 0.0003687151  -9.1116 -10.8197   0.0272     21275.05      533.532     864.8425    0.408   0
        17     67.549    487.291 200.8853761 +36.1848600     8.65 0.0009304807 -11.1866 -11.3580   0.0168     34928.95     540.1074     852.6794    0.881   2
        18     88.261    498.051 200.8825741 +36.1837587     7.98 0.0008578441 -10.8265 -11.1553   0.0201     28981.45     537.2319     885.7802    0.252   0
        19     78.930    498.649 200.8838266 +36.1836745     8.14 0.0008749348 -10.9304 -11.3213   0.0173     33770.29     539.4558     870.8359    0.685   2
        20    106.979    627.466 200.8798266 +36.1700076     4.97  0.000534602  -8.1237  99.0000  99.0000     -3909.35     523.6607     901.0908    0.378   0
        21     69.922    518.352 200.8850013 +36.1815548    13.06  0.001403853 -11.7976 -11.2598   0.0183     31910.63     538.7086     855.7468    0.167   0
