#   1 NUMBER                 Running object number                                     
#   2 X_IMAGE                Object position along x                                    [pixel]
#   3 Y_IMAGE                Object position along y                                    [pixel]
#   4 ALPHA_J2000            Right ascension of barycenter (J2000)                      [deg]
#   5 DELTA_J2000            Declination of barycenter (J2000)                          [deg]
#   6 FWHM_IMAGE             FWHM assuming a gaussian core                              [pixel]
#   7 FWHM_WORLD             FWHM assuming a gaussian core                              [deg]
#   8 MAG_BEST               Best of MAG_AUTO and MAG_ISOCOR                            [mag]
#   9 MAG_APER               Fixed aperture magnitude vector                            [mag]
#  10 MAGERR_APER            RMS error vector for fixed aperture mag.                   [mag]
#  11 FLUX_APER              Flux vector within fixed circular aperture(s)              [count]
#  12 FLUXERR_APER           RMS error vector for aperture flux(es)                     [count]
#  13 BACKGROUND             Background at centroid position                            [count]
#  14 ELLIPTICITY            1 - B_IMAGE/A_IMAGE                                       
#  15 FLAGS                  Extraction flags                                          
         1     10.134     80.816 237.9945501 +32.9333314    62.20  0.006670109 -13.3229 -12.4690   0.0073     97181.87     653.4596     422.6473    0.609  24
         2    142.462     87.769 237.9775568 +32.9329455    40.29  0.004319778 -12.8756 -11.6921   0.0154     47517.06     674.2868     1148.506    0.684   0
         3    192.013     30.408 237.9712897 +32.9391995    30.93  0.003317052 -12.1563 -11.6390   0.0162     45249.87     673.1379     712.5187    0.199   1
         4    136.528     10.876 237.9784421 +32.9411352    85.37  0.009153755 -14.5261 -13.2931   0.0037     207613.5     701.7751     312.2335    0.743  24
         5    916.243     87.171 237.8782539 +32.9350449     7.60 0.0008149117 -11.9071 -11.7828   0.0142     51653.62     675.7105     1173.838    0.151   0
         6    421.978     90.068 237.9416818 +32.9334445     7.22 0.0007745452 -11.5168 -11.5539   0.0174     41838.05     672.2142     1299.858    0.052   0
         7     64.479    109.853 237.9875289 +32.9303793    18.58  0.001992414 -10.1184  99.0000  99.0000    -5596.177     656.4329      841.671    0.482   0
         8     83.838    120.498 237.9850273 +32.9292953    13.64    0.0014631 -11.6628 -11.4327   0.0195     37417.46     670.4227     1036.516    0.562   2
         9    987.759    193.460 237.8689184 +32.9238863     7.08 0.0007587257 -14.8049 -14.8143   0.0012     842780.3     923.1714     1229.968    0.103   0
        10    553.158    138.235 237.9247724 +32.9286501     6.99 0.0007500354 -10.9230 -10.7782   0.0352     20477.48     664.1859     1348.243    0.099   0
        11     78.053    242.896 237.9855715 +32.9162181     9.82  0.001053123 -11.5583 -11.5389   0.0177     41262.58     671.9095      1260.48    0.535   2
        12     71.740    225.978 237.9864089 +32.9180065     4.28 0.0004585072  -9.7803 -11.4198   0.0197        36977     670.3312     1222.915    0.623   0
        13    181.867    254.568 237.9722325 +32.9152510     6.60 0.0007075218 -11.9459 -11.9886   0.0118      62434.7     679.7414     1383.057    0.055   0
        14    251.961    268.668 237.9632165 +32.9139336     7.77 0.0008327141  -9.4857  -9.6758   0.0965     7418.551     659.1412     1382.641    0.198   0
        15     79.811    280.997 237.9852843 +32.9121569     3.83 0.0004106717  -9.5538 -11.3992   0.0200        36281     669.7986     1272.814    0.384   0
        16    568.163    408.836 237.9224294 +32.8998121     8.00 0.0008578156 -17.0928 -17.0833   0.0003      6812628     1958.863     1357.549    0.025   4
        17     77.833    295.836 237.9855141 +32.9105679     4.10 0.0004395938  -9.7408 -11.4253   0.0196     37163.43     670.3644     1259.733    0.738   0
        18    886.126    307.614 237.8817898 +32.9114423     6.02 0.0006453996  -9.1918  -9.4853   0.1149     6224.936     658.7254     1255.002    0.445   0
        19    782.448    339.532 237.8950440 +32.9077675     6.70 0.0007180867 -12.1682 -12.2056   0.0098     76252.88     684.7335     1295.332    0.091   0
        20     77.249    324.997 237.9855417 +32.9074545     5.07 0.0005431304 -10.3268 -11.4211   0.0197     37019.85     670.1835     1252.023    0.418   0
        21    155.139    373.183 237.9754714 +32.9025214     6.45 0.0006917951 -12.8210 -12.8595   0.0055     139257.6     707.4663     1380.339    0.044   0
        22     81.510    352.096 237.9849512 +32.9045740     5.61  0.000601099 -10.1611 -11.2868   0.0222      32713.6     668.7939      1283.09    0.629   0
        23     76.923    364.542 237.9855196 +32.9032335     6.29 0.0006749278 -10.7314 -11.4469   0.0192     37909.33      670.697     1249.018    0.624   0
        24    205.775    398.036 237.9689357 +32.9000047     6.61 0.0007092142 -11.9224 -11.9664   0.0121     61172.45     679.2411     1378.509    0.063   0
        25     76.151    387.287 237.9855818 +32.9008043     4.34 0.0004656549  -9.9273 -11.4717   0.0188     38785.35     671.0598     1239.466    0.310   0
        26     77.035    405.102 237.9854395 +32.8989055     8.70 0.0009325308 -11.1406 -11.4456   0.0192     37866.89     670.5903     1243.321    0.696   0
        27     77.747    430.117 237.9853078 +32.8962379     4.91 0.0005269832 -10.2687 -11.4289   0.0195     37287.07     670.5195     1247.003    0.384   0
        28     80.080    450.494 237.9849755 +32.8940696     6.86 0.0007354988 -10.8401 -11.4144   0.0198     36791.07     670.2255     1258.306    0.333   0
        29    372.256    456.517 237.9474865 +32.8942070     7.67 0.0008221258  -9.8862 -10.0953   0.0657      10917.9     660.6147     1367.601    0.103   0
        30    962.839    500.329 237.8716618 +32.8910742     6.82 0.0007315282 -12.6723 -12.7015   0.0063       120394     700.7513     1150.732    0.162   0
        31     75.287    474.134 237.9855521 +32.8915340     4.35  0.000466846  -9.8954 -11.4296   0.0195     37312.96     670.4929     1224.365    0.312   0
        32     79.456    552.011 237.9848914 +32.8832346    23.59  0.002530023 -12.6469 -11.5566   0.0174        41941     672.1255     1245.182    0.380   2
        33    230.878    529.111 237.9655063 +32.8860840     5.34 0.0005723707  -9.0493  -9.2104   0.1479     4832.381     658.3077     1368.221    0.475   0
        34     78.472    681.098 237.9848088 +32.8694564    22.12  0.002372142 -13.0603 -11.6176   0.0165     44364.28     673.0988     1212.426    0.420   2
        35     80.992    940.023 237.9840673 +32.8418319     4.13 0.0004425973  -9.7823 -11.3731   0.0205     35418.06     669.4401      1116.21    0.421   0
        36    722.216    880.968 237.9019499 +32.8498309     6.43 0.0006893461 -11.8876 -11.9222   0.0125     58733.93     678.2352     1110.449    0.138   0
        37     80.355    866.816 237.9842672 +32.8496425     9.74  0.001044359 -11.5297 -11.4458   0.0192     37873.67     670.5565     1147.011    0.420   0
        38     82.217    855.872 237.9840461 +32.8508154     8.56  0.000917497 -11.3440 -11.4643   0.0189     38523.72     670.9442     1164.017    0.299   0
        39     76.719    820.845 237.9848077 +32.8545386     6.64 0.0007125261 -10.8506 -11.4624   0.0189     38457.04     670.9011      1150.29    0.238   2
        40    778.201    833.900 237.8948427 +32.8549994     7.06 0.0007566055 -10.8146 -10.8823   0.0320     22537.46     664.7408     1101.939    0.217   0
        41    439.087    617.527 237.9386620 +32.8772016     6.16 0.0006607203 -12.6166 -12.6566   0.0066     115513.6     699.0429     1340.685    0.062   0
        42     78.715    801.350 237.9845834 +32.8566244     8.31 0.0008906903 -11.3157 -11.4900   0.0185     39447.37     671.2882     1171.437    0.369   0
        43    154.143    811.593 237.9748952 +32.8557337     5.85 0.0006274093 -11.8409 -11.8764   0.0131     56307.78     677.3943     1301.891    0.054   0
        44     79.330    785.333 237.9845304 +32.8583352     7.88 0.0008454011 -11.2641 -11.4986   0.0183     39758.21     671.3676     1178.266    0.629   0
        45    750.467    649.707 237.8986775 +32.8745837     5.83 0.0006248568  -9.7102  -9.8726   0.0806     8892.767     659.8295     1201.149    0.109   0
        46     79.525    760.491 237.9845455 +32.8609868    10.71  0.001148912 -11.8450 -11.5311   0.0178     40968.16     671.8181      1195.16    0.568   0
        47     78.031    737.198 237.9847747 +32.8634685     9.37  0.001005128 -11.6607 -11.5418   0.0176     41371.91     671.7324     1192.445    0.604   2
        48     80.835    647.984 237.9845594 +32.8729966     9.34  0.001001496 -11.5875 -11.5117   0.0181     40241.16     671.4385     1241.209    0.293   2
        49    687.993    692.998 237.9066239 +32.8698011     6.31 0.0006768254 -11.4301 -11.4826   0.0186     39176.09     670.9874     1217.441    0.089   0
        50     86.882    991.565 237.9832290 +32.8363475    11.50  0.001233132 -10.9997 -10.9225   0.0309     23389.14     665.2443     1135.607    0.164   0
        51     79.255    618.012 237.9848105 +32.8761907     5.07  0.000543611 -10.2567 -11.4390   0.0193      37637.1      670.541     1236.154    0.408   0
        52    313.273    579.033 237.9548590 +32.8809760     8.52 0.0009130683  -9.6905  -9.8199   0.0846     8471.678     659.6329     1360.109    0.149   0
        53     76.780    599.487 237.9851579 +32.8781610     5.25 0.0005632589 -10.2931 -11.4335   0.0194     37445.62     670.4877     1226.532    0.498   0
        54    753.381    945.335 237.8978568 +32.8430430     6.58 0.0007060983 -12.6686 -12.7033   0.0063     120588.1     700.7858     1058.869    0.165   0
        55    533.558    667.400 237.9264688 +32.8721283     6.27 0.0006719253  -9.3841  -9.4503   0.1186      6027.32     658.4283     1297.542    0.115   0
        56    587.834    950.310 237.9190729 +32.8420798     6.29 0.0006749334  -9.9959 -10.1552   0.0622     11536.87     660.7383     1143.231    0.165   0
        57     87.999    946.997 237.9831577 +32.8411066     5.64 0.0006052377 -10.3925 -11.3114   0.0217     33461.25     668.7818     1153.701    0.399   2
        58    652.271   1004.847 237.9107287 +32.8364286     6.34 0.0006794022 -12.5180 -12.5560   0.0072     105297.8     695.2746     1087.103    0.143   0
        59     83.203    900.758 237.9838472 +32.8460281     7.74  0.000830309 -11.2260 -11.5048   0.0182     39988.17     671.2899     1145.944    0.130   2
