#   1 NUMBER                 Running object number                                     
#   2 X_IMAGE                Object position along x                                    [pixel]
#   3 Y_IMAGE                Object position along y                                    [pixel]
#   4 ALPHA_J2000            Right ascension of barycenter (J2000)                      [deg]
#   5 DELTA_J2000            Declination of barycenter (J2000)                          [deg]
#   6 FWHM_IMAGE             FWHM assuming a gaussian core                              [pixel]
#   7 FWHM_WORLD             FWHM assuming a gaussian core                              [deg]
#   8 MAG_BEST               Best of MAG_AUTO and MAG_ISOCOR                            [mag]
#   9 MAG_APER               Fixed aperture magnitude vector                            [mag]
#  10 MAGERR_APER            RMS error vector for fixed aperture mag.                   [mag]
#  11 FLUX_APER              Flux vector within fixed circular aperture(s)              [count]
#  12 FLUXERR_APER           RMS error vector for aperture flux(es)                     [count]
#  13 BACKGROUND             Background at centroid position                            [count]
#  14 ELLIPTICITY            1 - B_IMAGE/A_IMAGE                                       
#  15 FLAGS                  Extraction flags                                          
         1    833.889    196.064 238.0207464 +33.0298876   213.73   0.02290903 -16.6210 -13.0291   0.0075     162795.7     1116.967     1923.146    0.902  24
         2     25.092     31.331 238.1249308 +33.0451505     0.66 7.025919e-05  -8.7095  -9.6630   0.1602     7331.873      1081.55     1022.208    0.261   0
         3    455.133    128.675 238.0695158 +33.0360058     5.38 0.0005763078 -14.0662 -14.1079   0.0029       439715     1177.204     2115.013    0.094   0
         4    432.527    202.631 238.0723040 +33.0280559     5.65 0.0006055712 -10.2935 -10.2965   0.0895     13140.67     1082.801     2181.745    0.132   0
         5     57.078    257.622 238.1204512 +33.0211149     8.26 0.0008856376 -10.6463 -10.8582   0.0535     22043.49     1084.976     1969.062    0.370   0
         6    172.273    277.443 238.1056202 +33.0193341     5.42 0.0005807385 -11.6418 -11.6761   0.0253     46822.95      1090.58     2114.262    0.125   0
         7    295.670    292.895 238.0897433 +33.0180408     5.28 0.0005662554  -9.4006  -9.5381   0.1797     6534.679     1081.366     2212.202    0.290   0
         8    261.013    293.992 238.0941937 +33.0178246     4.23 0.0004536568  -8.9255  -9.9692   0.1208     9720.707     1081.675     2194.606    0.008   0
         9    488.033    367.666 238.0649144 +33.0106166     4.72 0.0005058956 -12.2993 -12.2373   0.0152     78508.52     1097.879     2338.146    0.010   0
        10      1.661    438.482 238.1272738 +33.0016701     4.29 0.0004601201  -9.1923  -9.1283   0.1943     4480.552     801.6936     2045.391    0.540  24
        11    888.600    888.450 238.0126770 +32.9562132    54.99  0.005894491 -14.9718 -13.2996   0.0059     208860.6     1126.703     565.2088    0.147  17
        12    716.729    891.376 238.0347368 +32.9554208     3.75 0.0004018515  -9.4572  99.0000  99.0000    -72068.23     1079.885     1569.316    0.095   0
        13    840.998    830.457 238.0188755 +32.9622641    72.09  0.007727574 -14.4839 -13.6744   0.0042     294951.9     1145.848     1733.942    0.439  16
        14     45.989    853.822 238.1209025 +32.9575128     3.98 0.0004263598  -9.6935 -11.3804   0.0331     35656.89     1087.501     2015.947    0.808   0
        15    704.408    791.579 238.0364711 +32.9660272     4.95 0.0005302263 -10.9637 -10.8805   0.0523     22501.26     1084.534     2420.902    0.054   0
        16     97.725    787.782 238.1143681 +32.9647039     6.20 0.0006641603 -12.4667 -12.2163   0.0155     77003.82     1097.567     2151.748    0.059   0
        17    662.832    790.188 238.0418112 +32.9660586     5.20 0.0005576851  -9.7974 -10.2807   0.0908     12950.74     1082.422     2420.345    0.462   0
        18    711.899    781.350 238.0355250 +32.9671389     5.38 0.0005768879 -10.1757 -10.0676   0.1104     10641.94     1082.284     2420.902    0.070   0
        19    719.463    654.725 238.0347472 +32.9806618     4.61 0.0004937626 -11.2486 -11.2732   0.0365     32305.56     1087.216     2409.999    0.062   0
        20    709.837    689.504 238.0359302 +32.9769263     4.79  0.000513537 -10.7654 -10.9728   0.0481     24496.37     1085.358     2418.323    0.014   0
        21    799.030    800.143 238.0243095 +32.9653791    32.11  0.003442183 -13.0019 -12.2873   0.0145     82207.88     1098.781     2287.254    0.581   1
