#   1 NUMBER                 Running object number                                     
#   2 X_IMAGE                Object position along x                                    [pixel]
#   3 Y_IMAGE                Object position along y                                    [pixel]
#   4 ALPHA_J2000            Right ascension of barycenter (J2000)                      [deg]
#   5 DELTA_J2000            Declination of barycenter (J2000)                          [deg]
#   6 FWHM_IMAGE             FWHM assuming a gaussian core                              [pixel]
#   7 FWHM_WORLD             FWHM assuming a gaussian core                              [deg]
#   8 MAG_BEST               Best of MAG_AUTO and MAG_ISOCOR                            [mag]
#   9 MAG_APER               Fixed aperture magnitude vector                            [mag]
#  10 MAGERR_APER            RMS error vector for fixed aperture mag.                   [mag]
#  11 FLUX_APER              Flux vector within fixed circular aperture(s)              [count]
#  12 FLUXERR_APER           RMS error vector for aperture flux(es)                     [count]
#  13 BACKGROUND             Background at centroid position                            [count]
#  14 ELLIPTICITY            1 - B_IMAGE/A_IMAGE                                       
#  15 FLAGS                  Extraction flags                                          
         1    839.997     80.229 200.9173972 +36.1187887   139.29   0.01504404 -14.8585 -12.8195   0.0048     134209.1     594.6339     843.1412    0.603  16
         2    828.463      9.854 200.9190711 +36.1263137    92.52   0.00999281 -13.7350 -12.6917   0.0051     119315.7     555.7991     403.2971    0.819  24
         3    261.044     80.779 200.9952232 +36.1170910     0.79  8.55949e-05  -9.6649 -11.0469   0.0227     26228.04     547.5045     988.2513    0.084   0
         4    264.256     85.100 200.9947834 +36.1166363     1.28 0.0001378914  -9.5756 -10.9742   0.0242        24528     546.7277     1004.515    0.231   0
         5    680.221    205.203 200.9386532 +36.1049216     5.16 0.0005577675 -15.4418 -15.4724   0.0007      1545084     1029.074     1108.784    0.079   4
         6    767.402    202.797 200.9269398 +36.1054243     4.82 0.0005201538 -14.9712 -15.0046   0.0010      1004262     888.0496     1110.505    0.074   0
         7    120.539    214.111 201.0138592 +36.1023685     4.58 0.0004943904 -13.1955 -13.2439   0.0034       198411     621.2617     1025.775    0.074   0
         8    543.849    212.010 200.9569700 +36.1038059     5.75 0.0006209698  -8.6202  -9.2548   0.1160     5033.972     537.7549     1100.435    0.387   0
         9    332.601    275.853 200.9852444 +36.0963490     4.84 0.0005224732  -8.5759  -8.3960   0.2552     2282.546     536.3684     1079.599    0.204   0
        10    621.561    336.317 200.9463026 +36.0906770     4.39 0.0004745846 -10.8273 -10.9403   0.0250     23774.05      546.457     1098.971    0.104   0
        11    261.073    382.667 200.9946587 +36.0846740     7.56 0.0008163883  -9.3291  -9.3539   0.1059     5515.157     538.0389     1061.732    0.384   0
        12    198.034    445.244 201.0030123 +36.0777730     7.13 0.0007701576  -9.1518  -9.2248   0.1192     4896.867     537.7062     1036.425    0.158   0
        13    885.191    867.845 200.9099500 +36.0343380    40.76  0.004401943 -13.4740 -11.4730   0.0155     38833.68     553.1718     937.6539    0.595   2
        14     25.914    494.142 201.0260447 +36.0720239     5.55 0.0005999577  -9.0418  -9.0187   0.1441     4050.287     537.3578     970.6381    0.230   0
        15     41.315    501.936 201.0239608 +36.0712318     0.87 9.420178e-05  -9.0289  -9.0127   0.1449     4028.021     537.3776     975.3315    0.105   0
        16    139.572    535.122 201.0106982 +36.0679529     4.64 0.0005016028 -12.9352 -12.9807   0.0042     155701.7      603.777     1007.059    0.152   0
        17    886.027    965.606 200.9096678 +36.0238425    13.75  0.001484985 -11.9386 -11.2928   0.0182     32895.58     550.3785     906.4023    0.543   2
        18    880.249    776.710 200.9107724 +36.0441106     7.59 0.0008193429 -10.9377 -11.2839   0.0183     32626.54     550.5215     984.3586    0.383   0
        19    109.706    886.995 201.0140479 +36.0300821     4.06 0.0004384208  -8.7214  -8.9377   0.1552     3759.123     537.1015     859.9409    0.432   0
        20    884.652    729.681 200.9102629 +36.0491729     4.20 0.0004540287  -9.6206 -11.1641   0.0204     29218.33     548.9864     984.4036    0.486   2
        21    531.650    730.185 200.9576736 +36.0481286     3.81 0.0004109796  -9.6879  -9.9159   0.0633     9254.944     539.7437     1036.768    0.153   0
        22    221.634    725.154 200.9993201 +36.0477838     4.61  0.000497786 -10.2212 -10.1804   0.0498     11807.56     540.9247      980.925    0.208   0
        23    881.469    721.501 200.9107046 +36.0500425     5.54  0.000598114 -10.2101 -11.2007   0.0197     30219.01     549.4124     998.6189    0.314   2
        24    538.425    709.273 200.9568014 +36.0503933     5.42 0.0005852221 -10.1480 -10.2619   0.0462      12727.5     541.3647     1044.672    0.029   0
        25    885.787    709.593 200.9101454 +36.0513332     3.46  0.000374109  -9.2458 -11.1236   0.0212     28148.32     548.2179     986.9488    0.426   0
        26    486.533    676.298 200.9638309 +36.0537872     3.81 0.0004112404 -10.1401 -10.2426   0.0470     12503.83     541.2914     1049.586    0.123   0
        27    880.998    924.198 200.9104151 +36.0282750     7.93 0.0008563312 -11.0382 -11.4197   0.0162     36973.41      552.257     928.3197    0.427   0
        28     47.492    778.484 201.0226071 +36.0415537     4.41 0.0004759912  -8.4953  -8.5577   0.2200      2648.88     536.6752     902.4412    0.057   0
        29    881.841    792.575 200.9105309 +36.0424114    13.20   0.00142572 -11.9153 -11.3577   0.0171     34920.42     551.4593     973.6378    0.565   2
        30    884.305    765.998 200.9102463 +36.0452721     5.52  0.000595776 -10.2614 -11.2606   0.0187     31932.38      550.044     976.4662    0.143   0
        31    882.834    677.567 200.9105978 +36.0547641     6.51 0.0007036017 -10.5756 -11.1505   0.0207     28853.91      548.717     1004.964    0.381   0
        32    766.373    601.192 200.9263755 +36.0626408     3.91  0.000422761 -10.2801 -10.3086   0.0443     13287.42     541.4135     1087.949    0.136   0
        33    886.036    958.358 200.9096792 +36.0246208    10.20  0.001101221 -11.3095 -11.3291   0.0176     34013.67     551.1364     908.1872    0.482   2
        34    864.599    690.818 200.9130241 +36.0532904     3.43 0.0003703491  -8.6141 -10.4645   0.0384     15339.35     542.2704     1055.996    0.417   0
        35    893.581    904.181 200.9087603 +36.0304595     3.95 0.0004269244 -11.4253 -11.3246   0.0177     33870.95     550.7772     903.0261    0.356   2
        36    833.547    557.433 200.9174284 +36.0675273     4.92 0.0005315156  -8.5164  99.0000  99.0000    -8670.636     535.4852     1089.876    0.151   0
        37    704.689    567.939 200.9347207 +36.0660387     3.30 0.0003565144  -8.6455  -9.0679   0.1377     4238.176     537.4603     1087.929    0.332   0
