#   1 NUMBER                 Running object number                                     
#   2 X_IMAGE                Object position along x                                    [pixel]
#   3 Y_IMAGE                Object position along y                                    [pixel]
#   4 ALPHA_J2000            Right ascension of barycenter (J2000)                      [deg]
#   5 DELTA_J2000            Declination of barycenter (J2000)                          [deg]
#   6 FWHM_IMAGE             FWHM assuming a gaussian core                              [pixel]
#   7 FWHM_WORLD             FWHM assuming a gaussian core                              [deg]
#   8 MAG_BEST               Best of MAG_AUTO and MAG_ISOCOR                            [mag]
#   9 MAG_APER               Fixed aperture magnitude vector                            [mag]
#  10 MAGERR_APER            RMS error vector for fixed aperture mag.                   [mag]
#  11 FLUX_APER              Flux vector within fixed circular aperture(s)              [count]
#  12 FLUXERR_APER           RMS error vector for aperture flux(es)                     [count]
#  13 BACKGROUND             Background at centroid position                            [count]
#  14 ELLIPTICITY            1 - B_IMAGE/A_IMAGE                                       
#  15 FLAGS                  Extraction flags                                          
         1    840.492     81.362 238.0185822 +32.9328627   144.92   0.01553834 -15.2822 -13.2687   0.0039     202993.9     731.2471     1004.772    0.600  16
         2    826.518     10.261 238.0204773 +32.9404104    93.11  0.009983309 -14.1650 -13.1733   0.0040     185917.4      689.625     335.3138    0.804  24
         3    492.050     45.169 238.0633540 +32.9357568     5.37 0.0005754888  -9.3437  99.0000  99.0000    -15206.31     658.2358     1064.957    0.119   0
         4    248.319     70.573 238.0945961 +32.9323599     6.93 0.0007429065 -10.5372 -11.1515   0.0252     28879.12     669.0593     1157.273    0.371   0
         5    266.799     83.218 238.0922053 +32.9310631     3.83 0.0004102768  -9.5725 -11.3222   0.0215     33796.55     670.6202     1234.104    0.523   0
         6     64.959    115.351 238.1180583 +32.9270609     4.86 0.0005215875 -13.7978 -13.8338   0.0025     341616.8     777.3065     1240.056    0.049   0
         7    729.878    124.719 238.0327157 +32.9279312     4.96 0.0005318928 -10.0972  99.0000  99.0000    -4671.033     658.3289     1393.659    0.120   0
         8    751.560    129.347 238.0299264 +32.9274974     4.80 0.0005151053  -9.7865  99.0000  99.0000    -16211.69     658.2917     1393.894    0.055   0
         9    371.020    144.508 238.0787382 +32.9248179     3.75 0.0004018755  -9.1906  -9.2690   0.1406     5100.259     660.1887     1360.845    0.381   0
        10    700.795    192.686 238.0363495 +32.9205988     5.40 0.0005788403 -11.8788 -11.9699   0.0121      61371.1       681.11      1393.74    0.081   0
        11    322.391    187.709 238.0849135 +32.9200714     5.05 0.0005413733  -9.9748 -10.1407   0.0632      11383.4     662.5452     1351.831    0.176   0
        12    477.874    184.430 238.0649669 +32.9208585     6.76 0.0007249288  -9.1830  -9.7105   0.0937     7659.492       661.12     1379.031    0.128   0
        13    112.219    256.579 238.1117762 +32.9121273     4.79 0.0005134874 -13.7701 -13.8098   0.0025     334126.2      774.593     1267.408    0.032   0
        14    761.965    277.335 238.0283783 +32.9117363     4.82 0.0005171489 -12.2060 -12.2845   0.0091     81994.48     688.7272     1394.156    0.061   0
        15      6.384    317.624 238.1252604 +32.9053118     5.34 0.0005720635  -8.6878  -7.7191   0.5039     1223.634      567.791     1205.618    0.337  16
        16    581.002    328.242 238.0515225 +32.9058024     4.71 0.0005048857 -11.2691 -11.3716   0.0206     35369.26     671.3523     1379.982    0.034   0
        17    287.438    341.973 238.0891652 +32.9035134     4.53 0.0004855412 -11.1285 -11.1635   0.0249     29201.01     669.1796     1341.393    0.024   0
        18     43.092    345.274 238.1205081 +32.9024667     6.10 0.0006541535  -9.0999  -9.0034   0.1794     3993.479      659.788     1223.561    0.222   0
        19    450.611    382.828 238.0681703 +32.8996137     4.64 0.0004972804 -10.8511 -10.9511   0.0302     24013.27     667.0366     1362.589    0.058   0
        20    511.214    433.744 238.0603204 +32.8943509     4.46 0.0004782062 -12.1344 -12.1456   0.0103      72149.5     685.1085     1363.756    0.022   0
        21    158.570    451.037 238.1055312 +32.8915114     4.85 0.0005204731  -9.8539  -9.7983   0.0865     8304.443     661.3824     1272.958    0.046   0
        22    541.494    459.498 238.0563981 +32.8916877     3.75 0.0004016907  -8.6664  -9.2467   0.1435     4996.507     660.3165     1364.306    0.594   0
        23    270.017    492.909 238.0911717 +32.8873599     4.48 0.0004804893 -12.4345 -12.4884   0.0076     98940.69     694.8336     1316.818    0.031   0
        24     13.372    494.099 238.1240897 +32.8865028     4.93 0.0005283408 -10.4239 -10.2874   0.0544     13029.97     652.8268     1183.049    0.141  16
        25    439.933    500.502 238.0693651 +32.8870284     4.66 0.0004993262  -9.6546  -9.4842   0.1154     6218.216      660.649      1350.62    0.064   0
        26    883.391    746.978 238.0121317 +32.8619616    76.86  0.008240701 -14.1156 -11.7415   0.0148     49728.47     676.5696     1208.985    0.914  19
        27    884.447    913.716 238.0117599 +32.8441741    85.64  0.009182777 -14.6484 -11.8420   0.0135     54550.53     678.7103     1121.335    0.892  18
        28    779.199    514.614 238.0258263 +32.8864671     3.44 0.0003686604  -8.4080  -8.1429   0.3956     1807.893     658.5872     1374.223    0.415   0
        29    628.614    697.799 238.0448750 +32.8665045     3.08 0.0003307561  -8.0066  -8.5870   0.2629     2721.517     658.9153     1320.191    0.414   0
        30    512.873   1024.328 238.0592361 +32.8313424     4.77 0.0005117275  -8.3568  99.0000  99.0000    -716.0845     556.6947      1097.63    0.267  16
        31    800.374   1018.203 238.0223895 +32.8327942     4.17 0.0004470574  -9.8532  -9.3390   0.1270     5439.986     636.4008     1169.387    0.156  16
        32    887.304   1010.577 238.0112563 +32.8338471     5.53 0.0005933939  -8.6540 -11.3928   0.0202     36066.71     671.8127     1073.578    0.657   1
        33    859.562    791.002 238.0151249 +32.8571988     4.49 0.0004813748 -12.0267 -12.2066   0.0098     76322.91     686.3976     1270.209    0.120   0
        34    720.166    708.817 238.0331182 +32.8655830     8.29 0.0008890767 -10.0106 -10.0242   0.0703     10225.09     661.9783     1325.693    0.274   0
        35    130.372    631.930 238.1088706 +32.8721308     4.55 0.0004883464  -9.9753 -10.2846   0.0554      12997.2     663.1723     1206.896    0.136   0
        36    301.799    756.267 238.0866977 +32.8593505     4.45 0.0004766421 -10.8293 -10.8740   0.0324     22365.71     666.5475      1220.56    0.052   0
        37    380.863    700.457 238.0766428 +32.8655280     4.34 0.0004651101 -12.7675 -12.8238   0.0057     134743.5     707.5462     1273.505    0.022   0
        38    631.143    781.872 238.0444282 +32.8575413     4.21 0.0004511841  -8.4531  -8.6081   0.2580       2774.9     659.2703     1277.968    0.190   0
        39    908.541    623.599 238.0090811 +32.8751947     4.00 0.0004284745 -11.0012  -8.9448   0.1893     3783.816     659.4855     1131.333    0.073   0
        40    810.539    866.378 238.0213034 +32.8490215     3.95 0.0004236052 -12.7871 -12.8146   0.0057     133613.5     707.1641      1252.95    0.077   0
        41    358.827   1004.509 238.0790129 +32.8330248     4.15 0.0004445282  -8.7032  -7.8171   0.5342     1339.224     658.7443     1049.746    0.230   0
