#   1 NUMBER                 Running object number                                     
#   2 X_IMAGE                Object position along x                                    [pixel]
#   3 Y_IMAGE                Object position along y                                    [pixel]
#   4 ALPHA_J2000            Right ascension of barycenter (J2000)                      [deg]
#   5 DELTA_J2000            Declination of barycenter (J2000)                          [deg]
#   6 FWHM_IMAGE             FWHM assuming a gaussian core                              [pixel]
#   7 FWHM_WORLD             FWHM assuming a gaussian core                              [deg]
#   8 MAG_BEST               Best of MAG_AUTO and MAG_ISOCOR                            [mag]
#   9 MAG_APER               Fixed aperture magnitude vector                            [mag]
#  10 MAGERR_APER            RMS error vector for fixed aperture mag.                   [mag]
#  11 FLUX_APER              Flux vector within fixed circular aperture(s)              [count]
#  12 FLUXERR_APER           RMS error vector for aperture flux(es)                     [count]
#  13 BACKGROUND             Background at centroid position                            [count]
#  14 ELLIPTICITY            1 - B_IMAGE/A_IMAGE                                       
#  15 FLAGS                  Extraction flags                                          
         1    852.508     88.620 200.9159653 +36.1180683   112.73   0.01220148 -15.3747 -13.2282   0.0039     195561.1     704.3553      964.836    0.492  19
         2    816.716     46.241 200.9208420 +36.1225328    73.02  0.007903818 -14.0192 -12.6378   0.0065     113533.2     674.6462      700.891    0.805  19
         3    827.153     10.147 200.9194863 +36.1264492    93.21   0.01008841 -14.0654 -13.0690   0.0042     168887.5     659.2179     346.7351    0.809  24
         4    231.809     80.603 200.9995370 +36.1171773     3.44 0.0003720747  -9.4499 -11.3586   0.0200     34948.02     644.6584     1148.868    0.415   0
         5    220.177     86.345 201.0010945 +36.1165255     4.15 0.0004494121  -9.6757 -11.2524   0.0221     31692.97      643.605     1170.668    0.122   0
         6    682.258    205.175 200.9387223 +36.1050400     5.68 0.0006148107 -15.4029 -15.4198   0.0008      1472026      1065.09     1319.926    0.049   0
         7    769.386    202.838 200.9269979 +36.1055355     5.69 0.0006162168 -14.9321 -14.9533   0.0011     957936.4     936.5729     1320.295    0.048   0
         8    122.791    214.072 201.0140128 +36.1024888     5.76 0.0006239406 -13.1426 -13.1860   0.0041     188103.4     701.6552     1208.624    0.014   0
         9    103.019    303.522 201.0165395 +36.0927981    -0.24 -2.543958e-05  -7.3414  -8.0148   0.4271     1606.593     631.7925     1190.885    0.298   0
        10    623.738    336.354 200.9464146 +36.0907478     5.89 0.0006373712 -10.8403 -10.9054   0.0302        23023      640.158     1308.933    0.088   0
        11     28.197    493.622 201.0263205 +36.0721079     3.43 0.0003712946  -8.5457  -9.0187   0.1696     4050.269     632.5271     1130.462    0.414   0
        12    141.754    535.097 201.0109802 +36.0679699     5.83 0.0006314533 -12.8672 -12.9086   0.0051       145693     686.4272     1184.189    0.056   0
        13    885.182    883.707 200.9104865 +36.0325286    72.22  0.007817445 -14.3800 -11.7357   0.0143      49462.3     650.4707     1080.677    0.817  18
        14    533.973    730.154 200.9579345 +36.0480827     7.32 0.0007919105  -9.5969  -9.8460   0.0794     8677.808     634.5133     1226.492    0.221   0
        15    886.329   1001.092 200.9101731 +36.0198895    13.29  0.001438221 -12.1658 -11.5130   0.0174     40291.16     646.9537     1031.364    0.792  18
        16    883.279    671.617 200.9110304 +36.0553653    20.50  0.002219156 -12.5537 -11.4953   0.0177     39640.38     646.6324     1182.602    0.242   2
        17    883.199    628.052 200.9111003 +36.0600569    10.86  0.001175924 -11.3700 -11.3973   0.0193     36216.18       645.15     1194.309    0.460   0
        18    768.328    601.200 200.9265904 +36.0626293     6.02 0.0006516302 -10.2185 -10.2901   0.0529     13062.82      636.097     1292.599    0.105   0
        19    884.406    584.188 200.9109976 +36.0647845     3.24 0.0003507934  -9.4807 -11.2380   0.0223     31275.67     643.1802     1198.751    0.410   0
        20    540.917    709.758 200.9570296 +36.0502990     7.01  0.000758821  -9.9645 -10.1790   0.0586     11791.83     635.8632      1237.54    0.084   0
        21    223.854    725.326 200.9996534 +36.0477190     6.28 0.0006792967 -10.1593 -10.1425   0.0605     11402.52     635.5859      1145.16    0.036   0
        22    488.711    676.273 200.9640995 +36.0537576     5.83 0.0006310784 -10.0558  -9.9839   0.0700     9853.081     635.1005     1244.891    0.114   0
        23    881.980    701.332 200.9111648 +36.0521614    15.99  0.001730396 -12.3537 -11.5135   0.0174     40308.17     646.9777     1174.759    0.312   0
