#   1 NUMBER                 Running object number                                     
#   2 X_IMAGE                Object position along x                                    [pixel]
#   3 Y_IMAGE                Object position along y                                    [pixel]
#   4 ALPHA_J2000            Right ascension of barycenter (J2000)                      [deg]
#   5 DELTA_J2000            Declination of barycenter (J2000)                          [deg]
#   6 FWHM_IMAGE             FWHM assuming a gaussian core                              [pixel]
#   7 FWHM_WORLD             FWHM assuming a gaussian core                              [deg]
#   8 MAG_BEST               Best of MAG_AUTO and MAG_ISOCOR                            [mag]
#   9 MAG_APER               Fixed aperture magnitude vector                            [mag]
#  10 MAGERR_APER            RMS error vector for fixed aperture mag.                   [mag]
#  11 FLUX_APER              Flux vector within fixed circular aperture(s)              [count]
#  12 FLUXERR_APER           RMS error vector for aperture flux(es)                     [count]
#  13 BACKGROUND             Background at centroid position                            [count]
#  14 ELLIPTICITY            1 - B_IMAGE/A_IMAGE                                       
#  15 FLAGS                  Extraction flags                                          
         1    833.695    205.269 238.0209889 +33.0276206   214.43   0.02297816 -16.5205 -12.9184   0.0076     147016.7     1025.646     1770.026    0.907  24
         2    888.982     48.002 238.0141549 +33.0445438     0.00            0  -8.9797 -10.7632   0.0534     20197.04     993.6963     1116.406    0.011   0
         3    456.985    115.989 238.0695060 +33.0361021     6.33 0.0006777782 -14.2180 -14.2621   0.0024     506787.4     1109.456     1924.607    0.170   0
         4    434.239    189.746 238.0722975 +33.0281728     6.41 0.0006871106 -10.2609 -10.2361   0.0867     12428.79     992.2701     1993.248    0.115   0
         5     58.428    244.543 238.1204440 +33.0212717     9.13  0.000978215 -10.8935 -10.9542   0.0449     24081.21     995.2572     1799.179    0.376   0
         6    174.033    264.910 238.1055677 +33.0194268     6.21 0.0006656936 -11.8122 -11.8685   0.0195     55896.35     1003.079     1929.787    0.209   0
         7    297.365    280.435 238.0897086 +33.0181183     6.23 0.0006673018  -9.6038 -10.0975   0.0985     10939.41     991.8111     2015.834    0.306   0
         8    261.017    293.982 238.0943504 +33.0165714     0.00            0  -8.8627  -9.5285   0.1660     6477.225     990.2665     2015.035    0.025   0
         9    490.097    355.334 238.0648386 +33.0106689     5.30 0.0005682202 -12.4835 -12.5139   0.0109     101291.7     1014.466     2128.026    0.127   0
        10      2.428    426.290 238.1273029 +33.0017301     5.33  0.000571502 -10.5699 -10.7320   0.0421     19624.66      760.897     1879.738    0.406  24
        11    721.895    642.721 238.0345973 +32.9806609     4.97  0.000532875 -11.3726 -11.4541   0.0284     38161.15     998.6768     2192.328    0.075   0
        12    888.258    888.411 238.0128395 +32.9549143    55.23  0.005917963 -14.8249 -13.1504   0.0062     182030.2     1034.038     563.4595    0.143  17
        13    837.202    827.792 238.0194906 +32.9612398    81.11   0.00869179 -14.1346 -13.5031   0.0045     251909.2      1050.56     1655.967    0.222  16
        14    664.998    778.472 238.0416657 +32.9660268     5.02 0.0005376211  -9.8442 -10.6010   0.0620     17394.14     993.2974     2204.293    0.379   0
        15    712.083    677.661 238.0357968 +32.9769077     5.33 0.0005710581 -10.8922 -10.9880   0.0435     24841.83     995.5317     2205.117    0.106   0
        16    555.222    672.395 238.0559319 +32.9770362     3.44 0.0003687612  -8.7823  -7.8027   0.8127     1321.513     988.9641     2201.046    0.397   0
        17     99.985    775.664 238.1141546 +32.9647477     5.68 0.0006085035 -11.9381 -11.9501   0.0181     60258.75     1004.193     1982.165    0.091   0
        18    706.765    779.579 238.0363056 +32.9660238     4.92 0.0005273066 -11.1362 -11.2063   0.0356     30375.77     996.5872     2203.964    0.099   0
        19    718.969    879.662 238.0345697 +32.9553838     3.89 0.0004170018  -9.7351  99.0000  99.0000    -77119.37     989.1617     1678.908    0.057   0
        20    714.338    769.279 238.0353516 +32.9671431     4.79 0.0005128755 -10.3457 -10.3853   0.0756     14260.09     992.7314     2204.529    0.147   0
