#   1 NUMBER                 Running object number                                     
#   2 X_IMAGE                Object position along x                                    [pixel]
#   3 Y_IMAGE                Object position along y                                    [pixel]
#   4 ALPHA_J2000            Right ascension of barycenter (J2000)                      [deg]
#   5 DELTA_J2000            Declination of barycenter (J2000)                          [deg]
#   6 FWHM_IMAGE             FWHM assuming a gaussian core                              [pixel]
#   7 FWHM_WORLD             FWHM assuming a gaussian core                              [deg]
#   8 MAG_BEST               Best of MAG_AUTO and MAG_ISOCOR                            [mag]
#   9 MAG_APER               Fixed aperture magnitude vector                            [mag]
#  10 MAGERR_APER            RMS error vector for fixed aperture mag.                   [mag]
#  11 FLUX_APER              Flux vector within fixed circular aperture(s)              [count]
#  12 FLUXERR_APER           RMS error vector for aperture flux(es)                     [count]
#  13 BACKGROUND             Background at centroid position                            [count]
#  14 ELLIPTICITY            1 - B_IMAGE/A_IMAGE                                       
#  15 FLAGS                  Extraction flags                                          
         1    852.038     87.297 200.9156317 +36.1182999   113.65   0.01226529 -15.0744 -12.8905   0.0045     143286.7     599.7457     839.1149    0.480  19
         2    816.037     46.222 200.9205337 +36.1226172    70.38  0.007595896 -13.6754 -12.2968   0.0075     82929.62     574.0209      657.335    0.804  19
         3    825.594      9.861 200.9193159 +36.1265500    89.84  0.009695871 -13.7862 -12.7139   0.0050     121775.3     558.0581      397.961    0.807  24
         4    680.243    206.552 200.9384636 +36.1050240     6.53 0.0007047913 -15.4458 -15.4764   0.0007      1550884     1031.314     1106.261    0.094   4
         5    767.446    204.146 200.9267718 +36.1055173     4.77 0.0005150437 -14.9723 -15.0081   0.0010      1007480      889.854     1107.499    0.073   0
         6    120.613    215.403 201.0135050 +36.1025392     4.51 0.0004866204 -13.1919 -13.2411   0.0034     197895.8     621.9355     1023.343    0.083   0
         7    543.601    213.465 200.9567779 +36.1039109     4.57 0.0004930645  -8.6483  -8.9008   0.1609     3633.364     538.3486     1099.111    0.156   0
         8    332.515    277.499 200.9849700 +36.0964530     4.02 0.0004343389  -8.4423  -8.4192   0.2505     2331.712     537.9106     1078.056    0.230   0
         9    621.546    337.728 200.9460998 +36.0907699     4.24 0.0004581187 -10.8297 -10.9448   0.0249     23874.58     547.7421     1096.119    0.138   0
        10    261.188    383.875 200.9943366 +36.0848259     8.12 0.0008761195  -9.3691  -9.3648   0.1051     5571.064     539.3082     1059.132    0.234   0
        11    197.879    446.673 201.0027074 +36.0779030     5.35 0.0005769219  -8.9298  -9.0779   0.1368      4277.32      538.799     1034.606    0.284   0
        12     25.806    495.559 201.0256846 +36.0721712     6.89 0.0007435494  -9.0520  -8.9874   0.1486     3935.052     538.4585     967.9011    0.232   0
        13    139.645    536.460 201.0103455 +36.0680935     4.66 0.0005025997 -12.9282 -12.9708   0.0043     154280.5     604.3245     1006.568    0.165   0
        14    110.015    888.481 201.0136508 +36.0301856     5.50 0.0005937127  -8.8504  -8.9026   0.1606     3639.509     538.3818      855.501    0.265   0
        15     47.459    779.589 201.0222403 +36.0417119     4.85 0.0005231607  -8.2905  -7.6623   0.5025     1161.206     537.2753     900.2661    0.161   0
        16    882.906    775.814 200.9102829 +36.0443979    13.25  0.001429968 -11.8146 -11.3176   0.0178     33654.91      552.247     971.4189    0.236   2
        17    882.121    758.335 200.9104188 +36.0462740     7.11 0.0007672001 -10.7544 -11.2754   0.0185        32372      551.666     980.0685    0.319   0
        18    519.104    747.277 200.9590915 +36.0464841     4.82 0.0005205667  -9.0487  -9.1046   0.1335      4383.68     538.7878     1026.742    0.160   0
        19    516.496    737.436 200.9594591 +36.0475345     6.85 0.0007390139  -9.5039  -9.5521   0.0886     6619.718     539.7941     1030.422    0.570   0
        20    882.968    731.659 200.9103520 +36.0491427    10.66  0.001150994 -11.5555 -11.2668   0.0187     32115.38     551.5496     985.1034    0.457   0
        21    531.748    731.607 200.9574255 +36.0482023     3.65 0.0003940337  -9.6435  -9.7623   0.0731     8033.912     540.4487     1034.853    0.136   0
        22    221.677    726.451 200.9989922 +36.0479059     4.48 0.0004833166 -10.2347 -10.2003   0.0490     12026.43     542.3676      978.673    0.203   0
        23    538.382    710.712 200.9565742 +36.0504656     5.02 0.0005417059 -10.1074 -10.2276   0.0478     12332.59     542.5086     1042.371    0.033   0
        24    881.262    712.058 200.9106151 +36.0512444     7.88 0.0008500936 -10.9537 -11.2271   0.0193     30963.77     550.9387     996.7462    0.088   0
        25    486.581    677.704 200.9635775 +36.0538714     4.04 0.0004357874 -10.1677 -10.3265   0.0437     13507.71     543.0349     1045.531    0.173   0
        26    882.679    667.144 200.9105039 +36.0560745     4.23  0.000456224  -9.6533 -11.2071   0.0197     30397.38        550.8      1003.09    0.666   0
        27    884.338    868.138 200.9099292 +36.0344811    13.20  0.001424191 -11.9366 -11.3963   0.0166     36185.15     553.3618     939.6294    0.304   2
        28    882.244    808.089 200.9103151 +36.0409282    15.46  0.001668371 -12.2817 -11.3907   0.0167     35997.36     553.3064     964.1821    0.429   2
        29    831.856    768.663 200.9171373 +36.0450300     4.29  0.000463477  -8.1899  99.0000  99.0000    -287.5497     536.7347     1036.095    0.379   0
        30    881.234    682.757 200.9106701 +36.0543930     6.41 0.0006922054 -10.5312 -11.2384   0.0191     31286.88     551.1148     1004.839    0.320   2
        31    766.452    602.595 200.9261976 +36.0626994     3.69 0.0003987371 -10.2599 -10.3357   0.0433     13623.83     542.9833     1085.909    0.100   0
        32    704.579    569.264 200.9345513 +36.0661147     3.53 0.0003814735  -8.6488  -8.9245   0.1575     3713.597     538.4616     1085.348    0.007   0
        33    864.174    692.820 200.9129392 +36.0532660     3.46  0.000373415  -8.5763 -10.4750   0.0381     15488.32     543.7661     1051.381    0.262   0
        34    885.578    941.707 200.9096343 +36.0265791    26.36  0.002844769 -13.2607 -11.3990   0.0166     36275.16     553.3583     907.9565    0.729   2
        35    892.256    905.310 200.9088032 +36.0305080     6.63 0.0007151186 -11.4989 -11.3579   0.0172        34927     552.8079      905.024    0.498   0
