#   1 NUMBER                 Running object number                                     
#   2 X_IMAGE                Object position along x                                    [pixel]
#   3 Y_IMAGE                Object position along y                                    [pixel]
#   4 ALPHA_J2000            Right ascension of barycenter (J2000)                      [deg]
#   5 DELTA_J2000            Declination of barycenter (J2000)                          [deg]
#   6 FWHM_IMAGE             FWHM assuming a gaussian core                              [pixel]
#   7 FWHM_WORLD             FWHM assuming a gaussian core                              [deg]
#   8 MAG_BEST               Best of MAG_AUTO and MAG_ISOCOR                            [mag]
#   9 MAG_APER               Fixed aperture magnitude vector                            [mag]
#  10 MAGERR_APER            RMS error vector for fixed aperture mag.                   [mag]
#  11 FLUX_APER              Flux vector within fixed circular aperture(s)              [count]
#  12 FLUXERR_APER           RMS error vector for aperture flux(es)                     [count]
#  13 BACKGROUND             Background at centroid position                            [count]
#  14 ELLIPTICITY            1 - B_IMAGE/A_IMAGE                                       
#  15 FLAGS                  Extraction flags                                          
         1    834.012    197.353 238.0207049 +33.0291929   221.38   0.02373618 -17.0859 -13.5233   0.0065     256645.7     1533.237     2679.085    0.899  24
         2    457.215    122.215 238.0692267 +33.0361619     6.15 0.0006592838 -14.1530 -14.2054   0.0035     481034.2     1569.078     2960.108    0.208   0
         3    434.596    196.781 238.0720217 +33.0281425     5.09 0.0005454464 -10.1780 -10.1437   0.1420     11415.41      1492.21     3074.208    0.235   0
         4     59.421    251.476 238.1201370 +33.0212437     9.28 0.0009949371 -10.7395 -10.9245   0.0693     23432.52      1494.98     2741.612    0.397   0
         5    174.381    271.098 238.1053387 +33.0194778     5.85 0.0006276718 -11.7250 -11.7860   0.0314     51810.73     1499.844     2964.436    0.224   0
         6    261.027    294.005 238.0941732 +33.0172796     4.21 0.0004515779  -8.8572 -10.1569   0.1403     11554.97     1492.318     3101.681    0.003   0
         7    490.119    361.427 238.0646440 +33.0107312     5.11 0.0005475234 -12.3748 -12.3542   0.0187     87434.62     1505.477     3307.725    0.126   0
         8      2.250    432.438 238.1271992 +33.0017724     4.69  0.000503148 -10.5959 -10.5629   0.0733     16793.79      1133.66     2870.868    0.399  24
         9    706.404    785.540 238.0362469 +32.9660827     4.82 0.0005171245 -11.1171 -11.2361   0.0520     31221.31     1496.029     3432.797    0.034   0
        10    718.640    885.692 238.0345311 +32.9554307     2.95 0.0003164032  -9.3042  99.0000  99.0000    -161414.7      1490.93      2319.24    0.145   0
        11    839.486    829.241 238.0190984 +32.9617877    75.43  0.008087655 -14.6859 -14.1856   0.0036     472319.8      1568.29      2426.56    0.283  16
        12    263.460    853.766 238.0930106 +32.9575625     4.73 0.0005067757 -10.7415 -11.8464   0.0297     54770.21     1500.295     3105.983    0.624   0
        13    713.995    775.331 238.0352871 +32.9671930     4.93 0.0005284777 -10.4474 -10.6340   0.0905     17930.95     1493.849     3432.877    0.143   0
        14     99.835    781.517 238.1141270 +32.9648062     5.62 0.0006024448 -12.5967 -12.4528   0.0171     95741.46      1506.94     3035.133    0.056   0
        15    888.706    888.554 238.0126953 +32.9555946    54.36  0.005828171 -15.4058 -13.7539   0.0053     317361.3     1543.431       572.84    0.146  17
        16    721.703    648.673 238.0344808 +32.9807283     4.77 0.0005118088 -11.3341 -11.3475   0.0470     34594.67     1496.845     3416.887    0.067   0
        17    711.919    683.598 238.0356865 +32.9769748     4.79 0.0005136156 -10.9408 -11.1043   0.0587      27651.5     1495.433      3433.66    0.081   0
