#   1 NUMBER                 Running object number                                     
#   2 X_IMAGE                Object position along x                                    [pixel]
#   3 Y_IMAGE                Object position along y                                    [pixel]
#   4 ALPHA_J2000            Right ascension of barycenter (J2000)                      [deg]
#   5 DELTA_J2000            Declination of barycenter (J2000)                          [deg]
#   6 FWHM_IMAGE             FWHM assuming a gaussian core                              [pixel]
#   7 FWHM_WORLD             FWHM assuming a gaussian core                              [deg]
#   8 MAG_BEST               Best of MAG_AUTO and MAG_ISOCOR                            [mag]
#   9 MAG_APER               Fixed aperture magnitude vector                            [mag]
#  10 MAGERR_APER            RMS error vector for fixed aperture mag.                   [mag]
#  11 FLUX_APER              Flux vector within fixed circular aperture(s)              [count]
#  12 FLUXERR_APER           RMS error vector for aperture flux(es)                     [count]
#  13 BACKGROUND             Background at centroid position                            [count]
#  14 ELLIPTICITY            1 - B_IMAGE/A_IMAGE                                       
#  15 FLAGS                  Extraction flags                                          
         1    834.009    186.949 238.0211854 +33.0302195   196.82   0.02110513 -16.0261 -12.4778   0.0088     97977.95     797.3668     1332.607    0.908  16
         2    648.555     64.327 238.0452215 +33.0427900     5.51 0.0005911482  -9.1204 -10.0909   0.0769     10872.99     769.5506     1434.853    0.275   0
         3    763.351     80.063 238.0304385 +33.0414274     1.65 0.0001768287  -8.3528  99.0000  99.0000    -4394.832     765.9018     1450.252    0.209   0
         4    457.693    121.557 238.0696634 +33.0361562     6.05 0.0006488755 -14.1536 -14.1903   0.0021     474378.3     907.7411     1442.765    0.136   0
         5    435.182    195.758 238.0724347 +33.0281786     5.70 0.0006116421 -10.2648 -10.3260   0.0620     13502.56     770.2966     1485.374    0.097   0
         6     59.712    250.377 238.1206013 +33.0212965     8.15 0.0008735353 -10.7396 -10.8219   0.0394     21317.92     772.9793     1359.044    0.298   0
         7    174.973    270.414 238.1057539 +33.0194853     5.84 0.0006266684 -11.7750 -11.8247   0.0158        53689     783.1033     1442.421    0.107   0
         8    298.423    285.826 238.0898623 +33.0181886     6.75 0.0007239741  -9.5836  -9.8120   0.0993     8409.793     768.7068     1501.019    0.188   0
         9    286.005    287.778 238.0914550 +33.0179456     5.75 0.0006167879  -9.3033  -9.7282   0.1072     7785.354     768.2444     1498.727    0.203   0
        10    261.015    293.992 238.0946563 +33.0172126     0.00            0  -8.8615  -9.4946   0.1328     6278.013     767.8185     1494.547    0.011   0
        11    490.633    360.787 238.0650368 +33.0107294     5.17 0.0005545665 -12.4043 -12.4262   0.0092     93431.12     795.7313     1575.896    0.078   0
        12      2.671    431.540 238.1276215 +33.0018101     5.32 0.0005700701 -10.8764 -10.8779   0.0290     22447.86     598.8474     1412.423    0.347  24
        13    100.354    780.771 238.1144763 +32.9648354     5.29 0.0005673276 -11.8755 -11.8655   0.0153     55742.91     784.0129     1476.896    0.044   0
        14    888.266    888.292 238.0131047 +32.9555554    56.91  0.006102513 -14.4404 -12.7296   0.0071     123554.6     805.4697       545.88    0.141  17
        15    841.651    831.118 238.0191820 +32.9615269    76.77  0.008232326 -14.0137 -13.0929   0.0052     172646.8     820.5653     1213.458    0.480  16
        16    707.090    784.832 238.0365390 +32.9660953     4.69  0.000503275 -11.0946 -11.1477   0.0293      28780.3     775.3462     1629.471    0.072   0
        17    665.373    784.156 238.0418985 +32.9660525     7.01 0.0007515347  -9.9052 -10.2526   0.0663     12619.98     770.0748     1629.012    0.399   0
        18    206.351    605.017 238.1011577 +32.9838820     3.93 0.0004214983  -7.8236  99.0000  99.0000    -2973.275     766.0319     1579.674    0.039   0
        19    712.548    682.954 238.0360015 +32.9769776     5.22  0.000559301 -10.8215 -10.9247   0.0359      23435.8     773.7068      1627.52    0.060   0
        20    655.153    706.992 238.0433356 +32.9742554     3.62 0.0003877019  -8.9083 -10.3292   0.0618     13541.72      770.374     1628.055    0.502   0
        21    554.916    677.660 238.0562594 +32.9771071     5.28 0.0005657151  -8.6733  -8.3189   0.3918     2125.927     766.8986     1624.062    0.269   0
        22    714.618    774.543 238.0355885 +32.9672135     5.26 0.0005641725 -10.4103 -10.3631   0.0599      13971.8     770.5997     1629.521    0.051   0
        23     49.511    847.513 238.1208926 +32.9575720     3.75  0.000402302  -9.4343 -10.9978   0.0335     25067.61     774.1696     1401.078    0.581   0
        24    722.188    648.028 238.0348191 +32.9807297     4.99 0.0005347097 -11.3435 -11.3842   0.0236     35781.99     777.3229     1620.581    0.079   0
        25    719.204    885.086 238.0348223 +32.9554345     3.89 0.0004173102  -9.9514  99.0000  99.0000     -49453.2     766.0319     1222.071    0.079   0
