#   1 NUMBER                 Running object number                                     
#   2 X_IMAGE                Object position along x                                    [pixel]
#   3 Y_IMAGE                Object position along y                                    [pixel]
#   4 ALPHA_J2000            Right ascension of barycenter (J2000)                      [deg]
#   5 DELTA_J2000            Declination of barycenter (J2000)                          [deg]
#   6 FWHM_IMAGE             FWHM assuming a gaussian core                              [pixel]
#   7 FWHM_WORLD             FWHM assuming a gaussian core                              [deg]
#   8 MAG_BEST               Best of MAG_AUTO and MAG_ISOCOR                            [mag]
#   9 MAG_APER               Fixed aperture magnitude vector                            [mag]
#  10 MAGERR_APER            RMS error vector for fixed aperture mag.                   [mag]
#  11 FLUX_APER              Flux vector within fixed circular aperture(s)              [count]
#  12 FLUXERR_APER           RMS error vector for aperture flux(es)                     [count]
#  13 BACKGROUND             Background at centroid position                            [count]
#  14 ELLIPTICITY            1 - B_IMAGE/A_IMAGE                                       
#  15 FLAGS                  Extraction flags                                          
         1     10.469     80.950 237.9943445 +32.9328371    64.16  0.006875226 -13.5685 -12.7519   0.0065     126115.6     749.3655      405.611    0.600  24
         2    144.746     85.105 237.9771190 +32.9327615    46.51  0.004983598 -13.2684 -11.9081   0.0144     57972.57     767.8195     1309.965    0.749   2
         3    191.302     30.348 237.9712378 +32.9387278    33.85  0.003626662 -12.8565 -11.9558   0.0138     60581.49     768.6478     768.9506    0.252  17
         4    135.456     11.017 237.9784309 +32.9406371    87.14  0.009337069 -14.7944 -13.5589   0.0033     265203.6     800.5184     267.5096    0.746  24
         5     64.570    109.531 237.9873601 +32.9299376    21.57  0.002311738  -9.3608  99.0000  99.0000    -7270.143     748.7058     958.1663    0.583   0
         6    915.183     83.023 237.8783252 +32.9350466     5.06 0.0005423389 -11.8599 -11.4479   0.0218     37944.41     761.0204      1322.76    0.200   0
         7    420.923     85.969 237.9417026 +32.9334178     4.84 0.0005182213 -11.3964 -11.3716   0.0233     35369.32     760.4034     1490.575    0.132   0
         8     81.673    122.532 237.9851458 +32.9285980     8.13 0.0008710849 -10.8811 -11.4115   0.0225     36693.45      760.922     1208.463    0.681   0
         9    986.834    189.237 237.8689779 +32.9239075     5.15 0.0005515438 -14.8019 -14.8381   0.0013     861442.1     995.6153     1435.968    0.122   0
        10    552.040    133.892 237.9248140 +32.9286590     4.74 0.0005074716 -10.9531 -10.5425   0.0497     16480.88     754.1469     1583.423    0.069   0
        11     73.260    253.713 237.9860098 +32.9145856    29.69  0.003181752 -13.2604 -11.9388   0.0140     59639.09     768.4238     1435.738    0.198   2
        12    180.826    250.343 237.9722247 +32.9152386     4.77 0.0005111143 -11.9254 -12.0101   0.0131     63687.83     769.7399     1630.203    0.104   0
        13     76.653    292.712 237.9855111 +32.9104359    17.58  0.001883512 -12.9331 -11.7283   0.0169     49128.98     764.9553     1467.153    0.463   2
        14    250.643    264.125 237.9632515 +32.9139587     5.10 0.0005468901  -9.6366  -9.8783   0.0913     8939.623     751.6638     1629.739    0.096   0
        15    567.097    405.149 237.9224601 +32.8997718    17.82  0.001909544 -17.0366 -17.0425   0.0003      6561560     1959.934     1599.791    0.159   4
        16    884.785    303.528 237.8818901 +32.9114514     5.79  0.000620097  -9.3313  -9.5713   0.1210     6737.825     750.9945     1469.489    0.290   0
        17     75.796    367.416 237.9854987 +32.9024671    21.35  0.002287413 -13.1365 -11.7453   0.0166     49903.21     764.8145     1452.867    0.591   2
        18     76.289    340.287 237.9854799 +32.9053615    14.00  0.001499763 -11.9641 -11.7095   0.0172     48283.95     764.6998     1456.215    0.542   0
        19    781.287    335.292 237.8951103 +32.9077909     4.81 0.0005149808 -12.1823 -12.2508   0.0106     79492.77     774.8356     1521.238    0.130   0
        20     78.783    684.016 237.9845984 +32.8687125    78.48  0.008409064 -15.0572 -11.9457   0.0139      60015.1      768.154     1420.854    0.889  18
        21    154.044    369.029 237.9754656 +32.9025087     4.63 0.0004960472 -12.8241 -12.8729   0.0061     140978.8     794.3066     1628.139    0.092   0
        22     75.945    398.780 237.9854283 +32.8991227    19.03  0.002039208 -13.0251 -11.8086   0.0157     52899.35     766.1658     1447.021    0.513   2
        23    337.522    370.509 237.9519435 +32.9028490     4.41 0.0004726927  -8.9149  -9.5623   0.1220     6682.386     750.8916     1619.693    0.021   0
        24    204.814    393.870 237.9689174 +32.8999979     4.67 0.0005006503 -11.8610 -11.9763   0.0135     61736.16     769.0439     1626.053    0.085   0
        25     74.862    450.533 237.9854826 +32.8936008    22.56  0.002417147 -13.1724 -11.7788   0.0162     51464.85     765.6769     1433.246    0.372   2
        26    371.463    452.525 237.9474621 +32.8941943     4.65 0.0004979046  -9.9246 -10.2262   0.0664     12316.63     752.7651     1611.844    0.025   0
        27     78.077    547.945 237.9849113 +32.8832214    27.04  0.002897084 -13.2134 -11.8034   0.0158     52645.25     766.1243     1449.564    0.413   2
        28    961.788    495.987 237.8717295 +32.8911292     4.91  0.000525931 -12.6706 -12.7102   0.0071       121366     787.9283     1340.958    0.163   0
        29    230.021    525.104 237.9654747 +32.8860715     6.67  0.000714205  -9.1429  -9.4612   0.1339     6088.082     750.7782     1611.489    0.100   0
        30     81.515    933.668 237.9838407 +32.8420968    11.41  0.001222216 -11.7709 -11.6894   0.0175      47399.5     764.4728     1302.596    0.603   0
        31     86.365    987.329 237.9831317 +32.8363875     7.21 0.0007729666 -11.2282 -11.2655   0.0257     32078.02     759.3832     1312.275    0.161   0
        32     79.134    944.286 237.9841282 +32.8409580     7.99 0.0008561983 -11.3694 -11.6330   0.0184     44997.77     763.6455     1277.805    0.287   0
        33     82.362    870.152 237.9838359 +32.8488726    23.17  0.002482449 -13.4413 -11.7701   0.0163     51057.23     765.6266     1346.468    0.584   2
        34    777.021    829.816 237.8949024 +32.8550424     4.59 0.0004913565 -10.8110 -10.8274   0.0383     21427.32      755.533     1281.858    0.113   0
        35    152.971    807.297 237.9748920 +32.8557683     4.69 0.0005028378 -11.8399 -11.8845   0.0147     56730.54      767.415     1532.144    0.118   0
        36    401.583    778.848 237.9430844 +32.8594757     4.36 0.0004674543  -8.6774  -8.7810   0.2502     3253.741      749.728     1518.318    0.299   0
        37    707.160    668.013 237.9041017 +32.8721124     5.07 0.0005430495  -8.7760  -8.0153   0.5061     1607.434     749.0942     1424.302    0.201   0
        38    748.956    645.351 237.8987805 +32.8746399     5.19  0.000555695  -9.7116  -9.9029   0.0893     9144.633     751.7531     1406.642    0.208   0
        39    531.870    663.424 237.9265716 +32.8721346     4.68 0.0005019397  -9.0535  -8.8831   0.2278     3574.547     749.9407     1530.668    0.194   0
        40    686.830    688.750 237.9066750 +32.8698469     4.66  0.000498838 -11.6466 -11.7052   0.0173     48090.82      764.533     1426.369    0.131   0
        41    437.980    613.247 237.9386823 +32.8772337     4.61 0.0004936593 -12.6270 -12.6770   0.0073     117709.1     787.0292     1583.136    0.068   0
        42    651.164   1000.773 237.9107633 +32.8364773     4.61 0.0004938205 -12.5490 -12.5946   0.0078     109107.8     784.2518     1262.311    0.108   0
        43    312.346    574.916 237.9548440 +32.8809825     4.39 0.0004705085  -9.4153  -9.5795   0.1201     6789.066     751.0538     1603.526    0.185   0
        44    586.667    946.333 237.9191097 +32.8421110     4.98  0.000533634  -9.9987 -10.0981   0.0747     10945.12      752.436     1334.255    0.138   0
        45    752.247    941.256 237.8979060 +32.8430926     4.70 0.0005040954 -12.7036 -12.7413   0.0069     124883.2     789.2847     1227.487    0.118   0
        46     83.090    905.890 237.9836842 +32.8450634    22.45  0.002405996 -13.0251 -11.8026   0.0158     52604.36     766.0696     1327.966    0.248   2
        47    613.003    538.721 237.9163683 +32.8856500     3.30 0.0003538489  -8.7579  -9.0074   0.2032     4008.332      749.895     1538.045    0.092   0
        48    577.253    561.422 237.9209148 +32.8831336     5.57 0.0005972516  -9.4448  -9.5330   0.1254     6504.252     750.8112     1547.709    0.233   0
        49    721.025    876.844 237.9020045 +32.8498789     4.61 0.0004938908 -11.9092 -11.9715   0.0136     61461.71     768.9135     1292.083    0.115   0
