#   1 NUMBER                 Running object number                                     
#   2 X_IMAGE                Object position along x                                    [pixel]
#   3 Y_IMAGE                Object position along y                                    [pixel]
#   4 ALPHA_J2000            Right ascension of barycenter (J2000)                      [deg]
#   5 DELTA_J2000            Declination of barycenter (J2000)                          [deg]
#   6 FWHM_IMAGE             FWHM assuming a gaussian core                              [pixel]
#   7 FWHM_WORLD             FWHM assuming a gaussian core                              [deg]
#   8 MAG_BEST               Best of MAG_AUTO and MAG_ISOCOR                            [mag]
#   9 MAG_APER               Fixed aperture magnitude vector                            [mag]
#  10 MAGERR_APER            RMS error vector for fixed aperture mag.                   [mag]
#  11 FLUX_APER              Flux vector within fixed circular aperture(s)              [count]
#  12 FLUXERR_APER           RMS error vector for aperture flux(es)                     [count]
#  13 BACKGROUND             Background at centroid position                            [count]
#  14 ELLIPTICITY            1 - B_IMAGE/A_IMAGE                                       
#  15 FLAGS                  Extraction flags                                          
         1    856.336     37.172 327.8151468 +28.9631283     6.82 0.0007373983 -11.6070 -11.6884   0.0093     47354.85       406.01     651.8818    0.241   0
         2    849.563      1.492 327.8160693 +28.9669585     3.48 0.0003764314  -7.7894  -9.2875   0.0589     5188.229     281.2751     655.9117    0.534  24
         3    427.395     88.134 327.8681582 +28.9565579     6.34 0.0006860272 -13.0900 -13.1293   0.0029     178535.5     480.0276     708.5023    0.220   0
         4    446.114    101.435 327.8658078 +28.9551712     6.34 0.0006856943 -12.9461 -12.9891   0.0032     156907.6     468.6198      711.143    0.217   0
         5     46.201     91.654 327.9153651 +28.9552049     5.99 0.0006479122 -11.2027 -11.2515   0.0136     31667.77     396.1423     654.0856    0.180   0
         6    199.566    130.028 327.8962761 +28.9514612     6.51 0.0007042884 -13.4308 -13.4617   0.0023       242488     512.2292     695.2231    0.223   0
         7    749.547    100.594 327.8282257 +28.9560244     6.50 0.0007027247  -9.4218  -9.3224   0.0769     5357.355     379.1958     719.6556    0.320   0
         8     85.149     96.744 327.9105286 +28.9547564     5.84 0.0006317841  -8.3513  -8.9678   0.1063      3864.86     378.2211     672.5829    0.330   0
         9    472.449    103.621 327.8625406 +28.9550022     7.70 0.0008321219  -8.8122  -9.1490   0.0901     4566.715     378.7164     712.2638    0.339   0
        10    494.937    124.307 327.8597059 +28.9528286     8.02 0.0008675184  -9.0251  -9.1901   0.0868     4742.908     378.8959       715.58    0.319   0
        11    168.485    123.151 327.9001425 +28.9521231     6.94 0.0007506344  -8.7217  -8.9584   0.1072     3831.423     378.3046     691.1237    0.336   0
        12    472.730    132.068 327.8624379 +28.9519357     6.78 0.0007335318  -9.3363  -9.4787   0.0667     6187.242     379.8372     715.6682    0.315   0
        13    826.989    132.969 327.8185576 +28.9527267     5.08 0.0005488301  -9.2696 -10.6522   0.0231     18233.55     387.5199     693.4974    0.697   0
        14    272.039    161.861 327.8872231 +28.9482141     1.13 0.0001219786  -7.6104  -8.0955   0.2365     1730.547     376.8713     704.2277    0.015   0
        15    708.980    204.492 327.8330054 +28.9447210     5.57 0.0006025032 -11.7841 -11.8366   0.0082     54277.99     410.2313     730.8982    0.159   0
        16    174.411    198.293 327.8992261 +28.9440367     6.29 0.0006801439 -10.3865 -10.4093   0.0287     14578.26     385.2893     701.1093    0.264   0
        17    587.483    218.122 327.8480205 +28.9429467     5.62 0.0006073433 -11.7776 -11.8270   0.0083     53803.93     409.9715     727.8513    0.162   0
        18     70.997    205.801 327.9120153 +28.9429618     3.83  0.000413783  -8.1307  -8.5741   0.1524     2689.236      377.348     691.3379    0.384   0
        19    438.897    237.940 327.8663750 +28.9404352     5.58 0.0006035715 -12.1708 -12.2180   0.0060     77123.37     423.9438     723.0446    0.174   0
        20    300.700    239.966 327.8834850 +28.9398661     6.62 0.0007154041  -9.4444  -9.4488   0.0685       6018.9     379.6738     715.4747    0.295   0
        21    857.236    276.347 327.8144757 +28.9373430     6.35 0.0006870334 -10.3096 -10.4852   0.0268     15634.87     385.9743     679.5762    0.209   0
        22    604.733    301.474 327.8456864 +28.9340033     5.17 0.0005590099 -12.3804 -12.4204   0.0051     92928.18     433.1545     734.1353    0.132   0
        23    261.008    294.009 327.8882699 +28.9339381     0.00            0  -8.8548  -9.2957   0.0787      5227.19     378.9731     718.4468    0.006   0
        24    753.105    305.702 327.8273024 +28.9339188     5.55 0.0006001303 -10.0302 -10.0724   0.0389      10689.5     382.8725     735.5612    0.148   0
        25    569.562    334.794 327.8499627 +28.9303224     5.11 0.0005521431 -11.9994 -12.0450   0.0069     65766.59     417.0877     734.9473    0.112   0
        26    501.457    346.109 327.8583694 +28.9289308     5.12 0.0005540143 -11.0718 -11.1476   0.0149     28775.96     394.4042     733.1393    0.144   0
        27    431.822    343.183 327.8669993 +28.9290703     3.67 0.0003970979  -6.9680  -7.6248   0.3643     1121.863     376.3188     731.3615    0.224   0
        28    145.841    357.118 327.9023784 +28.9268394     6.18 0.0006678884  -9.2558  -9.5278   0.0637     6473.335     379.9939     716.6828    0.226   0
        29    495.882    369.865 327.8590030 +28.9263554     5.18 0.0005595883 -10.6177 -10.6632   0.0229     18419.95     387.8255     734.7435    0.171   0
        30    330.593    371.526 327.8794663 +28.9257576     7.33  0.000793028  -9.7974  -9.9607   0.0430     9644.854     382.0225     731.0145    0.245   0
        31     74.477    374.987 327.9111716 +28.9247296     3.35 0.0003619865  -8.1182  -8.4410   0.1722     2379.032     377.2483      712.168    0.173   0
        32    688.509    380.124 327.8351262 +28.9257334     6.08  0.000657686  -8.2751  -8.1832   0.2182     1876.186     376.9679     739.5334    0.280   0
        33    552.784    388.261 327.8519133 +28.9245154     5.29 0.0005714915  -9.4818  -9.6459   0.0573     7216.791     380.4933     737.7993    0.216   0
        34    330.877    393.192 327.8793790 +28.9234224     7.00 0.0007571338  -8.6816  -9.1948   0.0864     4763.405     378.8146     732.6676    0.173   0
        35    360.917    400.458 327.8756419 +28.9227153     5.00  0.000540912  -8.7900  -9.1177   0.0927     4436.932     378.6834     734.0641    0.179   0
        36    268.557    429.025 327.8870092 +28.9194003     5.02 0.0005427972 -12.4669 -12.5287   0.0046     102675.5     438.7169     732.2603    0.129   0
        37    862.381    424.557 327.8134920 +28.9213759     4.98 0.0005389249 -10.7546 -10.7447   0.0213     19854.57     388.6259      701.006    0.154   0
        38    479.149    418.489 327.8609589 +28.9210707     5.16 0.0005574918  -8.9530  -9.0465   0.0989     4155.262     378.4869     738.5607    0.197   0
        39    505.348    428.932 327.8576901 +28.9200108     4.49 0.0004859858  -8.3485  -8.6815   0.1381     2968.827     377.6178     738.9316    0.272   0
        40    307.177    492.427 327.8820747 +28.9126629     4.77  0.000516213 -13.5329 -13.5717   0.0021     268340.7     524.6801      735.908    0.095   0
        41    799.826    540.088 327.8209668 +28.9087640     4.61 0.0004987725 -14.8697 -14.8967   0.0009     909226.4     771.8471     743.0008    0.076   0
        42    895.443    527.996 327.8091568 +28.9103052     4.60 0.0004968347  -8.2000  99.0000  99.0000    -15919.98     375.6259     666.2492    0.265   0
        43    860.071    515.680 327.8135650 +28.9115454     4.78 0.0005165269 -11.7601 -11.7727   0.0087     51177.11     408.3763     717.6248    0.090   0
        44    807.874    515.003 327.8200292 +28.9114887     6.18 0.0006686631  -9.9195 -10.2182   0.0341     12225.33     383.6971     738.7714    0.282   0
        45    865.119    488.999 327.8130024 +28.9144347     4.71 0.0005096224  -9.5598  -8.8241   0.1212      3385.69     377.8937     715.0056    0.135   0
        46    506.604    485.025 327.8574010 +28.9139662     4.69 0.0005070511 -11.0838 -11.1604   0.0147     29116.64     394.4582     739.5774    0.099   0
        47    225.503    455.311 327.8922764 +28.9164563     4.99 0.0005396087 -11.1720 -11.2386   0.0137     31293.72     396.0171     731.3473    0.156   0
        48     61.940    890.302 327.9114669 +28.8691376     4.02 0.0004346157 -11.0949 -10.4834   0.0269     15608.22      385.957      669.197    0.038   0
        49    585.488    909.490 327.8466272 +28.8683996     3.86 0.0004177307 -11.6668 -10.9391   0.0179     23749.16     391.2151     643.2505    0.032   0
        50    713.576    837.275 327.8309452 +28.8765067     5.30 0.0005732925  -8.3707  -7.7899   0.3131     1306.044     376.5896     726.3696    0.201   0
        51     40.744    800.314 327.9143098 +28.8787854     4.88 0.0005278837  -8.8233  -8.7276   0.1324     3097.732     377.7772     711.5778    0.147   0
        52    238.327    885.327 327.8896496 +28.8701259     4.10 0.0004435294 -12.8460 -12.8028   0.0037     132161.8     455.2884     689.1717    0.020   0
        53    361.401    881.216 327.8744277 +28.8708823     3.71 0.0004014628  -8.6518  99.0000  99.0000    -11644.56     375.5089     696.9199    0.083   0
        54    260.187    826.606 327.8870859 +28.8765128     3.41 0.0003688217  -7.5623  -5.7829   1.9840     205.6583     375.7096     728.2543    0.401   0
        55     56.004    824.108 327.9123630 +28.8762593     4.58 0.0004953097 -10.2209 -10.2668   0.0326     12785.82     384.0725     708.4243    0.043   0
        56    450.648    853.457 327.8634487 +28.8741012     4.27 0.0004618572 -12.1598 -12.2023   0.0060     76017.92     423.2726     729.2065    0.022   0
        57    116.181    845.133 327.9048640 +28.8741469     1.02 0.0001107589  -7.0225  -8.3682   0.1841     2224.695     377.2096     711.0452    0.222   0
        58    840.247    828.644 327.8152873 +28.8777528    44.86  0.004850865 -12.4613 -11.2359   0.0138     31213.94     395.9567     671.4581    0.692   2
        59    165.257    844.060 327.8987927 +28.8743885     4.41 0.0004771841  -9.6085  -9.7357   0.0528     7839.573     380.8498     717.5151    0.083   0
        60    405.636    815.063 327.8691115 +28.8781270     4.65 0.0005023584  -9.6158  -9.5568   0.0621     6648.184     380.1089      735.335    0.022   0
        61    573.584    822.109 327.8483078 +28.8777911     4.36 0.0004717868 -12.7529 -12.7958   0.0038     131313.2     454.7783     734.9821    0.036   0
        62    674.053    800.241 327.8359243 +28.8804008     4.43 0.0004785656 -10.7890 -10.8581   0.0192     22042.21     390.1331     742.6639    0.077   0
        63    669.375    585.433 327.8370105 +28.9035494     4.66 0.0005040637 -10.9346 -10.9923   0.0171      24942.3     391.9361     742.5541    0.074   0
        64    796.395    762.692 327.8208695 +28.8847546     5.53 0.0005980227  -9.5348  -9.7877   0.0503     8223.665     381.1018      740.163    0.139   0
        65    466.525    769.879 327.8616831 +28.8831525     4.98 0.0005379685  -8.5774  -8.6505   0.1421     2885.353     377.6683     739.1555    0.140   0
        66    107.186    690.491 327.9063535 +28.8907969     4.52 0.0004888247 -10.6660 -10.7529   0.0211      20006.1     388.8056     723.1008    0.105   0
        67    168.161    700.568 327.8987813 +28.8898668     5.11 0.0005529778  -8.4826  -8.8314   0.1204     3408.374     377.9827     728.8655    0.146   0
        68    534.296    709.119 327.8534392 +28.8898746     4.41  0.000476426 -13.1797 -13.2306   0.0027     195987.4      489.024     741.5206    0.036   0
        69    848.345    591.181 327.8148402 +28.9033759     5.14 0.0005562091 -10.0308 -10.2012   0.0346     12036.05     383.6362     724.4954    0.086   0
        70    249.875    661.498 327.8887608 +28.8942880     4.82 0.0005207919  -9.3159  -9.5099   0.0648     6367.472     379.9348     735.6889    0.063   0
        71    798.729    687.091 327.8207579 +28.8929116     4.50 0.0004864565 -13.3981 -13.4401   0.0023     237707.6     509.9221     742.8687    0.051   0
        72    601.855    646.612 327.8452245 +28.8967838     4.85 0.0005239455  -9.5194  -9.5972   0.0598     6900.611     380.2539      741.848    0.135   0
        73    653.675    647.066 327.8388085 +28.8968649     4.50 0.0004869737 -10.4150 -10.4822   0.0269     15590.75     385.9354     742.6409    0.045   0
        74    812.943    566.984 327.8192797 +28.9058968     4.53 0.0004894798 -11.4873 -11.6183   0.0099     44394.35     404.1731     738.2214    0.053   0
        75    619.755    602.120 327.8431140 +28.9016258     6.07 0.0006558236  -8.3676  -8.5437   0.1567     2615.115     377.4576     740.8491    0.297   0
        76    793.391    623.550 327.8215677 +28.8997492     5.15 0.0005571165  -8.2472  -7.8781   0.2887     1416.585     376.6312     742.9075    0.176   0
        77    745.598    608.738 327.8275191 +28.9012272     4.46 0.0004826213 -11.7870 -11.8210   0.0083     53504.46     409.6817     743.2087    0.076   0
        78    903.031    608.751 327.8080290 +28.9016171     4.24 0.0004582243  -9.7913  99.0000  99.0000    -6647.333     375.7003     657.3343    0.107   0
        79    303.603    550.997 327.8823760 +28.9063389     4.59 0.0004965486 -12.3296 -12.4013   0.0051     91309.41     432.0991     736.5626    0.089   0
        80     17.649    595.459 327.9176690 +28.9008127     4.58 0.0004954874  -8.3805  -8.9183   0.1112       3692.6     378.1178     709.7249    0.138   0
        81    362.406    569.518 327.8750515 +28.9044915     4.85 0.0005248673  -9.1406  -9.3159   0.0773     5325.491     379.1854     738.0068    0.103   0
        82    302.806    566.826 327.8824366 +28.9046302     4.80 0.0005189711 -10.4198 -10.5787   0.0246     17040.25     386.7183     736.9034    0.119   0
        83    309.204    529.292 327.8817348 +28.9086933     4.83 0.0005217834 -10.5888 -10.6917   0.0223     18908.64     388.0478     736.3579    0.125   0
        84    698.163    557.420 327.8335125 +28.9066417     4.57 0.0004940465 -11.7252 -11.7687   0.0087     50989.86     408.1541     742.8768    0.089   0
        85    750.102    500.011 327.8272172 +28.9129612     4.68 0.0005064363 -12.1556 -12.2198   0.0060     77251.64     424.0101     742.9375    0.096   0
