#   1 NUMBER                 Running object number                                     
#   2 X_IMAGE                Object position along x                                    [pixel]
#   3 Y_IMAGE                Object position along y                                    [pixel]
#   4 ALPHA_J2000            Right ascension of barycenter (J2000)                      [deg]
#   5 DELTA_J2000            Declination of barycenter (J2000)                          [deg]
#   6 FWHM_IMAGE             FWHM assuming a gaussian core                              [pixel]
#   7 FWHM_WORLD             FWHM assuming a gaussian core                              [deg]
#   8 MAG_BEST               Best of MAG_AUTO and MAG_ISOCOR                            [mag]
#   9 MAG_APER               Fixed aperture magnitude vector                            [mag]
#  10 MAGERR_APER            RMS error vector for fixed aperture mag.                   [mag]
#  11 FLUX_APER              Flux vector within fixed circular aperture(s)              [count]
#  12 FLUXERR_APER           RMS error vector for aperture flux(es)                     [count]
#  13 BACKGROUND             Background at centroid position                            [count]
#  14 ELLIPTICITY            1 - B_IMAGE/A_IMAGE                                       
#  15 FLAGS                  Extraction flags                                          
         1    851.613     87.739 200.9152499 +36.1175351   115.69    0.0124811 -14.9028 -12.7095   0.0050     121278.2     559.7369     814.1829    0.485  19
         2    816.242     46.313 200.9200675 +36.1218938    71.78   0.00774352 -13.5767 -12.1606   0.0080     73155.25     537.8805     653.4452    0.786  19
         3    823.397      9.720 200.9191830 +36.1258508    85.57  0.009231873 -13.7010 -12.5602   0.0054     105704.6     520.8809     427.5246    0.794  24
         4    573.829     99.139 200.9524091 +36.1155305     1.07 0.0001158019  -7.4625  -9.4074   0.0948     5793.968     505.6175     1029.356    0.212   0
         5    676.812    200.007 200.9384203 +36.1049678     4.95 0.0005341532 -15.4864 -15.5123   0.0007      1602962     1026.633     1037.882    0.048   4
         6    764.038    197.693 200.9267511 +36.1054609     4.89 0.0005275832 -15.0106 -15.0411   0.0009      1038598     878.6155     1039.182    0.046   0
         7    116.900    208.861 201.0133344 +36.1024209     4.75 0.0005119432 -13.2237 -13.2749   0.0032     204157.2     595.6166     965.0089    0.080   0
         8    540.508    206.979 200.9566478 +36.1038339     3.73 0.0004022259  -8.4602  -9.2306   0.1114     4922.937     505.1159     1029.769    0.375   0
         9    329.230    270.565 200.9847900 +36.0963922     5.87 0.0006327612  -8.5777  -8.9185   0.1483     3693.277     504.5069     1010.729    0.052   0
        10    618.216    331.239 200.9459948 +36.0906837     4.95 0.0005342253 -10.8467 -10.9240   0.0238     23420.43     514.1339     1030.499    0.129   0
        11    257.864    377.697 200.9941145 +36.0846615     5.55 0.0005991925  -9.2808  -9.4827   0.0885     6209.663     505.7948     996.2031    0.317   0
        12    194.209    439.798 201.0025000 +36.0777973     6.23  0.000672536  -9.1669  -9.4331   0.0925     5932.623     505.4881     974.8088    0.100   0
        13     21.918    488.984 201.0254441 +36.0720075     6.17 0.0006660288  -8.9563  -8.5445   0.2091     2616.953     503.9449     919.7376    0.213   0
        14    135.909    529.944 201.0101081 +36.0679306     4.70 0.0005069541 -12.9598 -13.0090   0.0039     159802.4     576.7239     949.6412    0.079   0
        15    883.727    860.184 200.9094155 +36.0345156     8.15 0.0008788576 -10.9822 -11.1788   0.0190     29616.26     517.2484     899.7098    0.704   2
        16    886.230    941.509 200.9089193 +36.0257726    12.65  0.001364669 -11.6909 -11.2060   0.0185      30366.8     517.5696     869.0422    0.210   2
        17    888.325    899.021 200.9087236 +36.0303497    12.97  0.001399172 -12.0519 -11.3762   0.0159     35520.41     520.0667     877.2615    0.220   0
        18    106.662    882.668 201.0132693 +36.0298966     4.07 0.0004389808  -8.6319  -9.0270   0.1343      4081.23     504.7133      826.356    0.425   0
        19    880.988    826.996 200.9098477 +36.0380787     3.74 0.0004036815  -9.7670 -11.1251   0.0199     28185.56      516.335     916.5423    0.012   0
        20    880.403    781.447 200.9100165 +36.0429778     7.53 0.0008128791 -10.6326 -11.1510   0.0194     28867.07     516.7064     931.3016    0.760   0
        21     43.007    773.526 201.0220137 +36.0414549     5.00 0.0005399408  -8.3894  -7.7892   0.4188     1305.162     503.2795     860.2352    0.378   0
        22    884.495    738.995 200.9095535 +36.0475567     3.55 0.0003832324  -9.2387 -11.1095   0.0202     27784.06     516.2375     930.7338    0.661   2
        23    881.761    728.382 200.9099402 +36.0486909     3.44  0.000371381  -9.1791 -11.1058   0.0202     27690.31     516.1782     938.5908    0.409   0
        24    528.757    724.939 200.9571570 +36.0480729     5.34 0.0005756644  -9.7639 -10.0485   0.0527     10456.67     507.8333     978.1388    0.117   0
        25    218.176    720.144 200.9987022 +36.0477037     5.15 0.0005552681 -10.1737 -10.1541   0.0479     11525.29     508.4153     928.6254    0.149   0
        26    535.097    704.141 200.9563517 +36.0503285     6.83 0.0007370546 -10.2706 -10.3772   0.0391     14154.46     509.7206     984.9969    0.055   0
        27    883.424    705.394 200.9097635 +36.0511689     3.45 0.0003717104  -8.9572 -11.0573   0.0211     26480.53     515.4672     941.6439    0.709   0
        28    881.187    760.015 200.9099541 +36.0452859     5.12 0.0005519743  -9.9427 -11.1557   0.0194     28991.64     516.7528     933.6647    0.199   0
        29    878.734    799.456 200.9102038 +36.0410355     5.60 0.0006045474 -10.1063 -11.1474   0.0195     28771.84      516.771     929.5227    0.694   0
        30    763.289    596.044 200.9260503 +36.0625996     4.95 0.0005342642 -10.3409 -10.4452   0.0368     15069.34     510.1551     1021.023    0.121   0
        31    883.128    950.631 200.9093160 +36.0247825     6.70 0.0007228245 -10.6455 -11.2344   0.0180      31170.9     517.9579      874.006    0.459   2
        32    483.434    671.143 200.9633290 +36.0537326     4.82 0.0005200868 -10.2156 -10.3391   0.0405     13665.41     509.4526     989.8436    0.061   0
        33    879.796    970.798 200.9097214 +36.0226035     3.46 0.0003736663  -9.0078 -11.1170   0.0200     27976.63     516.2615     877.2226    0.652   0
        34    884.562    924.572 200.9091760 +36.0275902     8.50 0.0009165962 -11.0961 -11.2251   0.0182     30904.97     517.8019     874.8845    0.509   2
        35    701.205    562.500 200.9344226 +36.0660351     5.13 0.0005530335  -8.6374  -9.2407   0.1104     4968.976     505.0538     1020.816    0.286   0
