#   1 NUMBER                 Running object number                                     
#   2 X_IMAGE                Object position along x                                    [pixel]
#   3 Y_IMAGE                Object position along y                                    [pixel]
#   4 ALPHA_J2000            Right ascension of barycenter (J2000)                      [deg]
#   5 DELTA_J2000            Declination of barycenter (J2000)                          [deg]
#   6 FWHM_IMAGE             FWHM assuming a gaussian core                              [pixel]
#   7 FWHM_WORLD             FWHM assuming a gaussian core                              [deg]
#   8 MAG_BEST               Best of MAG_AUTO and MAG_ISOCOR                            [mag]
#   9 MAG_APER               Fixed aperture magnitude vector                            [mag]
#  10 MAGERR_APER            RMS error vector for fixed aperture mag.                   [mag]
#  11 FLUX_APER              Flux vector within fixed circular aperture(s)              [count]
#  12 FLUXERR_APER           RMS error vector for aperture flux(es)                     [count]
#  13 BACKGROUND             Background at centroid position                            [count]
#  14 ELLIPTICITY            1 - B_IMAGE/A_IMAGE                                       
#  15 FLAGS                  Extraction flags                                          
         1      9.693     81.707 237.9943681 +32.9328515    60.01   0.00643213 -13.1236 -12.2514   0.0079     79538.23     581.9742     441.6857    0.616  24
         2    141.784     87.760 237.9774106 +32.9325663    34.94  0.003745518 -12.6973 -11.4255   0.0176     37170.51     603.6085     1035.719    0.707   0
         3    192.332     29.772 237.9710181 +32.9388880    27.76  0.002975056 -11.8714 -11.3877   0.0182     35899.57     603.2116     680.5866    0.183   1
         4    136.757     10.816 237.9781796 +32.9407588    84.42  0.009048196 -14.3206 -13.0699   0.0040     169024.8      629.209     353.8778    0.740  24
         5    310.764     32.658 237.9558171 +32.9389005     2.77 0.0002967383  -7.4527  99.0000  99.0000    -36778.48     588.1283     873.1087    0.319   0
         6    914.218     83.906 237.8783078 +32.9350382     6.32 0.0006770488 -11.9586 -11.7994   0.0126     52452.95     610.0175      1034.64    0.132   0
         7    420.084     86.983 237.9417045 +32.9334007     5.86 0.0006276901 -11.4559 -11.4874   0.0167     39352.76     604.5925     1141.423    0.066   0
         8     64.268    110.787 237.9873188 +32.9298993    11.87  0.001272787 -10.0410  99.0000  99.0000    -5981.908      588.145     793.6533    0.581   2
         9     74.755     99.499 237.9859916 +32.9311318     1.34 0.0001431932  -8.5951  99.0000  99.0000    -22600.68      588.095     794.7034    0.200   0
        10    551.193    135.036 237.9248080 +32.9286263     5.32 0.0005700475 -11.0201 -10.8824   0.0288     22540.95     597.4694     1195.788    0.064   0
        11    985.870    190.518 237.8689563 +32.9238550     5.55 0.0005950698 -14.8056 -14.8380   0.0011     861398.1      881.279     1101.366    0.102   0
        12    978.403    174.617 237.8699378 +32.9255314     9.28 0.0009948802  -9.5137 -10.6421   0.0358     18065.23     595.4458     1104.123    0.142   1
        13    950.868    199.626 237.8734332 +32.9227922     6.64 0.0007112481  -9.2743  -9.9475   0.0675     9527.931     592.1976     1113.831    0.230   0
        14     72.687    258.104 237.9859996 +32.9142106     7.90 0.0008469459 -11.1763 -11.3892   0.0182      35947.8      603.264     1100.192    0.651   0
        15    179.973    251.583 237.9722477 +32.9151980     5.29 0.0005667644 -11.9430 -12.0134   0.0104     63881.68     614.4924     1226.065    0.066   0
        16    249.985    265.278 237.9632447 +32.9139269     5.54 0.0005943162  -9.5541  -9.6934   0.0852     7540.113     591.2751     1225.689    0.109   0
        17    566.248    406.555 237.9224568 +32.8997081    13.34  0.001429587 -17.0333 -17.0383   0.0003      6535872     1901.008     1204.182    0.251   4
        18    883.796    304.716 237.8818808 +32.9114084     5.62 0.0006022964  -9.4208  -9.4572   0.1057     6065.778     590.6514     1120.675    0.174   0
        19    780.376    336.518 237.8950989 +32.9077449     4.90 0.0005250736 -12.1690 -12.2289   0.0086     77907.38     620.3143     1152.428    0.064   0
        20     76.597    331.803 237.9853786 +32.9063611     3.44 0.0003690126  -9.4082 -11.2324   0.0210     31114.89     600.9974     1118.852    0.413   0
        21    153.178    370.195 237.9754940 +32.9024750     4.94 0.0005296823 -12.8386 -12.8904   0.0049     143267.5     645.8919     1223.397    0.057   0
        22    432.315    347.773 237.9397267 +32.9056196     5.13 0.0005499834  -8.6854  -9.2800   0.1244     5152.248     590.2978      1215.73    0.381   0
        23    437.372    357.157 237.9390633 +32.9046323     6.28 0.0006729194  -9.2181  -9.5918   0.0935     6866.223      590.957     1215.465    0.236   0
        24    785.614    368.780 237.8943783 +32.9043179     4.74 0.0005084636  -8.9660  -9.3227   0.1196     5359.117     590.1699     1143.641    0.328   0
        25    336.834    371.209 237.9519366 +32.9028636     6.07  0.000650099  -9.0348  -9.1351   0.1421     4508.425      589.826     1218.871    0.081   0
        26    203.945    395.007 237.9689429 +32.8999665     4.92 0.0005270773 -11.8525 -11.9612   0.0109      60882.7     613.3508     1222.287    0.030   0
        27     79.267    392.431 237.9849378 +32.8999023     4.14  0.000443642  -9.7592 -11.2270   0.0211     30959.13      601.128     1124.957    0.544   0
        28     75.616    422.199 237.9853579 +32.8967175     3.43 0.0003681529  -9.2556 -11.2141   0.0213     30594.48     600.6669     1106.684    0.413   0
        29     81.004    447.174 237.9846264 +32.8940686     3.93  0.000421447  -9.4295 -11.1712   0.0222     29407.72      600.238      1130.96    0.503   0
        30    370.558    453.554 237.9474813 +32.8941720     5.19 0.0005563701  -9.8941 -10.1376   0.0567     11350.74     592.9501     1212.841    0.051   0
        31    960.821    497.262 237.8717145 +32.8910743     4.73 0.0005065845 -12.6888 -12.7372   0.0056     124413.3     638.8282      1034.91    0.087   0
        32     76.520    547.342 237.9850391 +32.8833732    22.07  0.002365842 -12.5260 -11.4290   0.0176     37292.07     603.8533     1104.126    0.370   0
        33    228.912    526.162 237.9655312 +32.8860461     4.84 0.0005187529  -9.2621  -9.1503   0.1401     4572.303     590.0189     1213.753    0.087   0
        34     82.168    757.998 237.9839738 +32.8609218     3.96 0.0004248028  -9.5134 -11.2965   0.0198      33007.5     601.7679     1084.111    0.512   0
        35    751.309    942.250 237.8979092 +32.8430652     4.26 0.0004563191 -12.7099 -12.7547   0.0055     126440.6     639.6671     959.2209    0.144   0
        36     86.152    945.284 237.9831601 +32.8409582     4.39 0.0004701971  -9.7683 -11.1893   0.0218     29903.85     600.7867     1027.595    0.308   0
        37    650.211   1001.749 237.9107765 +32.8364521     4.17  0.000446714 -12.5538 -12.6097   0.0062     110629.3      633.411     980.4695    0.166   0
        38    748.280    646.513 237.8987457 +32.8745984     4.66 0.0004999366  -9.6493  -9.6547   0.0882     7275.737     591.2295     1076.963    0.118   0
        39    720.120    877.847 237.9020047 +32.8498515     4.03 0.0004321167 -11.8814 -11.9370   0.0112     59539.82     612.9629     1002.456    0.132   0
        40    776.028    830.800 237.8949091 +32.8550167     4.13 0.0004428206 -10.7922 -10.8434   0.0298     21745.72     597.0546     995.1748    0.160   0
        41     81.849    651.417 237.9841871 +32.8722879     4.95 0.0005301626 -10.0530 -11.2996   0.0197     33101.91      601.986     1114.091    0.676   0
        42    706.257    668.853 237.9040999 +32.8721048     5.53 0.0005924381  -8.8384  -8.6118   0.2298     2784.369     589.2277     1088.391    0.046   0
        43    152.078    808.438 237.9749302 +32.8557324     4.05 0.0004337758 -11.8575 -11.8993   0.0116     57505.19     612.0366     1159.443    0.087   0
        44     75.901    816.437 237.9846825 +32.8546721     5.46 0.0005851433 -10.2595 -11.2634   0.0204     32014.19     601.5178     1032.583    0.352   2
        45    400.632    779.776 237.9431122 +32.8594604     5.28 0.0005654851  -8.8215  -8.8273   0.1885     3395.545     589.5035     1148.336    0.357   0
        46     82.566    820.179 237.9838221 +32.8542911     5.76 0.0006176099 -10.3591 -11.3214   0.0194     33773.31     602.2322     1065.221    0.422   0
        47     84.594    791.002 237.9836094 +32.8574084     4.15 0.0004450133  -9.6788 -11.2537   0.0206     31730.87      601.335     1086.229    0.590   0
        48     76.787    728.402 237.9847115 +32.8640636     2.64 0.0002826368  -9.3705 -11.3093   0.0196      33396.6      601.897     1068.986    0.409   0
        49     80.803    721.385 237.9842080 +32.8648229     3.46 0.0003705307  -9.4200 -11.3015   0.0197     33158.78      601.782      1091.29    0.426   0
        50     78.763    683.268 237.9845313 +32.8688825    11.52  0.001234831 -11.8399 -11.4286   0.0176     37276.18     603.7009     1090.885    0.499   2
        51    894.669    621.102 237.8800132 +32.8776934     4.41 0.0004729053  -8.6045  -8.8595   0.1831     3497.728     589.6464     1017.962    0.265   0
        52    685.950    689.966 237.9066715 +32.8697993     4.15 0.0004443497 -11.7445 -11.7968   0.0127     52325.22     609.9812     1089.238    0.071   0
        53    531.104    664.405 237.9265645 +32.8721141     4.64 0.0004976643  -9.3164  -9.5004   0.1016     6312.031     590.6893     1154.578    0.102   0
        54    611.598    540.073 237.9164348 +32.8855887     5.02  0.000537978  -8.8873  -8.9159   0.1738     3684.287     589.5762     1162.706    0.201   0
        55    585.836    947.184 237.9191112 +32.8421007     4.12 0.0004412739  -9.9327  -9.9419   0.0678     9479.001     592.0282     1029.013    0.164   0
        56     98.517    550.975 237.9822125 +32.8830457     5.09 0.0005456769  -9.1111  -9.3882   0.1127     5692.408     590.5265     1211.105    0.194   0
        57    437.077    614.468 237.9386985 +32.8771887     4.32 0.0004634949 -12.6250 -12.6922   0.0058     119365.4     636.8497     1190.577    0.065   0
        58    576.648    562.737 237.9208817 +32.8830786     6.60 0.0007077154  -9.6950  -9.7833   0.0784     8190.431     591.4838     1167.188    0.019   0
        59     85.538    988.311 237.9831692 +32.8363676     5.80 0.0006213423 -10.7603 -10.9381   0.0274     23726.21     598.1779     1016.602    0.101   0
        60    311.319    575.924 237.9548848 +32.8809615     4.86 0.0005210171  -9.5107  -9.5543   0.0968     6632.865     591.0073     1206.649    0.132   0
        61     84.295    879.728 237.9835042 +32.8479449     4.29 0.0004602641  -9.7837 -11.2752   0.0202     32364.18     601.7283     1045.764    0.598   0
        62     85.673    901.342 237.9832925 +32.8456434     4.09 0.0004380863  -9.6767 -11.2548   0.0206     31762.35     601.4457     1045.122    0.423   0
