#   1 NUMBER                 Running object number                                     
#   2 X_IMAGE                Object position along x                                    [pixel]
#   3 Y_IMAGE                Object position along y                                    [pixel]
#   4 ALPHA_J2000            Right ascension of barycenter (J2000)                      [deg]
#   5 DELTA_J2000            Declination of barycenter (J2000)                          [deg]
#   6 FWHM_IMAGE             FWHM assuming a gaussian core                              [pixel]
#   7 FWHM_WORLD             FWHM assuming a gaussian core                              [deg]
#   8 MAG_BEST               Best of MAG_AUTO and MAG_ISOCOR                            [mag]
#   9 MAG_APER               Fixed aperture magnitude vector                            [mag]
#  10 MAGERR_APER            RMS error vector for fixed aperture mag.                   [mag]
#  11 FLUX_APER              Flux vector within fixed circular aperture(s)              [count]
#  12 FLUXERR_APER           RMS error vector for aperture flux(es)                     [count]
#  13 BACKGROUND             Background at centroid position                            [count]
#  14 ELLIPTICITY            1 - B_IMAGE/A_IMAGE                                       
#  15 FLAGS                  Extraction flags                                          
         1    835.811    293.505 238.0205141 +33.0193011   125.50   0.01346055 -15.1146 -12.2884   0.0100      82291.6     757.8796     1315.418    0.858  19
         2    831.157    129.260 238.0213777 +33.0368154   163.27   0.01751103 -15.8505 -12.4918   0.0084     99245.34      763.412     1240.944    0.854  19
         3    240.014      3.954 238.0975817 +33.0485515     1.08 0.0001154108  -7.4360  -8.5958   0.2326     2743.616     587.5688     1201.948    0.040  16
         4    455.510    124.951 238.0696737 +33.0362414     7.17 0.0007691255 -14.2004 -14.2335   0.0019     493613.4     883.2342     1375.501    0.253   0
         5    432.846    199.269 238.0724625 +33.0282479     6.86 0.0007356535 -10.3134 -10.4425   0.0531     15031.98      735.235     1411.268    0.261   0
         6     57.383    253.966 238.1206273 +33.0213582     8.17 0.0008763031 -10.7424 -10.8348   0.0371      21574.3     737.3949      1295.96    0.299   0
         7    172.679    273.857 238.1057749 +33.0195609     6.04 0.0006479653 -11.8048 -11.8501   0.0148     54958.33     748.8694     1373.354    0.270   0
         8    295.895    289.539 238.0899122 +33.0182331     6.12 0.0006564456  -9.5574  -9.8310   0.0930     8558.366     733.1541     1425.874    0.280   0
         9    283.777    291.882 238.0914656 +33.0179493     5.83 0.0006258129  -9.2046  -9.5824   0.1169     6807.119      732.536     1423.691    0.122   0
        10    261.018    294.013 238.0943869 +33.0176581     0.00            0  -8.8414  -9.7589   0.0994     8008.623     732.6578     1418.212    0.010   0
        11    488.436    364.149 238.0650421 +33.0108077     5.67 0.0006085454 -12.4802 -12.4830   0.0084        98446     763.1898     1496.523    0.193   0
        12      1.702    435.025 238.1274680 +33.0018797     4.63 0.0004967049  -9.5153  -9.4582   0.0974     6071.248      544.757     1344.301    0.566  24
        13    888.144    888.138 238.0128336 +32.9559892    57.07  0.006121589 -13.9540 -12.6353   0.0074     113273.4     767.9725     544.5983    0.149  16
        14    717.135    888.837 238.0347956 +32.9554478     3.05 0.0003266149 -10.2912  99.0000  99.0000     -34129.4     730.1679     1113.609    0.107   0
        15    841.276    830.970 238.0189451 +32.9619621    78.31  0.008398925 -13.9657 -13.0029   0.0053     158912.6     782.7079     1165.579    0.480  16
        16     46.238    850.524 238.1210243 +32.9576677     4.67 0.0005004294  -9.9441 -10.8622   0.0362     22125.23     737.7249     1328.949    0.035   0
        17    704.933    788.186 238.0365270 +32.9661549     4.85 0.0005203596 -11.2044 -11.2775   0.0248     32435.23     741.2512     1541.989    0.154   0
        18    663.454    787.765 238.0418555 +32.9660861     6.97 0.0007479838 -10.1997 -10.3740   0.0566     14111.84     735.0248     1541.838    0.205   0
        19     98.196    783.994 238.1144661 +32.9649141     4.66 0.0004997351 -11.7319 -11.8851   0.0143     56758.32     749.1882     1400.669    0.111   0
        20    651.880    710.507 238.0434690 +32.9742986     4.66 0.0004997998  -9.1185 -10.3676   0.0569     14029.63     734.9763     1541.673    0.244   0
        21    552.757    681.094 238.0562508 +32.9771640     4.89 0.0005246151  -9.1107  -9.1831   0.1687     4712.243     731.8001     1538.985    0.289   0
        22    397.962    826.024 238.0758924 +32.9612691     3.46 0.0003712993  -7.3252  -9.6252   0.1124      7080.69      732.547     1484.523    0.019   0
        23    710.298    686.228 238.0360043 +32.9770498     5.14 0.0005508095 -10.8874 -11.0296   0.0311     25812.82     738.9938      1541.45    0.153   0
        24    712.486    777.816 238.0355738 +32.9672823     4.96 0.0005320595 -10.4592 -10.5894   0.0464     17209.39     736.0366      1542.02    0.153   0
        25    720.035    651.278 238.0348104 +32.9808061     5.06 0.0005425899 -11.3951 -11.4122   0.0220     36718.11     742.5927     1536.702    0.179   0
