#   1 NUMBER                 Running object number                                     
#   2 X_IMAGE                Object position along x                                    [pixel]
#   3 Y_IMAGE                Object position along y                                    [pixel]
#   4 ALPHA_J2000            Right ascension of barycenter (J2000)                      [deg]
#   5 DELTA_J2000            Declination of barycenter (J2000)                          [deg]
#   6 FWHM_IMAGE             FWHM assuming a gaussian core                              [pixel]
#   7 FWHM_WORLD             FWHM assuming a gaussian core                              [deg]
#   8 MAG_BEST               Best of MAG_AUTO and MAG_ISOCOR                            [mag]
#   9 MAG_APER               Fixed aperture magnitude vector                            [mag]
#  10 MAGERR_APER            RMS error vector for fixed aperture mag.                   [mag]
#  11 FLUX_APER              Flux vector within fixed circular aperture(s)              [count]
#  12 FLUXERR_APER           RMS error vector for aperture flux(es)                     [count]
#  13 BACKGROUND             Background at centroid position                            [count]
#  14 ELLIPTICITY            1 - B_IMAGE/A_IMAGE                                       
#  15 FLAGS                  Extraction flags                                          
         1    834.009    284.644 238.0205076 +33.0196130   148.33   0.01589478 -15.5225 -12.5189   0.0091     101753.2     851.2445     1481.214    0.879  19
         2    830.470    131.123 238.0212165 +33.0359782   163.22   0.01749013 -15.9913 -12.7064   0.0077     120941.4     857.0616     1393.228    0.829  19
         3    454.835    120.079 238.0694575 +33.0361086     8.18 0.0008765511 -14.2146 -14.2174   0.0021     486354.6     957.6578     1548.668    0.119   0
         4    432.160    194.291 238.0722407 +33.0281293     9.53  0.001021238 -10.0573 -10.0461   0.0858     10434.17     824.1046     1598.076    0.067   0
         5     55.944    248.773 238.1204353 +33.0212493    11.53  0.001235626 -10.7649 -10.8037   0.0429     20963.96      827.408     1455.034    0.358   0
         6    171.827    268.990 238.1055260 +33.0194241     8.38 0.0008979805 -11.8167 -11.8309   0.0168     53995.64     836.9189     1550.741    0.156   0
         7    261.017    294.000 238.0940348 +33.0170102     0.00            0  -8.8821  -9.7982   0.1076     8303.698     823.0874     1610.144    0.009   0
         8    487.867    359.360 238.0648074 +33.0106794     7.19 0.0007703282 -12.4259 -12.4600   0.0096     96382.84      849.778     1700.069    0.061   0
         9      2.311    430.281 238.1269949 +33.0017357     8.33 0.0008928482  -9.6570  -9.6134   0.0971     7004.352     626.3513     1519.782    0.492  24
        10    800.714    800.414 238.0239238 +32.9645076    30.27  0.003243312 -12.5419 -11.9631   0.0149     60984.96     839.3223     1658.595    0.357   3
        11    716.968    883.597 238.0345268 +32.9554029     5.51 0.0005908925  -9.2649  99.0000  99.0000    -46598.04     820.6544      1312.19    0.125   0
        12    840.067    829.859 238.0188271 +32.9614757    74.33  0.007965427 -14.1302 -13.2013   0.0050       190777     877.1305     1313.967    0.428  16
        13    704.734    783.417 238.0362638 +32.9660544     7.17 0.0007683176 -11.1723 -11.2101   0.0296     30480.68     830.2555     1760.522    0.048   0
        14     97.715    779.761 238.1141335 +32.9647331     8.92 0.0009554437 -12.4811 -11.9472   0.0152     60101.18     839.0817      1587.09    0.024   0
        15    278.364    750.167 238.0910132 +32.9684040     1.71  0.000183648  -8.6146 -10.0563   0.0850     10532.51     824.1575     1724.978    0.198   0
        16    711.827    773.521 238.0353705 +32.9671297     8.67 0.0009289107 -10.5073 -10.5814   0.0525      17083.1     826.1653     1760.463    0.169   0
        17    148.316    628.590 238.1079094 +32.9810018     0.90 9.653362e-05  -9.7516 -10.2098   0.0738     12131.44     824.5962     1674.982    0.019   0
        18    888.122    888.280 238.0125669 +32.9553769    56.43  0.006046746 -14.1137 -12.8250   0.0069     134890.2     861.2314     553.2911    0.152  16
        19    709.775    681.624 238.0357877 +32.9769259     7.66 0.0008206376 -10.9617 -11.0137   0.0354        25437     828.5973     1759.712    0.057   0
        20    719.581    646.602 238.0345883 +32.9806886     7.47 0.0008006466 -11.4056 -11.4571   0.0236     38266.74     832.1614     1752.386    0.104   0
