#   1 NUMBER                 Running object number                                     
#   2 X_IMAGE                Object position along x                                    [pixel]
#   3 Y_IMAGE                Object position along y                                    [pixel]
#   4 ALPHA_J2000            Right ascension of barycenter (J2000)                      [deg]
#   5 DELTA_J2000            Declination of barycenter (J2000)                          [deg]
#   6 FWHM_IMAGE             FWHM assuming a gaussian core                              [pixel]
#   7 FWHM_WORLD             FWHM assuming a gaussian core                              [deg]
#   8 MAG_BEST               Best of MAG_AUTO and MAG_ISOCOR                            [mag]
#   9 MAG_APER               Fixed aperture magnitude vector                            [mag]
#  10 MAGERR_APER            RMS error vector for fixed aperture mag.                   [mag]
#  11 FLUX_APER              Flux vector within fixed circular aperture(s)              [count]
#  12 FLUXERR_APER           RMS error vector for aperture flux(es)                     [count]
#  13 BACKGROUND             Background at centroid position                            [count]
#  14 ELLIPTICITY            1 - B_IMAGE/A_IMAGE                                       
#  15 FLAGS                  Extraction flags                                          
         1    833.498    183.808 200.9220454 +36.2166865   183.45   0.01979326 -15.8117 -12.2574   0.0095     79978.25     702.0945      1177.66    0.913  16
         2    533.398     48.696 200.9625421 +36.2303445     9.16 0.0009882103  -9.7245  -9.9350   0.0780     9419.114     676.5037     1238.207    0.354   0
         3    485.710     89.771 200.9688514 +36.2257835     7.69 0.0008297436 -10.3304 -10.3114   0.0553     13321.62     678.0767      1255.96    0.394   0
         4    552.521    144.992 200.9597841 +36.2200392     6.66 0.0007187928  -9.7398  -9.8440   0.0848     8661.476     676.2805     1301.183    0.258   0
         5    621.165    165.531 200.9505418 +36.2180315     9.47  0.001022228 -10.8747 -10.9068   0.0321     23052.74     681.6362     1322.015    0.322   0
         6    261.020    293.992 200.9985471 +36.2031388     0.00            0  -8.7840  -9.4280   0.1242     5904.733     675.0328     1311.797    0.006   0
         7    202.926    330.838 201.0062554 +36.1989996     6.11 0.0006592264 -10.1037  -9.8721   0.0826      8888.47     676.4213     1314.276    0.247   0
         8    456.066    391.237 200.9722111 +36.1932565     6.47 0.0006982557  -9.7202  -9.9090   0.0799     9195.812     676.5159     1381.528    0.227   0
         9    112.367    724.881 201.0175635 +36.1563266     6.25  0.000674825  -8.7736  -8.2106   0.3803     1924.085     673.8614      1326.87    0.303   0
        10    887.947    887.838 200.9133703 +36.1410875    58.00  0.006258255 -13.8090 -12.4696   0.0079     97236.58     708.3942     547.4047    0.145  16
        11    898.691    449.339 200.9127881 +36.1883035     4.79 0.0005167733 -11.4092  99.0000  99.0000    -8652.362     673.2234     1009.574    0.170   0
        12    457.679    503.430 200.9717666 +36.1811889     4.88 0.0005269144 -12.2113 -12.2587   0.0095     80069.87      702.255     1397.219    0.156   0
        13    321.125    475.808 200.9901178 +36.1837546     5.32 0.0005744571 -10.4329 -10.5199   0.0457     16142.27     679.0403     1383.356    0.223   0
        14    841.297    830.262 200.9197299 +36.1471474    77.73  0.008386457 -13.8632 -12.8381   0.0057     136535.2     722.0767     1087.105    0.481  16
        15    183.211    543.658 201.0084533 +36.1760403     5.38 0.0005808814 -10.5952 -10.7064   0.0385     19166.56     680.1905     1360.773    0.126   0
        16    878.284    631.036 200.9151666 +36.1686927     4.67 0.0005038877 -11.7783  -9.8060   0.0878     8363.726     676.2273     1229.973    0.146   0
        17    444.856    543.869 200.9734021 +36.1767995     4.71 0.0005083623 -12.1090 -12.1859   0.0102     74876.68     700.3489     1396.365    0.147   0
        18    839.491    487.756 200.9206446 +36.1839976     6.79 0.0007330592 -10.8918 -11.2211   0.0241     30791.35     684.5247     1312.284    0.286   0
