#   1 NUMBER                 Running object number                                     
#   2 X_IMAGE                Object position along x                                    [pixel]
#   3 Y_IMAGE                Object position along y                                    [pixel]
#   4 ALPHA_J2000            Right ascension of barycenter (J2000)                      [deg]
#   5 DELTA_J2000            Declination of barycenter (J2000)                          [deg]
#   6 FWHM_IMAGE             FWHM assuming a gaussian core                              [pixel]
#   7 FWHM_WORLD             FWHM assuming a gaussian core                              [deg]
#   8 MAG_BEST               Best of MAG_AUTO and MAG_ISOCOR                            [mag]
#   9 MAG_APER               Fixed aperture magnitude vector                            [mag]
#  10 MAGERR_APER            RMS error vector for fixed aperture mag.                   [mag]
#  11 FLUX_APER              Flux vector within fixed circular aperture(s)              [count]
#  12 FLUXERR_APER           RMS error vector for aperture flux(es)                     [count]
#  13 BACKGROUND             Background at centroid position                            [count]
#  14 ELLIPTICITY            1 - B_IMAGE/A_IMAGE                                       
#  15 FLAGS                  Extraction flags                                          
         1    852.023     88.328 200.9156598 +36.1182649   119.17   0.01285513 -14.8324 -12.6235   0.0052     112045.7     540.3797     783.2671    0.502  19
         2    816.321     45.727 200.9205289 +36.1227422    69.34   0.00748062 -13.4437 -11.9927   0.0090     62673.77     517.0341     634.4568    0.806  19
         3    825.187      9.591 200.9194131 +36.1266509    86.53  0.009334411 -13.5893 -12.4483   0.0057     95353.28     500.5939     428.3959    0.805  24
         4    419.903     86.138 200.9735643 +36.1172636     1.27  0.000137345  -8.7847 -10.5775   0.0315      17022.2     494.4273     931.1799    0.184   0
         5    679.764    207.687 200.9384994 +36.1049477     5.45 0.0005879863 -15.4727 -15.4925   0.0007      1574032     1011.403     987.8174    0.086   0
         6    766.976    205.374 200.9268203 +36.1054447     5.47 0.0005899968 -14.9983 -15.0238   0.0009      1022178     864.2816     988.9362    0.077   0
         7    119.948    216.602 201.0134766 +36.1023681     5.26 0.0005671101 -13.2036 -13.2517   0.0031     199833.4     579.4225     922.5377    0.063   0
         8    543.030    213.470 200.9568055 +36.1039344     3.99 0.0004299269  -8.3549  -8.9782   0.1358     3902.064     487.7619     982.0295    0.175   0
         9    332.319    278.201 200.9848983 +36.0963687     6.05 0.0006522956  -8.7590  -8.8434   0.1536     3446.214     487.4597     965.1021    0.193   0
        10    621.142    338.971 200.9460857 +36.0906710     5.35  0.000576851 -10.8537 -10.9406   0.0227     23781.46     497.9004     979.4185    0.142   0
        11    260.923    385.081 200.9942374 +36.0846744     5.67 0.0006114343  -9.1216  -9.3179   0.0994     5335.253     488.5233     951.1489    0.313   0
        12    197.577    446.603 201.0025915 +36.0778776     5.55 0.0005986105  -8.8241  -9.0251   0.1300     4074.165     487.6448     931.8328    0.421   0
        13     25.034    496.883 201.0255905 +36.0719670     6.73 0.0007259066  -8.9899  -9.1142   0.1198     4422.607     488.0013     877.6122    0.272   0
        14    138.915    537.708 201.0102541 +36.0679147     5.31 0.0005727718 -12.9329 -12.9785   0.0039     155385.6     560.0477     908.7916    0.087   0
        15    885.309    858.332 200.9096708 +36.0356059     7.94 0.0008564853 -10.7728 -11.0715   0.0202     26828.32     499.4012      857.516    0.676   0
        16    108.395    890.803 201.0135900 +36.0298783     3.44 0.0003709553  -8.5374  -9.3072   0.1004     5282.944     488.3188     784.0885    0.420   0
        17    884.796    884.165 200.9096882 +36.0328281     9.86  0.001063469 -11.3413 -11.1406   0.0190     28592.26     500.0832     849.6909    0.512   0
        18    479.985    857.010 200.9639260 +36.0345916     4.20 0.0004529834  -8.2250  -7.0872   0.7718     683.6923     485.9035      884.309    0.014   0
        19    883.396    844.790 200.9099538 +36.0370558     3.45 0.0003722461  -8.9744 -11.0717   0.0202     26833.12      499.203     865.2331    0.421   0
        20    883.788    789.787 200.9100104 +36.0429682     3.85 0.0004158145  -9.2749 -11.0824   0.0200     27099.84     499.3366     877.2239    0.532   0
        21    881.834    772.612 200.9103060 +36.0448084     7.35 0.0007927317 -10.6205 -11.0916   0.0198     27328.84     499.4779     885.6985    0.682   0
        22    881.605    731.792 200.9104177 +36.0491948     3.47 0.0003740288  -8.9074 -11.0159   0.0212     25489.64     498.5565     895.3773    0.769   0
        23    221.155    727.988 200.9988411 +36.0477063     5.70 0.0006153873 -10.2189 -10.2048   0.0442     12075.98     491.8521     886.1766    0.132   0
        24    537.877    712.174 200.9564738 +36.0503238     7.40 0.0007986657 -10.1235 -10.1581   0.0462     11567.48     491.6887     937.5011    0.170   0
        25    486.289    678.911 200.9634486 +36.0537500     5.48 0.0005912044 -10.1404 -10.1752   0.0454     11751.66     491.7687     941.3586    0.131   0
        26    531.539    732.953 200.9572798 +36.0480725     5.66 0.0006103524  -9.6887  -9.8093   0.0634     8389.355     489.9747     931.7465    0.205   0
        27    766.199    603.844 200.9261244 +36.0626186     5.09 0.0005495751 -10.2220 -10.2994   0.0406     13175.63      492.343      971.662    0.182   0
        28    880.706    805.297 200.9103922 +36.0412926     6.57 0.0007083752 -10.4069 -11.1020   0.0197     27593.02     499.8773     880.2582    0.522   0
        29    890.006    949.846 200.9088606 +36.0257840     5.26 0.0005669651  -9.9147 -11.0397   0.0208     26054.43     498.8798     821.8764    0.759   2
        30    864.158    693.886 200.9128288 +36.0532193     4.47 0.0004819931  -8.7241 -10.2346   0.0431     12411.39     492.1311     945.6464    0.221   0
        31    883.165    968.209 200.9097398 +36.0237912     6.17 0.0006659678 -10.4268 -11.1382   0.0190     28528.42     500.0913     831.5955    0.569   0
        32    892.512    906.719 200.9086108 +36.0304259    10.73  0.001157505 -11.7290 -11.1515   0.0188     28879.88     500.3871     826.8347    0.213   0
        33    704.498    571.052 200.9344521 +36.0659672     3.72 0.0004015292  -8.1613  -8.7860   0.1619     3268.889     487.4236     971.9047    0.372   0
