#   1 NUMBER                 Running object number                                     
#   2 X_IMAGE                Object position along x                                    [pixel]
#   3 Y_IMAGE                Object position along y                                    [pixel]
#   4 ALPHA_J2000            Right ascension of barycenter (J2000)                      [deg]
#   5 DELTA_J2000            Declination of barycenter (J2000)                          [deg]
#   6 FWHM_IMAGE             FWHM assuming a gaussian core                              [pixel]
#   7 FWHM_WORLD             FWHM assuming a gaussian core                              [deg]
#   8 MAG_BEST               Best of MAG_AUTO and MAG_ISOCOR                            [mag]
#   9 MAG_APER               Fixed aperture magnitude vector                            [mag]
#  10 MAGERR_APER            RMS error vector for fixed aperture mag.                   [mag]
#  11 FLUX_APER              Flux vector within fixed circular aperture(s)              [count]
#  12 FLUXERR_APER           RMS error vector for aperture flux(es)                     [count]
#  13 BACKGROUND             Background at centroid position                            [count]
#  14 ELLIPTICITY            1 - B_IMAGE/A_IMAGE                                       
#  15 FLAGS                  Extraction flags                                          
         1    832.260    151.601 238.0212229 +33.0348359   155.90   0.01676786 -15.3563 -11.9184   0.0110     58527.01     591.6155     975.5963    0.914  18
         2    456.035    124.863 238.0697216 +33.0366495     6.62 0.0007119321 -14.0318 -14.0528   0.0019     417947.6     727.9553     1051.879    0.054   0
         3    839.717    327.622 238.0200006 +33.0160056    55.91  0.006012931 -13.0983 -11.7878   0.0123     51894.76     588.9759     1015.046    0.428   3
         4    433.397    198.972 238.0725224 +33.0286491     6.73 0.0007233064 -10.0702 -10.0682   0.0582     10648.73     570.9616     1073.245    0.105   0
         5     58.047    253.775 238.1207747 +33.0217128     9.94  0.001069003 -10.6109 -10.6606   0.0340     18376.26     574.5249     1001.064    0.328   0
         6    173.319    273.651 238.1058986 +33.0199139     6.92 0.0007437834 -11.6102 -11.6356   0.0141     45107.14     586.1342     1049.522    0.101   0
         7    296.241    289.007 238.0900450 +33.0186190     5.84 0.0006277005  -9.3238  -9.5200   0.0962     6427.033     569.2058     1082.353    0.133   0
         8    260.998    294.021 238.0945756 +33.0179821     0.00            0  -8.8340  -9.4988   0.0980     6302.519     569.0076     1077.122    0.005   0
         9    488.897    363.874 238.0651203 +33.0111451     6.20 0.0006667941 -12.2906 -12.3278   0.0077     85334.02     602.9876     1122.767    0.053   0
        10      2.711    434.802 238.1276078 +33.0021670     6.31 0.0006790638 -10.1681 -10.2514   0.0382     12605.43     443.3756      1029.13    0.374  24
        11    887.637    887.560 238.0130017 +32.9561709    62.45  0.006716833 -13.4499 -12.0785   0.0095     67827.92     595.7006     541.4731    0.137  16
        12    717.337    887.531 238.0349168 +32.9557026     5.49  0.000589959  -9.8055  99.0000  99.0000    -15309.89     566.5042     895.0028    0.123   0
        13    841.235    830.924 238.0190571 +32.9621083    81.48  0.008763821 -13.6606 -12.5107   0.0066     100992.2     609.4301     918.0507    0.515  16
        14    705.265    787.708 238.0366207 +32.9663596     6.60 0.0007102856 -11.0264 -11.0855   0.0231     27176.24     578.4199     1151.304    0.093   2
        15    712.646    777.606 238.0356860 +32.9674620     7.08 0.0007615559 -10.1844 -10.4133   0.0425     14633.11     572.7986     1151.311    0.111   3
        16    663.922    787.255 238.0419422 +32.9662930     7.42 0.0007977238  -9.7588  -9.9987   0.0621     9988.031     570.9586     1151.463    0.283   0
        17     98.853    783.743 238.1146708 +32.9650733     6.66 0.0007167924 -10.9592 -10.9981   0.0250      25074.2     577.3849     1084.658    0.116   0
        18    720.256    650.954 238.0348971 +32.9810470     6.32 0.0006802155 -11.2150 -11.2592   0.0198     31892.11     580.4233     1148.516    0.087   0
        19    710.622    686.062 238.0360844 +32.9772603     6.87 0.0007389737 -10.7005 -10.7664   0.0308     20257.04     575.3585     1151.543    0.077   0
        20    350.486    841.998 238.0821955 +32.9595503    -0.23 -2.473348e-05  -8.2689  -9.8083   0.0739     8381.726     570.1433     1100.058    0.270   0
        21    553.015    680.217 238.0563797 +32.9774464     5.08  0.000546174  -8.9449  -9.0619   0.1464     4214.472     568.1373      1149.18    0.206   0
        22      8.014    683.990 238.1265224 +32.9754957     0.00            0  -7.2730  99.0000  99.0000    -1145.571     508.1961     1048.111    0.031  16
