#   1 NUMBER                 Running object number                                     
#   2 X_IMAGE                Object position along x                                    [pixel]
#   3 Y_IMAGE                Object position along y                                    [pixel]
#   4 ALPHA_J2000            Right ascension of barycenter (J2000)                      [deg]
#   5 DELTA_J2000            Declination of barycenter (J2000)                          [deg]
#   6 FWHM_IMAGE             FWHM assuming a gaussian core                              [pixel]
#   7 FWHM_WORLD             FWHM assuming a gaussian core                              [deg]
#   8 MAG_BEST               Best of MAG_AUTO and MAG_ISOCOR                            [mag]
#   9 MAG_APER               Fixed aperture magnitude vector                            [mag]
#  10 MAGERR_APER            RMS error vector for fixed aperture mag.                   [mag]
#  11 FLUX_APER              Flux vector within fixed circular aperture(s)              [count]
#  12 FLUXERR_APER           RMS error vector for aperture flux(es)                     [count]
#  13 BACKGROUND             Background at centroid position                            [count]
#  14 ELLIPTICITY            1 - B_IMAGE/A_IMAGE                                       
#  15 FLAGS                  Extraction flags                                          
         1    852.337     88.349 238.0165652 +32.9317079   119.66   0.01283033 -14.7196 -12.4636   0.0057     96699.44     511.5631     752.8596    0.508  19
         2    816.066     46.041 238.0212855 +32.9361247    67.15  0.007200371 -13.3148 -11.8467   0.0097     54786.46     490.7022     625.0801    0.807  19
         3    820.894      9.527 238.0207240 +32.9400354    78.11  0.008375437 -13.5581 -12.3225   0.0061     84917.62     475.1666     443.1119    0.773  24
         4    486.348     39.228 238.0635990 +32.9359432     6.95 0.0007450187  -9.5418  99.0000  99.0000    -1263.374     462.0128     762.9509    0.178   0
         5     59.026    110.393 238.1183016 +32.9271483     6.52 0.0006985962 -13.8446 -13.8770   0.0019     355462.8     625.3048     861.6216    0.031   0
         6    724.296    119.714 238.0329418 +32.9280094     6.78 0.0007267849 -10.2755  -9.6914   0.0673     7525.894     466.0933     931.4673    0.183   0
         7    746.184    124.349 238.0301264 +32.9275748     6.28 0.0006731749  -9.9681  -7.7400   0.4028     1247.347     462.6481     931.5179    0.126   0
         8    365.760    140.590 238.0789025 +32.9247880    10.41  0.001116611  -9.7074  -9.5953   0.0734     6888.235     465.6085     916.6826    0.313   0
         9    695.256    187.755 238.0365582 +32.9206669     7.03 0.0007535061 -11.8941 -11.9501   0.0089     60259.09     493.5559     932.3171    0.099   0
        10    316.785    182.895 238.0851148 +32.9201355     6.53 0.0007005589  -9.7775  -9.7715   0.0625     8101.893     466.3762     913.3699    0.120   0
        11    471.933    179.626 238.0652184 +32.9209172     7.29  0.000781899  -9.2593  -9.5412   0.0771     6553.331     465.5454     924.3472    0.278   0
        12    520.819    209.167 238.0588993 +32.9178998     1.53 0.0001645867  -7.7227  -8.6146   0.1803     2791.496     463.4166      926.183    0.131   0
        13    106.344    251.632 238.1119922 +32.9122065     6.45 0.0006911302 -13.8112 -13.8432   0.0020     344579.8     621.0843     874.9501    0.060   0
        14    756.552    272.461 238.0285602 +32.9117937     6.34 0.0006801118 -12.2395 -12.2879   0.0067     82252.48     504.4775     932.7146    0.115   0
        15    228.458    272.055 238.0962954 +32.9103709    12.49  0.001339499 -10.3193 -10.2789   0.0394     12928.77     468.8922     901.5825    0.299   0
        16    575.496    323.305 238.0517008 +32.9058681     6.22  0.000666736 -11.3252 -11.4303   0.0140     37336.93     481.8805     925.6174    0.125   0
        17    281.770    337.023 238.0893493 +32.9035860     6.10 0.0006537773 -11.1931 -11.2374   0.0166     31256.95     478.5392     908.0843    0.103   0
        18     37.380    340.238 238.1206867 +32.9025537     8.75  0.000938057  -9.3408  -9.4859   0.0811     6227.962     465.2538     854.4275    0.195   0
        19    430.127    360.164 238.0702843 +32.9015304     2.75 0.0002946406  -7.9855  -8.5531   0.1908      2637.85      463.425      918.835    0.204   0
        20    445.082    377.976 238.0683372 +32.8996708     5.77 0.0006184573 -10.9047 -10.9764   0.0210     24577.64     475.0624     918.8238    0.136   0
        21    505.771    428.815 238.0604711 +32.8944129     5.79 0.0006203791 -12.1948 -12.2373   0.0070      78506.2     502.5214     919.0059    0.112   0
        22    152.820    446.076 238.1057031 +32.8915832     6.68 0.0007164333  -9.9357  -9.9656   0.0524     9688.196     467.2516     877.3982    0.160   0
        23    536.811    453.258 238.0564508 +32.8918900     5.22 0.0005598981  -8.6291  -8.6829   0.1693     2972.847     463.5666     919.2544    0.387   0
        24    264.390    487.987 238.0913263 +32.8874235     5.81 0.0006225785 -12.4737 -12.5140   0.0055     101293.4     513.7328     899.2077    0.120   0
        25      7.554    489.138 238.1242573 +32.8865758     7.17 0.0007693308 -10.4651 -10.3894   0.0318     14313.92     418.7184     838.8432    0.191  16
        26    434.511    495.591 238.0694996 +32.8870874     6.02 0.0006459412  -9.7097  -9.7220   0.0654      7740.92     466.1697     913.8204    0.185   0
        27    773.620    509.808 238.0259935 +32.8865062     5.84 0.0006265566  -8.5441  -8.5977   0.1830     2748.477     463.2631     923.2554    0.318   0
        28    805.322    861.340 238.0213714 +32.8490706     5.02 0.0005382289 -12.8508 -12.8911   0.0040     143369.8     533.9744     869.8293    0.132   0
        29    507.206   1019.376 238.0593242 +32.8313810     8.07 0.0008651034  -8.7838  -8.4035   0.2070     2298.347     438.1062     797.0414    0.242  16
        30    795.174   1013.187 238.0224314 +32.8328347     5.33 0.0005715595 -10.0089  -9.9883   0.0513     9893.041     467.1286     828.2317    0.193   0
        31    626.177    777.268 238.0444685 +32.8575524     5.72 0.0006128805  -8.7023  -8.5520   0.1910     2635.073     463.4886      881.202    0.095   0
        32    854.289    786.024 238.0152138 +32.8572435     5.53 0.0005930221 -11.9677 -12.0651   0.0081      66997.6      496.921     877.3064    0.228   0
        33    589.613    713.211 238.0492591 +32.8642889     3.45 0.0003695073  -8.1423  -8.1621   0.2731     1840.135     462.8118     894.1114    0.415   0
        34    296.315    751.369 238.0867945 +32.8594000     6.09 0.0006534553 -10.8774 -10.8948   0.0226     22799.04     474.1509     857.6475    0.211   0
        35    714.789    704.352 238.0332263 +32.8655793    12.33  0.001321576 -10.1496 -10.1731   0.0434     11728.58     468.2905     902.7004    0.414   0
        36    623.251    693.023 238.0449795 +32.8665366     5.04  0.000540714  -8.4004  -8.1622   0.2732     1840.268     462.9554     900.9588    0.183   0
        37    124.594    626.949 238.1090169 +32.8721974     6.55 0.0007023534 -10.0648 -10.2543   0.0403     12639.19     468.7506     850.8268    0.230   0
        38    881.806    886.205 238.0115290 +32.8466253     3.45 0.0003700926  -9.0743 -11.0248   0.0201     25699.88     475.5637     816.3518    0.652   0
        39    375.386    695.489 238.0767509 +32.8655856     5.67 0.0006078143 -12.8189 -12.8572   0.0042       138960     531.9172     882.1154    0.132   0
        40    903.412    618.681 238.0091795 +32.8752395     5.80 0.0006218635 -11.3440 -11.2728   0.0161      32292.6     479.0926     821.9175    0.202   0
        41    880.793    861.594 238.0116975 +32.8492494     4.56 0.0004888973  -9.6257 -10.9790   0.0209        24638     475.0052     825.0026    0.672   0
        42    884.992    953.252 238.0110154 +32.8394774     5.72 0.0006128784 -10.0732 -11.0632   0.0194     26624.31     476.1763      794.741    0.536   0
        43    880.799    929.408 238.0115902 +32.8420110     3.46 0.0003710494  -9.0476 -11.0458   0.0197     26201.43     475.8273     805.5851    0.421   0
        44    374.712    592.974 238.0770065 +32.8765261     0.93 0.0001000759  -7.2869  -8.3055   0.2395     2099.958     463.1216     901.0891    0.077   0
        45    885.830    912.027 238.0109727 +32.8438799     5.81 0.0006230768 -10.0491 -10.9889   0.0208      24862.8      475.187     801.8553    0.392   0
        46    353.194    999.560 238.0790930 +32.8330676     7.71 0.0008265542  -8.7341  -8.6055   0.1818     2768.311     463.3781     778.1845    0.431   0
