#   1 NUMBER                 Running object number                                     
#   2 X_IMAGE                Object position along x                                    [pixel]
#   3 Y_IMAGE                Object position along y                                    [pixel]
#   4 ALPHA_J2000            Right ascension of barycenter (J2000)                      [deg]
#   5 DELTA_J2000            Declination of barycenter (J2000)                          [deg]
#   6 FWHM_IMAGE             FWHM assuming a gaussian core                              [pixel]
#   7 FWHM_WORLD             FWHM assuming a gaussian core                              [deg]
#   8 MAG_BEST               Best of MAG_AUTO and MAG_ISOCOR                            [mag]
#   9 MAG_APER               Fixed aperture magnitude vector                            [mag]
#  10 MAGERR_APER            RMS error vector for fixed aperture mag.                   [mag]
#  11 FLUX_APER              Flux vector within fixed circular aperture(s)              [count]
#  12 FLUXERR_APER           RMS error vector for aperture flux(es)                     [count]
#  13 BACKGROUND             Background at centroid position                            [count]
#  14 ELLIPTICITY            1 - B_IMAGE/A_IMAGE                                       
#  15 FLAGS                  Extraction flags                                          
         1      9.644     81.256 200.8922423 +36.1185479    59.42  0.006410828 -13.0805 -12.1872   0.0082     74970.43      564.098       461.95    0.617  24
         2    192.148     29.709 200.8679030 +36.1246109    29.00  0.003129066 -11.8897 -11.3393   0.0185     34333.59     585.3288     686.3442    0.142   1
         3    136.687     10.734 200.8753668 +36.1264954    83.94  0.009056453 -14.2563 -13.0074   0.0042     159569.9     609.9442     377.7611    0.743  24
         4    291.614     26.771 200.8545885 +36.1252070     3.74 0.0004032342  -9.9651  99.0000  99.0000    -45449.11     570.2017     842.1249    0.201   0
         5    141.897     87.881 200.8745201 +36.1182107    30.34  0.003273989 -12.5212 -11.3415   0.0185     34404.38     585.3276     1020.063    0.638   0
         6    378.950     82.554 200.8427873 +36.1194505     4.39 0.0004736753 -11.3010 -11.1710   0.0215     29403.56      583.172     1105.128    0.092   0
         7     63.349    110.705 200.8849936 +36.1155326    12.69  0.001369687  -9.8730  99.0000  99.0000    -8196.068     570.4438     786.2104    0.567   2
         8    540.566     90.277 200.8211312 +36.1190692     5.70 0.0006144951  -9.6239  -9.5992   0.0901     6913.119     573.4335     1121.976    0.011   0
         9    514.004    116.943 200.8246384 +36.1161269     4.35 0.0004690343  -8.7777  -9.0718   0.1461     4253.361     572.2083     1168.833    0.004   0
        10    731.432    198.436 200.7953754 +36.1079595     9.59  0.001034238 -10.2777 -10.4058   0.0431      14531.9     576.7614     1154.669    0.327   0
        11    310.231    257.704 200.8516567 +36.1004155     4.13 0.0004457714 -12.7529 -12.8095   0.0051     132987.3     626.0043     1198.805    0.078   0
        12     76.911    250.643 200.8829059 +36.1005167     8.70 0.0009384869 -11.0484 -11.2893   0.0194     32788.57     584.6528     1101.999    0.507   0
        13   1023.773    281.401 200.7560867 +36.0998292     3.43 0.0003703734  -7.8502  99.0000  99.0000    -1095.141     489.5732      1057.35    0.400  16
        14     76.397    285.191 200.8829077 +36.0967987     3.46 0.0003728313  -9.3205 -11.1592   0.0218     29086.03     582.8779     1097.319    0.426   0
        15    690.752    421.700 200.8004137 +36.0838289     3.99 0.0004307916 -10.0345 -10.2083   0.0516     12114.98     575.6968     1146.398    0.154   0
        16    870.791    420.805 200.7763171 +36.0844175     3.46 0.0003731898  -8.5389  -8.8841   0.1736     3577.982     571.8166     1081.238    0.652   0
        17   1026.067    438.582 200.7555018 +36.0829256     3.88 0.0004190471 -10.3269 -10.1313   0.0446     11285.42     463.9199     1019.984    0.055  24
        18    331.841    435.364 200.8484270 +36.0813634     5.20 0.0005614817  -8.9488  -9.2548   0.1235     5033.846     572.6779     1192.206    0.126   0
        19     82.235    439.209 200.8818272 +36.0802461     3.84 0.0004139499  -9.2033 -11.0309   0.0244     25844.31     581.4858     1116.036    0.516   0
        20    720.915    487.035 200.7962573 +36.0768830     3.75 0.0004046524 -11.3731 -11.4842   0.0163     39236.35     587.3564     1119.068    0.060   0
        21     78.069    518.015 200.8822319 +36.0717564     4.15 0.0004473626 -11.8557 -12.0027   0.0103     63253.29     597.5222     1091.234    0.188   0
        22    675.662    768.316 200.8017990 +36.0464984     4.26 0.0004594004  -8.1579  -8.5177   0.2431      2553.19     571.6422     1053.447    0.495   0
        23    356.763   1004.590 200.8440166 +36.0201960     4.24 0.0004570867  -8.9555  -9.1205   0.1397     4448.179     572.2613     1062.611    0.069   0
        24    647.401    669.200 200.8057618 +36.0570836     3.42 0.0003691934  -8.2320  -8.5844   0.2285     2714.893     571.3264     1097.101    0.393   0
        25     77.000    661.172 200.8820973 +36.0563526     3.95  0.000426161  -9.5529 -11.2553   0.0200     31777.83     583.9683     1070.683    0.503   0
        26     77.995    618.496 200.8820470 +36.0609465     3.66 0.0003953951  -9.2725 -11.1687   0.0216     29341.79     583.0508     1083.822    0.374   0
        27     81.623    769.625 200.8812685 +36.0446984     4.54 0.0004902584  -9.9690 -11.2396   0.0202     31320.39     583.9143     1064.756    0.661   0
        28     81.309    727.100 200.8813929 +36.0492723     6.44 0.0006943568 -10.5807 -11.2540   0.0200     31739.78     584.2514     1073.073    0.168   0
        29     79.122    700.007 200.8817381 +36.0521807     4.59  0.000494783  -9.9316 -11.2433   0.0202     31428.84     583.9608     1070.819    0.222   0
        30     83.385    680.639 200.8812052 +36.0542764     4.87 0.0005259663 -10.0127 -11.2011   0.0210     30230.83     583.4634     1095.833    0.298   0
        31     81.784    672.407 200.8814355 +36.0551575     3.43  0.000369718  -9.3865 -11.2324   0.0204      31113.6     583.6838     1093.349    0.401   0
        32    438.199    775.600 200.8335541 +36.0450578     3.44  0.000371058  -8.3575  -8.5090   0.2449     2532.793     571.2466     1127.235    0.410   0
        33     87.142    567.715 200.8809214 +36.0664353     5.63 0.0006076017  -9.5257 -10.7296   0.0321      19581.6     578.9938     1133.948    0.398   0
        34    656.943    971.621 200.8039308 +36.0245753     3.77 0.0004068675 -10.6400 -10.7231   0.0323     19465.12     578.9117     984.4532    0.058   0
        35    637.640    876.085 200.8066879 +36.0347999     3.85 0.0004157476  -9.2041  -9.4262   0.1056     5894.772     573.0214     1028.176    0.109   0
        36     82.329    892.337 200.8809363 +36.0314991     4.40 0.0004743378  -9.7909 -11.2639   0.0198     32029.99     584.3126     1019.018    0.837   0
        37    597.941    855.867 200.8120355 +36.0368655     3.48 0.0003757043 -10.3828 -10.4514   0.0413      15154.8     576.9995     1051.459    0.033   0
        38    186.601    795.389 200.8671751 +36.0422238     6.13 0.0006616717  -8.8712  -9.5736   0.0922     6752.391     573.1064     1147.849    0.107   0
