#   1 NUMBER                 Running object number                                     
#   2 X_IMAGE                Object position along x                                    [pixel]
#   3 Y_IMAGE                Object position along y                                    [pixel]
#   4 ALPHA_J2000            Right ascension of barycenter (J2000)                      [deg]
#   5 DELTA_J2000            Declination of barycenter (J2000)                          [deg]
#   6 FWHM_IMAGE             FWHM assuming a gaussian core                              [pixel]
#   7 FWHM_WORLD             FWHM assuming a gaussian core                              [deg]
#   8 MAG_BEST               Best of MAG_AUTO and MAG_ISOCOR                            [mag]
#   9 MAG_APER               Fixed aperture magnitude vector                            [mag]
#  10 MAGERR_APER            RMS error vector for fixed aperture mag.                   [mag]
#  11 FLUX_APER              Flux vector within fixed circular aperture(s)              [count]
#  12 FLUXERR_APER           RMS error vector for aperture flux(es)                     [count]
#  13 BACKGROUND             Background at centroid position                            [count]
#  14 ELLIPTICITY            1 - B_IMAGE/A_IMAGE                                       
#  15 FLAGS                  Extraction flags                                          
         1      9.823     81.405 237.9939957 +32.9330170    59.97  0.006432643 -13.1245 -12.2508   0.0080     79487.73     582.6531      455.254    0.607  24
         2    143.055     86.325 237.9768859 +32.9328504    32.89   0.00352773 -12.9127 -11.4291   0.0176     37292.93     603.2836     1028.706    0.722   2
         3    191.736     29.844 237.9707346 +32.9390107    28.98  0.003107984 -11.9170 -11.4369   0.0174     37562.49      603.363     691.2534    0.200   1
         4    136.637     10.808 237.9778404 +32.9408952    84.37  0.009049933 -14.3152 -13.0669   0.0040     168555.6     628.4897     366.2448    0.741  24
         5    479.912     50.000 237.9337086 +32.9376248     0.00            0  -8.0745  99.0000  99.0000     -25055.8     587.5432     934.8409    0.019   0
         6    910.120     84.305 237.8784290 +32.9350857     7.30 0.0007832256 -11.9947 -11.8398   0.0122     54441.29     610.3486     1044.193    0.197   0
         7    416.147     87.463 237.9418305 +32.9334568     6.53 0.0007001944 -11.4936 -11.5163   0.0162      40413.1     604.5106     1148.851    0.048   0
         8     62.208    111.471 237.9872193 +32.9299484    13.00  0.001394054  -9.8823  99.0000  99.0000    -9206.462     587.5765     790.0714    0.314   2
         9     83.540    122.920 237.9844615 +32.9287837    10.77  0.001155486 -11.4317 -11.2265   0.0211     30946.73     600.7456      968.061    0.305   0
        10    547.295    135.453 237.9249164 +32.9286795     5.90 0.0006328448 -11.0786 -10.9342   0.0275      23642.1     597.6163     1201.542    0.062   0
        11    981.804    190.916 237.8690568 +32.9238887     6.33 0.0006786777 -14.8174 -14.8482   0.0011     869546.2      883.198     1110.978    0.146   0
        12    974.632    175.367 237.8700023 +32.9255303     8.91 0.0009554651  -9.2751 -10.6147   0.0367     17614.28     595.0566     1113.499    0.187   1
        13    358.638    179.864 237.9490556 +32.9234397     1.05 0.0001124648  -8.9141  -9.6495   0.0886     7241.111     590.6824     1222.969    0.080   0
        14    947.434    200.145 237.8734533 +32.9228149     5.75  0.000616696  -8.9782  -9.7645   0.0797      8050.04     591.0577     1124.102    0.424   0
        15    176.142    251.991 237.9723534 +32.9152528     5.77  0.000618634 -11.9495 -12.0127   0.0104        63840     614.1385     1232.373    0.015   0
        16     75.302    253.414 237.9852918 +32.9148302    12.44  0.001334357 -11.9377 -11.3925   0.0182     36057.13     602.7713     1117.478    0.184   0
        17    943.040    256.036 237.8739276 +32.9168367     0.00            0  -7.0943  99.0000  99.0000    -2294.462     587.6762     1118.733    0.021   0
        18    246.343    265.751 237.9633208 +32.9139716     7.03 0.0007540962  -9.5449  -9.8019   0.0770     8331.896     591.1274     1231.877    0.051   0
        19    562.361    406.992 237.9225310 +32.8997300    23.21  0.002489881 -17.0345 -17.0409   0.0003      6551830     1902.909     1212.746    0.218   4
        20    879.768    305.000 237.8819686 +32.9114460     7.45 0.0007993447  -9.4131  -9.2518   0.1275     5020.284     589.5595     1131.262    0.295   0
        21    776.422    336.918 237.8951788 +32.9077705     5.52 0.0005922644 -12.1907 -12.2479   0.0085     79282.31     620.4558     1162.315    0.115   0
        22    429.042    347.888 237.9397366 +32.9056883     4.96 0.0005324137  -8.3950  -8.8842   0.1788     3578.386     589.1965     1223.671    0.522   0
        23    149.325    370.635 237.9755899 +32.9025148     5.38  0.000577536 -12.8498 -12.8905   0.0049       143290     645.7164     1229.498    0.005   0
        24    433.515    358.582 237.9391447 +32.9045584     7.31 0.0007835941  -9.4294  -9.5634   0.0959     6689.242     590.4819     1223.128    0.290   0
        25     79.510    361.005 237.9845648 +32.9033554     3.74 0.0004010725  -9.4766 -11.1675   0.0222     29308.59     599.9495     1140.426    0.378   0
        26    782.307    369.043 237.8943713 +32.9043562     5.92 0.0006351981  -9.1605  -9.2489   0.1279     5006.879      589.736     1153.898    0.360   0
        27    332.820    371.621 237.9520434 +32.9028995     7.05 0.0007560123  -9.0046  -9.1322   0.1423     4496.465     589.3207     1224.918    0.086   0
        28     77.716    374.224 237.9847720 +32.9019393     5.86 0.0006286444 -10.1680 -11.2620   0.0204     31974.21     601.0918     1128.302    0.696   0
        29    200.101    395.488 237.9690320 +32.8999975     5.36 0.0005748799 -11.8480 -11.9489   0.0111     60193.48     612.8277     1228.542    0.024   0
        30     78.428    387.566 237.9846574 +32.9005168     4.72 0.0005065234  -9.9611 -11.2647   0.0204        32053      601.092     1126.436    0.234   0
        31     78.426    435.775 237.9845740 +32.8953701     3.43 0.0003684312  -9.3347 -11.2482   0.0207     31571.12     600.8428     1121.897    0.405   0
        32    366.554    453.933 237.9475754 +32.8942015     5.33 0.0005713048  -9.9634 -10.0306   0.0625     10285.96     591.9367     1219.484    0.076   0
        33     77.786    460.398 237.9846134 +32.8927397     3.45 0.0003695473  -9.2617 -11.2305   0.0210     31060.23      600.435     1121.045    0.399   0
        34     75.358    477.349 237.9848954 +32.8909235     4.87 0.0005222633  -9.9173 -11.2244   0.0211     30885.46     600.6876     1105.011    0.512   0
        35    956.771    497.586 237.8717784 +32.8910844     5.46 0.0005854526 -12.7082 -12.7504   0.0055     125937.4     638.7487     1044.506    0.157   0
        36    225.193    526.634 237.9655876 +32.8860637     6.13 0.0006573563  -9.2926  -9.4793   0.1035     6190.281      590.072      1219.27    0.039   0
        37     74.806    546.704 237.9848457 +32.8835178    17.64  0.001892333 -11.9871 -11.4216   0.0177     37038.65     603.0811     1100.695    0.495   2
        38     94.609    551.379 237.9822970 +32.8830720     6.29 0.0006744097  -9.7645 -10.2951   0.0491     13122.93      592.936     1206.641    0.095   0
        39     83.985    890.240 237.9830718 +32.8468673     3.82 0.0004097146  -9.5038 -11.3077   0.0196     33349.08     601.5334     1049.267    0.643   2
        40     86.249    901.130 237.9827627 +32.8457109     4.52 0.0004852026  -9.8502 -11.2897   0.0199     32800.22     601.3378     1053.103    0.531   0
        41    716.104    878.184 237.9020322 +32.8498284     4.70 0.0005043151 -11.9159 -11.9496   0.0110     60231.61     612.7316     1013.805    0.130   0
        42     82.095    814.350 237.9834459 +32.8549641     7.99 0.0008566461 -11.1431 -11.3328   0.0192     34128.82     602.0035     1070.708    0.509   0
        43    433.161    614.876 237.9387588 +32.8771959     4.83 0.0005178298 -12.6298 -12.6692   0.0059     116868.2     635.4044     1199.362    0.043   0
        44    890.350    621.739 237.8801000 +32.8776586     5.67 0.0006081593  -8.6627  -9.1057   0.1459      4388.03     589.4073     1029.752    0.136   0
        45    744.366    646.831 237.8987858 +32.8746010     4.76 0.0005109095  -9.6754  -9.8022   0.0770      8334.84     591.1451     1087.633    0.047   0
        46     81.445    649.827 237.9838149 +32.8725265     6.98 0.0007483061 -10.7946 -11.3482   0.0189        34615     602.1242     1116.021    0.391   0
        47     80.345    844.875 237.9836174 +32.8517006     4.79 0.0005135914  -9.9754 -11.2480   0.0207     31564.07     600.9212     1049.756    0.279   0
        48    772.075    831.181 237.8949310 +32.8549921     4.82 0.0005166961 -10.8453 -10.9458   0.0272     23895.28     597.7386     1005.776    0.136   0
        49    148.205    808.903 237.9749770 +32.8557232     4.45 0.0004775261 -11.8527 -11.8563   0.0120     55273.86     610.5935      1166.12    0.031   0
        50     81.898    763.868 237.9835588 +32.8603529     8.01 0.0008592962 -11.0006 -11.3061   0.0196     33299.77     601.6754     1089.266    0.135   0
        51     78.535    669.371 237.9841541 +32.8704321     6.63 0.0007112359 -10.7613 -11.4283   0.0176      37265.5     603.3047     1101.248    0.828   2
        52     82.764    726.066 237.9835134 +32.8643909     6.63 0.0007112423 -10.6361 -11.3096   0.0196     33407.47     601.6552     1107.187    0.306   0
        53     80.982    702.488 237.9837829 +32.8669033     3.73 0.0004003096  -9.4843 -11.3300   0.0192      34039.4     601.9664     1103.169    0.376   0
        54    681.974    690.302 237.9067176 +32.8697974     4.70 0.0005038862 -11.8379 -11.8734   0.0118     56150.35     611.0641     1101.023    0.076   0
        55     75.308    630.420 237.9846357 +32.8745818     4.86 0.0005212708 -10.0238 -11.3120   0.0195     33481.39     601.7183     1089.397    0.612   0
        56     75.268    677.943 237.9845583 +32.8695083    10.51   0.00112718 -11.6452 -11.4269   0.0176     37220.29     603.2212     1078.617    0.487   0
        57    702.297    669.198 237.9041455 +32.8721035     5.20 0.0005578608  -8.8039  -8.2151   0.3307     1932.131     588.3149     1099.518    0.312   0
        58    527.387    664.774 237.9265886 +32.8721174     4.43 0.0004750202  -9.1712  -8.8055   0.1921     3328.024     588.8249     1165.136    0.027   0
        59    646.157   1002.054 237.9107979 +32.8364216     4.81 0.0005153954 -12.5758 -12.6000   0.0063     109643.7     632.6019      995.064    0.165   0
        60    397.183    780.493 237.9430945 +32.8594197     4.38 0.0004697115  -8.6496  -8.3861   0.2826     2261.716     588.6376     1156.799    0.111   0
        61    307.486    576.424 237.9549454 +32.8809676     5.69 0.0006100911  -9.6044  -9.6171   0.0913     7028.101     590.6088     1212.676    0.063   0
        62     80.022    883.974 237.9835909 +32.8475256     6.30 0.0006762168 -10.5416 -11.2988   0.0197     33076.28     601.4363     1033.601    0.606   2
        63    747.272    942.552 237.8979301 +32.8430378     5.01 0.0005373985 -12.7376 -12.7817   0.0054     129622.4     640.3419     970.2449    0.171   0
        64    572.360    563.375 237.9209883 +32.8830609     7.94 0.0008512412  -9.5662  -9.7657   0.0796     8058.674     591.0118     1177.264    0.057   0
        65     81.676    988.634 237.9831972 +32.8363568     6.21 0.0006657678 -10.6433 -10.8544   0.0295     21966.27     596.8821     1008.701    0.252   0
        66    607.976    540.294 237.9164574 +32.8856185     6.64 0.0007123334  -9.1349  -9.3222   0.1196     5356.572     589.8511     1170.482    0.161   0
        67    581.721    947.651 237.9191500 +32.8420607     4.61  0.000494963  -9.9861  -9.8947   0.0708     9075.856     591.5245     1039.979    0.166   0
