#   1 NUMBER                 Running object number                                     
#   2 X_IMAGE                Object position along x                                    [pixel]
#   3 Y_IMAGE                Object position along y                                    [pixel]
#   4 ALPHA_J2000            Right ascension of barycenter (J2000)                      [deg]
#   5 DELTA_J2000            Declination of barycenter (J2000)                          [deg]
#   6 FWHM_IMAGE             FWHM assuming a gaussian core                              [pixel]
#   7 FWHM_WORLD             FWHM assuming a gaussian core                              [deg]
#   8 MAG_BEST               Best of MAG_AUTO and MAG_ISOCOR                            [mag]
#   9 MAG_APER               Fixed aperture magnitude vector                            [mag]
#  10 MAGERR_APER            RMS error vector for fixed aperture mag.                   [mag]
#  11 FLUX_APER              Flux vector within fixed circular aperture(s)              [count]
#  12 FLUXERR_APER           RMS error vector for aperture flux(es)                     [count]
#  13 BACKGROUND             Background at centroid position                            [count]
#  14 ELLIPTICITY            1 - B_IMAGE/A_IMAGE                                       
#  15 FLAGS                  Extraction flags                                          
         1    218.690    204.550 327.7675962 +28.9459945     9.09  0.000982031  -9.5252  -9.6546   0.0516     7274.986     345.3565     664.7963    0.027   0
         2    766.532    238.393 327.6997960 +28.9436645     2.48 0.0002672664  -8.2728  -8.3639   0.1674     2215.873     341.6172     633.6226    0.237   0
         3    772.500    246.905 327.6990387 +28.9427616     1.37 0.0001482162  -8.0372  -6.7681   0.7256     509.6311     340.4911     634.0888    0.190   0
         4    157.349    301.329 327.7749476 +28.9354171     9.51  0.001027021  -9.2260  -9.2893   0.0718     5196.442      343.782      664.499    0.190   0
         5   1020.043    429.634 327.6680231 +28.9236559     2.51 0.0002710959  -8.4190  -6.5999   0.7913     436.4592     318.0047      614.101    0.353  16
         6    221.000    639.380 327.7662760 +28.8991472     6.85 0.0007392535 -11.1431 -11.1689   0.0134      29345.9     360.7897     660.9687    0.056   0
         7    155.099    828.747 327.7739668 +28.8785824    21.49  0.002320738 -12.3371 -10.8976   0.0169     22857.85     356.4033     621.6512    0.460   2
         8    744.647    827.885 327.7011386 +28.8800943     6.91  0.000746174 -10.6628 -10.6606   0.0209     18375.61       353.31     649.8923    0.071   0
         9    726.039    817.880 327.7034604 +28.8811281     8.40 0.0009072926  -8.7051  -8.8612   0.1062     3503.265     342.5771     651.1848    0.216   0
        10    327.000    753.962 327.7529079 +28.8870583    -9.58 -0.001034816  -6.5917  -7.8051   0.2795     1324.436     340.8683     660.5734    0.018   0
        11    558.536    740.217 327.7243348 +28.8890968     8.91 0.0009617607  -9.1238  -9.2824   0.0723     5163.594     343.7866     655.1282    0.139   0
        12    518.530    564.430 327.7296887 +28.9079421    10.27  0.001109396  -9.6934  -9.9063   0.0410     9172.985     346.6994     660.9316    0.114   0
        13    522.635    538.879 327.7292413 +28.9107051     5.56 0.0006004533  -8.5637  -9.1018   0.0852     4372.284     343.1917     660.5255    0.539   0
        14    897.437    505.492 327.6830020 +28.9151939     7.59 0.0008196672 -10.4294 -10.4809   0.0245     15572.42     351.2464     632.8812    0.140   0
        15     18.884    466.382 327.7916650 +28.9172936     6.70 0.0007234016  -9.4923  -9.1778   0.0795     4689.502     343.4417      616.213    0.215   0
        16    699.800    869.040 327.7065835 +28.8755532     2.05 0.0002219053  -7.5028  -9.2015   0.0778     4792.965     343.4027     648.0793    0.160   0
        17     75.487    771.554 327.7839385 +28.8845503    32.58   0.00351857 -12.6591 -10.9730   0.0158      24501.2     357.5907     619.0093    0.714   2
        18    294.550    685.511 327.7570790 +28.8943552     6.79 0.0007334906 -10.5865 -10.5812   0.0224     17079.65     352.3732     660.6185    0.065   0
        19    270.309    717.238 327.7599988 +28.8908779     6.51 0.0007032327  -9.1560  -9.1924   0.0785     4752.994     343.4688     661.0705    0.042   0
