#   1 NUMBER                 Running object number                                     
#   2 X_IMAGE                Object position along x                                    [pixel]
#   3 Y_IMAGE                Object position along y                                    [pixel]
#   4 ALPHA_J2000            Right ascension of barycenter (J2000)                      [deg]
#   5 DELTA_J2000            Declination of barycenter (J2000)                          [deg]
#   6 FWHM_IMAGE             FWHM assuming a gaussian core                              [pixel]
#   7 FWHM_WORLD             FWHM assuming a gaussian core                              [deg]
#   8 MAG_BEST               Best of MAG_AUTO and MAG_ISOCOR                            [mag]
#   9 MAG_APER               Fixed aperture magnitude vector                            [mag]
#  10 MAGERR_APER            RMS error vector for fixed aperture mag.                   [mag]
#  11 FLUX_APER              Flux vector within fixed circular aperture(s)              [count]
#  12 FLUXERR_APER           RMS error vector for aperture flux(es)                     [count]
#  13 BACKGROUND             Background at centroid position                            [count]
#  14 ELLIPTICITY            1 - B_IMAGE/A_IMAGE                                       
#  15 FLAGS                  Extraction flags                                          
         1    763.686    192.793 327.8259609 +28.9457914    92.05   0.00995974 -15.3723 -12.2704   0.0056     80939.21     416.9361     699.9464    0.932  24
         2    853.833     33.701 327.8151534 +28.9631810     6.98 0.0007553677 -11.4123 -11.5009   0.0107     39844.35     391.5591     634.0848    0.243   0
         3    424.792     84.603 327.8682186 +28.9566060     6.62 0.0007161037 -12.7953 -12.8339   0.0036     136012.7     448.7118     680.9315    0.247   0
         4     67.323     81.697 327.9125351 +28.9560009     7.89 0.0008533217 -11.0598 -11.0186   0.0162     25554.05     382.3262     637.0695    0.176   0
         5    443.528     97.932 327.8658648 +28.9552158     6.50 0.0007036758 -12.6505 -12.7025   0.0040     120503.7     440.0976     683.1812    0.233   0
         6     43.502     88.055 327.9154725 +28.9552533     5.86 0.0006345547 -10.8732 -10.9311   0.0176      23573.9     381.0193     632.2268    0.198   0
         7    623.705     84.109 327.8435635 +28.9571642     7.23 0.0007819319  -9.9903 -10.0120   0.0400     10111.15     372.1521     687.9291    0.205   0
         8    747.085     97.073 327.8282397 +28.9560764     6.22 0.0006734516  -9.2108  -8.8935   0.1107     3609.083     367.7377     691.7957    0.247   0
         9    196.930    126.507 327.8963632 +28.9515015     6.65 0.0007199165 -13.1374 -13.1706   0.0028     185456.1     475.5412      669.144    0.260   0
        10    469.658    100.520 327.8626199 +28.9550031     4.90 0.0005303437  -8.4474  -8.5769   0.1479     2696.158     367.1474     684.1412    0.383   0
        11    492.434    120.423 327.8597500 +28.9529138     6.14  0.000664111  -8.6873  -8.8652   0.1135     3516.263     367.6028     686.5046    0.336   0
        12    165.908    119.623 327.9002247 +28.9521642     5.35 0.0005788028  -8.2689  -8.5433   0.1525     2614.191     367.0093     666.0526    0.294   0
        13    470.146    128.757 327.8624932 +28.9519580     7.21  0.000780553  -9.1944  -9.3232   0.0747     5361.417     368.9169     686.8337    0.360   0
        14    439.998    130.778 327.8662251 +28.9516632     3.91 0.0004230239  -7.0660  -7.8115   0.2983     1332.355     366.0217     685.6233    0.056   0
        15    191.070    195.045 327.8969261 +28.9440922     7.49 0.0008103637 -11.5586 -11.5916   0.0099     43315.89     393.7501     676.1262    0.192   0
        16    379.353    201.990 327.8735741 +28.9438259     7.71 0.0008337545 -12.0581 -12.0898   0.0065     68535.41     409.4495     687.6717    0.209   0
        17    706.484    201.071 327.8330314 +28.9447546     5.65 0.0006115562 -11.5030 -11.5609   0.0101     42105.75     393.0482     700.3696    0.170   0
        18    171.846    194.737 327.8993095 +28.9440760     6.09 0.0006588908 -10.0505 -10.1467   0.0354     11447.02     372.9675      675.132    0.273   0
        19    834.754    216.672 327.8170975 +28.9433933     8.55 0.0009256014 -11.5978 -11.1249   0.0148     28180.64     384.0104     670.6372    0.094   0
        20    584.955    214.739 327.8480620 +28.9429733     5.54 0.0005994527 -11.4848 -11.5353   0.0104     41125.18     392.3664     697.4365    0.209   0
        21    634.352    217.296 327.8419339 +28.9428223     7.29 0.0007884907 -10.7728 -10.8136   0.0195     21157.19     379.4701     698.9791    0.169   0
        22    169.187    648.980 327.8985558 +28.8950637   103.94   0.01124633 -17.5016 -13.9835   0.0016     392110.9        573.9     706.0401    0.916  28
        23    436.374    234.506 327.8664304 +28.9404634     5.64 0.0006101349 -11.8808 -11.9311   0.0074     59217.69     403.7296     693.1547    0.197   0
        24    298.029    236.595 327.8835713 +28.9398845     6.12 0.0006619009  -9.1492  -9.1448   0.0879     4548.907     368.2326     686.7475    0.326   0
        25    653.039    243.861 327.8395561 +28.9400035     6.28 0.0006796283  -9.1539  -9.2779   0.0779     5142.429     368.7787      700.642    0.281   0
        26    854.701    272.995 327.8144958 +28.9373669     6.03 0.0006528387 -10.1097 -10.3084   0.0306      13285.2     374.1572     658.2737    0.185   0
        27    602.226    298.041 327.8457273 +28.9340300     5.29 0.0005719893 -12.0879 -12.1286   0.0063     71030.44     410.9609     702.5688    0.156   0
        28    261.003    294.002 327.8880238 +28.9335962     0.00            0  -8.8250  -8.7574   0.1253      3183.83     367.2944     689.7751    0.001   0
        29    750.695    302.266 327.8273180 +28.9339484     5.35 0.0005789998  -9.6945  -9.5380   0.0614     6534.414     369.7211     705.4368    0.161   0
        30    497.629    310.122 327.8586615 +28.9324615     5.97 0.0006455529  -9.7171  -9.8138   0.0478      8423.86      370.966     699.4035    0.101   0
        31    169.254    303.774 327.8993706 +28.9323059     6.67 0.0007214283  -8.6971  -9.1395   0.0884     4526.903     368.3509     684.1989    0.367   0
        32    567.070    331.417 327.8500063 +28.9303402     5.15 0.0005573967 -11.7164 -11.7652   0.0085     50824.14     398.5456     702.1445    0.156   0
        33    498.902    342.748 327.8584273 +28.9289449     5.18 0.0005606884 -10.7844 -10.8539   0.0188     21957.15     379.9769     701.8805    0.167   0
        34    170.722    346.819 327.8990861 +28.9276659     6.95 0.0007514202  -9.5631  -9.7771   0.0494     8144.123     370.7876     688.0521    0.182   0
        35    143.126    353.840 327.9024888 +28.9268373     7.55 0.0008168273  -8.9556  -9.2742   0.0781     5124.868     368.7361      687.243    0.161   0
        36    493.255    366.513 327.8590714 +28.9263667     5.04 0.0005455416 -10.2763 -10.2973   0.0309     13149.79     374.1575      703.415    0.160   0
        37     78.475    368.538 327.9104651 +28.9250845     6.84 0.0007396358 -10.0668 -10.1232   0.0361     11201.75     372.8334     685.0593    0.108   0
        38    328.127    368.613 327.8795289 +28.9257190     7.70 0.0008333931  -9.3966  -9.5463   0.0610     6584.245      369.714     700.1761    0.318   0
        39    685.980    376.999 327.8351648 +28.9257230     4.09 0.0004428368  -7.9607  -7.9091   0.2727     1457.664     366.0661     707.8466    0.398   0
        40    550.241    384.991 327.8519666 +28.9245178     5.27 0.0005704319  -9.2275  -9.4226   0.0682     5875.673     369.1834     705.1354    0.149   0
        41    328.352    390.136 327.8794501 +28.9233976     4.77 0.0005162858  -8.1218  -8.7001   0.1320      3020.32     367.2448     701.6558    0.263   0
        42    736.064    411.808 327.8288779 +28.9220936     7.22 0.0007809721 -11.2908 -11.3474   0.0122     34589.46     388.1992     709.0028    0.241   0
        43    358.436    396.914 327.8757062 +28.9227433     6.52 0.0007057266  -8.4202  -8.6236   0.1417     2814.682     367.1562      703.161    0.228   0
        44    265.997    425.646 327.8870925 +28.9194068     5.06 0.0005471294 -12.1869 -12.2507   0.0057     79481.66     416.0159     700.9933    0.164   0
        45    859.902    421.250 327.8135108 +28.9213854     5.14 0.0005564195 -10.6032 -10.7086   0.0214     19205.54     378.1622      672.866    0.139   0
        46    753.770    424.254 327.8266552 +28.9207954     6.58 0.0007118519 -11.1243 -11.1807   0.0141     29666.32      385.045     708.9781    0.207   0
        47    476.916    415.084 327.8609822 +28.9210851     4.92   0.00053193  -8.8651  -9.2403   0.0806     4967.113     368.5881     706.0441    0.177   0
        48      6.434    424.647 327.9192571 +28.9188446     8.81 0.0009526663  -9.8997  -9.9055   0.0382     9166.441     322.4964     684.3013    0.285  16
        49    367.922    423.199 327.8744688 +28.9199318     5.71 0.0006173992  -9.6628  -9.7516   0.0506     7954.852     370.6091     705.0369    0.089   0
        50    502.504    425.959 327.8577862 +28.9199768     3.22 0.0003488824  -8.0895  -8.8992   0.1101     3628.203     367.7097     706.6339    0.176   0
        51    515.081    456.435 327.8561564 +28.9167209     7.08 0.0007662772 -11.7188 -11.7598   0.0086     50574.73     398.3607     706.9866    0.271   0
        52    304.631    489.065 327.8821553 +28.9126640     4.81 0.0005203618 -13.2354 -13.2773   0.0026     204612.2     485.5308     705.2572    0.141   0
        53    905.917    616.144 327.8073627 +28.9004740     4.53 0.0004901972  -8.7858  99.0000  99.0000    -7892.822     365.2863     632.2249    0.250   0
        54    617.634    599.030 327.8431174 +28.9015968     5.43  0.000587373  -8.2508  -8.6148   0.1428     2791.906     367.1407     707.2621    0.409   0
        55    846.280    587.806 327.8148162 +28.9033823     5.60  0.000605679 -10.1553 -10.2761   0.0315     12895.87     373.9071     693.8948    0.173   0
        56    666.836    582.138 327.8370610 +28.9035434     4.74 0.0005124606 -10.6611 -10.7428   0.0207     19819.94     378.5881     707.9305    0.157   0
        57    797.410    536.843 327.8209881 +28.9087582     4.59 0.0004960903 -14.5760 -14.6098   0.0011     698113.1     694.5557     708.9885    0.113   2
        58    359.714    565.990 327.8751488 +28.9045059     5.08 0.0005501253  -8.7074  -8.7867   0.1220     3270.982     367.4462     706.6726    0.078   0
        59    300.258    563.591 327.8825207 +28.9046126     4.84 0.0005234501 -10.0901 -10.2217   0.0331     12265.04     373.5154     706.7919    0.132   0
        60    892.725    524.926 327.8092060 +28.9102822     4.04  0.000436772  -8.0153  99.0000  99.0000    -10402.67     365.3173     645.7363    0.284   0
        61    194.741    521.704 327.8956931 +28.9088606     5.35 0.0005791167  -9.2478  -9.3041   0.0760       5267.8     368.8637     702.5522    0.072   0
        62    488.342    522.668 327.8593143 +28.9095075     5.76 0.0006229138  -8.4735  -8.4989   0.1588     2509.377     366.9379     706.9703    0.151   0
        63    857.705    512.382 327.8135738 +28.9115481     4.83 0.0005226175 -11.5181 -11.5682   0.0101     42391.82      393.211     687.5128    0.102   0
        64    805.629    511.106 327.8200291 +28.9115554     5.70 0.0006171081  -8.9573  -9.9159   0.0436     9254.927     371.5358     707.3271    0.334   0
        65    862.776    485.702 327.8130068 +28.9144391     5.03 0.0005444002  -9.3701  -9.0264   0.0980     4079.008     368.0366     685.2283    0.151   0
        66    504.072    481.765 327.8574612 +28.9139602     4.80 0.0005198116 -10.8199 -10.8943   0.0181     22788.74     380.5435     707.0846    0.127   0
        67    261.037    466.950 327.8876091 +28.9149380     6.12 0.0006620588  -9.8570  -9.9511   0.0422     9560.012     371.7512     702.7373    0.095   0
        68    104.613    687.093 327.9064641 +28.8907854     4.65 0.0005031535 -10.3496 -10.4057   0.0280     14530.92     375.0893     695.8566    0.198   0
        69    222.975    451.892 327.8923610 +28.9164648     5.09 0.0005504313 -10.8817 -10.9559   0.0172     24118.91     381.3767     700.1005    0.161   0
        70    635.011    889.821 327.8402890 +28.8702688     3.76 0.0004073564  -6.8928  99.0000  99.0000    -13422.33     365.0796     643.8035    0.021   0
        71    613.230    806.008 327.8431815 +28.8792559     6.86 0.0007424095 -11.6162 -11.6585   0.0093     46066.28     395.3971     707.8726    0.311   0
        72    582.966    906.349 327.8466964 +28.8683542     3.73 0.0004040015 -11.5076 -10.9024   0.0180     22958.49     380.6649      625.967    0.068   0
        73     38.086    796.923 327.9144414 +28.8787643     4.22 0.0004570434  -8.5858  -8.7634   0.1247     3201.627     367.5017     681.7471    0.073   0
        74    640.023    911.465 327.8396181 +28.8679463     0.21 2.279603e-05  -6.6856  99.0000  99.0000    -20863.45     365.2553     604.1046    0.295   0
        75     59.236    886.965 327.9116060 +28.8691051     4.01 0.0004342918 -10.8856 -10.2481   0.0323     12567.65     373.7381     649.6346    0.063   0
        76     53.248    820.730 327.9125064 +28.8762352     4.65 0.0005032959  -9.9566 -10.0442   0.0388     10415.93     372.2554     679.4016    0.136   0
        77    807.171    796.774 327.8191806 +28.8807400     6.23 0.0006745398  -9.5983  -9.9624   0.0418     9659.734     371.7472     698.9573    0.213   0
        78    235.775    881.961 327.8897535 +28.8701002     4.08 0.0004410965 -12.6312 -12.6008   0.0043       109725     433.8706     665.9128    0.069   0
        79    358.978    877.965 327.8745042 +28.8708469     3.56 0.0003853986  -8.4746  99.0000  99.0000    -7652.854     365.2036     673.5131    0.010   0
        80    571.149    818.851 327.8483639 +28.8777640     4.29 0.0004640027 -12.4532 -12.4961   0.0047     99644.96     428.0406     703.6007    0.076   0
        81    608.584    863.563 327.8436232 +28.8730348     5.64 0.0006105122 -10.0371  -9.9181   0.0435     9273.168     371.4872     690.4696    0.199   0
        82    162.533    840.761 327.8989228 +28.8743565     4.90 0.0005296466  -9.4610  -9.7461   0.0509     7914.597     370.6023     686.2125    0.223   0
        83    448.178    850.228 327.8635215 +28.8740668     4.28 0.0004632557 -11.8835 -11.9559   0.0073     60582.27     404.5364     696.1057    0.092   0
        84    613.458    842.373 327.8430687 +28.8753333     5.56 0.0006017238  -8.6869  -9.2234   0.0819     4890.762     368.6285       696.98    0.148   0
        85    844.520    826.354 327.8144864 +28.8776422    43.88  0.004747655 -12.3179 -11.1275   0.0148     28248.69     384.1136     646.3094    0.713   2
        86    711.015    833.977 327.8310049 +28.8764850     4.76 0.0005146806  -7.9688  99.0000  99.0000    -265.9004     365.1209     696.6032    0.040   0
        87    403.052    811.825 327.8692011 +28.8780949     4.06 0.0004389317  -9.2964  -9.3116   0.0755     5304.449     368.8476     703.1732    0.034   0
        88    671.584    796.991 327.8359746 +28.8803759     4.36 0.0004714507 -10.4888 -10.5600   0.0244     16749.12     376.4044     709.4074    0.071   0
        89    310.749    788.540 327.8806889 +28.8803710     5.39 0.0005830736  -8.8251  -8.9458   0.1055     3787.367     367.7768     703.3534    0.134   0
        90    793.947    759.278 327.8209048 +28.8847521     4.55 0.0004926446  -9.2152  -9.7163   0.0523     7700.568     370.4986     705.8416    0.201   0
        91    576.199    744.737 327.8479112 +28.8857725     6.34 0.0006860715 -10.5451 -10.6334   0.0229     17920.13     377.2414     709.5173    0.266   0
        92    464.283    766.820 327.8617224 +28.8831062     5.57 0.0006021847  -8.1060  -7.7721   0.3095     1284.849     366.1542     707.1165    0.138   0
        93    533.197    771.161 327.8531762 +28.8828128     5.02 0.0005429424  -9.0780  -9.0237   0.0982     4068.942     367.8964     708.2789    0.081   0
        94     96.808    752.619 327.9072742 +28.8836959     7.14 0.0007724229 -11.7185 -11.7542   0.0086     50313.93     398.0453     689.7433    0.320   0
        95     96.769    724.838 327.9073454 +28.8866930     5.67 0.0006136098  -8.8570  -8.7863   0.1221     3269.645     367.4761     692.5173    0.080   0
        96    166.174    697.131 327.8988142 +28.8898613     7.17 0.0007753351  -8.8354 -10.1950   0.0339     11967.92     373.3872     704.6166    0.109   1
        97    531.802    705.868 327.8535015 +28.8898534     4.36  0.000472029 -12.8877 -12.9496   0.0033     151300.8      457.175      709.067    0.063   0
        98    747.673    496.643 327.8272434 +28.9129704     4.74 0.0005124034 -11.8588 -11.9243   0.0074     58844.84      403.508     710.2236    0.092   0
        99    651.246    643.737 327.8388494 +28.8968585     4.58  0.000495208 -10.1467 -10.2489   0.0323     12576.52     373.7238     708.6605    0.116   0
       100    796.382    683.832 327.8207770 +28.8928977     4.49 0.0004855213 -13.1224 -13.1695   0.0028     185266.3     475.3621     708.3242    0.052   0
       101    599.233    643.237 327.8452942 +28.8967810     5.06 0.0005473957  -9.3098  -9.4054   0.0693     5783.084     369.1718     708.4473    0.150   0
       102     61.984    661.400 327.9118063 +28.8934469     5.70 0.0006168308  -9.7089  -9.8113   0.0479     8404.461     370.7698     689.9659    0.089   0
       103    247.420    658.145 327.8888424 +28.8942762     4.47  0.000483662  -8.9296  -9.2907   0.0770     5203.551     368.7997     708.0046    0.154   0
       104    803.564    660.834 327.8199402 +28.8953968     6.81 0.0007373309  -9.5255  -9.8232   0.0474     8497.165     371.0154     707.7014    0.211   0
       105    870.483    648.892 327.8116774 +28.8968526     5.11 0.0005528152  -9.3300  -5.4321   2.6651     148.8757     365.3468     687.8147    0.145   0
       106    810.485    563.644 327.8193065 +28.9058996     4.60  0.000497486 -11.3373 -11.4424   0.0112     37754.59     390.2902     705.5035    0.293   2
       107    227.752    610.000 327.8913933 +28.8994197     6.34 0.0006855447 -10.6714 -10.7272   0.0210     19537.42     378.2319     707.3782    0.243   0
       108    790.979    620.316 327.8215927 +28.8997366     4.21 0.0004555271  -7.9404  -8.0062   0.2496     1594.006     366.3447      708.338    0.098   0
       109    743.188    605.466 327.8275477 +28.9012187     4.40 0.0004763636 -11.4893 -11.5460   0.0103     41532.94     392.6549     708.8327    0.069   0
       110    900.849    605.493 327.8080150 +28.9016105     4.03 0.0004357522  -9.6003  99.0000  99.0000    -3862.914     365.2656     638.2628    0.104   0
       111    744.336    556.410 327.8275188 +28.9065141     6.02 0.0006510334 -10.0938 -10.0798   0.0376     10763.05     372.5492     709.9608    0.186   0
       112     14.909    591.765 327.9178052 +28.9008374     4.48 0.0004850935  -7.8686  -7.9485   0.2625     1511.485     365.3908     683.7581    0.531   0
       113     49.050    565.383 327.9136389 +28.9037720     6.95 0.0007519562 -11.5644 -11.5874   0.0099     43147.65     393.6625     689.4284    0.319   0
       114    889.644    535.174 327.8095643 +28.9091690     4.66 0.0005036942  -8.0711  99.0000  99.0000    -9380.947     365.2243     650.4079    0.211   0
       115    695.698    554.110 327.8335501 +28.9066399     4.55 0.0004925705 -11.4467 -11.5083   0.0106     40116.21     391.8289     708.7864    0.091   0
       116    306.702    526.012 327.8818113 +28.9086833     4.88 0.0005278497 -10.2625 -10.3246   0.0302      13484.2     374.3708     706.1395    0.138   0
       117    301.085    547.617 327.8824560 +28.9063381     4.65 0.0005029928 -12.0320 -12.0949   0.0065     68858.73     409.6745     706.6061    0.137   0
