#   1 NUMBER                 Running object number                                     
#   2 X_IMAGE                Object position along x                                    [pixel]
#   3 Y_IMAGE                Object position along y                                    [pixel]
#   4 ALPHA_J2000            Right ascension of barycenter (J2000)                      [deg]
#   5 DELTA_J2000            Declination of barycenter (J2000)                          [deg]
#   6 FWHM_IMAGE             FWHM assuming a gaussian core                              [pixel]
#   7 FWHM_WORLD             FWHM assuming a gaussian core                              [deg]
#   8 MAG_BEST               Best of MAG_AUTO and MAG_ISOCOR                            [mag]
#   9 MAG_APER               Fixed aperture magnitude vector                            [mag]
#  10 MAGERR_APER            RMS error vector for fixed aperture mag.                   [mag]
#  11 FLUX_APER              Flux vector within fixed circular aperture(s)              [count]
#  12 FLUXERR_APER           RMS error vector for aperture flux(es)                     [count]
#  13 BACKGROUND             Background at centroid position                            [count]
#  14 ELLIPTICITY            1 - B_IMAGE/A_IMAGE                                       
#  15 FLAGS                  Extraction flags                                          
         1     11.022     80.150 200.8921633 +36.1198072    67.22  0.007303705 -14.0744 -13.3099   0.0054     210843.5     1050.384     309.8977    0.589  24
         2    142.531     88.096 200.8744229 +36.1192406    49.93   0.00542469 -13.5214 -12.4231   0.0125     93161.87     1071.141     1890.207    0.735   2
         3    192.843     30.919 200.8676864 +36.1255482    33.22  0.003608979 -12.8623 -12.4189   0.0125     92802.02     1070.999     956.6032    0.222  17
         4    135.951     11.147 200.8753755 +36.1275642    88.32  0.009596321 -15.3479 -14.1379   0.0027     452029.7     1108.044     52.04583    0.745  24
         5     66.390    110.719 200.8846707 +36.1166190    28.68  0.003115967  99.0000  -9.4569   0.1881     6064.288     1050.498     1246.839    0.511   2
         6     77.621    411.586 200.8828979 +36.0840416    87.64  0.009521786 -14.7695 -12.2542   0.0145     79740.65     1067.567     2094.047    0.923  18
         7     86.105    121.430 200.8820031 +36.1155025    31.23  0.003393396 -12.3848 -12.1584   0.0159     73006.07     1066.368     1671.148    0.693   2
         8    379.605     90.752 200.8424518 +36.1194767     6.09 0.0006616551 -11.2308 -11.0695   0.0428     26779.16     1055.269     2241.331    0.064   0
         9    310.595    265.705 200.8516150 +36.1003669     5.99 0.0006511767 -12.5278 -12.5708   0.0109       106737     1074.044     2381.774    0.058   0
        10     78.505    530.245 200.8826769 +36.0711855    36.31  0.003945593 -13.2212 -12.5690   0.0109     106560.5     1074.235     2091.093    0.688   3
        11    690.769    429.385 200.8002393 +36.0834567     6.49 0.0007049893  -9.6740  -9.8792   0.1276     8946.929     1050.917     2222.191    0.184   0
        12   1025.509    446.071 200.7551088 +36.0823582     6.04 0.0006559322  -9.7250  -8.7865   0.2849     3270.403     858.0714     1856.989    0.115  16
        13     83.461    907.941 200.8816854 +36.0302688    90.75  0.009860093 -15.3607 -12.3989   0.0128     91106.68     1070.429     1859.474    0.912  18
        14     79.556    666.165 200.8824186 +36.0564593    91.19  0.009908452 -15.5362 -12.4390   0.0123     94540.78     1071.376     2054.246    0.897  19
        15    720.866    494.826 200.7961342 +36.0764298     6.25 0.0006791657 -11.2103 -11.2852   0.0351     32664.99     1056.898      2143.22    0.039   0
        16     80.508    974.011 200.8820264 +36.0231028     3.75 0.0004078424  -8.6485 -11.8332   0.0213     54108.64     1061.899     1776.732    0.383   1
        17    656.625    979.675 200.8044285 +36.0237527     6.25 0.0006788762 -10.5967 -10.7082   0.0596      19199.7     1053.708     1749.867    0.161   0
        18    597.787    863.713 200.8124412 +36.0361918     8.92 0.0009688083 -10.3048 -10.5400   0.0695     16443.32     1052.995      1943.47    0.054   0
