#   1 NUMBER                 Running object number                                     
#   2 X_IMAGE                Object position along x                                    [pixel]
#   3 Y_IMAGE                Object position along y                                    [pixel]
#   4 ALPHA_J2000            Right ascension of barycenter (J2000)                      [deg]
#   5 DELTA_J2000            Declination of barycenter (J2000)                          [deg]
#   6 FWHM_IMAGE             FWHM assuming a gaussian core                              [pixel]
#   7 FWHM_WORLD             FWHM assuming a gaussian core                              [deg]
#   8 MAG_BEST               Best of MAG_AUTO and MAG_ISOCOR                            [mag]
#   9 MAG_APER               Fixed aperture magnitude vector                            [mag]
#  10 MAGERR_APER            RMS error vector for fixed aperture mag.                   [mag]
#  11 FLUX_APER              Flux vector within fixed circular aperture(s)              [count]
#  12 FLUXERR_APER           RMS error vector for aperture flux(es)                     [count]
#  13 BACKGROUND             Background at centroid position                            [count]
#  14 ELLIPTICITY            1 - B_IMAGE/A_IMAGE                                       
#  15 FLAGS                  Extraction flags                                          
         1     10.429     81.076 200.8913842 +36.1189436    63.92  0.006874461 -13.4502 -12.6052   0.0068       110177     688.4956     428.6019    0.602  24
         2    140.223     89.991 200.8740789 +36.1183380    42.42  0.004562422 -12.8990 -11.7334   0.0155     49359.83     704.1577     1246.641    0.695   2
         3    192.086     29.956 200.8672954 +36.1249305    30.96  0.003329962 -12.1739 -11.7269   0.0156     49062.45     704.4689     753.3467    0.221   1
         4    135.528     10.957 200.8748681 +36.1268195    86.47  0.009300415 -14.6370 -13.3973   0.0035     228512.3     735.3903     310.0551    0.745  24
         5    287.896     30.086 200.8545336 +36.1251745     3.79  0.000407781  -9.7798  99.0000  99.0000     -56633.3     686.8177     997.8206    0.121   0
         6    861.839     38.825 200.7780676 +36.1257521     3.59 0.0003864518  -7.3306  99.0000  99.0000    -15131.18     686.6623     906.9279    0.211   0
         7    375.116     85.339 200.8428040 +36.1194697     4.46 0.0004793788 -11.3244 -11.2023   0.0250     30263.68     697.7658     1368.932    0.030   0
         8     64.403    109.437 200.8841364 +36.1160424    17.60  0.001893045  -9.7276  99.0000  99.0000    -11123.79      686.468     892.6631    0.617   0
         9    536.370     92.350 200.8213128 +36.1191452     6.97 0.0007500506  -9.6470  -9.5694   0.1113     6725.941     689.1841     1390.089    0.074   0
        10    920.833    103.466 200.7700849 +36.1189577     0.92 9.860167e-05  -9.1928 -10.3008   0.0569     13191.78     691.5256     1310.708    0.111   0
        11     74.426    243.005 200.8825233 +36.1017143    27.44  0.002951361 -13.2604 -11.7520   0.0152     50211.43       704.46      1325.76    0.420   2
        12    727.451    200.866 200.7956498 +36.1079855     9.16 0.0009847815 -10.3540 -10.5214   0.0465     16163.68     692.4644      1422.81    0.239   0
        13    306.343    260.320 200.8516065 +36.1004793     4.37 0.0004704528 -12.7354 -12.7928   0.0061     130952.4     732.9357     1487.995    0.051   0
        14     78.910    680.965 200.8810149 +36.0546563    34.21  0.003679548 -14.0117 -11.7317   0.0155     49280.77     704.3949     1314.895    0.724   2
        15     77.650    330.171 200.8819126 +36.0923548     9.56  0.001028147 -11.4710 -11.5095   0.0190     40159.55     701.1501      1353.39    0.591   2
        16     80.541    353.037 200.8814800 +36.0899051     5.00 0.0005378596 -10.2945 -11.4598   0.0198      38361.9     700.5851     1373.778    0.387   0
        17     80.424    391.594 200.8814153 +36.0857608    12.69  0.001364953 -12.0592 -11.5210   0.0188     40587.51     701.0173     1362.204    0.236   2
        18     78.590    364.306 200.8817164 +36.0886886     5.29  0.000569389 -10.4456 -11.4944   0.0192     39606.32      700.991      1358.31    0.507   0
        19    686.853    424.252 200.8006160 +36.0838701     4.42 0.0004749225  -9.9930 -10.2115   0.0618      12150.8     691.1492     1412.591    0.015   0
        20     74.621    521.028 200.8819184 +36.0718340     4.60 0.0004944195 -12.4782 -12.1535   0.0106     72680.52     712.5765     1315.075    0.210   0
        21     81.254    436.503 200.8812114 +36.0809364     5.29 0.0005684574 -10.3872 -11.4368   0.0202     37559.43     700.2415     1364.769    0.642   2
        22   1022.059    441.221 200.7559575 +36.0829181     4.15 0.0004461232 -10.2492  -9.9743   0.0688     9765.797     619.0162     1228.218    0.052  16
        23    328.006    438.150 200.8483599 +36.0814248     3.95 0.0004253076  -8.7680  -8.9720   0.1926      3879.87     688.0928     1479.125    0.190   0
        24     74.191    448.616 200.8821265 +36.0796154     3.44 0.0003698573  -9.5518 -11.5182   0.0188     40482.17     701.0559     1313.917    0.426   0
        25     76.604    462.197 200.8817769 +36.0781623     4.06  0.000436908  -9.8266 -11.4866   0.0194     39321.38     700.6609      1334.15    0.631   2
        26    717.013    489.612 200.7964724 +36.0769245     4.17 0.0004479646 -11.3627 -11.4565   0.0199     38247.68     700.2586     1375.564    0.052   0
        27     76.851    479.752 200.8817075 +36.0762763     7.20 0.0007745307 -10.9048 -11.4964   0.0192      39679.5      700.998      1332.58    0.646   0
        28     86.066    946.787 200.8795104 +36.0261063     6.85 0.0007369189 -11.0171 -11.5217   0.0188     40615.69     701.3318     1231.997    0.361   0
        29    352.712   1007.299 200.8439158 +36.0203207     3.98 0.0004279963  -8.6757  -8.4628   0.3077     2427.243     687.7394     1301.059    0.202   0
        30    653.101    974.477 200.8040225 +36.0246448     3.96 0.0004255669 -10.6341 -10.8086   0.0358     21059.94     694.3451     1186.342    0.009   0
        31     83.986    862.030 200.8799631 +36.0352100     8.04  0.000864653 -11.2456 -11.5647   0.0180     42255.29     701.6879     1268.286    0.675   0
        32    633.678    878.733 200.8067957 +36.0348840     4.86 0.0005227634  -9.1773  -9.2772   0.1455     5138.836     688.6082      1249.45    0.205   0
        33     82.717    779.565 200.8803034 +36.0440695    16.79  0.001805922 -12.6531 -11.6101   0.0173     44060.94     702.5969     1302.041    0.249   0
        34    182.919    798.510 200.8669315 +36.0423046     4.72 0.0005079773  -8.8335  -9.5340   0.1149     6510.434     689.0479      1419.44    0.240   0
        35    594.079    858.671 200.8121040 +36.0369358     4.11  0.000442475 -10.3090 -10.5070   0.0472     15950.99      692.561     1281.623    0.037   0
        36     76.913    555.973 200.8815407 +36.0680845     6.94 0.0007459824 -10.8655 -11.4387   0.0202     37625.65     700.2842     1326.879    0.211   0
        37     82.098    897.546 200.8801405 +36.0313878    19.77  0.002125982 -12.8740 -11.6534   0.0167     45850.25     703.1763     1232.898    0.400   2
        38     79.460    820.496 200.8806516 +36.0396616     8.87 0.0009536461 -11.5539 -11.5918   0.0176     43322.12     702.3719     1255.891    0.412   0
        39     79.126    800.558 200.8807375 +36.0418035     9.15 0.0009838609 -11.5833 -11.5780   0.0178     42777.07     702.1208     1265.206    0.387   2
