#   1 NUMBER                 Running object number                                     
#   2 X_IMAGE                Object position along x                                    [pixel]
#   3 Y_IMAGE                Object position along y                                    [pixel]
#   4 ALPHA_J2000            Right ascension of barycenter (J2000)                      [deg]
#   5 DELTA_J2000            Declination of barycenter (J2000)                          [deg]
#   6 FWHM_IMAGE             FWHM assuming a gaussian core                              [pixel]
#   7 FWHM_WORLD             FWHM assuming a gaussian core                              [deg]
#   8 MAG_BEST               Best of MAG_AUTO and MAG_ISOCOR                            [mag]
#   9 MAG_APER               Fixed aperture magnitude vector                            [mag]
#  10 MAGERR_APER            RMS error vector for fixed aperture mag.                   [mag]
#  11 FLUX_APER              Flux vector within fixed circular aperture(s)              [count]
#  12 FLUXERR_APER           RMS error vector for aperture flux(es)                     [count]
#  13 BACKGROUND             Background at centroid position                            [count]
#  14 ELLIPTICITY            1 - B_IMAGE/A_IMAGE                                       
#  15 FLAGS                  Extraction flags                                          
         1     11.056     80.343 237.9950254 +32.9337102    67.64  0.007260905 -14.0473 -13.2704   0.0055     203313.6     1023.944     320.4505    0.589  24
         2    140.019     89.328 237.9784757 +32.9330834    39.01  0.004187799 -13.2454 -12.0884   0.0165     68445.33     1038.045     1877.435    0.736   0
         3    192.855     30.565 237.9718517 +32.9395121    31.00  0.003327836 -13.1687 -12.3925   0.0125     90569.44     1043.332     952.9344    0.264  17
         4    136.383     11.167 237.9791380 +32.9414430    88.39  0.009487816 -15.3472 -14.1385   0.0026     452291.8     1084.418     58.11257    0.744  24
         5     66.234    110.371 237.9878784 +32.9306387    27.94  0.002998636  99.0000  -8.1362   0.6176     1796.735     1021.752     1226.303    0.524   0
         6    918.465     88.186 237.8787161 +32.9351835     4.60 0.0004933883 -11.9150 -11.2664   0.0348     32104.26     1029.198     1906.992    0.124   0
         7    424.317     91.040 237.9420376 +32.9336316     4.40 0.0004718797 -11.4789 -11.5126   0.0278     40273.79     1031.238     2191.849    0.057   0
         8     84.864    121.752 237.9854623 +32.9294685    20.35  0.002184386 -12.1238 -12.0018   0.0178     63198.21     1036.582     1660.948    0.416   2
         9    555.348    139.133 237.9251277 +32.9288157     4.07 0.0004364505 -10.9106  -9.5338   0.1707     6508.851     1022.818     2279.729    0.104   0
        10    990.120    194.575 237.8692798 +32.9239699     4.21   0.00045232 -14.7447 -14.7903   0.0016     824370.8     1206.319     2016.733    0.075   0
        11     60.184    243.202 237.9883188 +32.9164003     3.74 0.0004017775  -8.4096 -11.5445   0.0270     41476.07     1030.986     1842.165    0.714   1
        12    184.174    255.534 237.9724012 +32.9154015     4.07 0.0004369148 -11.8738 -11.9901   0.0180     62521.36     1036.618     2350.088    0.055   0
        13    254.252    269.802 237.9633867 +32.9140546     4.51 0.0004839176  -9.4772  -9.7247   0.1432     7760.489     1023.009     2349.385    0.165   0
        14     83.058    320.470 237.9851934 +32.9081865     6.95 0.0007460747 -10.1830 -11.6634   0.0242     46276.93      1032.55      2153.02    0.248   1
        15    888.024    308.747 237.8820894 +32.9114910     6.05 0.0006495154  -9.3134  -9.8252   0.1306     8513.128     1023.423     2068.839    0.150   0
        16    570.426    410.293 237.9225331 +32.8998196    18.95  0.002034529 -16.9483 -16.9589   0.0004      6075376     2020.106     2292.958    0.395   4
        17    784.627    340.564 237.8952604 +32.9078257     3.87 0.0004156693 -12.1165 -12.2086   0.0148     76464.52      1039.89     2157.119    0.013   0
        18    194.075    340.874 237.9709192 +32.9062894     1.17 0.0001252538 -10.1203 -11.0267   0.0434     25743.92     1027.853     2349.103    0.048   0
        19    157.371    374.148 237.9755382 +32.9026316     3.96 0.0004248434 -12.7821 -12.8265   0.0085     135076.7     1053.943     2347.269    0.068   0
        20    340.880    375.851 237.9520246 +32.9029222     3.24 0.0003479565  -8.9713  -9.8411   0.1287       8638.4     1023.627     2329.848    0.185   0
        21    208.106    398.954 237.9689766 +32.9001068     3.95 0.0004235919 -11.8172 -12.0061   0.0177     63454.02     1036.843      2342.01    0.065   0
        22    374.882    457.596 237.9474666 +32.8942565     4.64 0.0004979547 -10.0097 -10.4773   0.0717     15521.17     1025.047     2317.153    0.053   0
        23     77.215    412.874 237.9857092 +32.8982773   100.06   0.01074059 -15.6744  99.0000  99.0000            0            0     2047.965    0.939  51
        24     80.306    718.530 237.9845441 +32.8655577   120.31   0.01291467 -15.7118 -12.3739   0.0127     89035.98     1042.993     1984.117    0.945  50
        25    965.076    501.384 237.8717585 +32.8910560     3.77 0.0004043617 -12.6138 -12.6378   0.0100     113534.3      1048.82     1850.648    0.041   0
        26    233.319    530.370 237.9654189 +32.8861007     3.86 0.0004145682  -9.3120  -9.5393   0.1698     6542.278     1022.942     2317.479    0.123   0
        27     63.035    606.987 237.9870367 +32.8774560     0.00            0  -9.6455 -11.1418   0.0390     28624.58     1028.152     1815.212    0.005   0
        28     89.104    992.504 237.9827289 +32.8362452     6.85 0.0007348669 -11.5928 -11.7375   0.0227     49542.99      1033.74     1837.194    0.175   0
        29    156.255    812.485 237.9745833 +32.8556945     3.60 0.0003859565 -11.8247 -11.8891   0.0197     56967.79     1035.306     2181.605    0.071   0
        30    752.493    650.784 237.8986288 +32.8745282     3.53 0.0003792468  -9.6868  -9.9271   0.1189     9350.539     1023.743     1961.293    0.162   0
        31    590.094    951.627 237.9186943 +32.8419062     3.63 0.0003899253 -10.0220 -10.2316   0.0899     12377.62     1024.367     1840.394    0.144   0
        32    405.108    784.134 237.9427894 +32.8593700     3.38 0.0003629939  -8.7619  -8.5911   0.4064     2731.634     1022.183     2151.336    0.209   0
        33    710.501    672.990 237.9039531 +32.8720450     3.26 0.0003497739  -8.8210  -8.7761   0.3427     3239.205     1022.076      1988.99    0.115   0
        34    690.163    694.089 237.9065066 +32.8697346     3.45 0.0003706481 -11.4596 -11.5377   0.0272     41216.64     1031.267     1994.033    0.045   0
        35    755.626    946.650 237.8975143 +32.8428563     3.82 0.0004096694 -12.6410 -12.6238   0.0102     112081.4     1048.417     1654.377    0.118   0
        36    441.232    618.461 237.9385713 +32.8772016     3.67 0.0003944525 -12.5730 -12.6201   0.0102     111700.3     1048.439     2262.855    0.064   0
        37    724.346    882.186 237.9016746 +32.8496803     3.55 0.0003809305 -11.8549 -11.9180   0.0192     58504.73      1035.62     1767.128    0.068   0
        38    315.483    580.279 237.9547710 +32.8809681     3.88 0.0004166693  -9.5699  -9.7599   0.1387     8015.942     1023.417     2303.119    0.149   0
        39    616.152    543.847 237.9163503 +32.8856351     2.50 0.0002679979  -8.8339  -8.9130   0.3021     3674.573     1022.269     2186.406    0.257   0
        40     88.598    974.182 237.9828397 +32.8382057     3.46 0.0003709046  -9.9027 -11.8840   0.0198     56699.67     1034.642     1849.269    0.423   0
        41    966.514    930.975 237.8705525 +32.8450609     1.31 0.0001410025  -8.7927 -11.1140   0.0400     27899.55     1028.177      783.171    0.330   0
        42    654.523   1006.173 237.9103136 +32.8362285     3.74 0.0004011535 -12.4811 -12.5004   0.0114     100039.4     1045.599     1716.196    0.113   0
        43    780.330    835.220 237.8946198 +32.8548496     3.69 0.0003964568 -10.7289 -10.8477   0.0511      21830.7     1026.786     1750.012    0.084   0
        44    535.383    668.639 237.9263903 +32.8720684     3.52 0.0003778262  -9.1844  -9.2199   0.2278     4874.742     1022.419     2172.263    0.125   0
