#   1 NUMBER                 Running object number                                     
#   2 X_IMAGE                Object position along x                                    [pixel]
#   3 Y_IMAGE                Object position along y                                    [pixel]
#   4 ALPHA_J2000            Right ascension of barycenter (J2000)                      [deg]
#   5 DELTA_J2000            Declination of barycenter (J2000)                          [deg]
#   6 FWHM_IMAGE             FWHM assuming a gaussian core                              [pixel]
#   7 FWHM_WORLD             FWHM assuming a gaussian core                              [deg]
#   8 MAG_BEST               Best of MAG_AUTO and MAG_ISOCOR                            [mag]
#   9 MAG_APER               Fixed aperture magnitude vector                            [mag]
#  10 MAGERR_APER            RMS error vector for fixed aperture mag.                   [mag]
#  11 FLUX_APER              Flux vector within fixed circular aperture(s)              [count]
#  12 FLUXERR_APER           RMS error vector for aperture flux(es)                     [count]
#  13 BACKGROUND             Background at centroid position                            [count]
#  14 ELLIPTICITY            1 - B_IMAGE/A_IMAGE                                       
#  15 FLAGS                  Extraction flags                                          
         1      5.704     84.740 327.7917374 +28.8484615    33.16  0.003584757 -11.7526 -10.9447   0.0159     23870.96     348.7811     494.9762    0.682  24
         2    138.775      8.771 327.7754549 +28.8569767    68.59  0.007414279 -13.0578 -11.7623   0.0084     50687.88     390.8215     473.7374    0.762  24
         3    460.696     25.689 327.7355926 +28.8559339     5.02 0.0005426845 -10.4240 -10.0646   0.0407     10613.07     398.0866     625.6724    0.186   0
         4    718.373    136.354 327.7034660 +28.8446212     5.38 0.0005814492 -15.9790 -15.9891   0.0005      2486848     1181.756     752.3497    0.103   4
         5    293.776     48.844 327.7561875 +28.8530346     5.25 0.0005673754 -10.6276  -9.9515   0.0451     9562.835     397.3393     675.7709    0.137   0
         6    274.663     65.855 327.7585123 +28.8511543     5.44 0.0005876633 -10.8180 -10.3873   0.0304     14286.43     400.3327     707.2363    0.048   0
         7    974.542     66.823 327.6719350 +28.8527221     5.74 0.0006209671  -9.6928  99.0000  99.0000     -545.276     391.3427     663.7784    0.209   0
         8    734.127     80.040 327.7016447 +28.8507292     5.42 0.0005861831  -9.9349  -8.9893   0.1085     3942.058     393.8309     714.8601    0.109   0
         9    189.989    109.710 327.7688840 +28.8462210     4.91 0.0005309951 -11.2537 -11.1377   0.0156      28515.7     409.1433     765.0138    0.035   0
        10    920.709    103.258 327.6785126 +28.8486678     5.31 0.0005735017 -10.2721 -10.3344   0.0319     13607.47     399.9626     726.1307    0.128   0
        11    228.503    108.204 327.7641236 +28.8464771     5.13 0.0005546496  -7.9093  99.0000  99.0000    -479.2977     391.2541     766.4633    0.273   0
        12    318.164    116.176 327.7530147 +28.8458355     3.91 0.0004221677  -8.2729  -8.5108   0.1682     2537.113     392.9049     764.2097    0.252   0
        13    429.367    123.637 327.7392427 +28.8453001     5.79 0.0006259144  -8.8822  -6.8954   0.7424     572.9864     391.6753     763.7932    0.080   0
        14     82.118    141.255 327.7821528 +28.8425569     5.78 0.0006246326 -10.3658 -10.5156   0.0271      16078.5      401.515     704.6948    0.042   0
        15    769.718    142.307 327.6971016 +28.8441015     6.20 0.0006696993  -8.5502  -8.8198   0.1267     3372.328     393.4911     747.8045    0.182   0
        16    648.709    144.162 327.7120650 +28.8436137     5.78 0.0006250829  -8.7891  -8.6948   0.1421     3005.629     393.2029     758.6276    0.116   0
        17    403.521    166.910 327.7423398 +28.8405730     4.88 0.0005272372 -11.7346 -11.7893   0.0088     51967.87     423.2513     765.9338    0.049   0
        18    266.549    158.824 327.7593001 +28.8411130     4.78 0.0005171682 -11.0730 -11.1457   0.0155     28727.24     409.2408     767.0414    0.058   0
        19    570.799    146.879 327.7216955 +28.8431345     7.32 0.0007909347  -8.4560  -8.3658   0.1921     2219.847      392.692     760.9353    0.079   0
        20    914.571    147.684 327.6791724 +28.8438643     4.93 0.0005333372  -8.3999  -9.0789   0.1000      4281.13     394.0351     731.0448    0.386   0
        21   1017.872    153.328 327.6663823 +28.8434987     4.76 0.0005144652  -8.2754  -8.4329   0.1751     2361.402     380.6379     719.3679    0.254  16
        22    525.623    279.617 327.7269794 +28.8287176     5.12 0.0005536225 -16.2134 -16.2200   0.0005      3076066     1300.408     766.0295    0.035   6
        23    491.035    168.017 327.7315130 +28.8406645     8.91 0.0009625963  -9.6576  -9.8056   0.0515      8360.93     396.5823      764.749    0.244   0
        24    747.685    184.546 327.6997313 +28.8394960     5.03 0.0005433286  -9.5413  -9.8674   0.0487     8850.635     396.9673     749.9337    0.120   0
        25    582.390    179.673 327.7201870 +28.8396272     5.21 0.0005634448  -8.9874  -9.2233   0.0876     4889.989     394.4212     762.5137    0.058   0
        26    480.301    277.469 327.7325895 +28.8288402     4.66 0.0005034987 -14.4070 -14.3895   0.0013     569888.1     661.8926     766.8726    0.176   3
        27    465.366    288.251 327.7344118 +28.8276420     4.69 0.0005064706 -15.6268 -15.6059   0.0006      1747306     1013.317     766.7622    0.112   7
        28    900.248    233.860 327.6807509 +28.8345411     4.83 0.0005222572 -13.5643 -13.6070   0.0021     277212.2     540.0875     734.0338    0.070   0
        29    706.045    206.024 327.7048329 +28.8370817     5.73 0.0006197715  -9.2098  -9.5555   0.0647     6640.568     395.5292     754.0621    0.125   0
        30    511.652    256.240 327.7287608 +28.8312040     4.72 0.0005099621 -13.2244 -13.2157   0.0028     193319.3      499.826     766.1941    0.168   3
        31    271.176    255.914 327.7585024 +28.8306583     4.73  0.000511084 -13.5413 -13.5859   0.0021     271866.1     537.6475     768.6121    0.034   0
        32     80.874    223.439 327.7821139 +28.8336948     6.69 0.0007230418  -9.7557 -10.1938   0.0362     11954.19     398.8845     738.1616    0.241   0
        33   1026.336    236.165 327.6651511 +28.8345889     5.14 0.0005559605 -10.1473 -10.1215   0.0311     11183.73     320.2887     718.4503    0.064  24
        34    656.896    252.752 327.7108056 +28.8319275     4.68 0.0005057073 -12.0586 -12.1354   0.0066     71475.94     434.6114     758.9753    0.066   2
        35    317.652    252.798 327.7527617 +28.8311070     4.73 0.0005115184 -11.8296 -11.8940   0.0081     57228.95     426.2154     767.4755    0.037   0
        36     51.396    230.937 327.7857420 +28.8328144     5.48  0.000592763  -9.3379  -9.8629   0.0489     8813.404     396.8784     686.7737    0.049   0
        37    113.153    241.587 327.7780792 +28.8318176     5.16 0.0005577381  -9.3433  -8.9595   0.1115     3835.383     393.7191     766.2787    0.054   0
        38    143.849    242.132 327.7742816 +28.8318338     0.00            0  -6.9980  99.0000  99.0000    -2290.025     391.2541     767.5319    0.201   0
        39    765.305    266.085 327.6973678 +28.8307481     4.63 0.0005009475 -12.0292 -12.0907   0.0069     68589.97     432.9781     747.2295    0.061   0
        40    209.496    269.340 327.7660993 +28.8290611     4.70 0.0005076235 -11.8439 -11.9096   0.0080     58054.25      426.821     768.4821    0.050   0
        41    668.984    256.739 327.7093016 +28.8315266     4.86 0.0005250105 -10.5915 -10.7670   0.0217     20266.87     404.0716     758.1735    0.111   3
        42    247.738    259.971 327.7613917 +28.8301641     5.29  0.000571642  -9.7739 -10.0289   0.0421     10269.52      397.849     768.6158    0.076   0
        43    574.307    268.573 327.7209839 +28.8300247     4.76 0.0005144032 -10.7340 -10.8698   0.0198     22279.99     405.2938     763.9587    0.033   0
        44    186.870    292.145 327.7688443 +28.8265477     4.74 0.0005123572 -11.9812 -12.0534   0.0071     66274.48     431.5487     768.2109    0.054   0
        45   1005.055    280.474 327.6676845 +28.8297626     7.18  0.000775657  -8.6967  -8.5093   0.1684     2533.553     392.9247      716.421    0.274   0
        46    202.181    331.875 327.7668583 +28.8223023     4.65 0.0005023404 -13.4470 -13.4931   0.0023     249600.9     527.2092     767.9944    0.042   0
        47    261.733    310.960 327.7595424 +28.8247017     4.69   0.00050685 -10.8605 -10.9253   0.0188     23448.73     406.0247     768.0635    0.063   0
        48    101.660    307.757 327.7793455 +28.8246566     4.73 0.0005114012  -9.8022  -9.8912   0.0477     9046.736     397.0471     765.7507    0.062   0
        49    937.611    311.084 327.6759571 +28.8263045     4.96 0.0005362578  -8.5276  -8.9752   0.1099     3891.297     393.7766     721.3712    0.082   0
        50    841.538    317.380 327.6878243 +28.8253992     4.96 0.0005365207 -10.0034 -10.0768   0.0403     10733.11     398.1402     734.6455    0.126   0
        51    100.988    326.974 327.7793836 +28.8225835     4.02 0.0004348399  -8.0506  -8.5673   0.1596     2672.534     392.8588     765.6451    0.007   0
        52    811.779    337.132 327.6914601 +28.8231996     4.90 0.0005300434  -9.2084  -9.2086   0.0888       4824.3     394.4454     737.4667    0.141   0
        53   1010.985    337.061 327.6668251 +28.8236766     1.03 0.0001110666  -9.5626  -9.6035   0.0619     6940.892     395.7299     710.9761    0.021   0
        54    116.767    349.651 327.7773792 +28.8201777     4.57 0.0004934759  -9.7097  -9.3409   0.0787     5449.779     394.8087     766.0588    0.113   0
        55    210.991    361.474 327.7656999 +28.8191331     4.66 0.0005034662 -10.9697 -11.0976   0.0161      27481.7     408.4686     767.7823    0.057   0
        56    837.139    359.653 327.6882733 +28.8208319     4.57 0.0004940071  -8.5338  -8.5602   0.1607     2655.184     392.9801     732.2637    0.186   0
        57    983.562    371.100 327.6701405 +28.8199430     5.34 0.0005775521  -8.7491  -8.6535   0.1476      2893.24     393.1425     711.3809    0.254   0
        58    964.096    461.594 327.6723457 +28.8101423     4.94 0.0005335291 -15.7240 -15.7449   0.0006      1985882     1070.519     705.8983    0.062   4
        59    544.312    388.575 327.7244191 +28.8170170     4.70 0.0005078455  -9.8516  -9.9405   0.0456     9466.982     397.3117     761.4145    0.044   0
        60    120.058    396.171 327.7768634 +28.8151710     4.87  0.000525912  -9.2098  -8.4912   0.1713     2491.707     392.9532     764.8886    0.030   0
        61    343.075    438.857 327.7491874 +28.8111121     4.51 0.0004872075 -13.5269 -13.5748   0.0022     269108.5     536.3718     764.2385    0.037   0
        62    816.781    419.266 327.6906567 +28.8143577     4.54 0.0004910936 -11.1752 -11.2353   0.0143     31198.89     410.7901     731.4898    0.071   0
        63    116.776    417.600 327.7772191 +28.8128531     5.28 0.0005708998  -8.6962  -7.1167   0.6053     702.5598     391.6142     764.1577    0.081   0
        64    269.715    484.122 327.7581533 +28.8060550     4.51 0.0004877851 -14.9795 -15.0078   0.0009      1007242     810.4189     764.3958    0.037   0
        65    170.417    441.011 327.7705316 +28.8104604     4.51 0.0004880358 -11.6891 -11.7649   0.0090     50811.46     422.3934     764.9536    0.038   0
        66    804.574    445.818 327.6921063 +28.8114665     5.51 0.0005956859 -12.0012 -12.0513   0.0071     66146.34     431.4142     730.1995    0.218   0
        67    416.054    435.633 327.7401708 +28.8116359     4.98 0.0005387401  -8.4266  -8.8697   0.1211     3530.931     393.5918     763.1686    0.055   0
        68    720.024    439.711 327.7025749 +28.8119243     4.80 0.0005187334  -9.1218  -9.3656   0.0769      5575.05     394.8661     740.6192    0.121   0
        69   1012.806    460.933 327.6663241 +28.8103278     4.89 0.0005284249 -11.5031 -11.5556   0.0108     41900.71     417.2419     699.0871    0.130   0
        70    422.902    447.831 327.7392960 +28.8103376     5.15 0.0005565023  -9.3393  -9.4521   0.0711     6037.124     395.1915     762.7127    0.128   0
        71    665.515    447.827 327.7092967 +28.8109196     4.54 0.0004908289  -9.0126  -9.2255   0.0874     4899.886     394.4384     746.7758    0.101   0
        72     37.011    476.187 327.7869445 +28.8063422     4.52  0.000488464 -12.0970 -12.0938   0.0068     68787.25     432.9119     657.9125    0.062   0
        73    947.640    504.764 327.6742842 +28.8054499     4.68 0.0005053851 -13.9547 -13.9933   0.0016     395646.3     592.4291     702.5242    0.077   0
        74    350.522    458.491 327.7482212 +28.8090137     4.98 0.0005378432  -9.3115  -9.7378   0.0548     7854.305     396.2956     763.8684    0.014   0
        75    174.413    467.093 327.7699767 +28.8076586     5.69  0.000615343  -8.8059  -9.2315   0.0870     4926.994     394.4886     764.2401    0.124   0
        76    568.535    476.195 327.7212237 +28.8076300     4.43 0.0004787179  -9.0588  -9.1625   0.0926     4623.877     394.2525     754.4009    0.045   0
        77    462.587    479.011 327.7343174 +28.8070721     4.71 0.0005093127  -9.1758  -9.1253   0.0958     4467.941     394.0217     761.0561    0.028   0
        78     94.966    503.575 327.7797144 +28.8035319     4.24   0.00045801  -9.0246  -9.6535   0.0592     7268.074     395.9147     756.7911    0.127   0
        79    344.963    523.630 327.7487580 +28.8019785     4.46  0.000481864 -11.1526 -11.2221   0.0145     30819.34     410.5379      762.186    0.070   0
        80    428.814    547.156 327.7383365 +28.7996450     4.44 0.0004801283 -12.5366 -12.5898   0.0046     108627.4     455.4142      759.298    0.059   0
        81    995.790    523.927 327.6682879 +28.8034973     5.21  0.000562747  -8.5405  -8.5335   0.1647     2590.702     392.9611     692.3038    0.192   0
        82    258.681    526.498 327.7594193 +28.8014602     3.72 0.0004018004  -8.0059  -8.5721   0.1590     2684.334     393.0427     763.2307    0.236   0
        83    271.671    904.508 327.7569366 +28.7607438     4.14  0.000447215 -12.0747 -12.1472   0.0065     72256.02     435.0698     732.0601    0.105   0
        84    120.837   1024.149 327.7752986 +28.7474797     4.66 0.0005032851  -8.4251  -7.9318   0.2435     1488.428     333.7296     713.2592    0.092  16
        85    123.910    971.867 327.7750410 +28.7531230     4.24 0.0004578433 -12.4461 -12.5066   0.0049     100605.5     451.0756     717.9995    0.065   0
        86     57.982    961.638 327.7832124 +28.7540643     4.31  0.000465421 -11.8168 -11.9053   0.0080     57826.76     426.5964     659.1682    0.055   0
        87    385.583    952.756 327.7427468 +28.7558187     4.40 0.0004752543 -10.6488 -10.7195   0.0226     19399.65      403.481     721.2269    0.084   0
        88    421.490    924.069 327.7383751 +28.7589976     5.67  0.000613114  -8.9382  -9.2797   0.0832     5150.729     394.6413     723.7462    0.170   3
        89    824.045    740.770 327.6890353 +28.7797177     4.78 0.0005171022  -9.4957  -9.5815   0.0632     6801.274     395.6089     693.8891    0.118   0
        90    410.699    840.651 327.7399007 +28.7679637     4.22 0.0004559292 -11.1185 -11.1849   0.0149     29781.75     409.9162     734.2091    0.066   0
        91    470.391    936.377 327.7323032 +28.7577886     4.97 0.0005377046  -8.2948  -8.6464   0.1485     2874.417     392.9762     716.4556    0.130   0
        92    713.056    836.491 327.7025386 +28.7691362     4.45 0.0004808054 -11.6828 -11.7535   0.0091     50281.41     422.2335     697.2227    0.117   0
        93    885.457    887.890 327.6811143 +28.7640037     5.47 0.0005913076  -9.8774  -9.9859   0.0437     9871.126     397.6095     653.4293    0.266   0
        94    316.829    879.587 327.7514130 +28.7635398     4.43 0.0004787632  -9.3731  -9.6792   0.0578     7441.589     395.8929     733.4706    0.080   0
        95    420.334    929.614 327.7385053 +28.7583971     4.80 0.0005183041  -8.6942  -9.1971   0.0897     4773.702     394.3475     723.0635    0.118   3
        96    499.548    921.984 327.7287328 +28.7594102     4.69 0.0005070885  -9.1746  -9.3800   0.0759     5649.596     394.9133     714.6211    0.208   0
        97    998.188    891.068 327.6671740 +28.7639262     8.10 0.0008754793  -9.5783  -9.7418   0.0546     7883.522     396.3359     574.6098    0.295   0
        98    458.850    883.054 327.7338520 +28.7635088     4.31 0.0004654754 -12.5129 -12.5802   0.0046       107671     454.9174      724.487    0.073   0
        99    856.877    882.987 327.6846576 +28.7644648     6.34 0.0006851213  -8.3485  -7.9945   0.2702     1576.839     392.3045      666.376    0.380   0
       100    313.128    867.980 327.7518973 +28.7647819     4.32 0.0004666406  -9.8899 -10.0513   0.0412     10483.76     397.9836     735.0922    0.115   0
       101    437.141    854.903 327.7365998 +28.7664911     3.60 0.0003894181  -7.8966  -8.1020   0.2448     1740.947     392.4643     730.5277    0.200   0
       102    272.992    745.407 327.7571422 +28.7778975     4.25 0.0004599309  -8.8189  -9.2404   0.0862     4967.981     394.3388     751.9125    0.073   3
       103    139.434    840.698 327.7734288 +28.7673004     4.19 0.0004525585 -11.7551 -11.8246   0.0086     53681.25     424.2009     738.3635    0.070   0
       104    880.792    828.808 327.6818233 +28.7703615     4.92 0.0005314702 -13.2216 -13.2689   0.0027     203022.8     504.4672     671.7268    0.129   0
       105    784.310    774.612 327.6938709 +28.7759756     4.52  0.000489051  -8.5890  -8.8267   0.1259     3393.844     393.5157       695.38    0.103   0
       106    782.668    826.473 327.6939570 +28.7703813     4.65  0.000502215  -8.1407  -7.9471   0.2822     1509.518     392.3168      688.824    0.126   0
       107    462.683    812.001 327.7335413 +28.7711773     4.27 0.0004616605 -13.7068 -13.7498   0.0019     316155.1     557.8148     733.3509    0.059   0
       108     94.491    767.580 327.7791548 +28.7750723     5.08 0.0005495457 -12.0027 -12.0662   0.0070      67065.4     432.0568      738.546    0.325   0
       109    144.474    794.585 327.7729135 +28.7722834     4.31 0.0004659948 -11.0995 -11.2018   0.0147     30248.26     410.2217     745.3004    0.050   0
       110    258.769    788.248 327.7588008 +28.7732449     4.40 0.0004761368  -9.6749  -9.7949   0.0520       8278.4     396.5849     747.8712    0.068   0
       111    494.820    799.920 327.7295967 +28.7725568     4.23 0.0004570049  -9.8679  -9.9006   0.0473      9125.01     397.1183     732.1855    0.074   0
       112    570.797    649.944 327.7205475 +28.7889058     4.46 0.0004822942 -10.2047 -10.2979   0.0330     13157.15     399.5727     739.8807    0.032   0
       113    248.735    664.395 327.7603286 +28.7865713     4.37 0.0004728897  -9.9068 -10.0237   0.0423     10221.12     397.7532     758.7572    0.087   0
       114    793.985    672.893 327.6929040 +28.7869635     4.50 0.0004869046  -8.9838  -9.1068   0.0974     4392.417     394.1386     706.1536    0.089   0
       115    524.538    673.112 327.7262133 +28.7862976     4.45 0.0004815043  -9.6406  -9.7246   0.0555     7759.893     396.2907     742.9352    0.139   0
       116     68.892    789.172 327.7822684 +28.7726821     6.22 0.0006724712  -9.2684 -10.1081   0.0392     11046.47      398.326     693.2396    0.030   0
       117    845.103    758.404 327.6863926 +28.7778666     4.66 0.0005035282 -10.8637 -10.9202   0.0189     23338.61     405.8929     688.4453    0.129   0
       118    881.628    753.334 327.6818891 +28.7784994     4.67 0.0005050397 -10.8327 -10.8974   0.0193     22853.28     405.6793     683.3536    0.155   0
       119    303.860    737.235 327.7533453 +28.7788532     5.49 0.0005935381  -8.4930  -8.1863   0.2266     1881.605     392.5428     752.1114    0.162   0
       120    378.853    740.633 327.7440674 +28.7786684     4.25 0.0004594003 -12.2698 -12.3345   0.0056     85858.61     442.8172     748.4141    0.061   0
       121    299.159    648.451 327.7541321 +28.7884124     4.52 0.0004884846  -9.8630  -9.9161   0.0466     9256.548     397.2338     757.9792    0.109   0
       122    581.995    707.151 327.7190327 +28.7827660     4.75 0.0005136956  -9.2895  -9.7574   0.0538     7997.592     396.3423     731.9634    0.086   0
       123    606.139    741.072 327.7159710 +28.7791671     8.82 0.0009535667 -10.6978 -10.5706   0.0258     16914.21     402.0027      724.352    0.157   0
       124    256.448    637.930 327.7594367 +28.7894428     4.52 0.0004887405 -10.1450 -10.2215   0.0353     12263.11     399.0346     759.3618    0.110   0
       125    581.038    722.650 327.7191157 +28.7810930     3.89 0.0004209856  -8.3982  -9.2168   0.0881     4860.983     394.4467     730.1644    0.274   0
       126    124.727    705.806 327.7755619 +28.7818051     4.40 0.0004759787 -10.2745 -10.2634   0.0340     12745.36     399.3475     752.6743    0.090   0
       127    942.100    721.607 327.6744847 +28.7820619     4.89 0.0005282998 -10.9041 -10.9582   0.0183     24170.83     406.3945     677.7045    0.166   0
       128    867.003    678.143 327.6838656 +28.7865702     4.66 0.0005038314 -10.7788 -10.8569   0.0200     22016.99     405.0674     693.1928    0.134   0
       129    280.446    722.731 327.7562732 +28.7803599     4.66 0.0005039527  -8.8854  -8.8155   0.1272     3358.917     393.4165     753.6872    0.064   0
       130    455.767    718.055 327.7346117 +28.7812877     0.71 7.657555e-05  -7.2564  -7.6643   0.3660     1163.342     392.0851     745.0014    0.049   0
       131    568.951    701.937 327.7206572 +28.7832968     4.60 0.0004971783  -9.2056  -9.4349   0.0722     5942.597      395.022     734.4092    0.069   0
       132    671.456    712.821 327.7079609 +28.7823684     4.54 0.0004912026  -9.8525  -9.8829   0.0480     8977.306     397.0253     720.0862    0.090   0
       133    284.983    694.477 327.7557779 +28.7834166     4.06 0.0004389905  -8.3657  -8.4747   0.1739     2454.125     392.8852     755.7861    0.151   0
       134    439.445    668.886 327.7367423 +28.7865486     4.51 0.0004878393  -8.9926  -9.1066   0.0975     4391.777     394.1712     751.0038    0.085   0
       135    376.155    668.839 327.7445665 +28.7864010     0.86 9.280012e-05  -6.8631  -8.1127   0.2424     1758.197     392.4863     753.9113    0.199   0
       136    849.352    616.208 327.6861867 +28.7932050     6.84  0.000739253  -9.3951  -9.5511   0.0649     6613.787     395.4904     704.1368    0.281   0
       137    961.327    655.069 327.6722563 +28.7892797     4.78  0.000516319  -9.6331  -9.6779   0.0579     7432.681     396.0952     681.9318    0.142   0
       138    940.870    966.416 327.6740900 +28.7556694     6.13 0.0006624141  -8.8567  -9.2331   0.0868     4934.501     394.4933     562.3291    0.190   0
       139    166.253    995.826 327.7697523 +28.7506437     4.28 0.0004628841 -12.1682 -12.2468   0.0060     79201.43     439.0426     717.0712    0.061   0
       140    574.252    640.288 327.7201425 +28.7899550     4.17 0.0004508557  -8.5565  -9.0095   0.1065     4016.152     393.8889     740.5012    0.163   0
       141    708.831    953.770 327.7027955 +28.7564838     5.89 0.0006363355  -8.7110  -8.8313   0.1254     3408.035     393.4257     681.7865    0.248   0
       142   1005.288    865.218 327.6663539 +28.7667294     4.49 0.0004852524  -8.8493  -7.8082   0.3206     1328.305     392.1903     590.7542    0.218   0
       143    149.549    606.432 327.7727256 +28.7925779     4.36  0.000471551 -11.6697 -11.7593   0.0091     50551.69      422.414     759.3625    0.071   3
       144    155.827    618.961 327.7719201 +28.7912426     4.37 0.0004727406 -11.1761 -11.3364   0.0131     34242.53     412.5858     759.0035    0.132   3
       145    724.775    624.774 327.7015689 +28.7919863     4.33 0.0004678672 -10.7520 -10.7915   0.0212     20730.09     404.3045      721.676    0.063   0
       146    736.764    745.416 327.6998141 +28.7790101     5.31 0.0005740399  -8.5577  -8.7104   0.1401     3048.958     393.1974     706.9363    0.111   0
       147    172.377    563.856 327.7700027 +28.7972230     5.03 0.0005434765  -9.1020  -9.4010   0.0745     5759.737      395.005     761.6783    0.134   0
       148     87.000    580.094 327.7805201 +28.7952640     4.49  0.000485435 -11.2220 -11.3559   0.0129     34862.88     412.8985      741.322    0.035   0
       149    860.528    593.169 327.6848567 +28.7957148     5.30 0.0005729103  -7.9574  -7.8510   0.3083     1381.695     392.2022     705.6169    0.338   0
       150    625.022    582.985 327.7139962 +28.7962535     4.35 0.0004701137 -11.3872 -11.4668   0.0117     38612.08     415.1311     739.0943    0.075   0
       151     58.685    986.943 327.7830662 +28.7513383     4.41 0.0004770589 -12.9358 -12.9924   0.0033       157388     481.5009      658.236    0.068   0
       152    122.497   1010.439 327.7751254 +28.7489616     4.24 0.0004581795  -8.8439  -8.8367   0.1248     3425.076     393.4695     714.1854    0.195   0
       153    826.330    537.774 327.6892093 +28.8016055     4.98 0.0005385617  -8.4260  -8.7810   0.1313     3253.959     393.4269     716.0093    0.069   0
       154    311.403   1007.835 327.7517870 +28.7497020     4.31 0.0004663111 -10.7251 -10.8232   0.0206     21343.79     404.5981     715.5478    0.110   0
       155    133.094    998.913 327.7738428 +28.7502300     5.37  0.000580047  -8.4402  -8.5445   0.1631     2616.979     393.0109     715.3889    0.092   0
       156    264.326    741.501 327.7582224 +28.7782974     4.33 0.0004677052 -10.3411 -10.4663   0.0283     15365.22     401.0166     752.2632    0.141   2
