#   1 NUMBER                 Running object number                                     
#   2 X_IMAGE                Object position along x                                    [pixel]
#   3 Y_IMAGE                Object position along y                                    [pixel]
#   4 ALPHA_J2000            Right ascension of barycenter (J2000)                      [deg]
#   5 DELTA_J2000            Declination of barycenter (J2000)                          [deg]
#   6 FWHM_IMAGE             FWHM assuming a gaussian core                              [pixel]
#   7 FWHM_WORLD             FWHM assuming a gaussian core                              [deg]
#   8 MAG_BEST               Best of MAG_AUTO and MAG_ISOCOR                            [mag]
#   9 MAG_APER               Fixed aperture magnitude vector                            [mag]
#  10 MAGERR_APER            RMS error vector for fixed aperture mag.                   [mag]
#  11 FLUX_APER              Flux vector within fixed circular aperture(s)              [count]
#  12 FLUXERR_APER           RMS error vector for aperture flux(es)                     [count]
#  13 BACKGROUND             Background at centroid position                            [count]
#  14 ELLIPTICITY            1 - B_IMAGE/A_IMAGE                                       
#  15 FLAGS                  Extraction flags                                          
         1    833.012    180.170 200.9205194 +36.2166369   179.03    0.0193207 -15.7505 -12.2191   0.0097     77206.24     691.8768     1164.172    0.912  16
         2    519.931     44.105 200.9627789 +36.2303597     6.15 0.0006631723  -9.9023  -9.8575   0.0826     8769.614     667.0074     1218.961    0.347   0
         3    472.106     84.808 200.9691063 +36.2258371     5.63 0.0006078584 -10.3660 -10.4169   0.0495      14681.6     669.1265     1235.751    0.266   0
         4    539.117    140.250 200.9600053 +36.2200691     5.29 0.0005714122  -9.8520 -10.0162   0.0714     10150.17     667.5806     1280.585    0.268   0
         5    607.840    161.036 200.9507480 +36.2180352     7.66 0.0008269904 -10.7496 -10.8043   0.0348     20975.25     671.5666     1305.077    0.246   0
         6    261.019    294.008 200.9969618 +36.2026916     4.20 0.0004532752  -8.8280  -9.7478   0.0913     7927.101     666.3363     1294.437    0.008   0
         7    188.981    325.904 201.0065494 +36.1990420     5.06 0.0005456694 -10.2097 -10.1774   0.0616     11774.66     668.1141     1287.942    0.156   0
         8    442.516    386.507 200.9724381 +36.1932791     5.86 0.0006320828  -9.6888  -9.8342   0.0844     8583.524     666.8816     1361.774    0.111   0
         9    804.557    798.135 200.9230743 +36.1500455     7.20 0.0007774731 -10.8994 -11.4668   0.0191     38611.75     677.9899     1322.534    0.333   2
        10    888.113    887.959 200.9116998 +36.1406218    58.69  0.006333627 -13.7926 -12.4468   0.0080      95217.8     698.6044     550.1932    0.132  16
        11     98.484    720.130 201.0178244 +36.1563410     6.18  0.000666883  -8.6680  -8.4764   0.2937     2457.973     664.6562     1304.855    0.103   0
        12    307.458    470.927 200.9903599 +36.1837902     4.41 0.0004755288 -10.4777 -10.5866   0.0424     17164.95     670.0723      1364.78    0.063   0
        13    885.156    444.592 200.9129929 +36.1883305     3.89 0.0004199641 -11.8044 -10.1904   0.0609     11916.93     667.9995     1089.136    0.018   0
        14    444.254    498.729 200.9719689 +36.1812065     4.25 0.0004586256 -12.2297 -12.2912   0.0091     82503.08     694.0035     1378.307    0.070   0
        15    864.964    626.533 200.9153301 +36.1686904     4.16 0.0004487507 -12.1484 -11.4991   0.0185      39776.2     678.4376     1330.255    0.067   0
        16    841.247    830.520 200.9180936 +36.1466671    79.67  0.008598323 -13.8522 -12.8137   0.0058     133501.9     712.2429     1069.642    0.482  16
        17    169.230    538.703 201.0087379 +36.1760804     4.62 0.0004987895 -10.4515 -10.6029   0.0418     17424.46     670.1691     1338.906    0.105   0
        18    431.446    539.204 200.9736001 +36.1768124     4.24 0.0004573155 -12.1237 -12.2145   0.0098     76880.77     691.8312      1378.04    0.065   0
        19    159.356    786.184 201.0095273 +36.1494160     4.17 0.0004496647  -9.0337 -10.5212   0.0450     16162.18     669.6236     1308.452    0.112   0
        20    825.743    482.481 200.9208785 +36.1840796     5.41 0.0005840957 -10.1948 -10.9115   0.0315     23152.55     672.4137     1322.488    0.134   0
