#   1 NUMBER                 Running object number                                     
#   2 X_IMAGE                Object position along x                                    [pixel]
#   3 Y_IMAGE                Object position along y                                    [pixel]
#   4 ALPHA_J2000            Right ascension of barycenter (J2000)                      [deg]
#   5 DELTA_J2000            Declination of barycenter (J2000)                          [deg]
#   6 FWHM_IMAGE             FWHM assuming a gaussian core                              [pixel]
#   7 FWHM_WORLD             FWHM assuming a gaussian core                              [deg]
#   8 MAG_BEST               Best of MAG_AUTO and MAG_ISOCOR                            [mag]
#   9 MAG_APER               Fixed aperture magnitude vector                            [mag]
#  10 MAGERR_APER            RMS error vector for fixed aperture mag.                   [mag]
#  11 FLUX_APER              Flux vector within fixed circular aperture(s)              [count]
#  12 FLUXERR_APER           RMS error vector for aperture flux(es)                     [count]
#  13 BACKGROUND             Background at centroid position                            [count]
#  14 ELLIPTICITY            1 - B_IMAGE/A_IMAGE                                       
#  15 FLAGS                  Extraction flags                                          
         1      9.314     81.812 327.7915831 +28.8489933    57.27  0.006185363 -12.9499 -12.0639   0.0088      66918.5     539.1765     457.8496    0.618  24
         2    192.140     28.974 327.7691247 +28.8551358    27.65  0.002986767 -11.7835 -11.2714   0.0190      32251.7     564.3754     653.3416    0.207   3
         3    136.578     10.668 327.7760305 +28.8569733    83.62  0.009031708 -14.1662 -12.8843   0.0045     142466.7      584.909     387.3345    0.745  24
         4    206.487     19.971 327.7673736 +28.8561412     5.08 0.0005481442  -9.3696  99.0000  99.0000    -14799.36     549.8101     666.3461    0.523   3
         5    463.415     27.461 327.7356201 +28.8559561     4.71 0.0005087358 -10.4312  99.0000  99.0000    -2232.161     549.8257     772.8845    0.248   0
         6    137.489     91.011 327.7757303 +28.8483159    22.18  0.002395933 -11.7431 -11.2029   0.0202     30281.62     563.4414     965.7963    0.428   2
         7    296.408     50.535 327.7561956 +28.8530655     4.91 0.0005301291 -10.5667  99.0000  99.0000    -9834.305     549.8412     900.1796    0.127   0
         8    720.953    138.593 327.7035570 +28.8445939     4.69 0.0005067469 -15.9616 -15.9543   0.0006      2408246     1227.333     1076.936    0.059   7
         9    277.271     67.691 327.7585196 +28.8511699     5.35 0.0005781504 -10.8149  -9.0792   0.1399     4282.138     551.8158     973.9838    0.086   0
        10    977.177     68.596 327.6720667 +28.8527440     6.09 0.0006576739  -9.2306  99.0000  99.0000    -23993.88     549.5767     876.7392    0.378   0
        11    736.835     81.918 327.7017234 +28.8507403     4.98 0.0005379678  -9.8066  99.0000  99.0000    -8591.476     549.8412     996.0641    0.076   0
        12     65.211    109.091 327.7846151 +28.8461903     9.75  0.001053224  -9.7038  99.0000  99.0000     -1979.02     549.8257     753.1545    0.667   2
        13    923.674    105.205 327.6785936 +28.8486723     5.12 0.0005531538 -10.3253 -10.2492   0.0480     12579.51     555.4544     1018.536    0.140   0
        14    192.628    111.579 327.7688720 +28.8462336     4.94  0.000533042 -11.2042 -10.8191   0.0286     21264.21      559.319     1104.083    0.118   0
        15    727.001    124.743 327.7028413 +28.8461011     5.36 0.0005786041 -11.9899 -12.1695   0.0086     73755.63       582.25     1074.718    0.212   3
        16    432.095    125.649 327.7392631 +28.8452975     4.80 0.0005183105  -8.7511  99.0000  99.0000    -781.9587     549.8568     1098.821    0.141   0
        17     84.809    143.344 327.7821144 +28.8425464     6.25 0.0006746174 -11.1886 -11.1354   0.0215     28454.76     562.5542     981.0399    0.162   0
        18    744.243    139.944 327.7006774 +28.8445036     7.85  0.000847765  -9.6766 -10.4886   0.0386     15683.54     556.9419     1072.005    0.055   1
        19    772.646    144.397 327.6971594 +28.8440911     5.75 0.0006207801  -8.6245  -8.7088   0.1966     3044.471      551.053     1066.203    0.140   0
        20    651.565    145.932 327.7121103 +28.8436376     4.91 0.0005308501  -8.9769  -9.1546   0.1306     4590.183     551.8779       1091.1    0.219   0
        21    573.406    148.449 327.7217579 +28.8431795     6.28 0.0006782102  -8.4347  -6.2156   1.9494     306.3629     549.9183     1097.098    0.211   0
        22    269.256    160.711 327.7592938 +28.8411244     4.96 0.0005361494 -11.1389 -11.2380   0.0196     31276.41      563.913     1117.516    0.099   0
        23    917.690    149.876 327.6792329 +28.8438434     4.84 0.0005230234  -8.6894  -9.7333   0.0768     7821.822      553.448     1027.383    0.287   0
        24    406.157    168.874 327.7423673 +28.8405760     4.87  0.000526407 -11.7461 -11.8008   0.0119     52519.65     573.2086     1111.229    0.121   0
        25    493.606    170.584 327.7315630 +28.8406023     7.92 0.0008555441 -10.0026 -10.3502   0.0437     13806.81     555.8219     1105.094    0.303   0
        26    585.212    181.569 327.7202242 +28.8396379     6.48 0.0006999569  -8.8356  -9.1789   0.1276     4694.185      551.739      1102.77    0.193   0
        27    528.361    281.682 327.7270167 +28.8287111     9.76   0.00105389 -16.2000 -16.2156   0.0005      3063662     1354.317     1106.119    0.051   6
        28    750.542    186.486 327.6997944 +28.8395021     4.99 0.0005390358  -9.7552 -10.1454   0.0527     11432.85      555.046     1072.646    0.054   0
        29    468.101    290.225 327.7344387 +28.8276456     4.73 0.0005103462 -15.6238 -15.6126   0.0007      1758050     1086.907     1110.856    0.115   7
        30    903.107    235.847 327.6808416 +28.8345427     4.58 0.0004943286 -13.5668 -13.6082   0.0026     277499.7     664.1478     1033.036    0.058   0
        31    708.939    207.963 327.7048838 +28.8370883     4.81 0.0005195963  -9.5692 -10.0482   0.0576     10454.23     554.5742     1082.946    0.163   0
        32    514.404    258.157 327.7287941 +28.8312132     4.54 0.0004900427 -13.1786 -13.2115   0.0036     192574.3     631.2357     1107.609    0.105   3
        33    483.072    279.397 327.7326147 +28.8288487     4.52 0.0004884196 -14.3782 -14.3863   0.0015     568239.8     765.7301     1110.547    0.129   3
        34     82.767    225.263 327.7821747 +28.8337120     8.93 0.0009645761 -10.6774 -10.9420   0.0256     23811.53     560.5785     1057.192    0.344   0
        35    273.875    257.860 327.7584982 +28.8306646     4.67 0.0005046531 -13.5494 -13.5941   0.0026     273937.4     662.8184     1120.135    0.102   0
        36     53.951    232.697 327.7857158 +28.8328401     6.33 0.0006837666  -9.9206 -10.5916   0.0351     17243.62     557.6417     933.5184    0.283   0
        37   1027.952    238.139 327.6654184 +28.8345890     4.55 0.0004917135  -9.3337  -9.0169   0.1117      4043.68     415.9652     997.0165    0.387  24
        38    659.638    254.709 327.7108665 +28.8319325     4.50   0.00048611 -12.0601 -12.1231   0.0089     70669.34     581.0411      1094.24    0.076   0
        39    320.391    254.736 327.7527611 +28.8311141     4.64 0.0005009304 -11.8215 -11.8732   0.0111     56143.37     574.7869     1117.941    0.081   0
        40    115.848    243.439 327.7780469 +28.8318338     4.91 0.0005300879  -9.1788  99.0000  99.0000    -3550.233     549.8723     1117.792    0.167   0
        41     74.826    245.001 327.7831090 +28.8315650     5.94 0.0006415165 -10.3247 -11.2505   0.0194     31638.61     563.8157     1023.141    0.536   0
        42    671.775    258.835 327.7093584 +28.8315166     4.67 0.0005040946 -10.6190 -10.7263   0.0311     19522.43     558.5859     1091.977    0.116   0
        43    768.111    268.042 327.6974407 +28.8307533     4.40 0.0004750641 -12.0211 -12.0685   0.0094     67205.26     579.5782      1065.82    0.068   0
        44    212.173    271.266 327.7660867 +28.8290696     4.64 0.0005016534 -11.8528 -11.9324   0.0106     59284.61     576.1812     1120.693    0.088   0
        45    250.441    261.813 327.7613829 +28.8301816     5.01 0.0005411248  -9.7308  -9.9627   0.0623     9662.644     554.0938     1120.474    0.199   0
        46    577.089    270.581 327.7210246 +28.8300244     4.62 0.0004988176 -10.6730 -10.8442   0.0279     21761.76     559.6178      1103.33    0.143   0
        47    189.571    294.053 327.7688248 +28.8265585     4.67 0.0005040986 -11.9920 -12.0748   0.0093     67596.47     579.7764     1120.642    0.102   0
        48   1007.894    282.308 327.6677973 +28.8297813     6.41 0.0006922617  -8.6250  -6.3428   1.7344     344.4372     550.0756     992.2932    0.305   0
        49     69.989    296.002 327.7835869 +28.8260562     3.70 0.0003991526  -9.2036 -11.0661   0.0228     26695.48       561.65     1001.439    0.004   0
        50    264.396    312.827 327.7595414 +28.8247170     4.66 0.0005031314 -10.8768 -10.9028   0.0265     22966.93     559.9421     1118.817    0.143   0
        51    204.867    333.807 327.7668435 +28.8223109     4.57 0.0004933545 -13.4510 -13.5058   0.0028     252529.6     654.6549     1119.884    0.097   0
        52    104.221    309.671 327.7793278 +28.8246667     4.75 0.0005127412  -9.6243  -9.1043   0.1368     4382.294     551.8766     1118.276    0.243   0
        53    940.518    313.508 327.6760481 +28.8262601     3.74 0.0004034131  -8.2086  -8.3848   0.2648     2259.055     550.8519     1004.878    0.577   0
        54    844.431    319.341 327.6879005 +28.8254048     4.61  0.000498073 -10.0286 -10.0223   0.0590     10207.96     554.5248      1035.42    0.040   0
        55    814.657    339.115 327.6915328 +28.8232030     4.52 0.0004885798  -9.2935  -9.3473   0.1094     5481.796     552.3436     1041.925    0.097   0
        56    119.480    351.590 327.7773456 +28.8201859     4.53 0.0004889299  -9.6296  99.0000  99.0000     -2074.33     549.8101     1118.181    0.147   0
        57     28.077    353.360 327.7886277 +28.8197711     5.05 0.0005449353  -8.1099  99.0000  99.0000    -52942.83     549.8101     817.2738    0.284   0
        58    213.768    363.426 327.7656755 +28.8191402     4.53 0.0004888722 -10.9861 -11.1446   0.0213     28696.86     562.7074     1118.722    0.124   0
        59    840.160    361.956 327.6883323 +28.8208015     5.03 0.0005430069  -8.3152  -7.7624   0.4694     1273.396     550.4354     1028.879    0.187   0
        60    986.205    373.217 327.6702733 +28.8199317     5.48 0.0005920422  -8.7881  -8.7873   0.1829     3272.866      551.079     975.8792    0.241   0
        61    547.064    390.429 327.7244589 +28.8170348     4.54 0.0004902442  -9.9338 -10.0821   0.0559     10785.28     554.7388     1098.992    0.114   0
        62    967.000    463.645 327.6724433 +28.8101398     4.67 0.0005043354 -15.7102 -15.7369   0.0006      1971308     1134.794     960.3513    0.076   4
        63    122.967    398.051 327.7768065 +28.8151867     4.26 0.0004602621  -9.0791  99.0000  99.0000    -3245.446     549.8723     1113.902    0.162   0
        64    345.752    440.846 327.7491997 +28.8111158     4.35 0.0004700764 -13.5318 -13.5818   0.0027     270838.8     661.6229     1109.467    0.114   0
        65    819.635    421.300 327.6907334 +28.8143565     4.19 0.0004527677 -11.2078 -11.2359   0.0196     31213.94     563.8246     1023.031    0.090   0
        66    119.625    419.725 327.7771685 +28.8128424     6.32 0.0006820995  -8.5623  99.0000  99.0000     -6344.01     549.8568     1111.708    0.372   0
        67    173.104    443.007 327.7705112 +28.8104636     4.35  0.000470115 -11.7110 -11.8165   0.0117     53286.31     573.4385     1112.856    0.118   0
        68    807.375    447.833 327.6921875 +28.8114676     5.17 0.0005585302 -12.0227 -12.0759   0.0093      67665.6     579.7473     1020.939    0.195   0
        69    272.402    486.092 327.7581513 +28.8060613     4.31 0.0004650154 -14.9779 -15.0122   0.0010      1011287     898.7947     1111.811    0.099   0
        70    418.731    437.539 327.7401967 +28.8116486     5.08 0.0005486661  -8.4235  -9.1068   0.1364     4392.746     551.8194     1105.201    0.240   0
        71    722.791    441.715 327.7026449 +28.8119264     4.65 0.0005024888  -9.0324  -9.2916   0.1151      5207.63      552.142     1048.641    0.156   0
        72    668.475    449.885 327.7093328 +28.8109165     4.94 0.0005338138  -9.1507  -9.3813   0.1061     5656.053     552.4689     1063.282    0.236   0
        73    425.450    449.644 327.7393393 +28.8103600     4.41 0.0004762219  -9.3971  -9.6027   0.0866      6935.42     553.0011     1104.015    0.164   0
        74   1015.710    463.023 327.6664305 +28.8103212     4.61 0.0004979084 -11.4850 -11.5053   0.0153     40003.88     564.0662     944.5513    0.163  16
        75     39.600    478.112 327.7869121 +28.8063532     4.31 0.0004659445 -12.1426 -12.1666   0.0086     73559.34     582.2538     860.3179    0.158   0
        76    353.128    460.330 327.7482441 +28.8090336     4.86  0.000525397  -9.2522  -9.6147   0.0857     7012.885      553.098     1108.253    0.203   0
        77    177.216    468.752 327.7699435 +28.8076988     6.72 0.0007261747  -9.0277  -9.5442   0.0913     6572.014     552.7594     1111.585    0.075   0
        78    950.533    506.830 327.6743802 +28.8054464     4.28 0.0004623671 -13.9518 -13.9953   0.0019     396374.4     707.4812     953.3345    0.111   0
        79    571.367    478.170 327.7212581 +28.8076360     4.28 0.0004620221  -9.2690  -9.3834   0.1059     5667.032     552.3809     1083.802    0.091   0
        80    465.184    481.064 327.7343614 +28.8070692     4.50 0.0004859346  -9.2232  -8.9793   0.1534     3905.994     551.6143       1099.8    0.269   0
        81     97.487    505.828 327.7797004 +28.8035078     6.54 0.0007060747  -8.7660  -8.9515   0.1573     3807.189     551.5386     1106.511    0.226   0
        82    347.663    525.603 327.7487682 +28.8019850     4.27 0.0004612769 -11.1616 -11.2605   0.0192     31929.61     564.0508     1103.172    0.136   0
        83    998.999    525.997 327.6683538 +28.8034944     3.59 0.0003873879  -8.3716  99.0000  99.0000    -396.5982     549.6545     931.2549    0.010   0
        84    431.552    549.157 327.7383574 +28.7996489     4.11 0.0004442542 -12.5530 -12.6216   0.0058     111849.4     598.5685     1094.654    0.106   0
        85    261.828    528.839 327.7593577 +28.8014282     2.70 0.0002921286  -8.0384  -7.7784   0.4625     1292.276     550.3663     1108.432    0.264   0
        86     78.426    821.686 327.7813144 +28.7694170     4.15 0.0004485653  -9.5782 -11.1657   0.0209     29261.57     562.9582     966.4645    0.544   0
        87    123.470   1025.967 327.7752784 +28.7475091     3.54  0.000382487  -8.0320  99.0000  99.0000    -3934.087     442.8503     988.1722    0.343  16
        88    126.679    973.913 327.7750039 +28.7531275     3.87 0.0004184335 -12.4813 -12.5155   0.0064     101434.3     594.1882     1000.168    0.132   0
        89    306.903    739.335 327.7533063 +28.7788495     4.92  0.000530909  -8.3533  -7.4809   0.6083     982.5452     550.3344     1078.943    0.214   0
        90    964.289    657.110 327.6723470 +28.7892809     4.62 0.0004995218  -9.5813  -9.6742   0.0811     7407.457     553.2144     900.1733    0.240   0
        91    573.562    652.080 327.7205910 +28.7888964     4.18 0.0004515037 -10.1585 -10.2647   0.0473     12761.33     555.5978     1046.858    0.221   0
        92    301.826    650.430 327.7541385 +28.7884197     4.09 0.0004419063  -9.8638 -10.0126   0.0595     10116.36     554.3447     1095.215    0.129   0
        93    259.154    640.010 327.7594302 +28.7894394     4.08  0.000440342 -10.1922 -10.2440   0.0482     12520.04     555.4431     1098.733    0.162   0
        94    472.881    938.349 327.7323640 +28.7577997     4.53 0.0004896452  -8.3878  -8.8706   0.1695     3533.728     551.5231     991.3224    0.286   0
        95    424.556    926.123 327.7383556 +28.7590012     5.93 0.0006408257  -9.0839  -9.5269   0.0928     6467.814     552.7742     1006.991    0.354   2
        96   1001.745    893.595 327.6671977 +28.7638793     4.79 0.0005178818  -9.0170  -9.1181   0.1350     4438.419     551.7626      628.463    0.231   0
        97    461.646    885.136 327.7338722 +28.7635082     3.93  0.000423932 -12.5148 -12.5761   0.0060     107259.8     596.5482     1011.793    0.140   0
        98    422.924    931.657 327.7385442 +28.7584008     5.46 0.0005895053  -8.6137  -9.4739   0.0974     6159.441     552.6038     1005.495    0.389   3
        99    413.570    842.783 327.7399027 +28.7679574     3.94 0.0004252279 -11.1388 -11.1959   0.0203     30086.67     563.1879     1033.215    0.185   0
       100    888.240    889.921 327.6812141 +28.7640084     4.80 0.0005186793  -9.8613 -10.0630   0.0568     10597.82     554.6235      827.257    0.286   0
       101    274.530    906.645 327.7569148 +28.7607379     3.89 0.0004201466 -12.0911 -12.1524   0.0087      72603.1     581.8578     1031.409    0.147   0
       102    319.580    881.717 327.7514128 +28.7635338     3.83 0.0004134181  -9.2744  -9.4013   0.1041     5761.356       552.47      1036.99    0.159   0
       103    315.723    870.027 327.7519158 +28.7647845     3.89  0.000419987  -9.8229  -9.9058   0.0656     9168.781     553.9944      1041.51    0.126   0
       104     67.473    860.184 327.7825760 +28.7652408     3.54 0.0003820821  -9.5450 -10.7954   0.0292     20805.42     559.2516     910.1707    0.330   0
       105    465.460    814.091 327.7335643 +28.7711749     3.96  0.000427933 -13.7051 -13.7516   0.0023     316703.4     678.7698     1032.006    0.132   0
       106     82.817    849.388 327.7807077 +28.7664420     3.46 0.0003732697  -9.2426 -11.1552   0.0211     28978.38     562.6501     977.8712    0.434   0
       107    883.706    830.924 327.6819056 +28.7703567     4.84 0.0005230693 -13.2117 -13.2404   0.0035     197775.1     633.3867     876.4306    0.214   0
       108    715.957    838.578 327.7025920 +28.7691345     4.24 0.0004584267 -11.6814 -11.7607   0.0123      50612.8     572.2867     940.1967    0.194   0
       109     71.412    791.064 327.7822517 +28.7727003     6.79 0.0007333021 -10.3513 -10.9898   0.0245     24884.65     561.0264      947.035    0.212   0
       110    785.426    828.226 327.6940415 +28.7704152     3.42  0.000369648  -8.1786  -8.4431   0.2510     2383.746     550.8464     917.6152    0.400   0
       111    147.238    796.573 327.7728803 +28.7722919     3.81 0.0004114162 -11.0711 -11.1184   0.0218     28013.77     562.3734     1068.817    0.137   0
       112    261.607    790.279 327.7587792 +28.7732488     4.10 0.0004427379  -9.6941  -9.6858   0.0802     7487.466     553.1424     1069.498    0.204   0
       113    497.777    801.990 327.7296034 +28.7725568     3.84     0.000415  -9.8077  -9.6967   0.0794     7562.682     553.0063     1028.168    0.155   0
       114     97.200    769.545 327.7791193 +28.7750829     4.74  0.000511458 -12.0477 -12.1672   0.0086     73598.77     582.1826     1062.128    0.366   0
       115    287.599    696.617 327.7557878 +28.7834071     4.15 0.0004479931  -8.4081  -8.8587   0.1712     3495.148     551.1178     1089.502    0.171   0
       116     78.585    709.207 327.7815580 +28.7815407     4.44 0.0004796775  -9.7419 -11.1843   0.0205     29767.26     563.0005     1002.607    0.598   0
       117    796.776    675.225 327.6929847 +28.7869332     4.98 0.0005380915  -9.1447  -9.5326   0.0923     6501.739     552.7122     959.6144    0.260   0
       118    571.690    704.066 327.7207037 +28.7832887     4.26 0.0004599693  -9.1152  -9.3401   0.1102      5445.33     552.3735     1034.627    0.125   0
       119    884.600    755.444 327.6819641 +28.7784944     4.71 0.0005082106 -10.8175 -10.7888   0.0294     20678.56     558.9654     905.3929    0.218   0
       120    787.418    777.002 327.6939109 +28.7759410     5.21 0.0005631719  -8.8857  -9.1585   0.1300     4606.935     551.6529     933.7131    0.205   0
       121    848.039    760.559 327.6864655 +28.7778567     4.31 0.0004653594 -10.8403 -10.8715   0.0272      22315.3     559.9108     917.3473    0.201   0
       122    739.723    747.622 327.6998640 +28.7789947     5.37 0.0005804199  -8.5407  -8.6861   0.2008     2981.507     551.2262     962.5544    0.235   0
       123    276.073    747.174 327.7570936 +28.7779299     4.11 0.0004435209  -8.8946  -9.0625   0.1421     4217.027     551.7708     1079.033    0.124   0
       124    266.950    743.486 327.7582280 +28.7783053     4.14 0.0004473822 -10.3179 -10.3733   0.0428     14103.16     556.2321     1080.195    0.173   0
       125     85.680    710.881 327.7806783 +28.7813777     5.83 0.0006292935 -10.1374 -11.0607   0.0230     26563.28       561.85     1032.228    0.601   0
       126    381.630    742.728 327.7440749 +28.7786647     3.94 0.0004252959 -12.2932 -12.3545   0.0073     87456.27     588.2486      1069.36    0.143   0
       127     76.833    743.635 327.7816936 +28.7778256     5.43 0.0005865658 -10.0821 -11.1739   0.0207     29482.16     563.0562     985.6255    0.446   0
       128    283.017    724.718 327.7562884 +28.7803671     4.04 0.0004365134  -8.9662  -8.7718   0.1856     3226.388     551.2907      1083.83    0.196   0
       129    584.091    724.856 327.7191257 +28.7810775     4.46 0.0004814798  -8.3256  -8.9987   0.1507     3976.288     551.6462     1025.177    0.216   0
       130    251.454    666.469 327.7603193 +28.7865687     4.23 0.0004571336  -9.8900  -9.8449   0.0694     8668.546     553.7068     1097.466    0.192   0
       131    127.519    707.811 327.7755212 +28.7818109     3.99 0.0004306452 -10.2211  -9.7257   0.0774     7767.158     553.3151     1086.996    0.172   0
       132     78.201    692.212 327.7816452 +28.7833716     3.43 0.0003706184  -9.2460 -11.2040   0.0202     30310.37     563.1656     1002.187    0.644   0
       133    945.060    723.716 327.6745721 +28.7820565     4.70 0.0005074168 -10.9420 -11.0051   0.0242     25236.77     561.2899     888.1436    0.205   0
       134    584.761    709.165 327.7190787 +28.7827704     4.50 0.0004857931  -9.1599  -9.4860   0.0964     6228.958     552.6816     1029.202    0.154   0
       135    674.304    714.881 327.7080129 +28.7823680     4.09 0.0004414883  -9.9070  -9.9833   0.0611     9847.674     554.2852     995.7335    0.136   0
       136    869.905    680.201 327.6839464 +28.7865698     4.34 0.0004689574 -10.8049 -10.8826   0.0270     22545.23      559.876      931.272    0.165   0
       137    527.408    675.194 327.7262356 +28.7862945     4.19 0.0004524643  -9.6752  -9.8403   0.0696     8632.234     553.5668     1055.865    0.122   0
       138    442.191    671.077 327.7367642 +28.7865335     5.02  0.000542246  -9.0408  -9.3059   0.1136      5276.85     552.1578     1076.259    0.231   0
       139    576.995    642.510 327.7201891 +28.7899361     4.87 0.0005263053  -8.5654  -8.9254   0.1611     3716.867     551.5131     1047.744    0.367   0
       140     82.660    663.172 327.7811627 +28.7865125     3.94 0.0004259612  -9.2828 -11.1238   0.0217     28151.59     562.5563     1029.971    0.709   0
       141    826.829    742.790 327.6891232 +28.7797219     4.78 0.0005167259  -9.5058  -9.4808   0.0968     6198.707     552.4357     930.3988    0.266   0
       142    829.124    539.844 327.6892955 +28.8016018     3.15 0.0003398045  -8.1865  -6.0554   2.2594     264.3446     549.9614     989.1454    0.207   0
       143    860.002    885.173 327.6847096 +28.7644536     3.91 0.0004225097  -8.0411  99.0000  99.0000    -1291.876     549.6078     863.0594    0.510   0
       144   1008.439    867.600 327.6664294 +28.7666969     3.51  0.000378991  -8.4648  99.0000  99.0000    -8736.505     549.6234     670.2548    0.131   0
       145    142.123    842.753 327.7734039 +28.7673021     3.82 0.0004120652 -11.7420 -11.7723   0.0122     51158.55     572.6296     1051.809    0.119   0
       146    388.438    954.832 327.7427468 +28.7558198     4.13 0.0004456054 -10.6341 -10.7464   0.0305     19886.55     558.8101     1003.959    0.192   0
       147    158.491    620.884 327.7719007 +28.7912558     4.13 0.0004461129 -11.1727 -11.3034   0.0185     33218.16     564.7277     1105.291    0.170   0
       148    727.723    626.908 327.7016177 +28.7919772     4.01 0.0004333483 -10.7772 -10.8036   0.0290     20961.94     559.2756     1000.428    0.127   0
       149    852.398    618.380 327.6862460 +28.7931918     6.18 0.0006674594  -9.4715  -9.5594   0.0900     6664.653     552.5847     956.8351    0.291   0
       150    152.223    608.379 327.7727037 +28.7925883     4.06 0.0004382674 -11.6345 -11.6841   0.0131     47168.77     570.7053     1105.873    0.143   0
       151     61.389    988.987 327.7830253 +28.7513431     4.13 0.0004460946 -13.0025 -13.0701   0.0040     169064.1     621.7723     850.3688    0.127   0
       152    944.045    968.989 327.6741508 +28.7556175     3.53  0.000381657  -8.8825 -10.0181   0.0592     10167.81     554.3679     595.9883    0.018   0
       153    627.788    585.102 327.7140494 +28.7962453     3.98 0.0004300534 -11.3901 -11.4703   0.0159     38737.03     567.1807     1044.845    0.139   0
       154     89.666    582.086 327.7804876 +28.7952694     4.35 0.0004697337 -11.3389 -11.5310   0.0151     40963.72     568.2064      1072.59    0.078   0
       155    169.053    997.871 327.7697193 +28.7506486     4.09  0.000442176 -12.1652 -12.2381   0.0081      78564.2     584.4135     996.9729    0.172   0
       156    175.073    566.044 327.7699815 +28.7972070     4.84   0.00052253  -9.3258  -9.7450   0.0760     7906.708     553.3782     1106.993    0.201   0
       157    314.244   1009.980 327.7517752 +28.7496963     4.04 0.0004359911 -10.6876 -10.7631   0.0301     20194.35     558.8865     993.4442    0.199   0
       158    125.303   1012.412 327.7750839 +28.7489746     4.28 0.0004625616  -8.5988  99.0000  99.0000    -4278.842     549.8257     990.8154    0.343   0
       159    135.892   1000.866 327.7738042 +28.7502449     4.02 0.0004340032  -8.2015  99.0000  99.0000    -1528.643     549.9034     993.8025    0.363   0
       160    502.687    924.197 327.7287180 +28.7593967     4.27 0.0004610963  -9.1662  -9.4369   0.1008     5953.441     552.4951     986.5007    0.335   0
       161     60.707    963.683 327.7831687 +28.7540688     4.03 0.0004355727 -11.9029 -12.0384   0.0096      65367.4     578.7997     856.9151    0.139   0
       162    608.879    742.982 327.7160248 +28.7791831     7.70 0.0008318752 -10.3286 -10.4836   0.0387      15611.1     556.8787     1012.362    0.255   0
