#   1 NUMBER                 Running object number                                     
#   2 X_IMAGE                Object position along x                                    [pixel]
#   3 Y_IMAGE                Object position along y                                    [pixel]
#   4 ALPHA_J2000            Right ascension of barycenter (J2000)                      [deg]
#   5 DELTA_J2000            Declination of barycenter (J2000)                          [deg]
#   6 FWHM_IMAGE             FWHM assuming a gaussian core                              [pixel]
#   7 FWHM_WORLD             FWHM assuming a gaussian core                              [deg]
#   8 MAG_BEST               Best of MAG_AUTO and MAG_ISOCOR                            [mag]
#   9 MAG_APER               Fixed aperture magnitude vector                            [mag]
#  10 MAGERR_APER            RMS error vector for fixed aperture mag.                   [mag]
#  11 FLUX_APER              Flux vector within fixed circular aperture(s)              [count]
#  12 FLUXERR_APER           RMS error vector for aperture flux(es)                     [count]
#  13 BACKGROUND             Background at centroid position                            [count]
#  14 ELLIPTICITY            1 - B_IMAGE/A_IMAGE                                       
#  15 FLAGS                  Extraction flags                                          
         1    851.937     87.768 200.9145027 +36.1166967   119.64   0.01288036 -14.6928 -12.4283   0.0058     93610.62     499.6079     742.5309    0.495  19
         2    817.021     45.679 200.9192572 +36.1211298    65.55  0.007056808 -13.1522 -11.7320   0.0105     49295.46     476.8696     621.6531    0.808  19
         3    820.820      9.434 200.9188386 +36.1250410    77.66  0.008360913 -13.4789 -12.2441   0.0063     79004.84     461.4383     447.1663    0.774  24
         4    671.954    191.745 200.9382317 +36.1050063     7.60 0.0008186303 -15.5085 -15.5377   0.0007      1640862     1011.528     914.1519    0.097   4
         5    759.185    189.361 200.9266155 +36.1055058     4.71 0.0005069296 -15.0280 -15.0616   0.0009      1058415      855.509     915.0444    0.066   0
         6    111.730    200.314 201.0128490 +36.1024968     4.47 0.0004813978 -13.2503 -13.3073   0.0029     210344.6      554.955     859.1483    0.047   0
         7    535.206    198.192 200.9564352 +36.1039292     5.67 0.0006100824  -8.6256  -9.1385   0.1087     4522.561     452.6373      909.048    0.246   0
         8    727.988    211.252 200.9307187 +36.1030631     5.04  0.000542777  -8.5726  -9.1997   0.1028     4784.793     452.9088     915.6431    0.406   0
         9    323.954    262.051 200.9844202 +36.0964593     5.16 0.0005555861  -8.7040  -8.6657   0.1677     2925.953     451.9069     894.9851    0.040   0
        10    613.263    322.846 200.9457296 +36.0907328     4.32 0.0004652083 -10.8704 -10.9916   0.0202     24924.52     463.8677     908.3503    0.114   0
        11    252.683    368.683 200.9936459 +36.0847805     9.22  0.000992279  -9.2088  -9.3407   0.0903     5448.347     453.2622     883.9257    0.320   0
        12    189.033    431.705 201.0019643 +36.0778161     8.39 0.0009031143  -9.1458  -9.3114   0.0928     5303.603      453.195      868.254    0.307   0
        13     17.002    480.581 201.0247508 +36.0720614     4.94 0.0005318228  -9.1510  -9.2472   0.0984     4999.172     452.8244     822.7642    0.106   0
        14    130.887    521.368 201.0094805 +36.0679999     4.30 0.0004629794 -12.9709 -13.0171   0.0036     161010.8     532.2131     849.3235    0.039   0
        15     75.993    503.017 201.0168376 +36.0698169     3.39 0.0003649972  -6.9605  -6.3142   1.4576     335.4771      450.255     837.5629    0.011   0
        16    885.257    890.665 200.9081327 +36.0303788     4.93 0.0005310188 -11.7017 -11.2507   0.0160     31642.13     467.4864     797.3517    0.381   0
        17    213.048    711.286 200.9980597 +36.0477961     4.25 0.0004574343 -10.2458 -10.2206   0.0405      12252.4     457.0749     832.8743    0.091   0
        18     38.493    764.948 201.0211616 +36.0415199     6.31 0.0006797983  -8.4758  -8.2330   0.2496     1964.242     451.4127      783.803    0.136   0
        19    790.074    796.511 200.9210301 +36.0402487     1.69 0.0001822488  -7.2395  99.0000  99.0000    -537.5615     450.2981     869.3425    0.321   0
        20    523.565    716.356 200.9567064 +36.0481309     3.74 0.0004023278  -9.6953  -9.8115   0.0588     8406.183     454.9159     872.0069    0.148   0
        21    530.115    695.455 200.9558858 +36.0503987     5.77 0.0006209065 -10.2143 -10.2541   0.0393     12637.11     457.2853     877.1898    0.116   0
        22    758.225    587.569 200.9257768 +36.0626471     4.05 0.0004360044 -10.3189 -10.3975   0.0345     14420.76     458.1592     900.4866    0.095   0
        23    478.341    662.513 200.9628607 +36.0537982     3.92 0.0004221395 -10.2366 -10.3904   0.0347      14327.6      458.196     877.7611    0.085   0
        24    303.836    629.185 200.9861787 +36.0568907     3.87 0.0004166258  -7.9353  -9.0967   0.1129     4351.972     452.6191      865.069    0.242   0
        25    855.990    677.473 200.9125415 +36.0532424     2.94 0.0003166999  -8.2116  -9.4126   0.0846     5821.458     453.4806     882.4811    0.166   0
        26    696.322    554.184 200.9341013 +36.0660679     4.84 0.0005208647  -8.5486  -8.8510   0.1415     3470.488      452.208     900.9811    0.273   0
        27    100.999    873.169 201.0125653 +36.0300531     7.40 0.0007970187  -9.0623  -9.2808   0.0954      5156.13     452.9744     760.4651    0.148   0
