#   1 NUMBER                 Running object number                                     
#   2 X_IMAGE                Object position along x                                    [pixel]
#   3 Y_IMAGE                Object position along y                                    [pixel]
#   4 ALPHA_J2000            Right ascension of barycenter (J2000)                      [deg]
#   5 DELTA_J2000            Declination of barycenter (J2000)                          [deg]
#   6 FWHM_IMAGE             FWHM assuming a gaussian core                              [pixel]
#   7 FWHM_WORLD             FWHM assuming a gaussian core                              [deg]
#   8 MAG_BEST               Best of MAG_AUTO and MAG_ISOCOR                            [mag]
#   9 MAG_APER               Fixed aperture magnitude vector                            [mag]
#  10 MAGERR_APER            RMS error vector for fixed aperture mag.                   [mag]
#  11 FLUX_APER              Flux vector within fixed circular aperture(s)              [count]
#  12 FLUXERR_APER           RMS error vector for aperture flux(es)                     [count]
#  13 BACKGROUND             Background at centroid position                            [count]
#  14 ELLIPTICITY            1 - B_IMAGE/A_IMAGE                                       
#  15 FLAGS                  Extraction flags                                          
         1    240.641    177.178 327.7648081 +28.9490111     0.91 9.873303e-05  -6.6419  99.0000  99.0000    -1241.421     341.2846      660.289    0.343   0
         2    218.359    204.241 327.7675012 +28.9460384    12.44  0.001344478  -9.6180  -9.6834   0.0504     7470.639     346.7709     662.2512    0.378   0
         3    508.972    294.161 327.7313356 +28.9370557     0.95 0.0001022944  -8.1402  -9.1502   0.0819     4571.543     344.6171     654.2234    0.082   0
         4    156.761    300.549 327.7748948 +28.9355024    11.00  0.001188732  -9.2657  -9.3516   0.0682     5503.441     345.3593     662.4374    0.216   0
         5    711.196    657.536 327.7054837 +28.8983668     1.45 0.0001567582  -8.2759  -9.4844   0.0604     6219.846     345.8108     649.9117    0.036   0
         6    743.758    827.156 327.7010686 +28.8801570     7.31 0.0007903075 -10.6997 -10.7242   0.0198     19484.52     355.3173     647.2264    0.120   0
         7    158.425    827.142 327.7734446 +28.8787303    19.91  0.002151911 -12.1460 -10.9148   0.0167     23223.39     357.9475      624.301    0.585   2
         8    725.230    816.504 327.7033840 +28.8812609     8.13 0.0008785816  -8.9380  -9.2288   0.0762     4914.897     344.8852     648.8018    0.238   0
         9     82.980    776.576 327.7828930 +28.8839954    17.98  0.001942737 -12.0354 -10.9411   0.0164     23792.28      358.225     621.1345    0.442   2
        10   1020.012    723.024 327.6671440 +28.8920451     3.43 0.0003705377  -6.6406  99.0000  99.0000    -2012.238     318.9404     627.4484    0.019  16
        11    269.664    716.843 327.7599491 +28.8908969     9.04 0.0009770358  -9.2014  -9.2406   0.0754     4968.509     344.9145     659.5633    0.165   0
        12    293.683    684.795 327.7570540 +28.8944114     7.40 0.0007996812 -10.5472 -10.5515   0.0231      16618.2     353.2482     659.0534    0.100   0
        13    591.181    580.369 327.7205041 +28.9063967     0.49 5.264374e-05  -6.9374  -9.0845   0.0869     4303.377     344.3842     656.2084    0.334   0
        14    517.831    563.842 327.7296146 +28.9080005     9.65  0.001043123  -9.4053  -9.6147   0.0536     7012.807     346.4026     660.7379    0.215   0
        15    896.546    504.664 327.6829077 +28.9152943     8.55 0.0009235686 -10.4770 -10.5155   0.0238     16077.51     352.8653      630.667    0.187   0
        16     18.042    465.739 327.7916629 +28.9173477     8.56 0.0009250381  -9.3728  -8.9358   0.0996     3752.628     344.0321     613.7148    0.298   0
        17     64.498    762.657 327.7852114 +28.8854502    19.00  0.002053581 -11.9278 -10.8964   0.0170     22831.95     357.6464     616.1472    0.285   2
        18    557.916    739.880 327.7242497 +28.8891178     8.78 0.0009485651  -9.1304  -9.3405   0.0688     5447.564     345.2997     653.5533    0.104   0
        19    220.070    638.666 327.7662660 +28.8992037     7.43 0.0008028998 -11.1350 -11.1564   0.0135     29010.94      361.958     658.9877    0.096   0
