#   1 NUMBER                 Running object number                                     
#   2 X_IMAGE                Object position along x                                    [pixel]
#   3 Y_IMAGE                Object position along y                                    [pixel]
#   4 ALPHA_J2000            Right ascension of barycenter (J2000)                      [deg]
#   5 DELTA_J2000            Declination of barycenter (J2000)                          [deg]
#   6 FWHM_IMAGE             FWHM assuming a gaussian core                              [pixel]
#   7 FWHM_WORLD             FWHM assuming a gaussian core                              [deg]
#   8 MAG_BEST               Best of MAG_AUTO and MAG_ISOCOR                            [mag]
#   9 MAG_APER               Fixed aperture magnitude vector                            [mag]
#  10 MAGERR_APER            RMS error vector for fixed aperture mag.                   [mag]
#  11 FLUX_APER              Flux vector within fixed circular aperture(s)              [count]
#  12 FLUXERR_APER           RMS error vector for aperture flux(es)                     [count]
#  13 BACKGROUND             Background at centroid position                            [count]
#  14 ELLIPTICITY            1 - B_IMAGE/A_IMAGE                                       
#  15 FLAGS                  Extraction flags                                          
         1    839.284     81.201 238.0189082 +32.9333061   147.63   0.01579439 -15.7369 -13.7666   0.0032     321103.7     959.6759     1307.802    0.595  16
         2    828.260     10.561 238.0204578 +32.9408021    96.60   0.01033499 -14.6423 -13.7015   0.0033     302417.7     911.1053     222.8979    0.809  24
         3    494.972     51.137 238.0630266 +32.9355689     5.66  0.000605586  -8.7428  99.0000  99.0000     -31153.1     872.2462     1458.818    0.153   0
         4     81.454     85.212 238.1158694 +32.9307892     7.88  0.000843182 -11.6358 -11.8628   0.0173        55604     887.9432     1568.304    0.741   0
         5    252.605     77.537 238.0939857 +32.9320854    20.56  0.002199631 -13.0271 -11.9371   0.0162     59544.05     889.0035     1609.623    0.105   2
         6    222.072     82.146 238.0978831 +32.9315093    22.68  0.002426411 -13.3144 -11.9846   0.0155      62204.8     889.7997     1629.344    0.325   2
         7    112.841     83.948 238.1118559 +32.9310120    19.79  0.002117424 -13.1109 -11.9519   0.0160     60361.36     889.4026     1575.009    0.226   2
         8    176.559     83.282 238.1037043 +32.9312612    12.92  0.001382712 -12.5443 -11.8741   0.0172     56186.58     888.1315      1613.47    0.395   2
         9    347.636     79.678 238.0818215 +32.9321213    12.16  0.001300722 -12.4829 -11.8761   0.0171     56290.35     888.1607     1670.508    0.432   2
        10    142.751     83.817 238.1080291 +32.9311097     7.39 0.0007902802 -11.5636 -11.8945   0.0169     57255.17     888.3596     1599.007    0.536   2
        11    385.003     78.266 238.0770431 +32.9323752     8.21 0.0008785647 -11.7523 -11.8545   0.0175     55182.21      887.776     1667.942    0.656   0
        12    322.738     79.331 238.0850081 +32.9320892     8.73 0.0009342104 -11.7648 -11.7807   0.0187      51554.3     886.8266      1651.79    0.396   0
        13    291.600     82.782 238.0889854 +32.9316351     3.46 0.0003700939  -9.9032 -11.7612   0.0190     50636.59     886.1308     1678.965    0.415   2
        14     68.130    120.784 238.1175000 +32.9269622     5.68 0.0006077362 -13.7228 -13.7514   0.0033     316642.6     958.6927     1677.223    0.132   0
        15    732.554    129.745 238.0324692 +32.9278446     5.38 0.0005752565  -9.8389  99.0000  99.0000    -16246.75     872.1475       1925.9    0.018   0
        16    754.217    134.700 238.0296876 +32.9273757     4.58 0.0004899576  -9.2376  99.0000  99.0000     -31922.6     872.2955     1926.102    0.137   0
        17    703.414    197.780 238.0360627 +32.9205170     6.06 0.0006480143 -11.8742 -11.9370   0.0162     59539.57     888.7601     1926.875    0.094   0
        18    325.648    193.121 238.0844033 +32.9199745     6.86 0.0007344555  -9.8209 -10.0745   0.0888      10710.4     875.3351     1858.614    0.164   0
        19    115.258    261.995 238.1111772 +32.9120503     5.51 0.0005899815 -13.7079 -13.7525   0.0033     316943.5      958.614     1719.656    0.128   0
        20    764.436    282.603 238.0280880 +32.9116462     5.61 0.0006002524 -12.1443 -12.2113   0.0127     76653.57     893.6093     1927.449    0.096   0
        21    583.702    333.521 238.0511069 +32.9057283     5.49 0.0005877939 -11.2138 -11.2835   0.0294     32613.18     881.4708     1902.712    0.068   0
        22    290.406    347.291 238.0885964 +32.9034519     5.54 0.0005930222 -11.0769 -11.1101   0.0344     27799.06     880.1044     1841.286    0.137   0
        23    609.001    365.715 238.0478064 +32.9023678     1.34 0.0001433724  -8.7354  99.0000  99.0000    -1889.045     872.0488     1901.314    0.100   0
        24    453.359    388.113 238.0676697 +32.8995540     5.60  0.000599255 -10.7626 -10.9077   0.0414     23072.31     878.7607     1875.297    0.114   0
        25    513.886    438.988 238.0598253 +32.8943006     5.30 0.0005675657 -12.0186 -11.9782   0.0156     61839.03     889.7212      1878.38    0.088   0
        26    161.525    456.594 238.1048562 +32.8914479     6.53 0.0006980981  -9.7313  -9.9121   0.1030     9222.028     874.6885     1729.071    0.123   0
        27    272.945    498.310 238.0905205 +32.8873143     5.28 0.0005650487 -12.3697 -12.4170   0.0105      92637.4     898.3813     1801.114    0.109   0
        28    881.422    487.707 238.0127209 +32.8901119     4.13  0.000441392 -10.0938 -11.4548   0.0251     38187.82     883.0261      1759.55    0.537   0
        29     16.625    499.809 238.1232981 +32.8864377     5.72 0.0006114496 -10.3542 -10.2410   0.0761     12485.08     875.3503     1584.956    0.139   0
        30    442.268    506.350 238.0688492 +32.8869268     2.85 0.0003052091  -9.7946  -9.6182   0.1349     7035.359     874.0387     1858.069    0.229   0
        31    883.878    843.853 238.0117108 +32.8521755   152.76   0.01634337 -15.5351 -12.2900   0.0118     82412.84     895.5556     1549.946    0.948  18
        32    133.586    637.422 238.1080551 +32.8721051     6.27 0.0006711807 -10.0011 -10.3607   0.0682     13940.22     875.8149     1622.988    0.128   0
        33    803.286   1023.521 238.0216607 +32.8328161     4.75  0.000508615  -9.5931  -8.6031   0.2967     2762.152     754.5631     1557.342    0.006  16
        34    910.895    628.904 238.0086759 +32.8751486     4.66 0.0004985561 -10.4415  99.0000  99.0000    -33075.93     872.4435     1491.209    0.133   0
        35    862.372    796.204 238.0145534 +32.8571939     5.70 0.0006093262 -12.0947 -12.3271   0.0114     85278.97     895.9471      1723.57    0.110   3
        36    813.070    871.673 238.0207084 +32.8490201     5.07 0.0005426058 -12.6991 -12.7086   0.0081     121177.6     906.3599     1692.102    0.071   0
        37    383.629    705.767 238.0759434 +32.8655196     5.25 0.0005612486 -12.7249 -12.7813   0.0076     129570.8     908.5062      1728.02    0.100   0
        38    304.735    761.735 238.0859165 +32.8593383     5.41 0.0005789382 -10.7454 -10.7541   0.0476     20027.75     878.0167     1642.263    0.118   0
        39      3.363   1014.055 238.1239196 +32.8316148    15.18  0.001623557 -12.0180 -11.4270   0.0204     37221.41     700.6207     453.2929    0.813  18
