#   1 NUMBER                 Running object number                                     
#   2 X_IMAGE                Object position along x                                    [pixel]
#   3 Y_IMAGE                Object position along y                                    [pixel]
#   4 ALPHA_J2000            Right ascension of barycenter (J2000)                      [deg]
#   5 DELTA_J2000            Declination of barycenter (J2000)                          [deg]
#   6 FWHM_IMAGE             FWHM assuming a gaussian core                              [pixel]
#   7 FWHM_WORLD             FWHM assuming a gaussian core                              [deg]
#   8 MAG_BEST               Best of MAG_AUTO and MAG_ISOCOR                            [mag]
#   9 MAG_APER               Fixed aperture magnitude vector                            [mag]
#  10 MAGERR_APER            RMS error vector for fixed aperture mag.                   [mag]
#  11 FLUX_APER              Flux vector within fixed circular aperture(s)              [count]
#  12 FLUXERR_APER           RMS error vector for aperture flux(es)                     [count]
#  13 BACKGROUND             Background at centroid position                            [count]
#  14 ELLIPTICITY            1 - B_IMAGE/A_IMAGE                                       
#  15 FLAGS                  Extraction flags                                          
         1    840.505     80.063 200.9176385 +36.1190608   136.49   0.01474321 -14.6577 -12.5580   0.0055     105491.7     535.8547     769.9042    0.611  16
         2    824.526      9.638 200.9199110 +36.1265836    86.00  0.009289403 -13.6182 -12.4607   0.0056     96443.97     500.3399     421.6947    0.801  24
         3    682.093    207.850 200.9386864 +36.1048580     5.04 0.0005444547 -15.4710 -15.4936   0.0007      1575649     1011.055     982.8248    0.062   0
         4    769.295    205.523 200.9269786 +36.1053657     5.10  0.000551242 -14.9981 -15.0249   0.0009      1023162      863.691     983.8305    0.063   0
         5    122.414    216.754 201.0138371 +36.1022204     4.88 0.0005272898 -13.2097 -13.2616   0.0031     201671.1     578.8874     917.8627    0.076   0
         6    545.236    214.377 200.9570554 +36.1037498     4.61 0.0004978429  -8.3460  -8.9551   0.1382     3819.688     486.0158     975.1847    0.427   0
         7    334.644    278.428 200.9852184 +36.0962340     3.50 0.0003778321  -8.6981  -8.9745   0.1358     3888.593     486.0786     958.8196    0.141   0
         8    623.510    339.093 200.9463150 +36.0905772     5.10 0.0005504862 -10.8379 -10.9229   0.0230     23396.84     496.1042     974.4341    0.115   0
         9    262.918    386.206 200.9946469 +36.0844329     5.98 0.0006462503  -9.1304  -9.4308   0.0894     5919.793     487.0949     944.3306    0.258   0
        10    199.908    448.173 201.0029894 +36.0775814     5.20 0.0005616792  -8.9580  -9.1715   0.1133     4662.123     486.4899      925.743    0.240   0
        11     27.924    497.102 201.0259850 +36.0717985     6.05 0.0006535747  -8.9532  -8.7024   0.1743     3026.657     485.6487     873.6606    0.187   0
        12    141.352    537.862 201.0106795 +36.0677632     4.98 0.0005383432 -12.9438 -12.9936   0.0039     157558.2     559.5242     902.0554    0.117   0
        13    894.507    907.272 200.9089167 +36.0303037     8.91  0.000962919 -11.3226 -11.0593   0.0204     26530.15     497.6273     815.5623    0.250   0
        14    882.837    948.151 200.9104101 +36.0258755     3.57 0.0003860309  -9.5746 -11.1526   0.0187     28908.98     498.8343     829.5098    0.427   2
        15    890.011    940.500 200.9094610 +36.0267188     5.05 0.0005454911  -9.8025 -11.0178   0.0211     25535.15     497.1005     816.7559    0.385   0
        16    881.800    886.495 200.9106586 +36.0324997     7.42 0.0008016082 -10.7333 -11.1625   0.0186     29173.34     498.8205     849.1401    0.059   2
        17    883.857    851.880 200.9104440 +36.0362265     4.16 0.0004494236  -9.6576 -11.0726   0.0201     26856.03     497.8443     855.4319    0.212   0
        18    883.104    839.458 200.9105670 +36.0375595     5.68 0.0006132033 -10.1319 -11.0492   0.0206        26284     497.5303     861.0809    0.410   0
        19    885.355    809.185 200.9103188 +36.0408201     4.17 0.0004508336  -9.4524 -11.0637   0.0203     26636.59     497.5875     864.6532    0.112   0
        20    883.146    788.580 200.9106517 +36.0430284     4.47 0.0004832421  -9.5797 -11.0813   0.0200     27071.75      497.886     874.0217    0.640   0
        21     49.131    781.342 201.0225899 +36.0413113     4.78 0.0005159694  -8.4544  -8.7403   0.1683     3134.053     485.6903     817.6123    0.263   0
        22    533.933    733.040 200.9576189 +36.0479662     4.50 0.0004865591  -9.6836  -9.9305   0.0566     9379.738     488.9218     925.6158    0.106   0
        23    883.395    732.016 200.9107187 +36.0491091     4.88 0.0005273405  -9.7123 -10.9919   0.0216     24931.51     496.5699     887.1616    0.695   0
        24    223.548    728.137 200.9992845 +36.0475606     5.46  0.000589898 -10.2724 -10.2790   0.0412     12929.66      490.666     880.6244    0.183   0
        25    540.362    712.111 200.9567946 +36.0502350     6.63 0.0007163234 -10.1506 -10.2322   0.0430     12384.14     490.4015     931.3469    0.079   0
        26    488.580    679.115 200.9638054 +36.0536271     5.10  0.000550635 -10.1941 -10.2577   0.0420     12678.56     490.6191     934.8986    0.102   0
        27    883.176    860.983 200.9105192 +36.0352460     6.20 0.0006691815 -10.2809 -11.1314   0.0191     28351.68     498.3687     855.1933    0.631   0
        28    876.297    817.500 200.9115195 +36.0398998     5.16 0.0005577618  -9.6081 -10.9730   0.0220     24501.96     496.8476     882.4892    0.682   0
        29    885.450    761.117 200.9103913 +36.0459871     5.34 0.0005768128  -9.9662 -11.0098   0.0213     25345.47     497.0985     875.8705    0.448   0
        30    768.589    604.067 200.9263571 +36.0625249     5.31 0.0005731724 -10.2692 -10.3041   0.0403     13232.96     490.9016      965.991    0.119   0
        31    880.935    965.227 200.9106350 +36.0240344     5.87 0.0006344428 -10.1445 -11.1136   0.0194     27888.35     498.3225     830.7883    0.701   0
        32    706.929    570.708 200.9346943 +36.0659285     5.32 0.0005748596  -8.5078  -9.0172   0.1306      4044.73     486.2271     965.9274    0.270   0
        33    881.705    682.992 200.9110326 +36.0543736     3.63   0.00039247  -9.2994 -10.9338   0.0228     23632.41     496.1293      900.665    0.092   0
        34    885.789    970.307 200.9099746 +36.0235026     5.24 0.0005659356 -10.0284 -11.0889   0.0198     27261.29     497.9945      819.958    0.388   0
