#   1 NUMBER                 Running object number                                     
#   2 X_IMAGE                Object position along x                                    [pixel]
#   3 Y_IMAGE                Object position along y                                    [pixel]
#   4 ALPHA_J2000            Right ascension of barycenter (J2000)                      [deg]
#   5 DELTA_J2000            Declination of barycenter (J2000)                          [deg]
#   6 FWHM_IMAGE             FWHM assuming a gaussian core                              [pixel]
#   7 FWHM_WORLD             FWHM assuming a gaussian core                              [deg]
#   8 MAG_BEST               Best of MAG_AUTO and MAG_ISOCOR                            [mag]
#   9 MAG_APER               Fixed aperture magnitude vector                            [mag]
#  10 MAGERR_APER            RMS error vector for fixed aperture mag.                   [mag]
#  11 FLUX_APER              Flux vector within fixed circular aperture(s)              [count]
#  12 FLUXERR_APER           RMS error vector for aperture flux(es)                     [count]
#  13 BACKGROUND             Background at centroid position                            [count]
#  14 ELLIPTICITY            1 - B_IMAGE/A_IMAGE                                       
#  15 FLAGS                  Extraction flags                                          
         1    833.258    175.381 327.8176601 +28.9481438   209.63   0.02263672 -16.4482 -12.9592   0.0071     152637.5     995.9771      1659.98    0.900  18
         2    855.282     37.912 327.8152718 +28.9630104    10.56  0.001139806 -12.3259 -12.4863   0.0108     98747.87     982.2517     1327.016    0.201   3
         3    426.927     88.895 327.8681033 +28.9564454     7.35  0.000793709 -13.0684 -13.0937   0.0063     172774.9     1000.967     1769.259    0.206   0
         4    445.693    102.275 327.8657502 +28.9550511     7.34 0.0007928165 -12.9442 -12.9859   0.0069     156451.6     996.8301     1791.485    0.203   0
         5     46.042     92.473 327.9151803 +28.9550894     7.52  0.000812185 -11.3517 -11.3994   0.0289     36286.83     966.3039     1340.222    0.165   0
         6    199.217    130.867 327.8961481 +28.9513448     7.80 0.0008420767 -13.4296 -13.4592   0.0046     241934.3      1018.17       1673.2    0.233   0
         7    708.436    205.273 327.8330169 +28.9446124     6.88 0.0007434594 -11.8257 -11.8816   0.0186      56575.3     971.5388     1963.311    0.156   0
         8    174.338    199.313 327.8990512 +28.9439065     8.12 0.0008764259 -10.4168 -10.3835   0.0733     14236.44      960.663     1721.026    0.274   0
         9    587.006    218.822 327.8479934 +28.9428489     6.64 0.0007174817 -11.8627 -11.9232   0.0180     58785.68     971.6809     1935.061    0.145   0
        10    438.497    238.793 327.8663007 +28.9403234     6.68 0.0007210337 -12.1808 -12.2181   0.0138     77129.64     976.6014     1901.764    0.178   0
        11    300.707    241.011 327.8833268 +28.9397355     3.47 0.0003748303  -9.2492  -9.1732   0.2228     4669.761     958.0621     1841.876    0.087   0
        12    604.223    302.262 327.8456600 +28.9339015     6.29   0.00067884 -12.4014 -12.4346   0.0113     94156.45     981.1616     1986.536    0.121   0
        13    261.012    293.995 327.8881004 +28.9339257     0.00            0  -8.9211  -9.9380   0.1103     9444.876     958.9022     1875.861    0.002   0
        14    752.514    306.410 327.8273213 +28.9338249     6.44 0.0006955513  -9.6688  99.0000  99.0000    -543.1773     956.7615      2015.55    0.084   0
        15    569.083    335.486 327.8499212 +28.9302336     6.21 0.0006707537 -11.9767 -11.9961   0.0168     62869.41     973.0239     2005.249    0.123   0
        16    500.940    346.908 327.8583149 +28.9288316     6.59 0.0007116027 -11.1013 -11.1340   0.0369     28417.47     964.3196     1998.619    0.163   0
        17    495.493    370.521 327.8589297 +28.9262737     6.19 0.0006686714 -10.3834  -9.9057   0.1136     9168.172     959.2352     2015.796    0.084   0
        18    268.097    429.745 327.8868848 +28.9193170     6.21 0.0006707641 -12.5834 -12.6548   0.0093     115323.1     986.4876     1981.554    0.160   0
        19    861.754    425.282 327.8135308 +28.9212877     6.43 0.0006943929 -10.5804 -10.0453   0.1000     10425.89     959.6709     1764.041    0.137   0
        20    799.331    540.879 327.8209637 +28.9086775     5.72 0.0006179327 -14.8503 -14.8824   0.0014     897327.8     1168.061     2074.424    0.077   0
        21    888.263    888.299 327.8091328 +28.8714637    55.33  0.005975026 -14.7739 -13.0953   0.0063       173023     1001.081     558.8736    0.147  17
        22    584.995    910.376 327.8465392 +28.8683300     3.83 0.0004139978 -10.7020  99.0000  99.0000    -231244.8     956.3824     1338.922    0.043   0
        23    838.843    828.744 327.8153819 +28.8777583    79.16  0.008547573 -14.0431 -13.4654   0.0045     243300.3      1018.48     1561.416    0.287  16
        24    450.192    854.160 327.8633293 +28.8740483     5.45 0.0005888914 -12.4442 -12.5170   0.0105     101574.7     982.8128     1941.283    0.045   0
        25    573.139    822.859 327.8482192 +28.8777300     5.23 0.0005647898 -12.7012 -12.6800   0.0091     118030.4     987.0947     2041.053    0.051   0
        26    745.114    609.527 327.8274955 +28.9011460     5.51 0.0005954865 -11.7394 -11.6586   0.0228     46072.57     968.8858      2081.28    0.069   0
        27    847.516    592.042 327.8148853 +28.9032842     7.70 0.0008313772 -10.2385 -10.3055   0.0787     13248.92      960.406     1962.001    0.162   0
        28    812.447    567.775 327.8192776 +28.9058121     5.63 0.0006076937 -11.2772 -11.1780   0.0354     29594.51     964.5441     2045.578    0.019   0
        29    303.140    551.828 327.8822491 +28.9062518     5.77 0.0006226118 -12.3824 -12.4556   0.0111     95992.65     981.7349     2036.547    0.122   0
        30    308.767    530.103 327.8816081 +28.9086070     6.18  0.000667506 -10.3353 -10.2940   0.0795     13109.76     960.2349     2033.656    0.101   0
        31    859.512    516.383 327.8135866 +28.9114662     5.82 0.0006287562 -11.6029 -11.1688   0.0357     29343.29     964.5596     1882.073    0.085   0
        32    506.078    485.703 327.8573367 +28.9138897     6.14  0.000663473 -11.1716 -11.2858   0.0321     32683.26     965.3444     2060.573    0.066   0
        33    225.103    456.115 327.8921318 +28.9163662     6.30 0.0006797867 -11.2063 -11.3095   0.0314     33404.97     965.6385     1972.486    0.165   0
        34    749.552    500.766 327.8272128 +28.9128759     5.82 0.0006290051 -12.1842 -12.2571   0.0133      79954.2     977.5096     2071.277    0.080   0
        35    164.679    844.760 327.8986209 +28.8743366     6.84 0.0007383182 -11.6388 -11.6875   0.0222     47315.12     969.1262     1860.099    0.128   0
        36    405.051    815.868 327.8690005 +28.8780602     7.23 0.0007811151  -9.5170  -9.5904   0.1518     6857.617     958.4707     2026.677    0.096   0
        37     61.367    891.317 327.9112649 +28.8690558     4.02 0.0004342966 -10.1573  99.0000  99.0000    -99102.95     956.8428     1502.333    0.063   0
        38    673.548    801.057 327.8358688 +28.8803304     5.27 0.0005694815 -10.6514 -10.2366   0.0838     12434.52     959.9781     2100.254    0.055   0
        39     55.498    825.173 327.9121571 +28.8761676     5.93 0.0006399766 -10.9440 -11.2344   0.0336     31171.71     965.0333     1796.067    0.098   0
        40    796.334    763.146 327.8207928 +28.8847210     9.89    0.0010683 -11.5253 -11.5438   0.0253     41449.32     967.5048     2055.664    0.100   0
        41    237.844    886.212 327.8894794 +28.8700568     4.73 0.0005102938 -12.5231 -10.7379   0.0529     19730.83     961.8495      1643.88    0.050   0
        42    106.802    691.343 327.9061573 +28.8907188     6.13 0.0006617163 -10.8971 -11.1139   0.0375     27897.46     963.8623     1924.494    0.188   0
        43    306.726    493.270 327.8819523 +28.9125704     5.91 0.0006377465 -13.5134 -13.5341   0.0043       259208     1022.479     2025.534    0.136   0
        44    798.216    687.793 327.8207438 +28.8928449     5.50 0.0005938641 -13.4096 -13.4598   0.0046     242061.4     1017.769     2082.201    0.040   0
        45    533.835    709.925 327.8533531 +28.8897999     5.42 0.0005850357 -13.1857 -13.2435   0.0055     198334.2     1007.356     2087.833    0.050   0
        46    601.256    647.494 327.8451771 +28.8966959     6.92 0.0007476517  -9.5756  -9.8276   0.1221     8531.666     959.1773      2086.95    0.172   0
        47    249.506    662.173 327.8886000 +28.8942262     5.12 0.0005526131  -9.7070 -10.6937   0.0551      18944.1     961.7797     2036.375    0.260   0
        48    653.172    647.677 327.8387622 +28.8968061     5.95 0.0006424273 -10.5844 -10.8024   0.0499     20939.85     962.2714     2089.805    0.104   0
        49    668.799    586.099 327.8369824 +28.9034800     6.07 0.0006553833 -11.0268 -11.0228   0.0408     25651.23     963.2795     2079.067    0.073   0
        50    697.586    558.182 327.8334938 +28.9065599     5.67 0.0006118255 -11.5774 -11.3635   0.0299      35108.7     965.6236     2079.767    0.088   0
        51    302.165    567.538 327.8823304 +28.9045567     6.45 0.0006964722 -10.6158 -10.7577   0.0520     20094.38     962.0786     2039.654    0.227   0
