#   1 NUMBER                 Running object number                                     
#   2 X_IMAGE                Object position along x                                    [pixel]
#   3 Y_IMAGE                Object position along y                                    [pixel]
#   4 ALPHA_J2000            Right ascension of barycenter (J2000)                      [deg]
#   5 DELTA_J2000            Declination of barycenter (J2000)                          [deg]
#   6 FWHM_IMAGE             FWHM assuming a gaussian core                              [pixel]
#   7 FWHM_WORLD             FWHM assuming a gaussian core                              [deg]
#   8 MAG_BEST               Best of MAG_AUTO and MAG_ISOCOR                            [mag]
#   9 MAG_APER               Fixed aperture magnitude vector                            [mag]
#  10 MAGERR_APER            RMS error vector for fixed aperture mag.                   [mag]
#  11 FLUX_APER              Flux vector within fixed circular aperture(s)              [count]
#  12 FLUXERR_APER           RMS error vector for aperture flux(es)                     [count]
#  13 BACKGROUND             Background at centroid position                            [count]
#  14 ELLIPTICITY            1 - B_IMAGE/A_IMAGE                                       
#  15 FLAGS                  Extraction flags                                          
         1     11.000     80.350 200.8922043 +36.1196064    67.33  0.007270935 -14.0024 -13.2222   0.0055     194484.9     982.9697     332.0106    0.592  24
         2    143.418     87.166 200.8744227 +36.1192172    48.97  0.005288424 -13.4642 -12.3117   0.0129     84080.99     1000.635     1749.655    0.746   2
         3    192.516     30.956 200.8679214 +36.1253890    32.70  0.003530734 -12.7766 -12.3236   0.0128     85008.03     1001.192     922.5107    0.223  17
         4    135.735     11.123 200.8755734 +36.1273752    88.12  0.009515548 -15.2432 -14.0344   0.0027     410912.4     1038.464     99.54675    0.746  24
         5    293.290     34.777 200.8543903 +36.1252371     4.08 0.0004410578  -8.8073  99.0000  99.0000    -83959.28     979.5693     1388.173    0.100   0
         6     65.905    109.828 200.8847891 +36.1165790    24.53  0.002649263  99.0000  99.0000  99.0000    -9270.972     979.6248      1183.41    0.557   0
         7     77.763    416.703 200.8827117 +36.0836075    94.25   0.01017766 -15.1544 -12.1563   0.0149     72863.48     997.9375     1962.652    0.938  18
         8    380.316     90.024 200.8426258 +36.1195182     5.87 0.0006334991 -11.2434 -11.1730   0.0364     29459.02     987.1141     2064.296    0.034   0
         9     84.212    121.917 200.8823131 +36.1153265    18.96  0.002047596 -12.0247 -11.8482   0.0197     54861.96     993.3629     1574.051    0.453   0
        10    311.552    264.883 200.8515846 +36.1005374     5.51 0.0005949341 -12.5849 -12.6305   0.0097     112771.9     1008.128     2210.402    0.026   0
        11    691.932    429.104 200.8003063 +36.0838396     5.43 0.0005868984  -9.8687  -9.9299   0.1138     9375.031     982.0697      2055.04    0.101   0
        12     78.531    526.983 200.8824342 +36.0717496    12.39   0.00133757 -12.6289 -12.4867   0.0110     98785.83     1004.573     1962.849    0.443   3
        13   1026.555    445.670 200.7553948 +36.0828873     5.30 0.0005724395  -9.7623  -9.4943   0.1343     6276.549     776.0214     1717.226    0.150  24
        14     79.746    694.276 200.8820066 +36.0537614   102.56   0.01107528 -15.5875 -12.3161   0.0129     84416.41     1000.963     1913.464    0.922  18
        15    722.072    494.282 200.7961678 +36.0769055     5.72 0.0006179661 -11.2526 -11.3122   0.0320     33487.56     988.2438     1986.396    0.058   0
        16    599.005    863.068 200.8121269 +36.0369359     5.80 0.0006264859 -10.3200 -10.4230   0.0723     14763.42     983.2471     1821.695    0.017   0
        17    658.024    979.095 200.8040434 +36.0246061     5.93 0.0006402149 -10.6391 -10.8043   0.0510     20976.54     984.8807     1645.121    0.088   0
        18     80.583    969.352 200.8814595 +36.0241811     7.40 0.0007988722 -11.3521 -11.9358   0.0182      59473.4     994.6047     1689.006    0.657   0
