#   1 NUMBER                 Running object number                                     
#   2 X_IMAGE                Object position along x                                    [pixel]
#   3 Y_IMAGE                Object position along y                                    [pixel]
#   4 ALPHA_J2000            Right ascension of barycenter (J2000)                      [deg]
#   5 DELTA_J2000            Declination of barycenter (J2000)                          [deg]
#   6 FWHM_IMAGE             FWHM assuming a gaussian core                              [pixel]
#   7 FWHM_WORLD             FWHM assuming a gaussian core                              [deg]
#   8 MAG_BEST               Best of MAG_AUTO and MAG_ISOCOR                            [mag]
#   9 MAG_APER               Fixed aperture magnitude vector                            [mag]
#  10 MAGERR_APER            RMS error vector for fixed aperture mag.                   [mag]
#  11 FLUX_APER              Flux vector within fixed circular aperture(s)              [count]
#  12 FLUXERR_APER           RMS error vector for aperture flux(es)                     [count]
#  13 BACKGROUND             Background at centroid position                            [count]
#  14 ELLIPTICITY            1 - B_IMAGE/A_IMAGE                                       
#  15 FLAGS                  Extraction flags                                          
         1    833.345    176.569 200.9209457 +36.2147514   180.16   0.01950121 -15.8035 -12.3530   0.0089     87339.02     716.7677     1193.415    0.906  16
         2    521.010     20.084 200.9632582 +36.2306371     6.94  0.000751651  -9.7221  -9.6832   0.1001     7469.004     688.2112     1240.715    0.400   0
         3    473.312     60.941 200.9695906 +36.2260713     6.13 0.0006630156 -10.4498 -10.5588   0.0449     16730.21     691.7019     1257.484    0.253   0
         4    540.406    116.785 200.9604555 +36.2202608     6.39 0.0006912993 -10.0614 -10.3519   0.0542     13827.75     690.3247     1305.615    0.298   0
         5    609.386    137.163 200.9511389 +36.2182845     8.45 0.0009143747 -10.8138 -10.8371   0.0348      21619.6     693.2942     1330.738    0.225   0
         6    261.013    294.006 200.9976615 +36.2002162   -27.17 -0.002940927  -8.8263  -9.5934   0.1086     6876.667     687.8221     1336.776    0.002   0
         7    190.338    302.482 201.0071453 +36.1990684     5.14 0.0005561226 -10.2431 -10.4020   0.0518     14480.79     690.9654      1318.02    0.147   0
         8    444.014    363.420 200.9729187 +36.1933218     4.24 0.0004586784  -9.3161  -9.2351   0.1509     4943.631     687.1385     1396.958    0.106   0
         9    886.881    421.835 200.9132708 +36.1884448     4.01 0.0004338134 -11.6731  -9.3809   0.1321     5653.824     687.6289     1089.106    0.028   0
        10    827.541    459.642 200.9211736 +36.1841735     7.64 0.0008274969 -11.0198 -11.2948   0.0230     32954.32     697.4839     1352.918    0.138   0
        11    888.161    887.899 200.9121952 +36.1381345    58.29  0.006309249 -13.8445 -12.4980   0.0078     99814.03     720.9951     544.3331    0.141  16
        12    445.743    475.940 200.9724587 +36.1811804     4.13 0.0004475359 -12.2296 -12.3186   0.0092      84614.2     715.6866     1424.086    0.059   0
        13    100.123    697.194 201.0184503 +36.1561595     5.08 0.0005501058  -9.3437  -9.9578   0.0778     9619.175     688.9533     1350.851    0.104   0
        14    841.112    830.423 200.9186274 +36.1441891    79.71  0.008628505 -13.9528 -12.9018   0.0055     144785.2     736.4956     1101.778    0.470  16
        15    866.624    604.083 200.9156396 +36.1687053     4.13 0.0004465183 -12.0926 -11.6108   0.0173     44086.32     701.4626     1325.606    0.051   0
        16    170.797    515.875 201.0093300 +36.1759673     4.41 0.0004775984 -10.3085 -10.2949   0.0571     13120.27     690.2418     1379.911    0.140   0
        17    309.029    448.149 200.9908907 +36.1837334     4.49 0.0004859566 -10.5206 -10.8102   0.0357     21091.05     693.2187     1404.133    0.072   0
        18    432.968    516.490 200.9740936 +36.1767612     4.07 0.0004405767 -12.0414 -12.0685   0.0115     67207.16     709.6362      1424.42    0.087   0
