#   1 NUMBER                 Running object number                                     
#   2 X_IMAGE                Object position along x                                    [pixel]
#   3 Y_IMAGE                Object position along y                                    [pixel]
#   4 ALPHA_J2000            Right ascension of barycenter (J2000)                      [deg]
#   5 DELTA_J2000            Declination of barycenter (J2000)                          [deg]
#   6 FWHM_IMAGE             FWHM assuming a gaussian core                              [pixel]
#   7 FWHM_WORLD             FWHM assuming a gaussian core                              [deg]
#   8 MAG_BEST               Best of MAG_AUTO and MAG_ISOCOR                            [mag]
#   9 MAG_APER               Fixed aperture magnitude vector                            [mag]
#  10 MAGERR_APER            RMS error vector for fixed aperture mag.                   [mag]
#  11 FLUX_APER              Flux vector within fixed circular aperture(s)              [count]
#  12 FLUXERR_APER           RMS error vector for aperture flux(es)                     [count]
#  13 BACKGROUND             Background at centroid position                            [count]
#  14 ELLIPTICITY            1 - B_IMAGE/A_IMAGE                                       
#  15 FLAGS                  Extraction flags                                          
         1    834.570    278.081 238.0207816 +33.0210052   109.97   0.01181633 -14.5798 -11.8320   0.0123     54051.21     611.9737     1066.882    0.852  19
         2    831.041    124.095 238.0215000 +33.0374645   138.71   0.01490403 -15.3281 -12.0099   0.0105     63672.62     615.8916     1015.817    0.868  18
         3    455.658    123.178 238.0698257 +33.0365877     6.10 0.0006555965 -14.0438 -14.0750   0.0019     426569.6     748.8727     1104.903    0.074   0
         4    433.144    197.476 238.0725919 +33.0285827     5.72 0.0006150073 -10.1105 -10.1110   0.0583     11076.32     594.1585     1131.159    0.103   0
         5     57.451    251.803 238.1208506 +33.0217773     8.65 0.0009298433 -10.6640 -10.7201   0.0334        19411       597.54     1050.907    0.305   0
         6    172.844    272.036 238.1059618 +33.0199211     6.13  0.000658375 -11.6357 -11.6768   0.0141     46852.17     609.0579     1104.862    0.141   0
         7    296.180    287.418 238.0900600 +33.0186030     7.26 0.0007801976  -9.4909  -9.7260   0.0828     7769.819     592.5168     1139.067    0.115   0
         8    283.472    289.595 238.0916917 +33.0183365     6.22 0.0006684911  -9.1409  -9.5696   0.0956     6727.391      592.276     1137.973    0.257   0
         9    261.006    293.997 238.0945752 +33.0178063     4.20 0.0004511035  -8.8382  -9.3222   0.1199     5356.532     591.6306     1135.299    0.004   0
        10    488.538    362.336 238.0651701 +33.0110966     5.63 0.0006054324 -12.2958 -12.3199   0.0080     84712.05     624.3892       1185.8    0.077   0
        11      2.180    433.075 238.1276302 +33.0022429     5.71 0.0006134702  -9.8309  -9.8501   0.0562     8710.639     450.4246      1086.06    0.501  24
        12    712.377    776.236 238.0356460 +32.9674135     5.64 0.0006065316 -10.2007 -10.1638   0.0555     11628.14      594.341     1219.254    0.079   0
        13    717.194    886.135 238.0348363 +32.9556725     4.87 0.0005234668  -9.8738  99.0000  99.0000    -23242.06     589.4963     956.3097    0.114   0
        14    841.626    831.034 238.0189267 +32.9618861    82.10  0.008822083 -13.6835 -12.5884   0.0063     108486.8     633.7748      958.483    0.505  16
        15    663.699    786.223 238.0418902 +32.9662194     8.18 0.0008785672  -9.7870  -9.9583   0.0670     9622.925     593.5798     1218.814    0.409   0
        16     98.408    782.165 238.1146097 +32.9651664     6.46  0.000693686 -11.6009 -11.5598   0.0157     42065.59     606.8957     1122.447    0.067   0
        17    704.951    786.324 238.0365838 +32.9663154     5.48 0.0005888119 -10.9560 -10.9751   0.0265     24549.75     599.8008     1219.254    0.126   0
        18    552.905    679.304 238.0563294 +32.9773659     4.40 0.0004731248  -8.6948  -8.7546   0.2021     3175.576     591.0078     1215.253    0.224   0
        19    887.837    887.600 238.0128864 +32.9559552    60.27  0.006475738 -13.5678 -12.1992   0.0089     75804.04     620.6064     547.3328    0.138  16
        20    710.213    684.388 238.0360835 +32.9772308     5.85 0.0006284033 -10.7290 -10.8128   0.0307     21141.33     598.1813     1217.533    0.035   0
        21    719.988    649.481 238.0348864 +32.9809893     5.39 0.0005793431 -11.2476 -11.3035   0.0197     33221.45     603.3229     1213.887    0.085   0
