#   1 NUMBER                 Running object number                                     
#   2 X_IMAGE                Object position along x                                    [pixel]
#   3 Y_IMAGE                Object position along y                                    [pixel]
#   4 ALPHA_J2000            Right ascension of barycenter (J2000)                      [deg]
#   5 DELTA_J2000            Declination of barycenter (J2000)                          [deg]
#   6 FWHM_IMAGE             FWHM assuming a gaussian core                              [pixel]
#   7 FWHM_WORLD             FWHM assuming a gaussian core                              [deg]
#   8 MAG_BEST               Best of MAG_AUTO and MAG_ISOCOR                            [mag]
#   9 MAG_APER               Fixed aperture magnitude vector                            [mag]
#  10 MAGERR_APER            RMS error vector for fixed aperture mag.                   [mag]
#  11 FLUX_APER              Flux vector within fixed circular aperture(s)              [count]
#  12 FLUXERR_APER           RMS error vector for aperture flux(es)                     [count]
#  13 BACKGROUND             Background at centroid position                            [count]
#  14 ELLIPTICITY            1 - B_IMAGE/A_IMAGE                                       
#  15 FLAGS                  Extraction flags                                          
         1      9.956     81.051 327.7911697 +28.8491461    61.01  0.006587704 -13.2053 -12.3484   0.0077     86967.42     616.1678     438.7443    0.608  24
         2    140.554     88.364 327.7750231 +28.8486769    38.89  0.004198966 -12.7675 -11.6265   0.0155     44729.77     638.4186     1081.949    0.668   0
         3    194.123     28.777 327.7685529 +28.8552274    35.82  0.003867504 -12.1963 -11.7346   0.0141     49411.33     640.2493     697.0259    0.438  17
         4    136.551     10.831 327.7757073 +28.8570211    85.40  0.009221545 -14.4317 -13.1672   0.0039       184868     662.8401     339.0348    0.745  24
         5    460.350     28.799 327.7356721 +28.8558672     4.04  0.000436579 -10.2751  99.0000  99.0000    -10466.12     620.3747     855.4924    0.135   0
         6    293.451     51.776 327.7562295 +28.8529899     4.14 0.0004475822 -10.3450  99.0000  99.0000    -23514.53     620.5679     1012.937    0.055   0
         7    718.059    139.014 327.7035814 +28.8446060     5.38 0.0005812476 -15.9285 -15.9489   0.0006      2396430     1258.309     1239.568    0.176   4
         8    274.381     68.799 327.7585432 +28.8511096     4.66 0.0005027429 -10.6961  99.0000  99.0000    -4294.229     620.2869     1111.083    0.068   0
         9    974.178     69.802 327.6721139 +28.8526663     4.64 0.0005011892  -9.2712  99.0000  99.0000    -20964.71     620.3922     968.0613    0.227   0
        10     63.897    108.488 327.7844407 +28.8463218    17.69  0.001910597 -10.0210  99.0000  99.0000     -7484.88     620.6732     804.5332    0.576   0
        11    733.635     82.902 327.7017909 +28.8506888     4.49 0.0004844508  -9.6478  99.0000  99.0000     -14938.7     620.5503     1138.984    0.012   0
        12    920.548    105.811 327.6786529 +28.8486608     5.11 0.0005521997 -10.6176 -10.7689   0.0336      20302.5     628.7457     1148.871    0.048   0
        13    189.705    112.401 327.7688944 +28.8462065     4.35 0.0004698487 -11.0734  -9.8906   0.0750     9041.185     624.1122     1278.238    0.057   0
        14    428.669    126.274 327.7393500 +28.8452887     5.41 0.0005836734  -8.5979  99.0000  99.0000    -1879.086     620.6556     1267.323    0.150   0
        15     81.797    144.167 327.7821425 +28.8425212     6.06 0.0006547422 -11.0959 -11.1387   0.0240     28541.57     631.7717     1110.249    0.013   0
        16    422.815    140.213 327.7400392 +28.8437728     2.64 0.0002847111  -7.9932  99.0000  99.0000     -3051.02     620.3922     1273.252    0.144   0
        17    741.212    140.709 327.7007181 +28.8444782     8.24 0.0008892587 -10.1627 -10.4313   0.0457     14877.03     626.5847     1233.153    0.192   0
        18    648.142    146.348 327.7121982 +28.8436500     5.84 0.0006305799  -8.7411  -8.8939   0.1871     3610.296      621.968     1257.095    0.340   0
        19    569.986    149.300 327.7218429 +28.8431459     2.94 0.0003170778  -8.2916  99.0000  99.0000    -219.6432     620.5854     1263.653    0.080   0
        20    266.375    161.482 327.7593067 +28.8411040     4.54 0.0004907333 -11.1342 -11.2291   0.0222     31021.04     632.9415      1291.76    0.019   0
        21    403.300    169.594 327.7423783 +28.8405601     4.57 0.0004936802 -11.7072 -11.7768   0.0135     51370.71     640.8439     1282.791    0.045   0
        22    490.164    170.167 327.7316502 +28.8407068     3.94 0.0004249313  -9.1474 -10.2053   0.0562     12081.12     625.4333     1275.093    0.262   0
        23    582.383    182.422 327.7202328 +28.8396067     5.64 0.0006093229  -8.8995  -9.5295   0.1044     6483.441     622.9994     1270.233    0.390   0
        24    525.424    282.314 327.7270270 +28.8287077     5.47   0.00059056 -16.1803 -16.1971   0.0005      3011903     1375.172      1277.03    0.031   6
        25    747.360    187.083 327.6998490 +28.8394961     5.14 0.0005550735  -9.7872 -10.1283   0.0603     11253.91     625.1548      1233.58    0.105   0
        26     74.123    258.448 327.7828096 +28.8301892    21.11  0.002279756 -12.8650 -11.5583   0.0165     42006.59     637.3513     1164.656    0.629   2
        27    900.043    236.506 327.6808782 +28.8345307     4.51 0.0004869717 -13.5434 -13.5880   0.0029     272398.3     722.0287     1180.295    0.039   0
        28    705.727    208.483 327.7049394 +28.8370918     4.70 0.0005071176  -9.3819  -9.9766   0.0693     9786.758     624.6028     1247.143    0.182   0
        29    465.186    290.928 327.7344442 +28.8276355     4.61 0.0004976109 -15.5976 -15.5874   0.0007      1717737     1115.365     1282.115    0.087   7
        30    511.431    258.880 327.7288110 +28.8311992     4.48  0.000483297 -13.1453 -13.1811   0.0040     187261.6     691.9385      1278.73    0.088   3
        31     80.428    226.581 327.7821093 +28.8336382    10.88  0.001174954 -11.4556 -11.3212   0.0204     33766.81     633.9048     1197.834    0.251   0
        32    480.109    280.094 327.7326276 +28.8288384     4.43  0.000477861 -14.3481 -14.3628   0.0016       556070     814.4274     1282.132    0.101   3
        33    270.991    258.591 327.7585006 +28.8306521     4.43 0.0004781421 -13.5291 -13.5787   0.0029     270079.6     720.9534     1292.955    0.031   0
        34     51.408    233.390 327.7856759 +28.8328337     6.55  0.000707557 -10.1272 -10.7208   0.0351     19423.23     628.1184     1038.019    0.130   0
        35   1026.395    238.751 327.6652706 +28.8345845     4.61 0.0004979233 -10.1301 -10.0200   0.0531     10185.51     498.0156     1131.679    0.050  24
        36    656.654    255.439 327.7108873 +28.8319160     4.45 0.0004804901 -12.0308 -12.1092   0.0101     69771.77     648.1339     1260.154    0.047   2
        37    317.483    255.452 327.7527676 +28.8311027     4.43 0.0004788114 -11.8226 -11.9001   0.0121      57547.5     643.4353     1289.772    0.056   0
        38    113.014    244.044 327.7780428 +28.8318360     4.31 0.0004658849  -9.0131  99.0000  99.0000    -5129.834     620.5152     1292.456    0.027   0
        39    668.675    259.487 327.7093934 +28.8315084     4.69 0.0005065688 -10.5512 -10.7219   0.0351     19443.32     628.4733     1257.756    0.113   3
        40    765.058    268.705 327.6974702 +28.8307434     4.43 0.0004781904 -11.9990 -12.0554   0.0106     66400.02     646.8657     1224.077    0.002   0
        41    209.298    271.989 327.7660857 +28.8290592     4.42 0.0004774189 -11.8487 -11.9296   0.0118     59134.51     644.0009     1295.224    0.046   0
        42    247.431    262.748 327.7613997 +28.8301472     4.48 0.0004839755  -9.7887 -10.1306   0.0602     11278.18     625.1646     1294.073    0.084   0
        43    574.096    271.183 327.7210439 +28.8300232     4.45 0.0004804372 -10.6399 -10.7679   0.0337     20283.81     628.7556     1271.718    0.033   0
        44    186.689    294.830 327.7688215 +28.8265433     4.40 0.0004754337 -11.9643 -12.0534   0.0106     66278.48     646.7513     1295.253    0.050   0
        45   1004.759    283.015 327.6678388 +28.8297647     5.04 0.0005445291  -8.3750  99.0000  99.0000    -1239.061     620.5152     1127.451    0.197   0
        46    201.992    334.600 327.7668351 +28.8222953     4.41 0.0004765311 -13.4275 -13.4860   0.0031     247969.5     713.3827     1294.281    0.060   0
        47    261.470    313.618 327.7595425 +28.8247001     4.30 0.0004642842 -10.8672 -10.9348   0.0289     23655.16     630.1119      1291.54    0.033   0
        48    101.299    310.368 327.7793266 +28.8246614     4.44 0.0004794897  -9.5242  -9.0953   0.1555     4346.172     622.4038     1293.292    0.123   0
        49    841.166    320.005 327.6879517 +28.8253955     4.54 0.0004904114  -9.9514 -10.0803   0.0630     10767.94     624.7338     1183.236    0.032   0
        50     76.169    329.629 327.7823822 +28.8225249     6.20 0.0006694963 -10.3982 -11.3422   0.0200     34426.48     634.2336     1174.753    0.668   0
        51    811.558    340.032 327.6915602 +28.8231679     4.46 0.0004818917  -9.3305  -9.3947   0.1181     5726.264     622.8879     1191.755    0.188   0
        52    210.777    364.165 327.7656783 +28.8191311     4.55 0.0004912159 -11.0527 -11.2548   0.0216      31763.9     633.2004     1292.323    0.055   0
        53    116.500    352.449 327.7773468 +28.8201644     4.34 0.0004685438  -9.4150  99.0000  99.0000    -6406.657     620.5854     1293.682    0.027   0
        54    836.607    362.202 327.6884151 +28.8208382     3.43 0.0003701772  -8.3008  -8.6652   0.2308     2924.621     621.6398     1174.619    0.408   0
        55     76.649    365.030 327.7822360 +28.8187117     6.49 0.0007008513 -10.6685 -11.3871   0.0192     35878.23     634.8571     1178.324    0.713   0
        56    982.894    373.630 327.6703268 +28.8199500     4.79 0.0005175511  -8.7585  -9.0912   0.1561     4329.916     622.3448     1105.975    0.257   0
        57     74.507    385.488 327.7824503 +28.8165022     6.03 0.0006510418 -10.4998 -11.4239   0.0186     37116.74     635.4133     1164.427    0.452   2
        58    544.076    391.183 327.7244633 +28.8170220     4.92 0.0005311643  -9.9073 -10.0627   0.0641     10594.83     624.8738     1267.834    0.065   0
        59    963.954    464.255 327.6724531 +28.8101411     4.77 0.0005147538 -15.7025 -15.7287   0.0006      1956458     1167.637     1088.463    0.038   4
        60    119.974    398.931 327.7768040 +28.8151647     4.14 0.0004465754  -8.8015  99.0000  99.0000    -8074.568     620.6732     1287.844    0.034   0
        61    342.917    441.567 327.7491766 +28.8111108     4.43 0.0004782563 -13.5010 -13.5526   0.0030     263645.6     719.0068     1281.146    0.034   0
        62    816.552    422.042 327.6907500 +28.8143434     4.42 0.0004775744 -11.1514 -11.2197   0.0224     30753.11      632.939      1169.74    0.037   0
        63    116.646    420.597 327.7771618 +28.8128221     4.33 0.0004672733  -8.2269  99.0000  99.0000    -10171.78     620.4098     1285.119    0.138   0
        64     76.284    457.988 327.7820529 +28.8086950     4.27 0.0004610569  -9.8802 -11.3389   0.0201     34321.43     634.2266     1164.305    0.075   2
        65    804.358    448.466 327.6921931 +28.8114674     5.64 0.0006093585 -12.0023 -12.0546   0.0106     66347.94     646.7277     1166.901    0.213   0
        66    170.244    443.702 327.7704884 +28.8104630     4.44 0.0004791947 -11.6848 -11.7819   0.0135     51611.98     641.0229     1286.166    0.045   0
        67     73.205    432.215 327.7824963 +28.8114645     3.84 0.0004149763  -9.4303 -11.3707   0.0195     35340.53     634.4221     1148.461    0.521   0
        68    269.556    486.881 327.7581232 +28.8060514     4.45 0.0004800958 -14.9548 -14.9876   0.0010     988604.6     937.8134     1282.699    0.035   0
        69    415.590    437.790 327.7402139 +28.8116926     3.43 0.0003701308  -8.2511  -9.3317   0.1251     5403.729     622.4785     1275.002    0.412   0
        70    719.566    442.404 327.7026754 +28.8119204     4.53 0.0004888549  -8.8964  -9.3828   0.1194     5663.733     622.6879     1204.122    0.120   0
        71    665.224    450.478 327.7093651 +28.8109216     3.56 0.0003841493  -9.0988  -9.4492   0.1124      6021.28     623.0588     1222.853    0.050   0
        72    422.595    450.716 327.7393180 +28.8103167     4.79 0.0005172471  -9.4057  -9.6238   0.0957     7071.621     623.3927     1273.565    0.045   0
        73   1012.551    463.619 327.6664550 +28.8103232     4.70 0.0005076185 -11.4418 -11.4448   0.0182     37836.33     635.6792     1067.176    0.083   0
        74    350.367    460.908 327.7482101 +28.8090448     4.17 0.0004503276  -9.1471  -9.8754   0.0760     8915.461     624.1666     1278.882    0.206   0
        75     37.246    478.900 327.7868208 +28.8063465     4.43 0.0004786297 -12.0528 -11.9056   0.0121     57841.96      643.465     945.3619    0.038   0
        76    174.363    469.934 327.7699159 +28.8076466     5.87  0.000633429  -9.0578  -9.6177   0.0963     7032.051     623.4118     1284.708    0.242   0
        77    947.490    507.441 327.6743845 +28.8054495     4.56 0.0004925685 -13.9262 -13.9684   0.0021     386702.3      760.577     1079.351    0.056   0
        78    568.170    478.866 327.7212789 +28.8076319     4.45 0.0004801808  -9.2559  -9.5682   0.1008     6718.336     623.3384     1247.097    0.094   0
        79     73.996    484.507 327.7822703 +28.8058322     3.76 0.0004064594  -9.5827 -11.3291   0.0202     34013.62     634.0537     1151.879    0.386   0
        80    462.367    481.521 327.7343339 +28.8070930     4.32 0.0004665043  -9.1450  -8.6299   0.2385     2831.035     621.7424     1267.601    0.062   0
        81     94.497    506.365 327.7796859 +28.8035270     6.17 0.0006659767  -9.0278  -9.7711   0.0836     8099.143     623.8046      1263.41    0.351   0
        82    344.822    526.338 327.7487364 +28.8019816     4.47 0.0004825466 -11.1380 -11.2572   0.0216     31833.95     633.2969     1272.661    0.033   0
        83    428.686    549.886 327.7383272 +28.7996461     4.42 0.0004776701 -12.5348 -12.5936   0.0066     108999.4     662.9772     1262.689    0.052   0
        84    605.779    743.685 327.7160043 +28.7791882     8.04 0.0008683961 -10.1540 -10.4990   0.0430     15833.77     626.9663     1155.073    0.039   0
        85    120.387   1026.800 327.7752167 +28.7475156     3.42 0.0003692069  -7.6697  99.0000  99.0000    -4097.228     486.0191     1123.312    0.394  16
        86    122.024   1013.030 327.7750483 +28.7490032     3.62 0.0003911832  -8.4179  99.0000  99.0000    -4833.182     620.5152     1125.244    0.015   0
        87    123.848    974.787 327.7749167 +28.7531282     4.37 0.0004714951 -12.4661 -12.5100   0.0071     100927.9     660.0091     1135.543    0.011   0
        88   1005.009    868.157 327.6664418 +28.7667178     3.64 0.0003928569  -8.4157  99.0000  99.0000    -7552.255       620.48     710.7496    0.184   0
        89     92.403    769.997 327.7792983 +28.7751167     7.21 0.0007782937 -12.7028 -12.3376   0.0083     86107.21     654.1713     1192.356    0.414   0
        90    784.388    777.608 327.6938808 +28.7759564     5.80 0.0006268239  -8.9258  -9.3688   0.1209     5591.149     622.5887     1054.273    0.154   0
        91     84.711    888.112 327.7799581 +28.7623717     8.75 0.0009451873 -11.4287 -11.4456   0.0182     37865.13     635.6905      1103.56    0.570   2
        92     83.856    856.387 327.7801413 +28.7657879     6.59 0.0007112308 -10.6144 -11.3986   0.0190     36259.66     635.0588     1112.976    0.734   0
        93    810.952    745.021 327.6906793 +28.7795301     1.62 0.0001752893  -7.8918  -8.4788   0.2740     2463.363      621.577     1055.504    0.051   0
        94    421.406    927.379 327.7383167 +28.7589553     5.90 0.0006376237  -9.4323  -9.4224   0.1151     5874.241     622.6499     1150.195    0.339   2
        95     79.780    815.863 327.7807437 +28.7701442     7.61 0.0008222677 -11.2087 -11.5049   0.0173     39990.82     636.5088     1108.798    0.651   2
        96     77.154    846.563 327.7809925 +28.7668300     3.08 0.0003321854  -9.9187 -11.4134   0.0188     36757.75     635.3234     1080.268    0.311   0
        97    885.198    890.900 327.6811734 +28.7639868     5.07 0.0005472861  -9.9265 -10.0185   0.0667     10171.58       624.53     916.7997    0.164   0
        98    271.650    907.439 327.7568437 +28.7607430     4.32 0.0004669259 -12.0493 -12.1078   0.0101     69679.52     648.1487     1180.532    0.012   0
        99    316.509    882.446 327.7513688 +28.7635442     3.74 0.0004037017  -9.2428  -9.6084   0.0971     6971.974     623.4401     1186.292    0.248   0
       100    312.883    870.839 327.7518444 +28.7647861     4.72 0.0005091631  -9.8147 -10.0884   0.0626     10848.38     624.9927     1191.455    0.034   0
       101     77.604    896.775 327.7808138 +28.7614210     3.45 0.0003720603  -9.5291 -11.3964   0.0190     36187.07     634.7385     1065.274    0.407   0
       102     84.007    862.494 327.7801078 +28.7651302     4.63 0.0005004937 -10.1012 -11.4281   0.0185     37258.09     635.4003     1110.398    0.594   0
       103    712.977    839.321 327.7025476 +28.7691382     4.49 0.0004853284 -11.6368 -11.6876   0.0147     47318.34     639.4144     1064.043    0.015   0
       104    410.660    843.518 327.7398446 +28.7679652     4.52 0.0004880543 -11.0974 -11.1433   0.0240     28663.76     632.1477      1182.59    0.042   0
       105    139.342    843.577 327.7733257 +28.7673031     4.35 0.0004694658 -11.6984 -11.6941   0.0146      47603.8      639.526     1204.136    0.008   0
       106    880.706    831.655 327.6818669 +28.7703597     4.82 0.0005205663 -13.1841 -13.2134   0.0039     192908.5     694.0228     979.4271    0.088   0
       107    258.762    791.181 327.7587163 +28.7732382     4.82 0.0005202208  -9.7435  -9.8162   0.0803     8442.345     623.8549     1227.944    0.052   0
       108    462.572    814.832 327.7335074 +28.7711805     4.36 0.0004711302 -13.6880 -13.7320   0.0026     311027.1     735.2525     1181.349    0.019   0
       109    144.368    797.373 327.7728183 +28.7722937     4.34 0.0004682513 -11.0240 -11.0456   0.0262     26196.44     630.9985     1226.785    0.046   0
       110    494.899    802.786 327.7295470 +28.7725557     4.63  0.000500168  -9.6921  -9.5529   0.1022     6624.697     623.2484     1177.459    0.083   0
       111     68.197    791.471 327.7822329 +28.7727440     5.18 0.0005593264  -9.9965 -11.1106   0.0247     27811.33     631.6207     1053.856    0.273   0
       112     82.422    796.015 327.7804662 +28.7722892     7.57 0.0008177432 -11.0844 -11.4665   0.0179     38599.96     635.7567     1127.749    0.705   0
       113    568.553    704.885 327.7206914 +28.7832802     4.65  0.000501716  -9.1166  -9.3563   0.1224     5527.332     622.9131     1185.745    0.111   0
       114    671.446    715.709 327.7079664 +28.7823586     4.64 0.0005006965  -9.8461  -9.9845   0.0688     9858.685     624.5967     1133.938    0.081   0
       115    248.452    667.120 327.7602902 +28.7865803     4.49 0.0004843503  -9.7458  -9.6533   0.0932     7266.438     623.5757     1267.283    0.122   0
       116    581.762    709.924 327.7190491 +28.7827687     4.91 0.0005297263  -9.2509  -9.8111   0.0806     8403.124     623.9439     1178.276    0.169   0
       117    844.987    761.185 327.6864407 +28.7778687     4.58 0.0004942559 -10.8652 -10.9142   0.0295     23210.63     629.6933     1031.579    0.077   0
       118    881.493    756.082 327.6819474 +28.7785043     4.72 0.0005098029 -10.8326 -10.8828   0.0303     22548.67     629.6381     1015.349    0.071   0
       119    264.165    744.329 327.7581633 +28.7782993     4.80 0.0005181167 -10.3408 -10.5182   0.0423     16116.98      627.114     1242.412    0.086   0
       120    458.755    885.917 327.7338077 +28.7635122     4.38 0.0004729507 -12.4988 -12.5648   0.0068     106150.1     662.0665     1154.135    0.012   0
       121     79.650    742.879 327.7809386 +28.7780076    20.12  0.002172119 -10.8018 -11.4872   0.0176     39344.86     636.3064     1137.257    0.558   3
       122    866.942    680.894 327.6839199 +28.7865714     4.58 0.0004944991 -10.7429 -10.7585   0.0340     20109.01     628.7034     1051.255    0.052   0
       123    298.887    651.092 327.7541041 +28.7884292     5.07 0.0005475947  -9.8632  -9.9037   0.0741     9151.601      624.331     1264.353    0.148   0
       124    378.741    743.499 327.7440249 +28.7786651     4.43 0.0004784993 -12.2696 -12.3298   0.0083     85493.97     654.1202     1230.624    0.029   0
       125    303.718    740.034 327.7532923 +28.7788577     4.26 0.0004596931  -8.4098  -8.4947   0.2701     2499.609     621.6091     1239.981    0.084   0
       126     76.132    729.103 327.7814066 +28.7794832     4.48   0.00048425 -10.0981 -11.4906   0.0175     39466.16     636.3541     1119.946    0.223   0
       127    942.057    724.413 327.6745468 +28.7820586     4.88 0.0005272273 -10.9380 -11.0042   0.0272     25215.88     630.6963     994.4104    0.102   0
       128    280.019    725.827 327.7562516 +28.7803312     5.37 0.0005800292  -8.9743  -8.9899   0.1713     3944.124     622.0321     1246.575    0.193   0
       129     76.493    682.360 327.7814766 +28.7845205    25.66  0.002770442 -13.2374 -11.5932   0.0160      43378.9      637.804      1134.31    0.446   2
       130    272.708    748.194 327.7570996 +28.7779036     5.26 0.0005684089  -8.8854  -9.2602   0.1337     5059.131     622.6376      1240.23    0.223   0
       131    385.532    955.691 327.7426749 +28.7558186     4.58 0.0004941127 -10.6180 -10.7089   0.0355     19210.99     628.3635     1143.994    0.059   0
       132    124.478    708.541 327.7754902 +28.7818165     4.40 0.0004751375 -10.0974  -9.4409   0.1132     5975.118     623.0928     1250.236    0.094   0
       133    570.535    652.711 327.7205714 +28.7889064     4.63 0.0004997383 -10.1565 -10.2324   0.0549     12387.11     625.6427     1202.564    0.053   0
       134    793.557    675.880 327.6929894 +28.7869388     4.19 0.0004526685  -8.9379  -9.0515   0.1619     4174.537     622.2823     1089.513    0.105   0
       135    439.479    671.709 327.7367016 +28.7865461     5.47 0.0005905773  -9.1052  -9.4436   0.1130     5989.988     622.9938     1237.877    0.267   0
       136    998.858    894.102 327.6671403 +28.7639079     4.53 0.0004892402  -9.1750  -9.8674   0.0766     8850.652     624.1931     654.4847    0.216   0
       137    961.349    657.752 327.6723218 +28.7892862     5.06 0.0005459184  -9.5761  -9.6092   0.0970     6977.272     623.4073     1009.469    0.084   0
       138    256.288    640.761 327.7593872 +28.7894393     4.81 0.0005198904 -10.1585 -10.1994   0.0565     12016.11     625.3899      1269.35    0.105   0
       139    736.178    748.176 327.6999002 +28.7790137     2.83 0.0003053531  -8.3157  -8.4898   0.2712     2488.348     621.4293     1093.058    0.253   0
       140    524.361    675.829 327.7262152 +28.7863054     4.72 0.0005092669  -9.7219  -9.9879   0.0686      9889.36     624.5391     1213.247    0.097   0
       141    149.445    609.183 327.7726517 +28.7925826     4.41 0.0004761137 -11.6121 -11.6438   0.0153     45449.05     638.5978      1276.91    0.055   0
       142    155.708    621.654 327.7718481 +28.7912542     4.42 0.0004768174 -11.1411 -11.2682   0.0214     32158.07     633.4593     1275.791    0.137   0
       143    848.899    619.080 327.6862924 +28.7931892     6.16 0.0006652165  -9.4261  -9.5249   0.1048     6455.748     623.1981     1083.967    0.226   0
       144    724.763    627.608 327.7015948 +28.7919774     4.43 0.0004781794 -10.6951 -10.7198   0.0352     19405.01     628.2326     1141.937    0.032   0
       145     77.311    613.717 327.7815441 +28.7919185     9.77  0.001054476 -11.5723 -11.4294   0.0185     37305.15     635.4016     1155.915    0.717   0
       146     58.929    989.863 327.7828898 +28.7513457     4.45 0.0004804593 -12.9018 -12.9468   0.0049       150908     678.6767     947.5038    0.045   0
       147     85.977    582.858 327.7805501 +28.7952645     5.69 0.0006140363 -11.9082 -11.7525   0.0138     50235.44      640.554     1212.267    0.262   0
       148    172.175    566.699 327.7699497 +28.7972153     5.22 0.0005632144  -9.3064  -9.7165   0.0879     7702.052     623.7328     1279.667    0.229   0
       149    624.841    585.787 327.7140280 +28.7962465     4.35 0.0004700113 -11.3882 -11.4498   0.0182     38012.86     635.6286     1199.602    0.057   0
       150    499.360    924.992 327.7287035 +28.7593992     4.98 0.0005377274  -9.1456  -9.4024   0.1173      5767.05     622.7993     1122.973    0.172   0
       151    940.897    969.333 327.6741166 +28.7556665     4.59 0.0004957916  -9.3588 -10.5190   0.0422     16128.42     627.1185     613.1609    0.272   0
       152     74.000    554.494 327.7820981 +28.7982913     3.75 0.0004049701  -9.4332 -11.3443   0.0200      34492.6     634.2253     1145.768    0.381   0
       153    311.360   1010.935 327.7516931 +28.7496876     4.44 0.0004793301 -10.7027 -10.8025   0.0326     20940.73     628.9301     1127.978    0.041   0
       154    166.167    998.735 327.7696369 +28.7506508     4.38 0.0004734409 -12.1166 -12.1681   0.0096      73664.5     649.6337     1137.519    0.029   0
       155     58.231    964.546 327.7830380 +28.7540717     4.39 0.0004736665 -11.7615 -11.8371   0.0128     54305.89     642.1576     950.2156    0.027   0
       156    823.738    743.404 327.6891051 +28.7797345     4.43 0.0004783311  -9.4319  -9.5732   0.1003     6749.418     623.2285     1049.814    0.067   0
