#   1 NUMBER                 Running object number                                     
#   2 X_IMAGE                Object position along x                                    [pixel]
#   3 Y_IMAGE                Object position along y                                    [pixel]
#   4 ALPHA_J2000            Right ascension of barycenter (J2000)                      [deg]
#   5 DELTA_J2000            Declination of barycenter (J2000)                          [deg]
#   6 FWHM_IMAGE             FWHM assuming a gaussian core                              [pixel]
#   7 FWHM_WORLD             FWHM assuming a gaussian core                              [deg]
#   8 MAG_BEST               Best of MAG_AUTO and MAG_ISOCOR                            [mag]
#   9 MAG_APER               Fixed aperture magnitude vector                            [mag]
#  10 MAGERR_APER            RMS error vector for fixed aperture mag.                   [mag]
#  11 FLUX_APER              Flux vector within fixed circular aperture(s)              [count]
#  12 FLUXERR_APER           RMS error vector for aperture flux(es)                     [count]
#  13 BACKGROUND             Background at centroid position                            [count]
#  14 ELLIPTICITY            1 - B_IMAGE/A_IMAGE                                       
#  15 FLAGS                  Extraction flags                                          
         1    840.597     79.784 238.0183898 +32.9328172   134.20   0.01441576 -14.5043 -12.3636   0.0062     88191.35     500.8403     738.2907    0.610  16
         2    821.981      9.532 238.0209106 +32.9402874    79.65  0.008556053 -13.5335 -12.2894   0.0062     82369.22     467.7943     442.7504    0.780  24
         3    489.143     41.216 238.0635985 +32.9360292     6.39 0.0006861773  -9.6696  99.0000  99.0000    -1453.451     454.8857     759.1379    0.235   0
         4     62.037    112.139 238.1183109 +32.9273051     6.25  0.000671535 -13.8397 -13.8722   0.0019     353885.2     619.5956     849.7819    0.047   0
         5    727.095    121.358 238.0328888 +32.9280743     6.67  0.000716036 -10.2703  -9.6674   0.0677     7361.408     458.9391     916.6364    0.115   0
         6    748.791    125.982 238.0300940 +32.9276357     6.58  0.000706433 -10.0006  -7.8866   0.3465     1427.702     455.5026     916.7768    0.095   0
         7    368.600    142.216 238.0788857 +32.9249029    10.49  0.001127116  -9.7882  -9.7122   0.0650      7671.68     458.8785     902.7485    0.379   0
         8    698.140    189.384 238.0364800 +32.9207191     6.70 0.0007192827 -11.8778 -11.9190   0.0090     58560.71     486.0296     918.5988    0.048   0
         9    474.769    180.859 238.0651786 +32.9210474     9.21 0.0009894186  -9.3651  -9.5287   0.0769     6478.525      458.509     910.7305    0.249   0
        10    319.854    184.592 238.0850635 +32.9202390     6.46 0.0006934438  -9.8277  -9.8252   0.0586      8512.83     459.5277     899.0461    0.068   0
        11    109.317    253.386 238.1119625 +32.9123161     6.02 0.0006462024 -13.8014 -13.8369   0.0019     342586.5     614.9722     863.6097    0.035   0
        12    759.344    274.181 238.0284631 +32.9118032     6.28 0.0006742011 -12.2306 -12.2831   0.0066        81891     497.8972     918.5309    0.059   0
        13    231.647    273.614 238.0962168 +32.9104780    11.01  0.001183116 -10.2996 -10.3216   0.0373     13447.01     462.1789     887.7747    0.445   0
        14    578.379    325.030 238.0516020 +32.9058904     5.91 0.0006349921 -11.3389 -11.4457   0.0136     37868.13     475.2051     911.7287    0.061   0
        15      3.746    314.495 238.1253962 +32.9054932     7.35 0.0007891554  -8.4313  -7.7337   0.3187      1240.12     363.9168     837.7762    0.079  16
        16    284.655    338.709 238.0892852 +32.9036526     5.66 0.0006083834 -11.1543 -11.2035   0.0169     30297.09     471.2674     896.0145    0.023   0
        17     40.299    342.035 238.1206492 +32.9026442     7.37 0.0007920358  -9.1023  -8.9095   0.1355     3662.566     456.8942     845.6802    0.114   0
        18    447.921    379.648 238.0682467 +32.8997030     5.82 0.0006251768 -10.8880 -10.9640   0.0209     24299.44     468.1249     904.4232    0.078   0
        19    508.612    430.509 238.0603588 +32.8944195     5.65 0.0006071387 -12.1836 -12.2307   0.0069     78036.23     495.9697     904.8063    0.065   0
        20    155.702    447.635 238.1056276 +32.8916525     5.81 0.0006244082  -9.9365  -9.9409   0.0528     9470.015     460.0481     866.6001    0.068   0
        21    539.564    454.535 238.0563401 +32.8919295     6.52   0.00070031  -8.9431  -9.0362   0.1206     4115.857     457.1933     905.0217    0.198   0
        22    267.305    489.694 238.0912204 +32.8874487     5.49 0.0005896073 -12.4754 -12.5252   0.0054       102344     508.1783     884.8951    0.068   0
        23     10.542    490.759 238.1241755 +32.8866485     6.31 0.0006778914 -10.4670 -10.3454   0.0346     13746.08     437.4854     829.3143    0.159  16
        24    437.213    497.328 238.0693967 +32.8870811     5.98 0.0006419394  -9.6824  -9.5475   0.0755     6591.731     458.5197      900.223    0.051   0
        25    776.565    510.851 238.0258126 +32.8865200     6.98 0.0007493306  -8.5788  -8.6319   0.1748     2836.311      456.506     908.7723    0.329   0
        26    626.111    693.869 238.0447806 +32.8665430     4.54 0.0004876984  -8.3382  -8.2743   0.2428      2040.33     456.0827     886.8729    0.206   0
        27    510.298   1021.004 238.0590227 +32.8312312     5.33 0.0005729956  -8.7612  -8.3910   0.2000     2271.888     418.3168     786.1644    0.270  16
        28    797.935   1014.765 238.0221366 +32.8326478     4.94 0.0005305862  -9.8926  -9.7753   0.0613     8130.396     459.1028     818.8911    0.185  16
        29    857.058    787.717 238.0149704 +32.8570985     5.41 0.0005813526 -11.9415 -12.0345   0.0082      65132.4      489.446     865.4636    0.149   0
        30    628.628    778.878 238.0442980 +32.8574521     6.23 0.0006695723  -8.3183  -8.5636   0.1861     2663.423     456.3728     867.8878    0.257   0
        31      3.000    735.890 238.1246593 +32.8603953     4.78 0.0005137617  -8.8533  -9.9074   0.0426     9182.845      360.395     812.6378    0.592  16
        32    299.233    753.063 238.0866140 +32.8593487     5.27 0.0005663611 -10.9256 -11.0055   0.0202     25247.45     468.6185     842.7478    0.136   0
        33    717.266    706.755 238.0330588 +32.8654012    11.81  0.001268406 -10.1904 -10.2040   0.0415     12066.61     461.4443     887.5981    0.339   0
        34    906.175    620.414 238.0089749 +32.8751293     5.27 0.0005657219 -11.2058 -11.0364   0.0196     25974.51     468.8064     804.6483    0.111   0
        35    881.855    871.558 238.0116343 +32.8481899     4.39  0.000471052  -9.3914 -10.9839   0.0206     24748.63     468.3398     809.2401    0.564   0
        36    416.181    664.854 238.0717760 +32.8690976     0.97 0.0001039197  -7.5520  -7.3476   0.5691      869.011     455.3887     879.3388    0.089   0
        37    127.486    628.591 238.1088954 +32.8722118     6.08 0.0006530656 -10.0088 -10.1668   0.0430     11660.62      461.237     838.9922    0.183   0
        38    592.488    713.992 238.0490576 +32.8643017     3.73 0.0004009876  -8.1555  -8.6357   0.1742     2846.182     456.4729     880.9833    0.376   0
        39    808.133    863.034 238.0211090 +32.8489120     4.91 0.0005278452 -12.8340 -12.8729   0.0041     140974.4     526.7067     857.0802    0.097   0
        40    235.489    943.000 238.0944252 +32.8388532     1.61 0.0001732601  -7.1144  99.0000  99.0000    -781.8484     454.8342     767.9292    0.308   0
        41    378.294    697.225 238.0765761 +32.8655334     5.22 0.0005604309 -12.8099 -12.8589   0.0041     139179.6      525.843     867.3832    0.080   0
        42    356.353   1001.055 238.0788085 +32.8329607     7.69 0.0008264579  -8.7463  -8.6495   0.1720     2882.616     456.4928     768.2915    0.215   0
