#   1 NUMBER                 Running object number                                     
#   2 X_IMAGE                Object position along x                                    [pixel]
#   3 Y_IMAGE                Object position along y                                    [pixel]
#   4 ALPHA_J2000            Right ascension of barycenter (J2000)                      [deg]
#   5 DELTA_J2000            Declination of barycenter (J2000)                          [deg]
#   6 FWHM_IMAGE             FWHM assuming a gaussian core                              [pixel]
#   7 FWHM_WORLD             FWHM assuming a gaussian core                              [deg]
#   8 MAG_BEST               Best of MAG_AUTO and MAG_ISOCOR                            [mag]
#   9 MAG_APER               Fixed aperture magnitude vector                            [mag]
#  10 MAGERR_APER            RMS error vector for fixed aperture mag.                   [mag]
#  11 FLUX_APER              Flux vector within fixed circular aperture(s)              [count]
#  12 FLUXERR_APER           RMS error vector for aperture flux(es)                     [count]
#  13 BACKGROUND             Background at centroid position                            [count]
#  14 ELLIPTICITY            1 - B_IMAGE/A_IMAGE                                       
#  15 FLAGS                  Extraction flags                                          
         1    192.647     31.070 237.9706804 +32.9395557    31.81  0.003397166 -13.5173 -13.0389   0.0104     164271.3     1568.872     1303.264    0.317  19
         2    149.953     80.069 237.9760654 +32.9342331    69.39  0.007409847 -14.6731 -12.8716   0.0121     140807.1     1565.129     2718.755    0.814  19
         3     11.498     79.905 237.9937446 +32.9338904    68.71  0.007336625 -14.6407 -13.9322   0.0045     374003.5     1542.462     161.2458    0.580  24
         4    135.497     11.268 237.9780052 +32.9415140    89.60  0.009567712 -15.9595 -14.7559   0.0022     798664.5     1604.416    -289.1266    0.746  24
         5     66.054    110.532 237.9867363 +32.9307749    30.09   0.00321339  99.0000  99.0000  99.0000    -12699.55      1542.43     1813.897    0.501   2
         6     86.120    121.208 237.9841597 +32.9296914    36.25  0.003871153 -13.4923 -12.7247   0.0138     122988.3      1562.28     2562.291    0.600   3
         7    420.349     94.499 237.9415200 +32.9333945     6.06 0.0006466652 -10.8918 -10.6407   0.0930     18041.58     1545.613     3615.297    0.041   0
         8    913.775     91.587 237.8785188 +32.9349504     4.91 0.0005240206 -10.8222  99.0000  99.0000    -13886.06     1542.037      3124.12    0.141   0
         9     77.263    162.483 237.9852338 +32.9252779    27.45  0.002930991 -13.6033 -12.5150   0.0167     101389.2     1559.252     3268.784    0.454   0
        10    551.025    142.985 237.9247713 +32.9285701     4.75 0.0005075317  -9.4023  99.0000  99.0000    -21381.23     1542.081     3692.436    0.009   0
        11    985.083    197.502 237.8692828 +32.9238616     5.60 0.0005982564 -13.9811 -14.0350   0.0042     411158.2     1608.026     3205.029    0.031   0
        12    180.408    259.383 237.9719334 +32.9152384     5.86 0.0006261484 -11.2366 -11.4089   0.0459      36605.2     1548.004     3807.727    0.036   0
        13    779.863    343.676 237.8952991 +32.9078005     5.88 0.0006278621 -11.4624 -11.6179   0.0379     44377.36     1549.823     3450.974    0.107   0
        14    565.865    412.927 237.9225262 +32.8998940     5.96 0.0006365121 -16.2983 -16.3189   0.0006      3369430     2016.089      3696.24    0.013   4
        15    153.696    377.939 237.9751820 +32.9025585     5.35   0.00057181 -11.8976 -11.8672   0.0302      55831.3     1551.713     3797.446    0.048   0
        16    204.266    402.548 237.9686939 +32.9000718     5.91 0.0006313817 -11.5446 -11.7326   0.0341     49321.97      1550.36      3791.25    0.027   0
        17    960.039    504.383 237.8721005 +32.8911562     5.42 0.0005786492 -11.7421 -11.7025   0.0351     47973.46     1550.099     2898.275    0.040   0
        18     77.498    404.839 237.9848711 +32.8994993   107.53   0.01148267 -15.8780  99.0000  99.0000            0            0     3271.889    0.914  51
        19     75.720    257.731 237.9853000 +32.9151425    74.98  0.008006861  99.0000  99.0000  99.0000            0            0     3287.246    0.761  50
        20     79.908    702.100 237.9841558 +32.8678861   142.63   0.01523014 -16.3406 -12.9837   0.0109       156132     1568.004     3178.807    0.940  50
        21    775.294    838.433 237.8952566 +32.8551616     4.33 0.0004621632  -9.6614  -9.7015   0.2207      7596.49     1543.835     2716.906    0.435   0
        22    649.725   1009.615 237.9110564 +32.8366366     5.45 0.0005817463 -11.5246 -11.3559   0.0482     34861.37     1548.374     2661.842    0.050   0
        23     85.144    997.848 237.9830827 +32.8364412    10.33  0.001103327 -12.5182 -12.2878   0.0205     82248.62      1555.92     2806.534    0.283   2
        24    685.318    697.214 237.9069158 +32.8699567     6.26 0.0006685993 -10.6534 -10.6699   0.0906     18533.49     1545.474     3155.524    0.102   0
        25    152.478    816.236 237.9747413 +32.8559339     5.84 0.0006240398 -10.8595 -10.7200   0.0865     19409.25      1545.79     3494.427    0.036   0
        26    719.564    885.366 237.9023067 +32.8500292     5.59 0.0005974197 -11.0266 -11.0225   0.0655     25645.79     1546.799     2748.115    0.043   0
        27    750.593    949.871 237.8982665 +32.8432458     5.54 0.0005914443 -11.6680 -11.4988   0.0423     39765.28     1548.905     2547.403    0.064   0
        28    436.848    622.055 237.9387183 +32.8773206     5.72 0.0006109182 -11.7408 -11.8023   0.0320     52591.46     1551.191     3644.449    0.007   0
