#   1 NUMBER                 Running object number                                     
#   2 X_IMAGE                Object position along x                                    [pixel]
#   3 Y_IMAGE                Object position along y                                    [pixel]
#   4 ALPHA_J2000            Right ascension of barycenter (J2000)                      [deg]
#   5 DELTA_J2000            Declination of barycenter (J2000)                          [deg]
#   6 FWHM_IMAGE             FWHM assuming a gaussian core                              [pixel]
#   7 FWHM_WORLD             FWHM assuming a gaussian core                              [deg]
#   8 MAG_BEST               Best of MAG_AUTO and MAG_ISOCOR                            [mag]
#   9 MAG_APER               Fixed aperture magnitude vector                            [mag]
#  10 MAGERR_APER            RMS error vector for fixed aperture mag.                   [mag]
#  11 FLUX_APER              Flux vector within fixed circular aperture(s)              [count]
#  12 FLUXERR_APER           RMS error vector for aperture flux(es)                     [count]
#  13 BACKGROUND             Background at centroid position                            [count]
#  14 ELLIPTICITY            1 - B_IMAGE/A_IMAGE                                       
#  15 FLAGS                  Extraction flags                                          
         1      9.670     81.558 237.9946736 +32.9336543    59.94  0.006429761 -13.1158 -12.2377   0.0081     78541.16     584.8698     437.8174    0.620  24
         2    192.834     30.113 237.9712099 +32.9396266    29.46  0.003160284 -11.9805 -11.3953   0.0182     36149.68     607.2542      681.275    0.213   1
         3    149.663     12.458 237.9767818 +32.9413963    16.34   0.00175262 -11.1117 -11.4136   0.0175     36764.55     591.9735     337.1472    0.601  19
         4    146.695      3.995 237.9771748 +32.9422914    96.41   0.01034188 -14.2010 -12.7858   0.0045     130110.9     540.2952     266.4841    0.693  18
         5    141.885     88.100 237.9776764 +32.9333065    33.41  0.003584219 -12.5125 -11.4239   0.0178     37115.15     607.7332      1035.18    0.660   0
         6    916.823     90.622 237.8781012 +32.9350429     5.49  0.000588927 -11.9224 -11.9001   0.0116     57547.37     615.8394     1073.628    0.131   0
         7    422.967     93.314 237.9415536 +32.9334868     5.65 0.0006057638 -11.4985 -11.5615   0.0157     42129.43     609.6948     1174.832    0.105   0
         8     64.152    109.253 237.9876346 +32.9308444    12.52  0.001343212  -9.6946  99.0000  99.0000    -13226.55      592.168     780.8181    0.528   2
         9    553.932    141.314 237.9246627 +32.9287059     5.36 0.0005748934 -10.8652 -10.7613   0.0324     20160.78     600.7183     1200.446    0.109   0
        10    988.369    196.758 237.8687751 +32.9239015     5.71 0.0006127985 -14.6993 -14.7213   0.0012     773619.6     858.7739     1099.473    0.046   0
        11    182.841    257.826 237.9721802 +32.9153083     5.47 0.0005873069 -11.8678 -11.9278   0.0113     59037.55     616.5566     1228.787    0.076   0
        12     81.204    256.194 237.9852390 +32.9152141     5.80 0.0006225319 -10.3226 -11.2648   0.0205     32057.03     605.4359     1142.261    0.436   2
        13    253.295    271.943 237.9631103 +32.9139875     6.30  0.000675874  -9.4412  -9.6016   0.0933     6928.484     595.1693     1227.897    0.131   0
        14    568.790    412.256 237.9223966 +32.8998404    10.72  0.001150097 -16.9766 -16.9772   0.0003      6178456     1854.678     1206.963    0.050   4
        15    886.580    311.034 237.8817076 +32.9114527     6.09 0.0006536566  -9.4168  -9.6239   0.0914     7072.246     595.0796       1117.6    0.203   0
        16    782.974    342.786 237.8949759 +32.9078015     5.58 0.0005990127 -12.0738 -12.1214   0.0096     70558.84      621.051     1152.197    0.071   0
        17     77.616    344.217 237.9855771 +32.9058145     3.48  0.000373149  -9.2265 -11.1806   0.0221     29664.42     604.3322     1125.589    0.770   0
        18    155.942    376.517 237.9754717 +32.9025757     5.37 0.0005758411 -12.7173 -12.7663   0.0055       127796     643.9411     1226.868    0.045   0
        19    197.288    355.951 237.9701895 +32.9048786     1.54 0.0001650567  -8.9703 -10.1591   0.0560     11577.79     597.0858      1227.15    0.191   0
        20    339.779    378.404 237.9518565 +32.9028568     3.44 0.0003688573  -8.5401  -9.4978   0.1025      6297.07      594.537     1220.264    0.396   0
        21    206.713    401.281 237.9689166 +32.9000676     5.54 0.0005945591 -11.7856 -11.8626   0.0120     55593.64     615.1747     1224.382    0.087   0
        22     76.813    447.095 237.9855370 +32.8948375     6.17 0.0006616687 -10.4911 -11.2788   0.0203     32472.75     605.7713     1109.616    0.194   0
        23    373.555    460.023 237.9474082 +32.8942380     5.99 0.0006430721  -9.8169 -10.0014   0.0647     10013.15     596.3471     1214.545    0.053   0
        24    963.347    503.533 237.8716044 +32.8911116     5.59 0.0005993038 -12.5501 -12.5983   0.0063     109471.5     636.6314     1030.738    0.081   0
        25    231.766    532.696 237.9655189 +32.8861143     5.18 0.0005556935  -9.1953  -9.5657   0.0964     6702.907     594.9744     1214.654    0.147   0
        26     77.822    677.558 237.9850865 +32.8702549     6.62 0.0007103115 -10.7931 -11.4132   0.0179     36753.04     607.4045     1087.101    0.305   2
        27     88.156    994.851 237.9833184 +32.8364339     8.85 0.0009489593 -10.3580 -10.6407   0.0361     18041.85     599.7861     1029.425    0.264   0
        28    753.948    949.156 237.8979235 +32.8430403     5.62 0.0006026389 -12.5608 -12.5974   0.0063     109387.1     636.7541     954.2276    0.070   0
        29     83.607    955.808 237.9839565 +32.8405869     3.43 0.0003683558  -9.2936 -11.1314   0.0231     28351.56     603.7888      1018.46    0.422   0
        30    533.990    671.018 237.9265243 +32.8721460     7.45 0.0007990779  -9.0980  -9.1803   0.1372     4700.429      593.932     1155.068    0.249   0
        31    709.430    675.351 237.9039920 +32.8721355     4.99 0.0005357664  -8.5342  -8.1271   0.3614     1781.735      592.903     1084.875    0.306   0
        32     79.211    656.573 237.9849373 +32.8724971     5.69 0.0006100868 -10.3779 -11.3568   0.0189     34892.59     606.5075     1097.677    0.521   0
        33    750.787    652.976 237.8987106 +32.8746284     5.89 0.0006322314  -9.5832  -9.6531   0.0889       7265.2     595.0106      1073.78    0.068   0
        34     78.876    637.457 237.9850069 +32.8745355     6.21 0.0006663268 -10.5568 -11.3056   0.0198     33283.48     606.0894     1102.524    0.550   0
        35    439.683    620.790 237.9387004 +32.8772598     5.59 0.0006000088 -12.5205 -12.5662   0.0065     106290.5     635.4279     1191.223    0.032   0
        36    778.701    837.539 237.8948893 +32.8550108     5.90 0.0006329681 -10.7016 -10.7817   0.0318      20544.3     600.8118     989.5548    0.105   0
        37     86.559    862.275 237.9837078 +32.8505727     4.16 0.0004461454  -9.5917 -11.1969   0.0218     30114.72      604.781     1069.286    0.535   0
        38     81.208    816.415 237.9844584 +32.8554508     3.45 0.0003699746  -9.4215 -11.3079   0.0197     33354.51     605.8895     1057.461    0.410   0
        39     77.873    804.526 237.9849031 +32.8567102     3.96 0.0004245751  -9.4780 -11.2598   0.0206     31909.82     605.6208     1046.593    0.763   0
        40    154.889    814.868 237.9750018 +32.8558103     5.65 0.0006064739 -11.7439 -11.7894   0.0128     51970.46     613.7975     1160.664    0.074   0
        41    688.484    696.392 237.9066542 +32.8698372     5.54 0.0005941703 -11.4379 -11.4859   0.0168      39297.3     608.4835     1086.897    0.066   0
        42    210.613    748.420 237.9679394 +32.8630456     3.06 0.0003283935  -9.0361  -9.3950   0.1127     5727.807     594.3476      1183.31    0.210   0
        43     81.398    722.906 237.9845642 +32.8654266     5.89 0.0006321513 -10.4662 -11.3461   0.0191     34547.96     606.4799     1090.017    0.593   0
        44     79.651    707.661 237.9848097 +32.8670483     5.05 0.0005418446 -10.1077 -11.3313   0.0193     34080.76     606.3201     1089.104    0.467   0
        45    652.856   1008.733 237.9108218 +32.8364255     5.59  0.000599604 -12.4062 -12.4389   0.0072     94530.96     630.7842     979.7615    0.070   0
        46    314.230    582.559 237.9548613 +32.8810111     6.24 0.0006691802  -9.4551  -9.5926   0.0941     6871.163     595.0618     1208.247    0.053   0
        47    722.731    884.650 237.9020137 +32.8498419     5.62 0.0006032701 -11.7686 -11.8130   0.0126     53112.53     614.1171     998.1144    0.102   0
        48     37.880    552.911 237.9903892 +32.8834461     1.05  0.000112522  -7.6350  99.0000  99.0000    -15294.44     592.1848     890.6537    0.157   0
        49    588.532    954.322 237.9191491 +32.8420644     5.85 0.0006277382  -9.9182  -9.9743   0.0663     9766.239     596.3101     1025.823    0.126   0
        50    580.133    569.945 237.9207324 +32.8830475     6.49 0.0006964596  -9.3684  -9.6135   0.0923     7005.114     595.0514     1165.713    0.670   0
        51     79.184    554.352 237.9850831 +32.8834018    14.11  0.001513292 -11.8447 -11.3698   0.0187     35311.44       606.86     1114.616    0.434   2
        52     81.465    892.123 237.9843201 +32.8473750     6.39 0.0006851292 -10.6144 -11.2950   0.0200     32961.27     605.9565     1026.811    0.454   0
        53     80.810    767.621 237.9845774 +32.8606550     3.42 0.0003669295  -9.4470 -11.3119   0.0197     33476.89     605.8909     1074.928    0.420   0
