#   1 NUMBER                 Running object number                                     
#   2 X_IMAGE                Object position along x                                    [pixel]
#   3 Y_IMAGE                Object position along y                                    [pixel]
#   4 ALPHA_J2000            Right ascension of barycenter (J2000)                      [deg]
#   5 DELTA_J2000            Declination of barycenter (J2000)                          [deg]
#   6 FWHM_IMAGE             FWHM assuming a gaussian core                              [pixel]
#   7 FWHM_WORLD             FWHM assuming a gaussian core                              [deg]
#   8 MAG_BEST               Best of MAG_AUTO and MAG_ISOCOR                            [mag]
#   9 MAG_APER               Fixed aperture magnitude vector                            [mag]
#  10 MAGERR_APER            RMS error vector for fixed aperture mag.                   [mag]
#  11 FLUX_APER              Flux vector within fixed circular aperture(s)              [count]
#  12 FLUXERR_APER           RMS error vector for aperture flux(es)                     [count]
#  13 BACKGROUND             Background at centroid position                            [count]
#  14 ELLIPTICITY            1 - B_IMAGE/A_IMAGE                                       
#  15 FLAGS                  Extraction flags                                          
         1     10.893     80.645 200.8916992 +36.1191072    66.76  0.007216547 -13.8368 -13.0505   0.0058     166034.4     885.0858     362.0822    0.592  24
         2    144.256     86.020 200.8737239 +36.1188964    47.39  0.005123022 -13.4722 -12.1333   0.0137     71335.05     900.8512     1568.498    0.749   3
         3    190.672     35.711 200.8675233 +36.1244234    56.66  0.006124703 -13.7825 -12.7438   0.0079     125175.4     915.7427     885.7881    0.536  19
         4    138.202     10.947 200.8746202 +36.1269382    89.40  0.009663999 -15.1742 -13.8529   0.0029     347659.1     935.3563     159.4833    0.761  24
         5     74.359    252.387 200.8829616 +36.1008467    55.31  0.005979185 -14.1694 -12.2168   0.0127     77037.22      902.262     1731.674    0.689   2
         6     65.362    109.676 200.8843284 +36.1161408    24.55  0.002653523  99.0000  99.0000  99.0000    -5432.521     880.7823     1082.961    0.529   0
         7     77.582    392.629 200.8823755 +36.0858018    43.66  0.004719953 -13.7658 -12.0431   0.0149     65653.47     899.0045     1760.382    0.730   3
         8    376.274     86.723 200.8424609 +36.1194516     7.82 0.0008449069 -10.9763 -10.8396   0.0445     21668.72     887.0104     1817.571    0.052   0
         9     82.779    120.395 200.8819702 +36.1150380    15.02  0.001623956 -11.7937 -11.6918   0.0204     47504.92     893.7715     1397.298    0.485   2
        10     76.896    460.079 200.8823947 +36.0785597    55.79  0.006030992 -13.9354 -12.0402   0.0149     65475.09      899.199     1738.418    0.840  19
        11    307.399    261.481 200.8515592 +36.1005064     7.62 0.0008233632 -12.5845 -12.6003   0.0090     109675.3     911.3087     1974.389    0.049   0
        12     75.970    523.592 200.8824507 +36.0717396    41.41  0.004476904 -13.1189 -12.3773   0.0110     89317.67     905.4886     1721.302    0.678   3
        13    688.447    425.695 200.8000683 +36.0839012     4.32 0.0004669442  -9.4356  -9.9387   0.1015     9450.862     883.5353     1862.729    0.443   0
        14   1023.194    442.276 200.7549681 +36.0830010     6.96 0.0007522436  -9.6407  -8.9910   0.2115     3948.133     768.8837     1582.208    0.207  16
        15     80.208    737.659 200.8816485 +36.0487728    81.92  0.008855565 -15.3312 -12.1505   0.0135     72478.95     901.0468     1687.464    0.886  18
        16    718.269    490.863 200.7959888 +36.0769850     7.99 0.0008641796 -11.2989 -11.3147   0.0288     33563.09     890.2825     1804.568    0.017   0
        17    651.203    515.561 200.8049966 +36.0741559     4.55 0.0004917344  -8.4885  -9.0210   0.2359     4058.952     881.6848     1839.791    0.597   0
        18    653.935    975.605 200.8041797 +36.0247811     8.88 0.0009601876 -10.5694 -10.6251   0.0541     17784.41     885.8159     1509.335    0.109   0
        19     83.367    951.986 200.8809916 +36.0257754    29.97   0.00323933 -13.8465 -11.9994   0.0155     63059.83     898.3318     1551.317    0.677  18
        20    595.211    859.650 200.8121971 +36.0370716     8.22 0.0008886268 -10.2490 -10.4072   0.0661     14550.19     884.9522     1655.553    0.180   0
