#   1 NUMBER                 Running object number                                     
#   2 X_IMAGE                Object position along x                                    [pixel]
#   3 Y_IMAGE                Object position along y                                    [pixel]
#   4 ALPHA_J2000            Right ascension of barycenter (J2000)                      [deg]
#   5 DELTA_J2000            Declination of barycenter (J2000)                          [deg]
#   6 FWHM_IMAGE             FWHM assuming a gaussian core                              [pixel]
#   7 FWHM_WORLD             FWHM assuming a gaussian core                              [deg]
#   8 MAG_BEST               Best of MAG_AUTO and MAG_ISOCOR                            [mag]
#   9 MAG_APER               Fixed aperture magnitude vector                            [mag]
#  10 MAGERR_APER            RMS error vector for fixed aperture mag.                   [mag]
#  11 FLUX_APER              Flux vector within fixed circular aperture(s)              [count]
#  12 FLUXERR_APER           RMS error vector for aperture flux(es)                     [count]
#  13 BACKGROUND             Background at centroid position                            [count]
#  14 ELLIPTICITY            1 - B_IMAGE/A_IMAGE                                       
#  15 FLAGS                  Extraction flags                                          
         1      9.592     81.693 200.8923236 +36.1184419    58.94  0.006359869 -13.0468 -12.1637   0.0083     73360.46     562.4199     459.6705    0.618  24
         2    192.435     29.869 200.8679358 +36.1245302    28.96  0.003124592 -11.9016 -11.3871   0.0177     35877.89     585.4514     682.1042    0.177   1
         3    136.632     10.716 200.8754475 +36.1264349    84.16  0.009082085 -14.2561 -12.9979   0.0042     158179.6      608.663     376.0024    0.744  24
         4    291.983     25.816 200.8546101 +36.1252432     3.71 0.0003998746  -9.9511  99.0000  99.0000     -47497.5     569.7152      832.381    0.155   0
         5    143.067     87.025 200.8744370 +36.1182428    26.10  0.002816708 -12.6774 -11.3612   0.0181     35031.94     585.1371     1011.811    0.731   2
         6    379.396     81.717 200.8427953 +36.1194706     4.50 0.0004860715 -11.3113 -11.1578   0.0218      29048.5     582.4805     1095.271    0.109   0
         7    541.074     89.255 200.8211271 +36.1191040     6.91  0.000745823  -9.6336  -9.5814   0.0915     6800.749     572.8843     1112.057    0.130   0
         8    352.235     98.704 200.8464007 +36.1175679     1.71 0.0001847249  -8.7668  -9.8484   0.0716     8696.798     573.7111     1172.474    0.207   0
         9     63.564    108.016 200.8850436 +36.1157615     8.01 0.0008642061  -8.6486  99.0000  99.0000    -12854.82     569.8604     774.7891    0.361   2
        10    514.496    115.650 200.8246371 +36.1161914     5.36  0.000578074  -8.6258  -9.3583   0.1123     5537.388     572.3809     1164.664    0.491   0
        11    732.022    197.668 200.7953534 +36.1079596     7.43 0.0008022469 -10.1181 -10.3230   0.0464     13464.28     575.8806     1152.289    0.133   0
        12     35.604    214.235 200.8885792 +36.1042548     1.67 0.0001804447  -7.9675  99.0000  99.0000       -21883     569.7314     898.1985    0.147   0
        13    310.596    256.835 200.8516743 +36.1004391     4.08 0.0004399506 -12.7613 -12.8134   0.0051     133457.3     625.5724     1194.098    0.079   0
        14     76.011    253.503 200.8830916 +36.1001434     6.04 0.0006515475 -10.4930 -11.3287   0.0187     33998.93     584.6799     1093.055    0.551   2
        15   1023.979    280.503 200.7561079 +36.0998315     3.65 0.0003937856  -7.8976  99.0000  99.0000    -1920.826     486.6314     1056.429    0.372  16
        16     76.512    309.013 200.8829159 +36.0941724     3.75 0.0004051412  -9.1599 -11.1303   0.0223     28320.57     582.2469     1097.207    0.717   0
        17     77.375    391.870 200.8826381 +36.0852602     4.78 0.0005156473  -9.9698 -11.1694   0.0216     29360.87     582.7092     1091.719    0.471   0
        18    691.069    420.930 200.8004256 +36.0838273     3.95 0.0004267572 -10.0664 -10.2553   0.0494     12651.24     575.5275     1142.465    0.067   0
        19   1026.266    437.676 200.7555213 +36.0829270     3.78 0.0004075289 -10.3220 -10.1491   0.0436     11472.53     460.8719     1016.354    0.062  24
        20     78.465    517.253 200.8822468 +36.0717732     3.87 0.0004176042 -11.8137 -12.0002   0.0103     63107.48     596.9042     1087.957    0.154   0
        21    332.334    434.685 200.8484238 +36.0813642     4.16 0.0004491464  -8.8580  -9.4286   0.1053     5907.974     572.6069     1186.767    0.259   0
        22    146.850    472.816 200.8731799 +36.0767457     3.90 0.0004212485  -8.1323  99.0000  99.0000    -3453.393     569.9088      1188.35    0.255   0
        23    721.302    486.213 200.7962582 +36.0768854     3.51 0.0003783696 -11.3363 -11.4189   0.0172     36946.04      585.923     1117.325    0.086   0
        24    598.320    854.956 200.8120346 +36.0368773     3.27  0.000353057 -10.3503 -10.4994   0.0396     15839.52     576.8789     1046.352    0.035   0
        25    357.080   1003.708 200.8440276 +36.0202106     3.50 0.0003781412  -8.7411  -8.1456   0.3420     1812.296     570.7676     1059.803    0.098   0
        26    657.315    970.725 200.8039275 +36.0245821     3.60 0.0003881153 -10.6652 -10.8334   0.0292     21545.83     579.3942     979.7947    0.137   0
        27     81.329    746.336 200.8814155 +36.0471340     3.07 0.0003315685  -9.1764 -11.2286   0.0204     31004.37     583.3823      1063.51    0.650   2
        28     78.993    632.402 200.8819509 +36.0593857     3.92 0.0004225026  -9.5524 -11.1901   0.0211     29926.16     582.8098     1081.775    0.453   0
        29    647.855    668.662 200.8057520 +36.0570559     2.88 0.0003109168  -8.4677  -8.9938   0.1568     3958.398     571.6426     1092.121    0.269   0
        30     79.825    703.091 200.8817013 +36.0517826     7.67 0.0008276603 -10.7142 -11.2837   0.0194     32620.33     584.0587     1070.156    0.675   0
        31     75.880    675.898 200.8822823 +36.0546972    11.28  0.001217069 -11.7149 -11.3386   0.0185     34312.12     584.7981     1057.314    0.249   0
        32     84.217    766.884 200.8809890 +36.0449313     5.00  0.000539948  -9.9949 -11.1960   0.0210     30089.63     582.9587     1071.253    0.385   0
        33     79.253    722.625 200.8817397 +36.0496793     5.55 0.0005991977 -10.3424 -11.2746   0.0196     32346.75     583.9573     1060.206    0.497   0
        34    675.881    767.372 200.8018192 +36.0465117     3.87 0.0004172629  -8.1759  -8.8255   0.1831     3390.009       571.41     1049.349    0.235   0
        35     83.015    812.714 200.8810602 +36.0399971     4.25 0.0004587632  -9.6370 -11.1886   0.0212     29884.08     582.8863     1051.282    0.068   0
        36    187.144    794.656 200.8671631 +36.0422311     4.08 0.0004403507  -8.8484  -9.4612   0.1021      6088.21     572.5893     1143.946    0.070   0
        37    637.971    875.196 200.8066921 +36.0348076     3.43 0.0003703029  -9.1271  -9.4043   0.1076     5777.489     572.2609     1024.015    0.016   0
        38     84.602    865.192 200.8807454 +36.0343554     2.47 0.0002667051  -9.2699 -11.1355   0.0222     28457.26      582.132     1041.461    0.416   0
        39    438.973    774.981 200.8335052 +36.0450454     3.45 0.0003724159  -8.4053  -8.8449   0.1798     3451.015     571.2919     1122.916    0.406   0
        40     84.804    940.603 200.8805711 +36.0262424     3.71 0.0004000536  -9.4439 -11.1552   0.0218     28979.68     582.3247     1008.218    0.618   0
