#   1 NUMBER                 Running object number                                     
#   2 X_IMAGE                Object position along x                                    [pixel]
#   3 Y_IMAGE                Object position along y                                    [pixel]
#   4 ALPHA_J2000            Right ascension of barycenter (J2000)                      [deg]
#   5 DELTA_J2000            Declination of barycenter (J2000)                          [deg]
#   6 FWHM_IMAGE             FWHM assuming a gaussian core                              [pixel]
#   7 FWHM_WORLD             FWHM assuming a gaussian core                              [deg]
#   8 MAG_BEST               Best of MAG_AUTO and MAG_ISOCOR                            [mag]
#   9 MAG_APER               Fixed aperture magnitude vector                            [mag]
#  10 MAGERR_APER            RMS error vector for fixed aperture mag.                   [mag]
#  11 FLUX_APER              Flux vector within fixed circular aperture(s)              [count]
#  12 FLUXERR_APER           RMS error vector for aperture flux(es)                     [count]
#  13 BACKGROUND             Background at centroid position                            [count]
#  14 ELLIPTICITY            1 - B_IMAGE/A_IMAGE                                       
#  15 FLAGS                  Extraction flags                                          
         1      9.772     81.501 200.8913253 +36.1177742    59.78  0.006459284 -13.0799 -12.1880   0.0082     75025.53     567.6693     451.0049    0.612  24
         2    140.783     89.401 200.8737422 +36.1173031    34.69  0.003747891 -12.6042 -11.3907   0.0177     35996.86     588.3299     1017.689    0.668   0
         3    192.404     29.493 200.8669393 +36.1239071    28.15  0.003041832 -11.9224 -11.3378   0.0186     34286.48      587.824     670.0569    0.230   1
         4    136.356     10.735 200.8744929 +36.1257663    84.22  0.009100714 -14.2639 -13.0059   0.0042     159351.1     611.9667     369.1936    0.745  24
         5    284.371     20.454 200.8546242 +36.1251456     3.65 0.0003940602  -8.0551  99.0000  99.0000     -83040.1     573.1701     800.2475    0.502   0
         6    371.299     74.989 200.8428601 +36.1195186     5.47 0.0005908138 -11.1101 -10.3352   0.0462     13616.73     579.0146     1060.821    0.116   0
         7    532.825     82.807 200.8211852 +36.1191359     5.72 0.0006184391  -8.8445  99.0000  99.0000    -1575.826     572.8619     1077.169    0.331   0
         8     63.856    112.157 200.8840116 +36.1146284    13.10   0.00141519  -9.8775  99.0000  99.0000     -4758.72     573.1377     788.8597    0.454   2
         9    506.181    108.682 200.8247082 +36.1162723     4.23 0.0004567078  -8.8882  -9.9163   0.0677     9257.716     577.1778     1160.532    0.126   0
        10    730.606    119.690 200.7945940 +36.1157193     1.87 0.0002020872  -8.4225  -9.3122   0.1177     5307.569      575.432     1137.371    0.154   0
        11    722.985    190.721 200.7954817 +36.1080445     9.12 0.0009856485 -10.0692 -10.3317   0.0463     13573.72       578.98     1151.425    0.153   0
        12     73.626    240.011 200.8824448 +36.1008810     6.56  0.000708978 -10.6722 -11.3461   0.0185     34550.84     587.7626     1078.771    0.435   0
        13    302.519    250.146 200.8517389 +36.1004492     4.47 0.0004829763 -12.7590 -12.8144   0.0051     133583.2     628.7708     1193.402    0.062   0
        14     76.320    261.548 200.8820404 +36.0985683     5.32 0.0005743437 -10.2249 -11.3190   0.0189     33697.23     587.6841     1089.007    0.421   0
        15   1015.172    273.614 200.7561537 +36.0999262     3.43 0.0003704017  -7.8863  99.0000  99.0000     -41.2139     571.3188     1056.675    0.438  16
        16   1025.932    371.559 200.7545317 +36.0894025     4.48  0.000483914  -9.0696  -8.5252   0.1958     2570.773     463.4852     1031.043    0.077  16
        17     78.870    381.865 200.8814572 +36.0856120     5.60 0.0006052669 -10.1948 -11.1554   0.0219     28984.38      585.644     1099.467    0.652   0
        18    682.667    413.966 200.8004642 +36.0838773     4.02 0.0004343806  -9.9903 -10.1022   0.0571     10986.96     577.8459     1146.104    0.066   0
        19   1017.742    430.587 200.7555213 +36.0830198     4.23 0.0004569112 -10.3908 -10.2530   0.0483     12624.24     561.7991       1017.4    0.074  16
        20    324.281    427.982 200.8484727 +36.0813504     4.58 0.0004953804  -8.8918  -9.4901   0.1000     6252.509     575.8585      1185.32    0.208   0
        21    712.873    479.268 200.7962923 +36.0769260     3.94 0.0004253701 -11.3546 -11.4222   0.0173     37057.59     589.1434      1119.83    0.084   0
        22     70.707    510.313 200.8822936 +36.0717486     4.38 0.0004731274 -11.7558 -11.9262   0.0110      58951.7     598.3153     1050.153    0.094   0
        23    714.035    526.870 200.7960466 +36.0718003     1.46 0.0001575467  -7.9730  -6.9876   0.9982     623.7803     573.3773      1104.96    0.013   0
        24    629.462    867.781 200.8067318 +36.0348304     3.97 0.0004285129  -9.1188  -9.2149   0.1287     4852.266     575.2503     1028.204    0.127   0
        25    639.170    661.167 200.8058242 +36.0571198     3.92 0.0004238321  -8.4563  -8.9912   0.1581      3948.83      574.809      1095.86    0.251   0
        26     81.164    683.002 200.8805462 +36.0531724     5.86 0.0006335667 -10.3685 -11.2985   0.0193     33068.52     587.1951     1077.858    0.371   2
        27    667.183    760.161 200.8018831 +36.0465323     3.23 0.0003485527  -8.1079  -8.0505   0.3753     1660.318      573.748     1054.721    0.252   0
        28     79.563    659.013 200.8808086 +36.0557525     8.54 0.0009225289 -11.0482 -11.2809   0.0196     32536.89     587.0637     1078.682    0.410   0
        29    648.689    963.376 200.8039749 +36.0245845     3.85 0.0004158889 -10.6474 -10.7208   0.0325     19422.51      581.532     984.1634    0.081   0
        30    589.807    847.569 200.8120823 +36.0368963     3.76 0.0004060521 -10.3228 -10.4429   0.0418     15036.71      579.435     1050.586    0.066   0
        31    179.057    787.662 200.8672225 +36.0421788     5.79 0.0006260157  -8.6863  -9.4968   0.0994     6291.204      575.843     1143.796    0.128   0
        32    348.667    996.289 200.8440934 +36.0201871     3.71 0.0004010251  -8.7595  -8.5854   0.2295     2717.499      574.338     1059.539    0.123   0
        33     79.716    560.026 200.8809866 +36.0664184     8.20 0.0008865667 -10.8133 -11.0613   0.0239     26577.93     584.6159     1092.993    0.346   0
        34     79.000    773.288 200.8806552 +36.0434383     4.30 0.0004650363  -9.6939 -11.2568   0.0200     31820.33     586.7901     1041.554    0.635   0
        35     87.106    898.111 200.8793193 +36.0300126     5.00 0.0005400061  -9.9653 -11.2436   0.0203        31437     586.7376     1030.841    0.281   0
