#   1 NUMBER                 Running object number                                     
#   2 X_IMAGE                Object position along x                                    [pixel]
#   3 Y_IMAGE                Object position along y                                    [pixel]
#   4 ALPHA_J2000            Right ascension of barycenter (J2000)                      [deg]
#   5 DELTA_J2000            Declination of barycenter (J2000)                          [deg]
#   6 FWHM_IMAGE             FWHM assuming a gaussian core                              [pixel]
#   7 FWHM_WORLD             FWHM assuming a gaussian core                              [deg]
#   8 MAG_BEST               Best of MAG_AUTO and MAG_ISOCOR                            [mag]
#   9 MAG_APER               Fixed aperture magnitude vector                            [mag]
#  10 MAGERR_APER            RMS error vector for fixed aperture mag.                   [mag]
#  11 FLUX_APER              Flux vector within fixed circular aperture(s)              [count]
#  12 FLUXERR_APER           RMS error vector for aperture flux(es)                     [count]
#  13 BACKGROUND             Background at centroid position                            [count]
#  14 ELLIPTICITY            1 - B_IMAGE/A_IMAGE                                       
#  15 FLAGS                  Extraction flags                                          
         1      9.832     81.278 237.9944699 +32.9337130    60.27  0.006476195 -13.1810 -12.3145   0.0078     84294.61     604.0699     439.1894    0.610  24
         2    144.594     84.518 237.9771371 +32.9337158    37.53  0.004032332 -12.7595 -11.4119   0.0185     36707.98     624.2603     1059.527    0.713   2
         3    192.620     30.293 237.9710601 +32.9396394    29.58   0.00317831 -11.9695 -11.4544   0.0178     38174.13     624.9649     697.9279    0.187   1
         4    136.467     10.839 237.9783158 +32.9415753    84.97  0.009130156 -14.3994 -13.1554   0.0039     182875.8     652.7698     341.9265    0.743  24
         5     63.920    111.399 237.9874607 +32.9306318    16.53  0.001776411  -9.6857  99.0000  99.0000    -5911.928     609.3997     812.8922    0.541   2
         6    913.345     89.984 237.8782841 +32.9350781     6.38 0.0006850951 -12.1042 -12.0589   0.0104     66615.45     636.1743     1112.718    0.145   0
         7    419.307     92.750 237.9418012 +32.9335399     6.02 0.0006473152 -11.5657 -11.6611   0.0148      46177.3     628.1917     1225.259    0.136   0
         8     85.430    121.507 237.9846767 +32.9296065    14.84  0.001594995 -11.6957 -11.2425   0.0215     31404.84     622.2173     994.6316    0.694   0
         9    550.351    140.984 237.9248678 +32.9287135     5.31 0.0005704498 -11.0869 -10.9465   0.0281      23910.7      619.165     1252.733    0.121   0
        10    153.686    130.563 237.9758847 +32.9288144     4.28 0.0004593726  -8.0211  99.0000  99.0000    -13309.24     609.4514     1252.506    0.428   0
        11    984.962    196.528 237.8688964 +32.9238597     5.44 0.0005846879 -14.7961 -14.8303   0.0011     855297.8     893.9479     1146.593    0.098   0
        12    977.552    180.687 237.8698758 +32.9255357     8.67 0.0009319927 -10.2813 -10.6434   0.0370     18087.54     616.8945     1149.261    0.344   0
        13    949.779    205.957 237.8734037 +32.9227641     6.89  0.000740153  -9.1458  -9.8863   0.0739     9005.486     613.0486     1159.934    0.100   0
        14     72.892    247.807 237.9860583 +32.9160652     7.08 0.0007607845 -10.9521 -11.4410   0.0180     37705.49     624.7438     1146.312    0.574   2
        15    179.193    257.379 237.9723762 +32.9153163     5.17 0.0005549912 -11.9419 -12.0115   0.0108     63767.39     634.8058     1283.622    0.117   0
        16    249.147    271.330 237.9633587 +32.9140042     5.67 0.0006094552  -9.4675  -9.5910   0.0969     6861.134     612.2079     1283.119    0.129   0
        17     70.397    271.195 237.9863364 +32.9135573     3.46  0.000372311  -9.2994 -11.3402   0.0197     34362.77     623.2361     1129.315    0.426   0
        18     74.005    280.167 237.9858563 +32.9126070     3.94 0.0004237286  -9.6477 -11.3459   0.0196      34543.8      623.275     1151.739    0.506   0
        19    565.403    412.489 237.9224583 +32.8997120    19.03  0.002044521 -17.0042 -17.0121   0.0003      6380000     1887.164     1259.293    0.384   4
        20     73.590    296.212 237.9858803 +32.9108898     3.45 0.0003703828  -9.2968 -11.3076   0.0203     33345.36     622.7435     1151.367    0.411   0
        21     77.781    304.421 237.9853267 +32.9100227     4.53 0.0004872286  -9.7818 -11.2751   0.0209     32362.83     622.3658     1173.562    0.671   0
        22    883.091    310.696 237.8817994 +32.9113959     6.26  0.000672614  -9.5381  -9.6091   0.0953     6976.457     612.4095     1165.959    0.121   0
        23    465.829    319.041 237.9354208 +32.9094547     4.39 0.0004721167  -8.6628  -8.0966   0.3825     1732.426     610.1616     1269.773    0.100   0
        24    576.590    322.208 237.9211780 +32.9093966     3.43 0.0003690957  -8.5053  -8.6265   0.2349     2822.167      610.367     1261.193    0.417   0
        25    779.595    342.473 237.8950487 +32.9077391     4.74 0.0005092437 -12.1656 -12.2282   0.0089     77852.77     640.5422     1202.561    0.052   0
        26    431.659    353.570 237.9397520 +32.9056747     5.80 0.0006227818  -8.8114  -9.4629   0.1090     6097.684     612.0678     1271.115    0.303   0
        27    152.370    376.025 237.9756094 +32.9025571     4.84 0.0005198453 -12.8270 -12.8684   0.0051     140397.3      664.489     1279.894    0.123   0
        28     73.783    358.406 237.9857421 +32.9042382     3.46 0.0003721445  -9.4190 -11.2905   0.0206     32823.18     622.5169     1148.194    0.416   0
        29    436.814    363.592 237.9390717 +32.9046159     7.39 0.0007944344  -9.5485  -9.8623   0.0756     8808.785     612.8656     1270.459    0.177   0
        30    784.525    374.907 237.8943595 +32.9042823     7.88 0.0008467198  -9.2170  -9.1708   0.1425     4659.423     611.3597     1192.384    0.216   0
        31    335.902    377.384 237.9520176 +32.9028832     7.16 0.0007692914  -9.1147  -9.4601   0.1093     6081.944     611.9755     1274.042    0.069   0
        32     82.004    383.727 237.9846394 +32.9015513     2.89 0.0003104389  -9.6395 -11.2513   0.0213     31662.04     622.2532     1190.745    0.061   0
        33    203.132    400.833 237.9690403 +32.9000345     4.80 0.0005152954 -11.8473 -11.9693   0.0112     61333.98      634.112      1278.15    0.117   0
        34     75.005    437.510 237.9854410 +32.8957807     3.75 0.0004032159  -9.3823 -11.3054   0.0203     33278.42     622.9528     1145.523    0.383   0
        35    369.758    459.762 237.9475198 +32.8941588     4.79 0.0005142533  -9.8806 -10.0157   0.0657     10145.27     613.6503     1267.576    0.147   0
        36     74.011    484.165 237.9854836 +32.8907880     3.94 0.0004232423  -9.5687 -11.2710   0.0210     32239.14     622.4343     1135.935    0.510   0
        37    959.960    503.302 237.8715937 +32.8909857     4.52 0.0004862015 -12.6735 -12.7140   0.0059     121789.2     657.4827     1072.442    0.065   0
        38     76.327    553.729 237.9850593 +32.8833536    19.93  0.002141799 -12.6094 -11.4430   0.0180     37773.68     624.8719      1143.34    0.474   2
        39    228.004    532.180 237.9656074 +32.8860500     4.86  0.000521726  -9.2367  -9.2843   0.1283     5172.698     611.2946     1269.316    0.184   0
        40     80.469    780.015 237.9841152 +32.8591615     6.18 0.0006643601 -10.6156 -11.3690   0.0192     35287.28     623.7922     1108.554    0.444   0
        41    120.402   1025.772 237.9785395 +32.8329793     3.41 0.0003659118  -7.6684  99.0000  99.0000    -9616.998     493.7493     1112.063    0.383  16
        42     85.189    947.787 237.9832036 +32.8412293     7.81  0.000838696 -10.9342 -11.2678   0.0210     32144.64      622.295     1062.206    0.270   0
        43    719.358    884.066 237.9018591 +32.8496605     4.17 0.0004480918 -11.8931 -11.9396   0.0115     59682.18     633.4272     1037.134    0.159   0
        44     80.337    851.005 237.9840029 +32.8515682     4.37 0.0004698553  -9.8136 -11.2933   0.0206     32910.45     622.7714     1079.522    0.590   0
        45     80.007    899.669 237.9839567 +32.8463624     6.16 0.0006617607 -10.6243 -11.3698   0.0192     35310.25     623.7845      1056.73    0.662   0
        46    775.331    837.044 237.8947497 +32.8548300     4.25 0.0004567988 -10.7785 -10.8560   0.0305     21998.42     618.3925     1029.375    0.159   0
        47    151.266    814.439 237.9749578 +32.8556626     3.77 0.0004049492 -11.8467 -11.8602   0.0124     55473.66     631.7973     1209.147    0.137   0
        48    436.260    620.390 237.9386894 +32.8771479     4.07 0.0004374275 -12.6176 -12.6578   0.0062     115648.5     655.1757     1244.664    0.095   0
        49     79.990    809.001 237.9841239 +32.8560599     4.13 0.0004440693  -9.6752 -11.3556   0.0194     34853.11      623.399     1097.061    0.424   0
        50    593.987    624.712 237.9184150 +32.8770852     0.93 0.0001003657  -7.7442  -7.8026   0.5014     1321.389     610.0276     1195.197    0.060   0
        51     81.782    648.664 237.9841855 +32.8732137     7.17 0.0007707511 -10.8090 -11.3295   0.0199     34024.37     623.2858     1162.578    0.244   0
        52    400.105    786.208 237.9430414 +32.8593203     4.56 0.0004898848  -8.8761  -9.0262   0.1627     4078.304     611.1221     1195.653    0.073   0
        53     83.230    766.672 237.9837848 +32.8605957     4.98 0.0005347055 -10.1881 -11.3785   0.0190     35594.64     623.8985     1129.993    0.157   0
        54     82.574    673.241 237.9840390 +32.8705871     7.45  0.000801008 -11.0220 -11.3811   0.0190     35679.95     623.8821     1162.427    0.633   2
        55    747.535    652.721 237.8986367 +32.8744753     4.01 0.0004307921  -9.6307  -9.6306   0.0935      7116.11     612.4321     1119.051    0.094   0
        56    705.450    674.942 237.9040060 +32.8719932     4.47 0.0004802013  -8.8270  -8.7401   0.2116      3133.58      610.701     1129.958    0.196   0
        57    685.151    695.968 237.9065778 +32.8696933     3.93 0.0004226151 -11.6760 -11.7277   0.0139     49099.02     629.2866     1131.115    0.123   0
        58     82.017    692.454 237.9840756 +32.8685307     8.20 0.0008812263 -11.1576 -11.3704   0.0192     35330.72      623.759     1150.733    0.129   2
        59    893.925    627.637 237.8798695 +32.8775233     4.29 0.0004614104  -8.5780  -8.9907   0.1681     3947.115     611.0856     1054.136    0.246   0
        60    530.481    670.540 237.9264948 +32.8720230     4.44 0.0004771155  -9.3369  -9.5174   0.1037     6411.624     612.2132     1204.887    0.086   0
        61    575.496    569.058 237.9208880 +32.8829912     6.43 0.0006904656  -9.7172  -9.9031   0.0728     9146.203     613.2603     1217.966    0.151   0
        62    649.470   1008.003 237.9106219 +32.8362289     4.50 0.0004831725 -12.5348 -12.5664   0.0067     106309.8     651.5703     1015.639    0.220   0
        63    310.443    582.138 237.9549242 +32.8809181     4.67 0.0005015945  -9.5590  -9.6922   0.0883     7531.557     612.5331     1260.754    0.144   0
        64     84.717    994.559 237.9831792 +32.8362255     5.53 0.0005938394 -10.6978 -10.8907   0.0296     22712.38      618.749     1050.236    0.162   0
        65    750.533    948.481 237.8977441 +32.8428489     4.61 0.0004957962 -12.6934 -12.7288   0.0058     123453.9     658.2112     989.0934    0.201   0
        66    585.133    953.546 237.9189799 +32.8418915     4.42 0.0004744036 -10.0202 -10.1453   0.0583     11431.96     614.0545     1065.833    0.183   0
        67    611.027    545.963 237.9163623 +32.8855510     4.75 0.0005101307  -8.8713  -9.0682   0.1566     4239.355     611.1879     1210.312    0.112   0
        68     97.793    556.595 237.9822956 +32.8831027     5.75 0.0006179878  -9.2555  -9.7923   0.0806     8258.675     612.6754     1265.938    0.092   0
        69     82.855    829.701 237.9837182 +32.8538534     4.34 0.0004663299  -9.7691 -11.3321   0.0198     34105.64     623.2679     1104.132    0.312   0
