#   1 NUMBER                 Running object number                                     
#   2 X_IMAGE                Object position along x                                    [pixel]
#   3 Y_IMAGE                Object position along y                                    [pixel]
#   4 ALPHA_J2000            Right ascension of barycenter (J2000)                      [deg]
#   5 DELTA_J2000            Declination of barycenter (J2000)                          [deg]
#   6 FWHM_IMAGE             FWHM assuming a gaussian core                              [pixel]
#   7 FWHM_WORLD             FWHM assuming a gaussian core                              [deg]
#   8 MAG_BEST               Best of MAG_AUTO and MAG_ISOCOR                            [mag]
#   9 MAG_APER               Fixed aperture magnitude vector                            [mag]
#  10 MAGERR_APER            RMS error vector for fixed aperture mag.                   [mag]
#  11 FLUX_APER              Flux vector within fixed circular aperture(s)              [count]
#  12 FLUXERR_APER           RMS error vector for aperture flux(es)                     [count]
#  13 BACKGROUND             Background at centroid position                            [count]
#  14 ELLIPTICITY            1 - B_IMAGE/A_IMAGE                                       
#  15 FLAGS                  Extraction flags                                          
         1     10.089     81.411 200.8921342 +36.1189561    61.93  0.006687663 -13.2933 -12.4347   0.0073     94160.16     635.8045     426.5495    0.606  24
         2    144.000     86.248 200.8741560 +36.1188372    38.46  0.004153346 -12.8250 -11.6068   0.0162     43924.07      654.791     1114.439    0.717   0
         3    192.571     30.240 200.8677371 +36.1250057    31.16  0.003364837 -12.0967 -11.6082   0.0162     43981.91     655.0242     711.8343    0.125  17
         4    136.301     10.892 200.8753231 +36.1269187    85.68  0.009252976 -14.5037 -13.2563   0.0037     200693.1     684.0516     319.9663    0.744  24
         5    291.321     30.688 200.8544838 +36.1252510     4.77 0.0005154577  -9.8758  99.0000  99.0000    -43695.96     638.1614     927.8798    0.243   0
         6    378.648     86.537 200.8426675 +36.1195027     4.73 0.0005113484 -11.3665 -11.3266   0.0208     33934.04     651.1426     1258.832    0.079   0
         7     64.704    107.123 200.8847594 +36.1163547    13.43  0.001450274 -10.2004  99.0000  99.0000    -16232.78     638.0892     822.6118    0.462   2
         8    540.216     93.917 200.8209735 +36.1191839     7.82 0.0008441751  -9.9321  -9.9579   0.0724     9619.892     641.7574     1281.755    0.162   0
         9     73.039    253.636 200.8833790 +36.1006224    13.93  0.001504818 -12.2882 -11.5736   0.0167     42602.95     654.5856     1201.832    0.167   0
        10    730.612    202.357 200.7952424 +36.1080757     8.96 0.0009675635 -10.2103 -10.4565   0.0459     15227.05     643.8843     1295.675    0.222   0
        11    309.870    261.745 200.8515913 +36.1004558     4.30 0.0004645674 -12.7263 -12.7832   0.0057     129803.9      686.999     1349.234    0.049   0
        12     73.210    292.383 200.8832867 +36.0964556     3.45 0.0003725213  -9.3697 -11.3815   0.0198     35695.26     651.6594      1201.52    0.416   0
        13     78.480    335.328 200.8825030 +36.0918528     3.95 0.0004268462  -9.6947 -11.3359   0.0207     34226.59     651.3964     1230.616    0.507   0
        14    672.036    351.510 200.8028516 +36.0918641     0.35 3.818343e-05  -8.5890  -8.8244   0.2050     3386.524     639.3606     1304.507    0.174   0
        15     74.455    357.128 200.8830040 +36.0894961     5.63 0.0006079095 -10.4944 -11.3952   0.0196     36148.83      652.063     1204.475    0.425   0
        16     79.165    384.006 200.8823241 +36.0866196     3.96 0.0004272697  -9.7175 -11.3859   0.0197     35840.65     651.7681     1232.711    0.506   0
        17     76.311    416.089 200.8826497 +36.0831604     6.29 0.0006792004 -10.4009 -11.3364   0.0207      34242.4     651.3671       1210.5    0.619   0
        18    690.172    425.784 200.8002944 +36.0839287     3.89  0.000419824 -10.0132 -10.2103   0.0575     12137.51     642.5761     1282.517    0.019   0
        19   1025.508    442.630 200.7552867 +36.0830823     4.17  0.000450844 -10.3136 -10.1599   0.0494     11586.73     526.7979     1121.165    0.101  24
        20    331.724    439.571 200.8483499 +36.0813953     4.65 0.0005020219  -9.0766  -9.6094   0.0997     6978.667     640.7996     1340.457    0.180   0
        21     76.989    465.026 200.8824713 +36.0778993     5.09 0.0005499952 -10.0783 -11.3457   0.0205     34536.75     651.1971     1213.352    0.697   0
        22    720.553    491.126 200.7961103 +36.0769892     3.80 0.0004104764 -11.3185 -11.4075   0.0194     36560.82     652.2209     1248.694    0.058   0
        23     77.668    522.111 200.8822783 +36.0717619     4.07 0.0004391576 -12.0237 -12.0878   0.0105     68410.31     664.4036     1215.795    0.093   0
        24    597.471    859.977 200.8119951 +36.0369612     3.48 0.0003754988 -10.3060 -10.4378   0.0467     14966.53     643.9621     1160.826    0.019   0
        25    356.063   1008.848 200.8440984 +36.0202415     4.59 0.0004953887  -8.5996  -8.2845   0.3368     2059.633     638.7694     1177.382    0.262   0
        26     82.304    850.475 200.8810707 +36.0364605     5.77 0.0006235997 -10.4156 -11.4056   0.0194     36496.46     652.2669     1145.274    0.523   2
        27     80.016    734.142 200.8815849 +36.0489652     9.87  0.001066212 -11.5979 -11.4848   0.0181     39255.55     653.2707     1182.073    0.615   2
        28     82.500    699.694 200.8813134 +36.0526774     5.22 0.0005635715 -10.3250 -11.4060   0.0194     36510.31     652.3958     1206.147    0.425   0
        29     80.005    679.003 200.8816849 +36.0548953     7.63 0.0008238794 -11.1782 -11.5217   0.0175     40612.82     653.5961     1201.052    0.483   2
        30     76.048    632.467 200.8822984 +36.0598883     7.61 0.0008221343 -11.1096 -11.4483   0.0187      37960.6     652.6691     1188.587    0.462   2
        31     78.964    589.869 200.8819834 +36.0644785     5.03 0.0005437047 -10.0323 -11.3437   0.0205     34474.62     651.4031     1215.618    0.531   0
        32     82.838    904.507 200.8809027 +36.0306509     9.03 0.0009746718 -11.2174 -11.4687   0.0183     38681.03     653.0155     1121.494    0.622   2
        33     80.441    867.131 200.8812907 +36.0346635     7.75 0.0008373093 -11.0969 -11.4133   0.0193     36754.85     652.2953      1125.96    0.782   0
        34    186.355    799.593 200.8672124 +36.0422436     3.57 0.0003855588  -8.8230  -9.5606   0.1043     6671.882       640.59     1283.192    0.146   0
        35     80.934    830.951 200.8812891 +36.0385562     7.12 0.0007691967 -10.8493 -11.4185   0.0192     36931.07     652.2569     1147.924    0.629   0
        36     82.155    806.569 200.8811690 +36.0411821     8.23 0.0008889894 -11.3019 -11.4710   0.0183     38760.12     653.0105     1164.494    0.455   0
        37     83.916    765.358 200.8810064 +36.0456195    11.64  0.001256558 -11.9065 -11.4744   0.0182     38882.58     653.1808      1193.84    0.307   2
        38     79.222    712.409 200.8817303 +36.0513001     5.35 0.0005779554 -10.3443 -11.4600   0.0185     38372.48     652.6503     1183.523    0.471   0
        39     81.092    660.429 200.8815723 +36.0568961    11.08    0.0011963 -11.7762 -11.4745   0.0182     38887.11     653.1473     1212.782    0.434   2
        40     79.519    687.278 200.8817352 +36.0540039     9.65  0.001042498 -11.4531 -11.5003   0.0178     39822.24     653.5756     1198.292    0.590   2
        41     88.795    961.399 200.8800029 +36.0245501     3.45 0.0003726812  -9.2349 -11.1624   0.0242     29172.69     649.1877     1131.557    0.417   0
        42     85.764    571.925 200.8811037 +36.0664287     5.79 0.0006255471 -10.1522 -11.1104   0.0253     27806.22     648.8743     1262.234    0.317   0
        43     86.209    936.982 200.8803930 +36.0271683     7.55 0.0008156328 -10.9352 -11.3474   0.0204     34590.93     651.2532     1121.838    0.401   0
        44    656.438    975.777 200.8038960 +36.0246786     3.67 0.0003961082 -10.5984 -10.7384   0.0355     19741.05     645.6882     1075.503    0.089   0
        45    238.026    557.702 200.8607100 +36.0684126     1.25 0.0001347221  -7.7372  -8.4135   0.2992     2319.481     639.0153       1334.9    0.085   0
        46    637.060    880.148 200.8066540 +36.0349072     3.62 0.0003910817  -9.2026  -9.1776   0.1482     4688.389     639.8154     1132.036    0.069   0
        47     84.529    890.517 200.8807010 +36.0321607     6.16 0.0006649204 -10.6647 -11.4446   0.0187     37829.71     652.7953     1140.709    0.549   2
