#   1 NUMBER                 Running object number                                     
#   2 X_IMAGE                Object position along x                                    [pixel]
#   3 Y_IMAGE                Object position along y                                    [pixel]
#   4 ALPHA_J2000            Right ascension of barycenter (J2000)                      [deg]
#   5 DELTA_J2000            Declination of barycenter (J2000)                          [deg]
#   6 FWHM_IMAGE             FWHM assuming a gaussian core                              [pixel]
#   7 FWHM_WORLD             FWHM assuming a gaussian core                              [deg]
#   8 MAG_BEST               Best of MAG_AUTO and MAG_ISOCOR                            [mag]
#   9 MAG_APER               Fixed aperture magnitude vector                            [mag]
#  10 MAGERR_APER            RMS error vector for fixed aperture mag.                   [mag]
#  11 FLUX_APER              Flux vector within fixed circular aperture(s)              [count]
#  12 FLUXERR_APER           RMS error vector for aperture flux(es)                     [count]
#  13 BACKGROUND             Background at centroid position                            [count]
#  14 ELLIPTICITY            1 - B_IMAGE/A_IMAGE                                       
#  15 FLAGS                  Extraction flags                                          
         1    792.220     56.594 327.8203905 +28.8506219    12.75  0.001380032 -10.6460 -11.0897   0.0147     27281.39     369.0123     602.1837    0.140   3
         2    854.367     87.926 327.8126230 +28.8473971    99.96   0.01081518 -13.6455 -11.4500   0.0108     38020.23     376.3925     614.1931    0.692  18
         3    811.690     66.688 327.8179564 +28.8495817    11.41  0.001234844 -10.6889 -11.1242   0.0143     28163.13     369.8063     610.9396    0.154   3
         4    589.053     26.938 327.8456176 +28.8533100     5.69 0.0006151235 -12.6086 -12.5399   0.0044     103738.7      417.727     617.0135    0.193   0
         5    818.852      6.849 327.8172070 +28.8560553    53.28  0.005764357 -12.3178 -11.1550   0.0123     28974.37     328.4216      491.837    0.785  24
         6    476.683      8.809 327.8595750 +28.8549810     4.59 0.0004966129  -8.5790  99.0000  99.0000    -2765.975     319.7657     583.0967    0.407  16
         7    750.196     54.175 327.8256000 +28.8507774     6.13 0.0006628416 -12.4699 -12.5306   0.0044     102859.6     417.0925     626.5097    0.077   2
         8    105.503     86.338 327.9053539 +28.8456658    19.77   0.00213874 -11.2103 -10.2459   0.0311     12541.62     359.0614     649.7241    0.867   2
         9    140.970     34.265 327.9010865 +28.8513751     5.71 0.0006176307  -9.1846  -9.1854   0.0813     4722.393     353.5949     601.2057    0.238   0
        10    765.254     52.333 327.8237395 +28.8510140     8.20  0.000887346  -9.5443 -10.6267   0.0221     17810.78     362.6637     612.5115    0.102   3
        11    563.469     78.691 327.8486651 +28.8476619     5.26 0.0005694199 -12.4759 -12.5528   0.0043     104983.9     418.5296     664.8182    0.076   0
        12    615.196     92.144 327.8422286 +28.8463413     5.05  0.000546258 -12.8796 -12.9417   0.0032     150204.7     444.6516     679.4169    0.082   0
        13    354.835     62.150 327.8745381 +28.8489158     7.95  0.000860578  -8.9792  -9.5436   0.0587     6568.112     354.8877     635.1857    0.126   0
        14    140.753     78.093 327.9010089 +28.8466463     6.70  0.000724986 -10.8203 -10.8076   0.0188     21039.93     364.9495     644.4158    0.287   0
        15    733.348    103.586 327.8275721 +28.8454044     5.16 0.0005581887 -12.1438 -12.2046   0.0057     76178.23     400.9369     684.0049    0.062   0
        16    265.746     99.949 327.8854801 +28.8446099     6.37 0.0006897013 -10.7605 -10.8231   0.0186     21341.96     365.1183     671.7122    0.281   0
        17    705.102    104.682 327.8310670 +28.8452153     4.82 0.0005216071  -7.9331  -8.5049   0.1515     2523.342     352.0269     685.0109    0.285   0
        18     31.130    112.630 327.9144998 +28.8426369     5.11 0.0005524276  -9.6007  -9.6913   0.0513     7525.108     355.5612     656.8259    0.086   0
        19    364.802    116.448 327.8731761 +28.8430834     5.33 0.0005761936  -8.6359  -8.6051   0.1382     2767.142     352.0817     676.8049    0.120   0
        20    584.929    188.519 327.8457521 +28.8358674     4.86 0.0005257193 -14.4379 -14.4714   0.0012     614537.1     655.7062     685.6657    0.125   0
        21    164.665    146.223 327.8978857 +28.8393578     6.48 0.0007011977  -9.7355  -9.5637   0.0576     6691.114     354.9744     668.1349    0.844   2
        22    509.940    131.834 327.8551690 +28.8417929     4.83 0.0005228881 -10.9460 -10.9804   0.0162      24670.4     367.4281     682.4971    0.077   0
        23    139.998    120.486 327.9010013 +28.8420709     4.97 0.0005374823  -8.8388  -9.3127   0.0724     5309.907     353.9611     664.6154    0.441   2
        24    358.006    149.288 327.8739401 +28.8395231     5.08 0.0005497023  -9.8327  -9.9853   0.0393     9865.729     357.1837     679.1279    0.071   0
        25      2.742    125.587 327.9179836 +28.8411655     4.50 0.0004864706  -8.5166  -8.3505   0.1350     2188.683     272.0444     654.6834    0.130  24
        26    750.034    142.067 327.8254172 +28.8412948     6.19 0.0006697506 -10.1052 -10.0680   0.0365     10646.38       357.72     685.6341    0.094   0
        27    414.134    137.897 327.8670173 +28.8408952     5.08 0.0005491429  -9.2501  -9.1702   0.0825       4656.9     353.5683     680.7719    0.108   0
        28    169.668    136.751 327.8972889 +28.8403926     4.95 0.0005354166  -8.9446  -9.5947   0.0560     6884.807     355.0423     667.9323    0.153   0
        29    694.570    188.552 327.8321771 +28.8361404     4.95 0.0005352923 -14.1579 -14.1958   0.0014     476790.2     600.8681     687.3461    0.093   0
        30    926.278    141.205 327.8035969 +28.8418284     5.18 0.0005599443  -8.2512  -7.5042   0.3125     1003.911     288.8674     599.3698    0.438  16
        31    292.925    280.681 327.8816873 +28.8251814     7.66 0.0008287969 -13.6034 -13.5962   0.0020     274458.9     509.8083      677.375    0.301   0
        32    542.378    174.730 327.8510526 +28.8372473     7.26 0.0007853195 -11.5609 -11.6033   0.0094     43782.95     380.2374     684.0889    0.295   0
        33    183.542    166.272 327.8955008 +28.8372435     6.51 0.0007040575  -9.4635  -9.5203   0.0599     6428.602     354.7699     670.0326    0.720   0
        34    118.955    184.646 327.9034536 +28.8350947     4.69  0.000507176 -11.9128 -11.9701   0.0069     61384.23     391.6036     666.2529    0.110   0
        35    370.823    181.249 327.8722779 +28.8361078     6.64 0.0007185507 -11.0375 -11.1098   0.0144     27791.75     369.5082     680.7481    0.288   0
        36    201.372    182.192 327.8932554 +28.8355718    10.51  0.001137374  -9.9891  -9.6915   0.0513     7526.576     355.4256     671.2318    0.796   0
        37    661.617    171.186 327.8362974 +28.8379309     3.43 0.0003713056  -7.7325  -8.6114   0.1374     2783.191     352.0734     686.9261    0.412   0
        38    348.664    175.391 327.8750351 +28.8366832     5.49 0.0005940932  -9.0210  -9.2737   0.0750     5122.618     353.8582     679.9575    0.117   0
        39    768.889    175.087 327.8230065 +28.8377797     7.05 0.0007626014  -8.9115  -9.0804   0.0895      4286.96     353.2771     686.4437    0.282   0
        40    883.234    196.980 327.8087988 +28.8357038     6.49 0.0007019982 -11.0176 -11.0374   0.0154     25998.65     368.2647     664.1766    0.189   0
        41    167.223    181.134 327.8974859 +28.8355981     4.18  0.000452598  -8.1351  -8.8893   0.1066     3595.074     352.7872     669.1871    0.236   0
        42    493.930    185.137 327.8570267 +28.8360017     5.05 0.0005467277  -9.3657  -9.6023   0.0556     6933.068     355.1252     683.2068    0.046   0
        43    168.127    195.448 327.8973399 +28.8340562     4.66 0.0005047004  -9.6648  -9.9511   0.0406     9559.499     356.9596     669.2942    0.055   0
        44    385.655    213.823 327.8703649 +28.8326313     4.61 0.0004988551 -12.0720 -12.1315   0.0061     71217.48     397.8229     681.4958    0.086   0
        45    240.757    222.379 327.8882839 +28.8313375    10.09  0.001091943 -10.2746  -9.7429   0.0490     7891.834     355.7605     674.4927    0.792   2
        46    173.657    214.003 327.8966110 +28.8320686     4.58 0.0004952805 -11.6203 -11.6867   0.0088     47278.54      382.429      669.812    0.078   0
        47    488.884    201.718 327.8576127 +28.8342001     5.90 0.0006380109  -8.9229  -9.0800   0.0895     4285.321     353.2563     683.2422    0.158   0
        48    221.901    203.025 327.8906643 +28.8333771     6.06 0.0006553541  -8.9787  -9.4632   0.0631     6099.421     354.5672     673.1134    0.643   0
        49    438.267    202.098 327.8638787 +28.8340304     6.25 0.0006764369  -8.2576  -8.6809   0.1290     2967.407     352.3716     682.2397    0.285   0
        50    767.154    212.293 327.8231357 +28.8337614     7.35 0.0007949076  -8.8843  -9.0410   0.0928     4134.317     353.1691     687.2816    0.152   0
        51     93.660    238.756 327.9064559 +28.8291919     4.62  0.000499454 -12.5193 -12.5681   0.0043     106470.4     419.3753     664.7225    0.085   0
        52    729.697    226.229 327.8277410 +28.8321639     7.27 0.0007861239 -10.2114 -10.3504   0.0283     13808.41     359.9616     688.1161    0.153   0
        53    144.257    222.517 327.9002307 +28.8310744     3.76 0.0004067065  -8.0023  -7.8876   0.2670     1429.011     351.2785     667.8163    0.022   0
        54    796.650    237.387 327.8194260 +28.8311280     4.97 0.0005380844 -10.4881 -10.5974   0.0227     17337.09     362.3849     687.1132    0.103   0
        55    758.373    258.967 327.8241153 +28.8287039     5.04  0.000544815 -12.4223 -12.4916   0.0045      99225.5     415.0423     687.7737    0.061   0
        56    686.499    237.749 327.8330626 +28.8308125     5.22 0.0005643458  -8.0164  -8.1719   0.2056     1856.728     351.5531     687.8692    0.234   0
        57    805.641    256.943 327.8182679 +28.8290408    10.45  0.001130193 -10.2735 -10.2565   0.0308     12665.18     359.1668     687.0048    0.025   0
        58    180.484    243.228 327.8956964 +28.8289333     8.03  0.000869217  -8.5602  -8.6927   0.1276      2999.76     352.3355     670.3666    0.580   0
        59     71.185    263.783 327.9091785 +28.8264337     4.69 0.0005070782 -11.4371 -11.5087   0.0102     40131.26     377.6635     661.8269    0.101   0
        60     96.625    260.912 327.9060359 +28.8268092     5.26 0.0005693758  -8.0655  -8.9677   0.0992     3864.328     352.9583     665.2287    0.276   0
        61    774.411    271.274 327.8221013 +28.8274164     5.48 0.0005933663 -10.0413 -10.3208   0.0291     13437.36     359.6556      687.684    0.059   0
        62    690.076    264.169 327.8325586 +28.8279711     6.33 0.0006848989  -8.3075  -7.6521   0.3314     1150.328     351.0406     687.8303    0.106   0
        63    411.435    278.367 327.8670214 +28.8257338     4.59 0.0004963399 -11.1988 -11.2801   0.0124     32512.24     372.6883      681.649    0.070   0
        64     97.006    270.720 327.9059653 +28.8257521     4.25 0.0004600177  -7.6474  -8.3419   0.1759     2171.524     351.7079     665.2867    0.082   0
        65    152.845    276.377 327.8990391 +28.8252859     5.38 0.0005822618  -9.6809  -9.8252   0.0454      8512.62     356.2159     668.3905    0.040   0
        66     64.409    279.473 327.9099798 +28.8247235     4.96 0.0005369706 -10.1256 -10.2032   0.0323     12058.65      358.696     660.8884    0.129   0
        67    646.875    274.685 327.8378826 +28.8267278     4.79 0.0005179711  -8.0658  -8.1761   0.2049     1863.898     351.5977     686.7292    0.291   0
        68    377.643    275.988 327.8712104 +28.8259043     5.39 0.0005828865  -7.9920  -8.2996   0.1829     2088.443     351.6488     681.3373    0.423   0
        69     21.565    276.648 327.9152904 +28.8249173     4.89 0.0005290537  -8.0102  -8.8376   0.1117     3427.946     352.6687     655.2516    0.368   0
        70    609.390    289.367 327.8424891 +28.8250492     4.86 0.0005255825 -10.2414 -10.3523   0.0282     13833.75     359.8443     684.7427    0.088   0
        71    830.928    286.521 327.8150693 +28.8259130     4.97 0.0005382148  -8.7173  -8.4762   0.1556      2457.37     352.0096     685.7786    0.166   0
        72    436.608    286.709 327.8638855 +28.8248980     4.63 0.0005011663  -8.9574  -9.0898   0.0887     4324.183     353.2838     682.0985    0.071   0
        73    470.685    290.400 327.8596582 +28.8245864     4.65 0.0005029377  -8.8215  -9.0952   0.0883     4345.733     353.2499     682.8349    0.162   0
        74    554.633    291.123 327.8492639 +28.8247213     4.66 0.0005046824  -8.4683  -8.8271   0.1128     3395.007     352.6355     683.4981    0.118   0
        75    158.521    296.495 327.8982886 +28.8231301     3.85 0.0004166484  -8.0122  -7.9863   0.2438     1565.033     351.3358     668.6494    0.026   0
        76    492.683    304.111 327.8569028 +28.8231631     6.27  0.000678352 -10.2156 -10.3010   0.0296     13195.15     359.4872     682.8109    0.228   0
        77    597.227    305.082 327.8439584 +28.8233231     4.94 0.0005348987  -9.6247  -9.8242   0.0455     8504.811     356.2104      684.141    0.093   0
        78    777.847    318.004 327.8215684 +28.8223836     7.27 0.0007870602 -11.5715 -11.6218   0.0093     44538.12     380.5968      686.595    0.287   0
        79    745.327    307.587 327.8256183 +28.8234258     4.75 0.0005136458 -10.0051 -10.0273   0.0379     10254.55     357.4461     687.0296    0.026   0
        80     20.875    302.704 327.9153134 +28.8221045     4.29 0.0004637787  -8.0954  -8.8249   0.1130     3388.198     352.6504     655.0088    0.303   0
        81    250.075    308.604 327.8869259 +28.8220591     5.24 0.0005666683  -8.4663  -8.7200   0.1244     3075.992     352.3699     675.1613    0.047   0
        82    290.353    324.582 327.8819019 +28.8204386     4.34 0.0004694861 -11.6198 -11.6952   0.0087     47651.68     382.7091     677.2938    0.065   0
        83    821.119    319.304 327.8162085 +28.8223517     5.20 0.0005629804  -9.6726  -9.7297   0.0496     7796.408     355.7422     685.6174    0.123   0
        84    889.315    338.637 327.8077218 +28.8204362     6.50  0.000703322 -11.7993 -11.8557   0.0076     55242.95     387.6542      659.318    0.230   2
        85    217.357    314.472 327.8909623 +28.8213420     4.08 0.0004418611  -7.8943  -7.8791   0.2690      1417.91     351.2113     673.1301    0.147   0
        86    462.915    315.641 327.8605610 +28.8218436     4.12 0.0004460166  -8.4344  -8.9092   0.1046     3661.691     352.8344     682.1677    0.288   0
        87    898.616    330.581 327.8065888 +28.8213286     5.44 0.0005880819  -9.4572  -8.8340   0.1120     3416.508     352.5031     649.0776    0.149   3
        88    389.710    342.108 327.8695610 +28.8188018     4.45 0.0004809865 -11.7790 -11.8405   0.0077     54477.55     387.1961     680.7689    0.060   0
        89     87.337    348.902 327.9069754 +28.8172925     4.59 0.0004969661 -12.7131 -12.7578   0.0037     126799.8     431.3481     663.7295    0.085   0
        90    147.983    334.921 327.8995015 +28.8189574     4.60 0.0004975384  -9.6194  -9.6523   0.0532      7259.66     355.3648     667.6896    0.053   0
        91     15.997    335.779 327.9158379 +28.8185236     5.22 0.0005644918  -8.9125  -9.3186   0.0720     5338.753      353.854     654.3819    0.155   0
        92    328.329    347.784 327.8771460 +28.8180327     4.51 0.0004877925  -9.3141  -9.4212   0.0656     5867.837     354.4235     679.0111    0.088   0
        93    118.266    378.427 327.9030764 +28.8141871     4.58 0.0004956306 -12.0799 -12.1446   0.0060     72083.09     398.3839     664.6505    0.147   0
        94    756.876    379.298 327.8240232 +28.8157183     4.60 0.0004972616 -11.7433 -11.8555   0.0076     55233.16     387.6479     684.5148    0.087   2
        95    864.111    389.297 327.8107259 +28.8149079     6.91 0.0007474215 -10.9158 -10.9790   0.0162     24636.75      367.424     683.2762    0.326   0
        96    754.996    391.780 327.8242272 +28.8143669     4.76 0.0005153412 -10.6602 -10.8133   0.0187     21149.95     364.8442     684.1811    0.077   3
        97    907.258    381.025 327.8054037 +28.8159079     4.29 0.0004640934  -9.6157  -7.9410   0.2542     1501.116     351.3199     641.7209    0.076   0
        98    915.318    402.989 327.8043558 +28.8135584     5.10 0.0005514189 -10.3612  -9.9877   0.0392     9886.995     357.1792     634.1378    0.175   0
        99     39.131    392.353 327.9128385 +28.8124802     4.93 0.0005330151  -8.5839  -8.8473   0.1107     3458.711     352.6413     655.1453    0.183   0
       100    592.235    396.504 327.8443638 +28.8134475     4.88 0.0005276468  -9.6181  -9.7425   0.0490     7888.383     355.7873      682.467    0.080   0
       101    559.580    398.772 327.8484007 +28.8131201     4.64 0.0005015157  -9.3986  -9.3859   0.0677     5680.199     354.1833     682.0237    0.126   0
       102    616.931    419.489 327.8412534 +28.8110301     4.39 0.0004748458 -12.1877 -12.2590   0.0055     80093.44     403.3965     682.4852    0.080   0
       103    672.516    409.983 327.8343949 +28.8121958     3.73 0.0004031175  -7.6176  -7.6978   0.3178     1199.796     351.0659     683.3945    0.375   0
       104    444.188    420.333 327.8626338 +28.8105012     4.53 0.0004898297  -9.6988  -9.7469   0.0488     7920.501     355.8489     679.7089    0.132   0
       105    340.015    426.004 327.8755150 +28.8096238     4.11 0.0004443976  -7.9346  -8.4937   0.1530     2497.375     351.8309     677.4431    0.413   0
       106    480.507    426.557 327.8581236 +28.8099221     4.59  0.000496304  -9.0291  -9.1473   0.0842     4559.693     353.4406     679.7579    0.051   0
       107    510.212    433.393 327.8544307 +28.8092599     4.28 0.0004631351  -9.9365 -10.0170   0.0382     10157.73     357.2715     680.3086    0.051   0
       108    283.167    441.249 327.8825155 +28.8078336     4.33 0.0004683627 -10.8237 -10.8730   0.0178     22346.97     365.8248     675.1333    0.045   0
       109    313.923    438.055 327.8787162 +28.8082570     5.53 0.0005978037  -9.3988  -9.4562   0.0635     6059.823     354.5686     676.5088    0.127   0
       110    809.898    442.993 327.8173133 +28.8089793     5.34  0.000578169  -9.1951  -9.1833   0.0815     4713.282     353.5002     683.4462    0.047   0
       111    830.562    443.952 327.8147534 +28.8089276     5.67 0.0006137747  -8.5053  -8.8534   0.1101     3478.305     352.7339     683.0831    0.209   0
       112    177.162    451.577 327.8956119 +28.8064472     4.40 0.0004759471 -10.1620 -10.2358   0.0314     12426.16     358.9424     666.2528    0.043   0
       113    875.697    462.971 327.8091230 +28.8069884     4.56 0.0004932701 -11.3982 -11.5269   0.0101     40809.54     378.2498     671.8077    0.076   0
       114    140.229    448.569 327.9001905 +28.8066766     6.23 0.0006736459  -8.2094  -8.4095   0.1653     2310.905     351.8168     663.2008    0.169   0
       115    885.380    499.693 327.8078405 +28.8030508     7.03 0.0007610001 -12.7913 -12.8335   0.0035     135954.1     436.6214     662.8366    0.252   0
       116    660.348    461.138 327.8357826 +28.8066463     4.76 0.0005150147  -8.0949  -8.6473   0.1330     2876.874     352.2187     682.5201    0.482   0
       117    492.379    480.434 327.8565281 +28.8041397     4.28 0.0004634945 -12.0785 -12.1497   0.0060     72423.63     398.5279     679.4415    0.087   0
       118    487.524    468.580 327.8571568 +28.8054063     5.51 0.0005962336  -8.4390  -9.0688   0.0905     4241.354     353.2645     679.5453    0.039   0
       119    479.095    526.699 327.8580641 +28.7991148     7.03 0.0007602773 -10.0696 -10.1382   0.0343     11357.79     358.3331     679.4068    0.276   0
       120    328.680    479.055 327.8767929 +28.8038715     4.45 0.0004818825  -9.5307  -9.6962   0.0511     7559.365     355.6244     675.8957    0.027   0
       121    547.817    490.929 327.8496419 +28.8031481     4.23 0.0004576397 -11.3271 -11.4254   0.0110     37168.56     375.8542     679.4418    0.093   0
       122     79.554    489.310 327.9076031 +28.8021247     5.11 0.0005524752  -9.1234  -9.2271   0.0783     4907.352     353.7257     656.5674    0.112   0
       123    425.985    497.203 327.8647066 +28.8021619     5.92 0.0006409513 -10.3238 -10.3962   0.0272     14403.77     360.2015      678.941    0.324   0
       124    234.099    493.357 327.8884655 +28.8020862     4.29 0.0004643483  -9.4062  -9.6064   0.0554     6959.406     355.1437     670.0157    0.022   0
       125    411.804    561.343 327.8663112 +28.7952061     4.12 0.0004452776 -14.2604 -14.2662   0.0013     508711.2     613.9717      677.006    0.088   3
       126    687.588    525.734 327.8322615 +28.7997459     6.12  0.000662135 -10.4855 -10.5741   0.0232     16967.95     362.1398     681.9142    0.249   0
       127    653.282    523.009 327.8365138 +28.7999535     4.25 0.0004602549  -7.8128  -8.1238   0.2149     1776.322     351.4663     681.5574    0.074   0
       128    400.401    551.919 327.8677446 +28.7961937     6.04 0.0006532595 -11.0453 -11.2450   0.0128     31476.12     371.9646     676.8541    0.185   3
       129    624.239    971.694 327.8390676 +28.7514739     3.92 0.0004244923 -10.8592 -10.9505   0.0166     24000.21     366.9245     643.0382    0.093   0
       130    855.415   1028.553 327.8103381 +28.7459198     3.75 0.0004057991  -8.1330  -8.5735   0.1050     2687.784     259.9906     645.2734    0.664  24
       131    871.460   1000.485 327.8084174 +28.7489879     4.30  0.000465181  -8.4945  -9.2716   0.0752     5112.551     353.9001      643.627    0.283   0
       132    455.674    986.305 327.8598867 +28.7494709     4.18 0.0004523688 -10.0697 -10.1262   0.0346     11233.06     358.1589     633.0591    0.135   0
       133    235.610    981.551 327.8871215 +28.7494218     5.00 0.0005413885 -10.1682 -10.2200   0.0318     12245.63     358.8553     619.5325    0.145   0
       134    364.285    977.253 327.8712136 +28.7502147     4.31 0.0004667346 -12.5588 -12.6120   0.0041       110866     422.0368     629.8131    0.066   0
       135    286.495    875.634 327.8810769 +28.7609789     4.22 0.0004560673 -10.3430 -10.4054   0.0269     14526.19     360.4213     639.3229    0.050   0
       136    848.464    807.505 327.8117043 +28.7697502     4.77 0.0005158049  -9.6977  -9.9392   0.0410     9455.351     356.9353     663.0589    0.112   0
       137    293.683    830.792 327.8802936 +28.7658351     5.86  0.000634095  -8.1791  -8.0238   0.2355     1619.994     351.3551     646.4955    0.186   0
       138    850.022    824.082 327.8114735 +28.7679657     3.94  0.000426659 -10.9291 -11.0631   0.0150     26621.88      368.744     661.2101    0.087   0
       139    598.894    799.067 327.8426040 +28.7700337     3.99 0.0004315418  -9.9539  -9.9929   0.0391     9934.796     357.2806     664.4474    0.143   0
       140     51.533    789.236 327.9103533 +28.7696951     4.94  0.000534458  -9.9491 -10.0249   0.0379     10232.22     357.4402     633.3521    0.153   0
       141    301.701    793.930 327.8793885 +28.7698324     4.07 0.0004405192 -10.3073 -10.4093   0.0269     14578.49     360.5154     651.7318    0.021   0
       142    723.022    852.102 327.8271228 +28.7646247     4.28 0.0004630981  -8.3491  -8.3958   0.1674     2282.049     351.8653      662.818    0.059   0
       143    113.344    836.011 327.9025938 +28.7648086     5.10 0.0005519207  -9.6199  -9.4782   0.0623     6184.294     354.5977     633.0897    0.164   0
       144    321.456    789.501 327.8769547 +28.7703608     3.99 0.0004321047 -11.8928 -11.9531   0.0070     60428.07     390.9572     653.0535    0.021   0
       145    793.522    796.651 327.8185275 +28.7707838     5.07 0.0005480673 -10.3634 -10.4380   0.0262     14969.55     360.7768     668.1918    0.236   0
       146    653.020    842.917 327.8358052 +28.7654396     3.85 0.0004162826 -13.0575 -13.1080   0.0028     175062.6     458.4827     661.7706    0.073   0
       147    149.825    854.341 327.8980366 +28.7629252     5.31  0.000574591  -8.4910  -8.7907   0.1166     3282.983     352.5955     633.1951    0.083   0
       148    111.757    860.601 327.9027315 +28.7621517     4.85 0.0005247086 -10.8843 -10.9269   0.0169      23484.1     366.4969     629.8553    0.146   0
       149    633.970    876.111 327.8380853 +28.7618104     4.25 0.0004596877  -8.6766  -8.3556   0.1737     2199.074     351.7768     657.1886    0.014   0
       150    762.828    902.701 327.8220813 +28.7592657     4.24 0.0004582457  -8.4918  -8.3488   0.1748     2185.299     351.8064     656.8864    0.183   0
       151    714.550    879.092 327.8281087 +28.7616916     7.94 0.0008592486 -12.4782 -12.5200   0.0044     101857.6     416.6664      659.665    0.386   0
       152    646.194    779.267 327.8367972 +28.7722892     3.84 0.0004157334 -10.2897 -10.4195   0.0266      14716.6     360.5533     667.5868    0.082   0
       153    783.376    652.099 327.8201153 +28.7863535     4.16 0.0004498951  -9.5850  -9.7252   0.0498     7763.618     355.7386     678.8522    0.098   0
       154    600.075    898.632 327.8422266 +28.7592952     5.68 0.0006146478 -10.4204 -10.4998   0.0248     15845.35     361.3544     651.5205    0.247   0
       155    910.222    879.218 327.8038990 +28.7621674     3.62 0.0003916798  -9.1160  -7.5923   0.3500     1088.711     350.8879     622.9488    0.149   0
       156    776.581    693.591 327.8208607 +28.7818600     4.10 0.0004432848  -9.2850  -9.3659   0.0689     5576.708      354.022      676.478    0.130   0
       157    585.587    756.456 327.8443495 +28.7745973     4.40 0.0004759838  -9.0170  -9.0636   0.0909     4221.223     353.2208     668.6741    0.014   0
       158    744.769    735.520 327.8247007 +28.7772568     5.09 0.0005506003  -7.9444  -8.3408   0.1761     2169.389     351.7655      672.833    0.263   0
       159    481.338    766.978 327.8572245 +28.7731980     4.80   0.00051923  -8.3670  -9.0315   0.0936      4098.22     353.1337     662.4019    0.216   0
       160    915.732    890.524 327.8031915 +28.7609614     3.28 0.0003549499  -7.8584  99.0000  99.0000     -6106.27     350.0221     617.6319    0.045  16
       161    705.595    763.432 327.8294837 +28.7741471     3.95 0.0004272539 -10.3308 -10.4244   0.0265     14782.55     360.5028     669.8965    0.076   0
       162    659.001    742.980 327.8352966 +28.7762363     3.40 0.0003681823  -7.7317  -7.3616   0.4326      880.356     350.6701     671.2382    0.023   0
       163    508.961    761.378 327.8538196 +28.7738722     4.04 0.0004374776  -8.6223  -8.7738   0.1184     3232.422     352.4809     664.8845    0.100   0
       164    627.604    734.203 327.8392020 +28.7771041     3.85 0.0004161453 -12.0877 -12.1475   0.0060     72277.69     398.3841      671.731    0.067   0
       165    892.123    711.317 327.8065221 +28.7802365     4.31 0.0004658999  -8.0768  -9.3260   0.0715     5375.254     354.0562      649.543    0.303   0
       166    917.025    734.875 327.8033867 +28.7777569     4.02 0.0004348902  -9.3619  99.0000  99.0000    -2393.757     346.8552     629.1656    0.126  16
       167     79.777    724.671 327.9070129 +28.7767336     4.78 0.0005174243 -10.3650 -10.4573   0.0257     15237.62     360.9625     642.4652    0.089   0
       168    810.607    749.233 327.8165222 +28.7759423     4.66 0.0005036605  -7.9776  -8.0947   0.2206     1729.273     351.3242     671.1854    0.319   0
       169    578.272    704.048 327.8453766 +28.7802328     4.15 0.0004492586  -8.9655  -8.9425   0.1015      3775.81     352.8759     672.7713    0.076   0
       170    603.965    707.688 327.8421887 +28.7799050     3.02 0.0003270711  -8.0039  -7.7623   0.2995     1273.307     351.1083     673.0215    0.257   0
       171    233.103    709.700 327.8880759 +28.7787437     4.20 0.0004542869 -10.9049 -10.9980   0.0159     25072.95     367.8622     655.4968    0.016   0
       172    493.716    726.460 327.8557876 +28.7776007     3.97 0.0004291499  -9.4051  -9.4022   0.0667     5766.003      354.381     669.0552    0.099   0
       173    116.368    704.920 327.9025323 +28.7789590     7.74 0.0008370177  -9.9920 -10.0957   0.0356     10921.27     357.9315     646.7695    0.301   0
       174    177.257    922.984 327.8944794 +28.7555903     5.13  0.000554855  -9.8961  -9.9802   0.0395     9819.438      357.161     624.2713    0.178   0
       175    859.794    713.592 327.8105174 +28.7799104     3.43 0.0003714238  -7.8677  -8.9704   0.0989      3874.12     352.8767     670.8796    0.401   0
       176    522.818    920.800 327.8517332 +28.7567082     4.72 0.0005103613  -8.2658  -8.3435   0.1756     2174.784     351.5918     644.9219    0.143   0
       177    408.011    680.205 327.8665014 +28.7823730     4.00 0.0004331402 -13.7686 -13.8142   0.0017     335502.1     538.8026     670.4645    0.053   0
       178    424.568    692.412 327.8644240 +28.7810982     6.22 0.0006728386 -10.6849 -10.7789   0.0193     20490.92     364.4399     670.0296    0.271   0
       179    135.900    608.077 327.9003461 +28.7894572     5.09 0.0005502705  -8.6425  -8.6984   0.1269     3015.549     352.3763     656.8276    0.110   0
       180    579.447    908.772 327.8447552 +28.7581491     3.81 0.0004118812  -8.1023  -8.0768   0.2243     1701.079     351.4128     648.9306    0.116   0
       181    837.685    916.046 327.8127893 +28.7580133     6.23 0.0006739929 -10.8756 -10.9483   0.0166     23951.39     366.9669     653.1129    0.306   0
       182    686.057    912.088 327.8315577 +28.7580602     3.77 0.0004078546 -11.0435 -11.1219   0.0143     28103.86     369.7662     654.1321    0.082   0
       183    394.031    663.277 327.8682713 +28.7841636     7.49 0.0008107728 -11.4420 -11.4965   0.0103      39683.1     377.4862     670.8319    0.443   0
       184    204.971    937.502 327.8910164 +28.7540953     1.95 0.0002112043  -7.0268  99.0000  99.0000    -302.7402     350.2402     623.5171    0.340   0
       185     71.852    677.173 327.9081071 +28.7818375     6.53 0.0007063582 -10.9473 -11.0094   0.0158     25336.22     367.8902     645.6779    0.339   0
       186    435.851    649.473 327.8631284 +28.7857594     4.03 0.0004359788 -12.6649 -12.7130   0.0038       121677     428.3282     674.2564    0.053   0
       187    466.056    885.589 327.8588380 +28.7603629     3.90 0.0004215636 -10.4614 -10.5056   0.0246      15931.4     361.3947     647.2347    0.071   0
       188    601.389    638.095 327.8426692 +28.7874065     5.71 0.0006180471  -9.6188  -9.9634   0.0401     9668.896     357.0557     677.3442    0.223   3
       189    691.395    655.655 327.8314899 +28.7857389     5.53 0.0005978869 -10.1537 -10.2801   0.0301     12942.79     359.2924      677.585    0.226   0
       190    847.657    932.866 327.8115170 +28.7562236     4.31 0.0004662907  -8.9182  -9.3205   0.0719     5348.335      353.998      651.223    0.105   0
       191     85.911    643.987 327.9064466 +28.7854540     4.64 0.0005020518 -10.2259 -10.3729   0.0277     14097.79     360.1529     649.3828    0.068   0
       192    592.630    637.895 327.8437536 +28.7874060     4.53 0.0004898488  -9.7767 -10.0982   0.0355     10946.24     357.9586     677.2668    0.165   3
       193    302.741    635.676 327.8796334 +28.7869082     4.17 0.0004516417  -9.3398  -9.4585   0.0634     6072.824     354.5582     667.1813    0.032   0
       194     99.423    660.655 327.9047347 +28.7836907     7.03 0.0007605361  -8.7580  -9.3610   0.0693     5551.546     354.1709     648.7688    0.216   0
       195    460.784    653.952 327.8600325 +28.7853396     4.16 0.0004499134  -9.3500  -9.5755   0.0570     6763.642     354.9863     674.6686    0.082   0
       196    845.498   1021.190 327.8115818 +28.7466894     3.98 0.0004301439  -9.7641  -9.8312   0.0414     8560.278     326.4003     646.2294    0.167  16
       197     75.305    939.996 327.9070517 +28.7534921     4.07 0.0004405091  -8.1320  -8.7151   0.1250     3062.236     352.3503      585.214    0.087   0
       198    371.335    592.972 327.8712453 +28.7916906     4.58 0.0004960159  -8.5850  -8.9166   0.1039     3686.574     352.8618     674.4715    0.198   0
       199    328.388    870.960 327.8759048 +28.7615904     5.70 0.0006164304  -8.0834  -8.2599   0.1896      2013.57     351.5758     643.1417    0.253   0
       200    341.228    842.521 327.8743833 +28.7646913     4.05 0.0004381104 -10.2875 -10.3515   0.0283     13823.39     359.9431     647.8036    0.064   0
       201    296.999    580.596 327.8804742 +28.7928358     4.11 0.0004443879 -12.1822 -12.2535   0.0055     79688.48     403.0078      670.352    0.028   0
       202    756.957    559.166 327.8235987 +28.7963133     4.27 0.0004620204  -8.1620  -8.5076   0.1511     2529.461     352.0312      681.558    0.374   0
       203    546.872    612.917 327.8494745 +28.7899850     4.07  0.000440749 -10.8082 -10.9591   0.0165     24189.87     367.1199     678.5375    0.086   0
       204    839.008    848.715 327.8127799 +28.7652807     4.83 0.0005223404  -7.8170  -8.0856   0.2225     1714.854     351.4029     659.7514    0.383   0
       205    710.999   1001.302 327.8282660 +28.7484980     7.06  0.000763941 -11.9374 -11.9797   0.0069     61925.77     391.8606     645.3643    0.313   0
       206    199.291    970.550 327.8916407 +28.7505153     7.37 0.0007977248 -10.5736 -10.6131   0.0224     17588.58     362.5871     616.0227    0.319   0
       207    689.863    593.638 327.8318229 +28.7924258     4.19 0.0004534022 -10.3547 -10.4647   0.0256     15341.67      361.025     680.3644    0.090   0
       208    378.710    576.962 327.8703702 +28.7934366     6.56 0.0007101489 -10.0011 -10.1833   0.0329     11839.45     358.5432     675.3965    0.228   0
       209    851.082   1003.083 327.8109324 +28.7486568     4.00 0.0004325507 -10.5750 -10.5649   0.0234     16824.43     362.0311     648.0366    0.121   0
       210    834.126    548.374 327.8140726 +28.7976709     4.23 0.0004578514  -8.9687  -8.4199   0.1638     2333.307     351.9017     681.0275    0.119   0
       211    712.340    590.936 327.8290474 +28.7927738     5.02 0.0005432644  -9.5454  -9.6607   0.0528     7316.183     355.4045     680.6371    0.145   0
       212    780.271    974.709 327.8197577 +28.7515408     3.88 0.0004198856 -14.3632 -14.4020   0.0012     576509.9     641.0383     650.4868    0.118   0
       213    448.426    537.181 327.8618353 +28.7979059     4.32 0.0004669717  -8.8121  -9.0140   0.0951     4032.811     352.9891     678.5436    0.057   0
       214    522.711    584.084 327.8525319 +28.7930345     4.33 0.0004680765  -8.6101  -9.1792   0.0818     4695.467     353.5268     678.7199    0.205   0
       215    535.834    596.840 327.8508780 +28.7916915     4.10 0.0004440196 -12.5997 -12.6636   0.0040     116262.4     425.2051     678.7385    0.068   0
       216     21.390    553.472 327.9146481 +28.7950521     4.98 0.0005390495 -10.1686 -10.3272   0.0289     13517.49     359.7306     648.7561    0.158   0
       217    899.492    954.064 327.8050557 +28.7540660     3.72 0.0004026627  -7.9022  -8.8335   0.1122     3414.958      352.689     625.1945    0.372   0
       218    789.525    821.460 327.8189649 +28.7680973     3.84 0.0004158241 -10.2967 -10.3377   0.0286     13648.33     359.8504     666.0624    0.105   0
       219    537.299    809.157 327.8502018 +28.7687894     4.32 0.0004672703  -8.0428  -8.7447   0.1216     3146.966     352.4399     660.0818    0.309   0
       220    391.640    963.548 327.8678617 +28.7517630     5.43 0.0005873863  -8.2474  -8.8376   0.1117     3427.863     352.6982     632.2676    0.132   0
       221    267.365    967.487 327.8832265 +28.7510205     5.35 0.0005785495  -9.1896  -9.4247   0.0654     5886.596     354.3877     623.6166    0.213   0
       222    738.200    969.791 327.8249737 +28.7519659     6.02 0.0006517299 -10.8761 -10.9400   0.0168     23769.42      366.701     649.6031    0.272   0
