#   1 NUMBER                 Running object number                                     
#   2 X_IMAGE                Object position along x                                    [pixel]
#   3 Y_IMAGE                Object position along y                                    [pixel]
#   4 ALPHA_J2000            Right ascension of barycenter (J2000)                      [deg]
#   5 DELTA_J2000            Declination of barycenter (J2000)                          [deg]
#   6 FWHM_IMAGE             FWHM assuming a gaussian core                              [pixel]
#   7 FWHM_WORLD             FWHM assuming a gaussian core                              [deg]
#   8 MAG_BEST               Best of MAG_AUTO and MAG_ISOCOR                            [mag]
#   9 MAG_APER               Fixed aperture magnitude vector                            [mag]
#  10 MAGERR_APER            RMS error vector for fixed aperture mag.                   [mag]
#  11 FLUX_APER              Flux vector within fixed circular aperture(s)              [count]
#  12 FLUXERR_APER           RMS error vector for aperture flux(es)                     [count]
#  13 BACKGROUND             Background at centroid position                            [count]
#  14 ELLIPTICITY            1 - B_IMAGE/A_IMAGE                                       
#  15 FLAGS                  Extraction flags                                          
         1     10.616     80.607 237.9943953 +32.9329902    65.05  0.006983805 -13.6518 -12.8385   0.0064     136582.9     801.1981     393.6248    0.598  24
         2    143.112     87.238 237.9773736 +32.9326236    45.62  0.004897697 -13.3115 -12.0312   0.0137     64935.17     821.0874     1405.442    0.721   0
         3    192.304     30.463 237.9711615 +32.9388217    32.89  0.003531107 -12.4589 -11.9659   0.0146      61147.5     820.0219     797.4742    0.247  17
         4    136.335     11.014 237.9783825 +32.9407575    86.56    0.0092937 -14.8844 -13.6705   0.0032     293898.3     853.7092     230.2409    0.742  24
         5     65.158    109.448 237.9873404 +32.9300473    22.20  0.002383567  -8.8560  99.0000  99.0000    -8317.251     801.2084     981.8812    0.577   0
         6    915.958     83.350 237.8781623 +32.9349917     5.78 0.0006200875 -11.8208 -11.3369   0.0257      34256.4     811.8493     1403.213    0.054   0
         7    421.814     86.442 237.9415958 +32.9334219     5.98 0.0006423579 -11.3610 -11.3117   0.0263     33471.07     811.3389     1591.226    0.139   0
         8     76.058    245.075 237.9856928 +32.9155718    38.21  0.004102621 -13.5807 -12.0242   0.0138     64515.32      821.048     1553.131    0.451   2
         9    987.636    189.836 237.8687799 +32.9237812     5.36 0.0005751523 -14.7978 -14.8320   0.0013     856664.1     1034.449     1524.881    0.024   0
        10    552.757    134.305 237.9247013 +32.9286349     5.38 0.0005772621 -10.9299 -10.5257   0.0539     16228.61     806.1661     1693.643    0.106   0
        11    181.615    250.756 237.9721340 +32.9152365     5.47 0.0005875707 -11.9406 -12.0099   0.0140     63676.36     820.6376     1745.417    0.089   0
        12    251.686    264.780 237.9631149 +32.9139166     7.49 0.0008039949  -9.5944  -9.7507   0.1098     7948.732      803.617     1745.175    0.199   0
        13    885.613    303.993 237.8816818 +32.9113210     6.42 0.0006894066  -9.4810  -9.6901   0.1160      7516.65     803.1435     1562.716    0.216   0
        14    567.912    405.683 237.9222796 +32.8996521    24.74   0.00265582 -17.0455 -17.0493   0.0003      6602552     1985.688     1708.299    0.208   4
        15    782.101    335.867 237.8949126 +32.9076551     5.07 0.0005442855 -12.1702 -12.2363   0.0114     78434.55     825.2754     1620.233    0.059   0
        16     77.380    324.637 237.9853776 +32.9070670     6.71 0.0007204069 -11.1112 -11.6948   0.0186     47632.66     815.6909     1561.119    0.291   0
        17     75.894    334.005 237.9855511 +32.9060614     7.65 0.0008212515 -11.3453 -11.7347   0.0179     49415.66     816.2595     1551.297    0.465   0
        18     80.321    389.355 237.9848817 +32.9001538    28.21  0.003028718 -13.5521 -11.7129   0.0183     48433.55     816.1366     1579.065    0.601  18
        19    154.844    369.496 237.9753542 +32.9024696     5.28 0.0005664544 -12.8337 -12.8803   0.0065     141949.8     844.2753     1743.931    0.101   0
        20     77.741    635.190 237.9847631 +32.8738579    52.09  0.005591989 -14.7184 -11.9316   0.0150      59241.8     819.3743     1522.006    0.826   2
        21     75.406    357.302 237.9855711 +32.9035688     6.90 0.0007406917 -11.2207 -11.7815   0.0172     51593.53      816.904      1539.81    0.477   2
        22    338.887    370.667 237.9517332 +32.9028161     3.95 0.0004242158  -8.8934  -9.1939   0.1831     4759.704     802.6921     1733.039    0.288   0
        23     78.431    376.131 237.9851485 +32.9015630    13.80   0.00148197 -11.9877 -11.7622   0.0175     50686.51     816.8042      1563.45    0.514   0
        24    205.562    394.274 237.9688005 +32.8999503     5.30 0.0005688355 -11.8756 -11.9801   0.0144     61949.09      820.222     1740.757    0.114   0
        25     79.989    398.807 237.9849070 +32.8991421    10.36  0.001112066 -10.4789 -11.6712   0.0190     46611.87     815.2221     1577.005    0.511   3
        26     72.606    394.796 237.9858618 +32.8995520    10.39  0.001115874 -10.2595 -11.7080   0.0184     48216.01     815.8029     1513.964    0.527   3
        27     78.586    419.088 237.9850500 +32.8969697     8.96 0.0009620542 -11.6380 -11.7306   0.0180     49232.25      816.359     1563.952    0.457   2
        28     79.056    434.582 237.9849613 +32.8953140    15.15  0.001626758 -12.4303 -11.7696   0.0174     51033.72     816.8882     1561.974    0.228   2
        29     76.980    450.358 237.9851989 +32.8936216    18.55   0.00199183 -12.9179 -11.8376   0.0163     54328.95     817.7629     1541.821    0.329  18
        30    372.338    452.820 237.9472936 +32.8941160     7.77 0.0008339423  -9.8914 -10.1346   0.0772     11319.56     804.6875     1725.343    0.153   0
        31     78.106    545.106 237.9848810 +32.8834923    30.30  0.003252842 -13.4444 -11.9285   0.0151     59076.25     819.5896     1542.764    0.464   0
        32     77.003    482.117 237.9851378 +32.8902253    16.53   0.00177486 -12.7137 -11.7992   0.0169     52443.14     817.2306      1537.82    0.289   0
        33    962.556    496.677 237.8714800 +32.8909058     4.93 0.0005296444 -12.6671 -12.7159   0.0075     122001.5     838.3476     1416.495    0.016   0
        34    230.410    525.373 237.9653751 +32.8859946     4.01  0.000430714  -9.1776  -9.0708   0.2050     4249.202     802.1031     1725.695    0.155   0
        35    777.833    830.150 237.8946098 +32.8547862     4.73 0.0005073801 -10.7728 -10.8437   0.0403     21750.83     807.9218     1354.446    0.099   0
        36     65.773   1006.759 237.9856187 +32.8340921     1.63 0.0001745229  -7.7656  99.0000  99.0000    -1148.759     801.0497     1221.685    0.249   0
        37     87.272    987.385 237.9828971 +32.8362195     9.43  0.001012598 -11.5315 -11.3874   0.0246     35889.81     812.3298     1394.705    0.187   0
        38    753.022    941.648 237.8976001 +32.8428007     4.97 0.0005337263 -12.6905 -12.7358   0.0073       124261     838.9778     1291.943    0.141   0
        39    749.763    646.180 237.8985275 +32.8743898     5.35 0.0005743625  -9.6076  -9.5785   0.1286     6782.674     803.0507     1494.885    0.097   0
        40    438.743    613.747 237.9384870 +32.8770754     4.84 0.0005198719 -12.6299 -12.6890   0.0076     119014.5      837.348     1688.758    0.113   0
        41    153.812    807.679 237.9746904 +32.8556084     4.75 0.0005104775 -11.8367 -11.8829   0.0157     56645.47     818.5374     1635.302    0.086   0
        42    721.796    877.277 237.9017161 +32.8496065     4.79  0.000514075 -11.8726 -11.9182   0.0152     58519.28     819.0429     1366.215    0.135   0
        43    312.956    575.410 237.9546938 +32.8808549     5.10 0.0005477165  -9.6955  -9.9406   0.0922     9467.187     803.9086     1714.718    0.197   0
        44    533.058    663.826 237.9262985 +32.8719587     7.06 0.0007576747  -9.2823  -9.2565   0.1729     5041.979     802.7574     1629.992    0.021   0
        45    687.683    689.309 237.9064173 +32.8696224     4.77  0.000512444 -11.5850 -11.6517   0.0193     45781.29     815.2792     1514.169    0.077   0
        46     81.880    811.855 237.9839092 +32.8549764    40.59    0.0043579 -14.4722 -11.8877   0.0156     56898.05     818.7919      1467.07    0.774   2
        47    402.403    779.772 237.9428542 +32.8592286     3.43 0.0003687452  -8.5991  -8.4623   0.3588     2426.243     801.5801     1617.782    0.400   0
        48    587.552    946.668 237.9188127 +32.8418492     4.96 0.0005324812  -9.9138  -9.9691   0.0898     9719.319     804.0321     1413.377    0.124   0
        49    651.928   1001.112 237.9104619 +32.8361887     4.83 0.0005183789 -12.5289 -12.5769   0.0084     107343.8     834.0304     1331.558    0.142   0
        50     86.774    947.446 237.9830338 +32.8404892    20.59  0.002210045 -12.9409 -11.7860   0.0171     51809.79     817.0813      1411.38    0.502   2
        51    579.134    561.688 237.9205662 +32.8829974     4.36 0.0004679229  -9.2487  -9.6306   0.1226     7115.848     803.4257     1649.442    0.307   0
        52     80.432    723.950 237.9842555 +32.8643731    42.31  0.004542933 -14.4729 -11.9262   0.0151     58947.23     819.3287     1502.076    0.763   2
        53     83.459    904.486 237.9835374 +32.8450747    30.31  0.003254251 -13.7128 -11.8995   0.0155     57517.94     818.9368     1407.779    0.643   2
