#   1 NUMBER                 Running object number                                     
#   2 X_IMAGE                Object position along x                                    [pixel]
#   3 Y_IMAGE                Object position along y                                    [pixel]
#   4 ALPHA_J2000            Right ascension of barycenter (J2000)                      [deg]
#   5 DELTA_J2000            Declination of barycenter (J2000)                          [deg]
#   6 FWHM_IMAGE             FWHM assuming a gaussian core                              [pixel]
#   7 FWHM_WORLD             FWHM assuming a gaussian core                              [deg]
#   8 MAG_BEST               Best of MAG_AUTO and MAG_ISOCOR                            [mag]
#   9 MAG_APER               Fixed aperture magnitude vector                            [mag]
#  10 MAGERR_APER            RMS error vector for fixed aperture mag.                   [mag]
#  11 FLUX_APER              Flux vector within fixed circular aperture(s)              [count]
#  12 FLUXERR_APER           RMS error vector for aperture flux(es)                     [count]
#  13 BACKGROUND             Background at centroid position                            [count]
#  14 ELLIPTICITY            1 - B_IMAGE/A_IMAGE                                       
#  15 FLAGS                  Extraction flags                                          
         1    840.327     80.701 200.9174059 +36.1187526   142.29   0.01533588 -15.0732 -13.0305   0.0044       163005     660.0645     926.9668    0.603  16
         2    825.752     10.020 200.9195074 +36.1263114    91.14  0.009823443 -13.9754 -12.9471   0.0045       150946     620.8143     378.5057    0.805  24
         3    228.788     85.386 200.9991467 +36.1164881     3.45 0.0003719903  -9.4039 -11.2142   0.0216     30596.55     607.6187     1106.392    0.417   0
         4    197.795     86.610 201.0032869 +36.1162658     3.44 0.0003711386  -9.2724 -11.1371   0.0231     28499.67     606.7388     1105.659    0.418   0
         5    330.093    113.273 200.9855415 +36.1137850     1.09 0.0001178917  -7.4898  99.0000  99.0000    -4509.438     595.0988     1196.509    0.076   0
         6    681.421    204.411 200.9383778 +36.1049982     4.52 0.0004875247 -15.4623 -15.4944   0.0007      1576675     1068.728     1244.651    0.063   4
         7    768.628    202.022 200.9267268 +36.1055037     4.25 0.0004576499 -14.9906 -15.0303   0.0010      1028322     931.7743     1245.963    0.047   0
         8    121.674    213.070 201.0131723 +36.1024447     4.15 0.0004468321 -13.2060 -13.2545   0.0037     200359.7     674.1088     1142.587    0.034   0
         9    544.668    210.918 200.9566418 +36.1039064     4.79 0.0005166628  -8.5620  -9.1902   0.1367     4743.159     597.1384     1234.436    0.254   0
        10    333.661    274.771 200.9847002 +36.0964302     4.10  0.000441785  -8.6879  -8.9158   0.1759     3683.908     596.7116     1208.105    0.206   0
        11    622.719    335.484 200.9459352 +36.0907364     3.96 0.0004268155 -10.8574 -11.0192   0.0257     25567.25     605.7278     1232.793    0.025   0
        12    262.165    382.203 200.9940115 +36.0846702     6.40 0.0006892947  -9.2614  -9.4848   0.1043      6221.71     597.5057     1185.576    0.414   0
        13    198.826    445.079 201.0023317 +36.0777242     4.49 0.0004841347  -8.9064  -9.0160   0.1604     4040.224     596.7769     1155.713    0.215   0
        14    884.718    815.393 200.9098891 +36.0398787    65.35  0.007043572 -14.6895 -11.6021   0.0152     43734.26     613.1146     1060.574    0.908  18
        15     26.978    493.142 201.0251814 +36.0720509     4.94 0.0005325188  -9.0257  -9.1132   0.1467     4418.479     596.9857     1073.538    0.242   0
        16    140.651    534.199 201.0099005 +36.0679710     4.03 0.0004344432 -12.9427 -12.9997   0.0045     158440.8     658.1205     1119.118    0.086   0
        17    110.342    887.315 201.0131398 +36.0299131     4.02 0.0004333859  -8.7248  -8.8678   0.1838      3524.54     596.6281     938.2956    0.425   0
        18    652.287    800.906 200.9409620 +36.0407757     0.98 0.0001059031  -7.8169  -7.8328   0.4761     1358.701      595.703     1144.297    0.072   0
        19    533.104    729.322 200.9570375 +36.0481310     3.82 0.0004120154  -9.6588  -9.8956   0.0716     9082.845     598.8856     1158.644    0.081   0
        20    222.709    724.280 200.9985058 +36.0477728     3.75 0.0004043069 -10.2495 -10.2518   0.0517     12609.66     600.3561     1087.628    0.090   0
        21    487.901    675.433 200.9631949 +36.0537953     3.77 0.0004065372 -10.1544 -10.2614   0.0513     12722.11     600.4196     1174.378    0.057   0
        22    539.510    708.455 200.9562282 +36.0503933     5.53 0.0005961859 -10.1398 -10.1943   0.0545     11959.64     600.0853     1168.416    0.067   0
        23     47.951    777.890 201.0217229 +36.0414953     5.53 0.0005955836  -8.5477  -8.2302   0.3303     1959.281     595.9886     990.6201    0.506   0
        24    885.353    984.496 200.9094406 +36.0216974     5.76 0.0006211243 -10.4841 -11.3705   0.0187     35333.25     609.8109     999.7553    0.238   0
        25    767.664    600.468 200.9259888 +36.0626572     3.71 0.0004002336 -10.2825 -10.2877   0.0500     13034.19     600.5829      1221.11    0.071   0
        26    888.802    902.272 200.9091568 +36.0305484    23.39  0.002520631 -12.6106 -11.6877   0.0141     47321.68     614.5594     1011.395    0.224  18
        27    706.032    567.167 200.9342950 +36.0660625     4.97 0.0005356085  -8.5460  -9.3405   0.1191     5447.642     597.3662      1220.76    0.188   0
