#   1 NUMBER                 Running object number                                     
#   2 X_IMAGE                Object position along x                                    [pixel]
#   3 Y_IMAGE                Object position along y                                    [pixel]
#   4 ALPHA_J2000            Right ascension of barycenter (J2000)                      [deg]
#   5 DELTA_J2000            Declination of barycenter (J2000)                          [deg]
#   6 FWHM_IMAGE             FWHM assuming a gaussian core                              [pixel]
#   7 FWHM_WORLD             FWHM assuming a gaussian core                              [deg]
#   8 MAG_BEST               Best of MAG_AUTO and MAG_ISOCOR                            [mag]
#   9 MAG_APER               Fixed aperture magnitude vector                            [mag]
#  10 MAGERR_APER            RMS error vector for fixed aperture mag.                   [mag]
#  11 FLUX_APER              Flux vector within fixed circular aperture(s)              [count]
#  12 FLUXERR_APER           RMS error vector for aperture flux(es)                     [count]
#  13 BACKGROUND             Background at centroid position                            [count]
#  14 ELLIPTICITY            1 - B_IMAGE/A_IMAGE                                       
#  15 FLAGS                  Extraction flags                                          
         1     10.221     81.013 237.9941702 +32.9329963    62.89  0.006735576 -13.3472 -12.4942   0.0072     99469.38     658.8484      422.593    0.606  24
         2    139.649     89.699 237.9775577 +32.9324278    37.97  0.004066242 -12.7040 -11.6354   0.0163     45098.15     677.2919     1170.612    0.648   2
         3    191.990     30.307 237.9709378 +32.9388981    32.81  0.003513424 -12.2598 -11.7506   0.0147     50147.69     679.1531     713.9362    0.211  17
         4    136.055     10.897 237.9781423 +32.9408122    86.09  0.009219603 -14.5591 -13.3048   0.0037     209851.6     706.1871      312.391    0.746  24
         5    913.681     85.637 237.8782943 +32.9349484     7.30  0.000781622 -11.8292 -11.7029   0.0154     47991.45     678.3589      1175.21    0.052   0
         6    419.638     88.613 237.9416515 +32.9333077     7.61 0.0008146311 -11.4146 -11.4460   0.0193     37879.41     674.5123     1304.075    0.048   0
         7     64.250    108.714 237.9871973 +32.9301946    17.40  0.001863374 -10.0841  99.0000  99.0000    -10229.82     660.4916     846.6556    0.590   0
         8    550.734    136.617 237.9247662 +32.9285485     7.27 0.0007781388 -10.8832 -10.7515   0.0363     19979.52     667.9927     1357.734    0.073   0
         9    985.401    191.846 237.8689434 +32.9238241     7.30 0.0007823366 -14.8135 -14.8141   0.0012     842621.9     925.8455     1242.917    0.054   0
        10     77.028    247.816 237.9853392 +32.9154123    32.03  0.003430084 -13.3311 -11.6516   0.0161     45774.21     677.3228     1263.218    0.680   2
        11    179.406    252.910 237.9722041 +32.9151511     7.14 0.0007646394 -11.9618 -11.9851   0.0119     62233.34     683.5875      1393.05    0.090   0
        12    248.969    266.284 237.9632640 +32.9139170     4.26 0.0004558531  -9.2704  -9.7906   0.0874     8246.127     663.5311     1392.334    0.078   0
        13    565.848    407.212 237.9224217 +32.8997644     7.95 0.0008518028 -17.1246 -17.1085   0.0003      6972790     1980.542     1367.824    0.049   4
        14    780.022    337.890 237.8950660 +32.9077224     7.11 0.0007615566 -12.1955 -12.2194   0.0097      77227.5     689.0314     1305.991    0.036   0
        15    152.795    371.684 237.9754303 +32.9024259     7.01 0.0007503329 -12.8209 -12.8564   0.0056       138854     711.0224     1390.948    0.064   0
        16     74.197    346.140 237.9855471 +32.9049308     6.73 0.0007211735 -10.8856 -11.4758   0.0188     38932.66      674.866     1241.167    0.626  16
        17     79.837    369.844 237.9847868 +32.9024212     5.97 0.0006395567 -10.6142 -11.4539   0.0192     38156.26     674.7612     1277.143    0.155   2
        18    203.489    396.441 237.9688927 +32.8999278     7.23 0.0007740025 -11.9490 -11.9489   0.0123     60192.49     682.8407     1388.781    0.096   0
        19     79.159    387.035 237.9848465 +32.9005881     6.34 0.0006793866  -9.8179 -11.4740   0.0189     38868.63     675.0433     1268.381    0.498   1
        20     81.805    393.602 237.9844970 +32.8998959    10.32  0.001104989 -10.1878 -11.3998   0.0202     36301.34     673.8539     1286.716    0.497   3
        21     74.998    397.025 237.9853642 +32.8995126    10.16  0.001088495 -11.6802 -11.5405   0.0178     41324.01     675.6782     1241.313    0.544   2
        22     75.226    436.215 237.9852733 +32.8953385     5.74 0.0006145819 -10.5754 -11.5096   0.0183      40163.5     675.2304     1237.425    0.657   0
        23     75.709    451.255 237.9851876 +32.8937377     9.12 0.0009769779 -11.4518 -11.5013   0.0184     39857.17     675.3546     1242.894    0.413   0
        24    370.283    454.884 237.9474202 +32.8941573     6.15 0.0006586828  -9.7902 -10.0171   0.0710     10159.21     664.2515     1377.456    0.061   0
        25    960.451    498.720 237.8717008 +32.8910687     7.23 0.0007738654 -12.6635 -12.6932   0.0064     119479.3     704.2998     1162.591    0.084   0
        26     77.589    550.436 237.9847902 +32.8831779    24.06  0.002576384 -12.9439 -11.6519   0.0161     45787.23     677.4551     1247.882    0.381   2
        27     75.992    478.014 237.9851091 +32.8908880     5.15 0.0005515857 -10.3011 -11.4282   0.0196     37263.29     674.1558     1241.168    0.622   0
        28     77.815    643.646 237.9846145 +32.8732494    26.33  0.002819384 -13.5913 -11.6214   0.0165     44521.45     676.9878     1232.052    0.732   2
        29     41.427    507.713 237.9894930 +32.8876290     4.73 0.0005065412  -8.0797  99.0000  99.0000    -507.5815     660.4356     1010.393    0.281   0
        30     82.269    946.207 237.9835673 +32.8410320     6.86 0.0007344956 -10.7433 -11.3536   0.0210     34788.38     673.4573      1130.89    0.593   0
        31    649.806   1003.369 237.9107716 +32.8364850     7.32 0.0007838358 -12.5293 -12.5589   0.0072       105577     699.0475      1097.71    0.126   0
        32    747.320    647.839 237.8988022 +32.8746182     6.90 0.0007385812  -9.4873  -9.6896   0.0959     7513.672     663.2365     1215.172    0.284   0
        33     78.700    771.912 237.9842990 +32.8595886    10.32  0.001104836 -11.7800 -11.5618   0.0174     42141.73      676.364      1193.52    0.226   2
        34     82.654    810.475 237.9837316 +32.8554916    12.43  0.001330981 -12.0185 -11.5383   0.0178     41239.96     675.8297     1200.513    0.511   2
        35     81.106    730.262 237.9840562 +32.8640319    11.86  0.001270426 -11.6702 -11.5568   0.0175     41948.55     676.2195     1224.275    0.561   0
        36     83.262    780.139 237.9837015 +32.8587248     8.16  0.000873504 -11.2738 -11.5050   0.0183     39993.03     675.3683     1214.603    0.472   0
        37     84.008    875.101 237.9834564 +32.8486112     8.13 0.0008702778 -11.3356 -11.4788   0.0188     39041.18     674.9061     1174.842    0.696   0
        38    151.668    810.036 237.9748892 +32.8557282     6.78 0.0007256846 -11.8240 -11.8645   0.0133     55691.02     681.1544     1311.827    0.065   0
        39     81.442    841.355 237.9838383 +32.8521989    13.05  0.001397908 -12.1606 -11.5320   0.0179        41001     675.8326     1173.718    0.143   0
        40    775.546    832.384 237.8949138 +32.8550350     7.66 0.0008205788 -10.7513 -10.7876   0.0351     20654.98     668.1901     1113.897    0.166   0
        41     81.705    797.609 237.9838734 +32.8568596     7.11 0.0007611522 -11.0086 -11.4912   0.0186     39487.96     675.2178     1200.108    0.363   0
        42     84.902    989.857 237.9831614 +32.8363896     9.61  0.001029087 -10.8775 -10.9506   0.0303     24001.79      669.478     1135.883    0.036   0
        43     81.908    748.942 237.9839240 +32.8620443    13.59  0.001455322 -12.2965 -11.5244   0.0180     40713.73     675.7446     1222.755    0.412   0
        44     80.160    706.505 237.9842149 +32.8665600    19.89  0.002130653 -12.8293 -11.5803   0.0171     42868.46     676.4136     1225.454    0.427   2
        45    311.021    577.984 237.9548275 +32.8808830     5.74 0.0006148979  -9.4379  -9.8747   0.0809     8910.285     663.5582     1369.729    0.441   0
        46    436.723    615.943 237.9386582 +32.8771810     6.96 0.0007450936 -12.6260 -12.6509   0.0066     114909.8     702.6584     1352.615    0.066   0
        47    530.362    666.146 237.9265810 +32.8720862     4.72  0.000505483  -9.1639  -9.5041   0.1137     6333.586     662.8846     1310.084    0.488   0
        48     83.229    902.006 237.9835139 +32.8457430    12.96  0.001387723 -12.1161 -11.5327   0.0179      41026.2      675.568     1155.099    0.730   2
        49    750.883    943.841 237.8979101 +32.8430964     7.32 0.0007836546 -12.6913 -12.7186   0.0063     122308.9      705.251     1068.446    0.131   0
        50    719.755    879.459 237.9019932 +32.8498716     7.34 0.0007856163 -11.8852 -11.9120   0.0127     58181.43     682.0859     1122.584    0.123   0
        51    585.417    948.810 237.9191021 +32.8421240     7.04 0.0007542809  -9.9385 -10.0229   0.0706     10213.25     664.0303     1154.869    0.053   0
        52    685.529    691.491 237.9066571 +32.8698031     7.36 0.0007882296 -11.4407 -11.4676   0.0190     38641.55      674.941     1229.534    0.029   0
