#   1 NUMBER                 Running object number                                     
#   2 X_IMAGE                Object position along x                                    [pixel]
#   3 Y_IMAGE                Object position along y                                    [pixel]
#   4 ALPHA_J2000            Right ascension of barycenter (J2000)                      [deg]
#   5 DELTA_J2000            Declination of barycenter (J2000)                          [deg]
#   6 FWHM_IMAGE             FWHM assuming a gaussian core                              [pixel]
#   7 FWHM_WORLD             FWHM assuming a gaussian core                              [deg]
#   8 MAG_BEST               Best of MAG_AUTO and MAG_ISOCOR                            [mag]
#   9 MAG_APER               Fixed aperture magnitude vector                            [mag]
#  10 MAGERR_APER            RMS error vector for fixed aperture mag.                   [mag]
#  11 FLUX_APER              Flux vector within fixed circular aperture(s)              [count]
#  12 FLUXERR_APER           RMS error vector for aperture flux(es)                     [count]
#  13 BACKGROUND             Background at centroid position                            [count]
#  14 ELLIPTICITY            1 - B_IMAGE/A_IMAGE                                       
#  15 FLAGS                  Extraction flags                                          
         1    840.874     80.411 200.9172606 +36.1191694   136.51   0.01472887 -14.6626 -12.5805   0.0054     107696.2     536.6003     768.9629    0.604  16
         2    824.100      9.521 200.9196294 +36.1267348    85.70  0.009247106 -13.5553 -12.4385   0.0057     94490.84     498.2824     426.2382    0.804  24
         3    680.521    208.541 200.9385592 +36.1049632     5.05 0.0005444141 -15.4729 -15.4931   0.0007      1574817     1010.752     981.6015    0.066   0
         4    767.733    206.207 200.9268635 +36.1054579     5.14 0.0005540887 -14.9985 -15.0230   0.0009      1021429     863.0217     982.2621    0.079   0
         5    120.693    217.515 201.0136430 +36.1024058     4.94 0.0005331021 -13.2043 -13.2520   0.0031     199887.8     578.0155     917.2815    0.061   0
         6    544.169    214.925 200.9568399 +36.1038939     5.60 0.0006044963  -8.5480  -9.0733   0.1239     4259.237     486.0534     974.4047    0.392   0
         7    332.525    279.011 200.9851188 +36.0964112     5.00  0.000539805  -8.4776  -8.7050   0.1737     3033.898     485.3818     958.0386    0.384   0
         8    621.826    339.884 200.9462096 +36.0906951     4.97 0.0005358212 -10.8222 -10.9116   0.0232     23155.38     495.6773      973.168    0.086   0
         9    261.055    385.773 200.9945166 +36.0847429     5.80 0.0006254091  -9.1257  -9.1013   0.1208      4370.58     486.1515     944.5214    0.025   0
        10    197.685    448.717 201.0029034 +36.0778021     5.71  0.000615724  -9.0070  -9.1713   0.1133     4661.342     486.2057     925.0878    0.245   0
        11     26.035    497.954 201.0258327 +36.0720193     4.89 0.0005274592  -9.0436  -9.1485   0.1157     4564.516      486.224     871.8638    0.163   0
        12    139.634    538.594 201.0105273 +36.0679842     5.00 0.0005393237 -12.9360 -12.9835   0.0039       156093     558.5867     902.1714    0.079   0
        13    893.228    907.972 200.9088690 +36.0304531     8.34 0.0008994691 -11.5002 -11.0942   0.0197     27394.35     497.7574     821.6359    0.135   0
        14    883.224    798.100 200.9103913 +36.0422232     4.92 0.0005307629  -9.8101 -11.1076   0.0195     27736.04     498.0221     871.5925    0.389   0
        15    883.723    784.582 200.9103467 +36.0436761     4.39 0.0004737895  -9.5668 -11.0726   0.0201     26856.74     497.5672     872.2056    0.729   0
        16    882.378    771.206 200.9105491 +36.0451087     4.78 0.0005156733  -9.8411 -11.0668   0.0202     26713.43     497.2688     879.7785    0.336   0
        17    221.858    728.925 200.9991646 +36.0477839     5.20 0.0005607333 -10.2782 -10.3184   0.0398     13407.87     490.7634     878.3983    0.039   0
        18    538.753    713.016 200.9567113 +36.0503950     7.50 0.0008096322 -10.2209 -10.3102   0.0400      13307.3     490.6312     930.7574    0.051   0
        19    486.957    679.921 200.9637120 +36.0538021     5.07 0.0005467864 -10.1268 -10.1993   0.0443     12014.98     490.0398     934.8792    0.060   0
        20    882.793    862.095 200.9103433 +36.0353504     6.60 0.0007125665 -10.4725 -11.1427   0.0189     28646.52     498.3727     854.1215    0.353   0
        21    883.797    814.807 200.9102869 +36.0404309     7.40 0.0007986238 -10.7387 -11.1078   0.0195     27740.81     497.8516     864.8964    0.662   2
        22    532.233    733.824 200.9575496 +36.0481423     4.97 0.0005358846  -9.6478  -9.7592   0.0661     8011.138     487.9522     925.1125    0.064   0
        23    766.797    604.779 200.9263213 +36.0626576     5.10 0.0005500354 -10.2203 -10.2601   0.0419     12707.24     490.1632     965.4604    0.115   0
        24    883.244    948.180 200.9101407 +36.0261080     6.02  0.000649753 -10.3185 -11.1560   0.0187     28999.79     498.5764      831.906    0.394   0
        25    705.197    571.656 200.9346364 +36.0660420     4.14 0.0004468987  -8.1661  -8.8375   0.1538     3427.586     485.5436     964.6638    0.108   0
        26    881.424    697.285 200.9107992 +36.0530435     4.15 0.0004478955  -9.4314 -10.9949   0.0216     25000.29     496.6202     898.5979    0.540   0
        27    884.260    961.129 200.9099831 +36.0247203     4.89 0.0005280256  -9.9260 -11.1109   0.0194     27820.18     498.0245     827.4354    0.388   0
