#   1 NUMBER                 Running object number                                     
#   2 X_IMAGE                Object position along x                                    [pixel]
#   3 Y_IMAGE                Object position along y                                    [pixel]
#   4 ALPHA_J2000            Right ascension of barycenter (J2000)                      [deg]
#   5 DELTA_J2000            Declination of barycenter (J2000)                          [deg]
#   6 FWHM_IMAGE             FWHM assuming a gaussian core                              [pixel]
#   7 FWHM_WORLD             FWHM assuming a gaussian core                              [deg]
#   8 MAG_BEST               Best of MAG_AUTO and MAG_ISOCOR                            [mag]
#   9 MAG_APER               Fixed aperture magnitude vector                            [mag]
#  10 MAGERR_APER            RMS error vector for fixed aperture mag.                   [mag]
#  11 FLUX_APER              Flux vector within fixed circular aperture(s)              [count]
#  12 FLUXERR_APER           RMS error vector for aperture flux(es)                     [count]
#  13 BACKGROUND             Background at centroid position                            [count]
#  14 ELLIPTICITY            1 - B_IMAGE/A_IMAGE                                       
#  15 FLAGS                  Extraction flags                                          
         1    833.644    197.575 238.0208930 +33.0291154   203.78   0.02184845 -16.1824 -12.5821   0.0087     107855.5     861.7189     1445.845    0.910  24
         2    456.766    122.039 238.0694383 +33.0361273     7.61 0.0008153982 -14.2272 -14.2374   0.0021     495422.5     967.7086     1566.497    0.112   0
         3    433.834    196.263 238.0722615 +33.0281448     9.58  0.001027125 -10.1254 -10.1554   0.0784     11538.38     833.4007     1616.603    0.203   0
         4     58.431    250.904 238.1203969 +33.0212536    11.06  0.001186042 -10.8936 -10.9119   0.0392      23160.4     836.8332     1472.779    0.281   0
         5    173.853    270.868 238.1055355 +33.0194523     7.84   0.00084108 -11.8063 -11.8340   0.0170     54149.77     845.9253     1569.676    0.122   0
         6    297.606    287.195 238.0896105 +33.0180607     3.44 0.0003690774  -9.1391  -9.7125   0.1177      7673.45      831.983     1635.362    0.414   0
         7    261.004    294.004 238.0943009 +33.0172309     0.00            0  -8.8639  -9.4676   0.1474     6123.967     831.4703     1627.846    0.011   0
         8    489.804    361.461 238.0647979 +33.0106778     6.71 0.0007197162 -12.4268 -12.4582   0.0097     96221.05     858.2234     1717.648    0.045   0
         9      2.837    432.343 238.1272253 +33.0017386     7.34 0.0007864629 -10.5893 -10.6762   0.0378     18641.42      649.532     1530.449    0.423  24
        10    797.482    799.451 238.0245742 +32.9648060    27.93  0.002994668 -12.3084 -11.9082   0.0159     57979.91     847.2865     1682.881    0.458   1
        11    888.275    888.167 238.0127768 +32.9555912    56.67  0.006075588 -14.1134 -12.8250   0.0070     134899.8     869.5743     550.8812    0.155  16
        12    840.766    830.128 238.0189682 +32.9616524    75.90  0.008137597 -14.2007 -13.2301   0.0049     195906.4      887.006     1313.282    0.456  16
        13    706.280    785.565 238.0363055 +32.9660356     6.98 0.0007482728 -11.1404 -11.1914   0.0304     29962.57     838.8164     1773.613    0.095   2
        14    713.367    775.566 238.0354118 +32.9671220     6.86 0.0007357996 -10.2415 -10.6112   0.0517     17558.97     835.1348     1773.613    0.126   3
        15     99.509    781.522 238.1142119 +32.9647637     7.99 0.0008566492 -12.2979 -11.9218   0.0157     58712.14     847.4106     1602.718    0.120   0
        16    711.626    683.703 238.0357837 +32.9769173     6.66 0.0007145186 -10.8749 -10.9472   0.0380     23925.57      837.085     1772.658    0.038   0
        17    721.353    648.726 238.0345912 +32.9806756     6.23 0.0006684423 -11.3711 -11.4223   0.0246     37060.25     840.9291     1765.019    0.047   0
        18    718.814    885.953 238.0345343 +32.9553605     4.45 0.0004768715  -9.5114  99.0000  99.0000    -49886.96     829.7914     1290.577    0.089   0
