#   1 NUMBER                 Running object number                                     
#   2 X_IMAGE                Object position along x                                    [pixel]
#   3 Y_IMAGE                Object position along y                                    [pixel]
#   4 ALPHA_J2000            Right ascension of barycenter (J2000)                      [deg]
#   5 DELTA_J2000            Declination of barycenter (J2000)                          [deg]
#   6 FWHM_IMAGE             FWHM assuming a gaussian core                              [pixel]
#   7 FWHM_WORLD             FWHM assuming a gaussian core                              [deg]
#   8 MAG_BEST               Best of MAG_AUTO and MAG_ISOCOR                            [mag]
#   9 MAG_APER               Fixed aperture magnitude vector                            [mag]
#  10 MAGERR_APER            RMS error vector for fixed aperture mag.                   [mag]
#  11 FLUX_APER              Flux vector within fixed circular aperture(s)              [count]
#  12 FLUXERR_APER           RMS error vector for aperture flux(es)                     [count]
#  13 BACKGROUND             Background at centroid position                            [count]
#  14 ELLIPTICITY            1 - B_IMAGE/A_IMAGE                                       
#  15 FLAGS                  Extraction flags                                          
         1    833.349    181.850 200.9231431 +36.2154890   180.02   0.01941506 -15.7996 -12.2455   0.0096      79101.3     702.7637     1182.309    0.909  16
         2    539.502     34.719 200.9628208 +36.2304652     8.63 0.0009311783  -9.8067 -10.0094   0.0730     10086.89     677.7871     1236.112    0.334   0
         3    491.875     75.553 200.9691079 +36.2259307     6.59 0.0007102002 -10.1863  -9.9517   0.0769      9564.49     677.5754     1255.077    0.318   0
         4    558.718    131.317 200.9600312 +36.2201263     6.38 0.0006882836  -9.8944 -10.0796   0.0684     10761.02     678.0357      1299.46    0.263   0
         5    627.624    151.520 200.9507587 +36.2181542     8.63 0.0009312393 -10.8727 -10.8752   0.0331     22390.76     682.2914     1322.318    0.280   0
         6    459.779    223.192 200.9730737 +36.2099481     1.13 0.0001217621  -9.5368  -9.3197   0.1373     5343.954     675.7121     1320.894    0.068   0
         7    261.020    294.001 200.9995247 +36.2017388     0.00            0  -8.8279  -9.5740   0.1087     6754.377     676.1957     1317.403    0.008   0
         8    209.228    316.959 201.0064061 +36.1991136     5.48 0.0005907032 -10.1276 -10.0403   0.0709     10378.59     677.8188      1313.76    0.265   0
         9    329.131    330.547 200.9903228 +36.1980086     7.93   0.00085513  -9.9320  -9.5774   0.1084     6775.752     676.4697     1352.455    0.646   0
        10    462.203    377.375 200.9724019 +36.1933631     4.44 0.0004787319  -9.2353  -9.2881   0.1414     5190.928     675.6935     1382.435    0.186   0
        11    904.974    435.626 200.9130011 +36.1883859     4.25 0.0004587983 -11.1989  99.0000  99.0000    -16477.79     673.9609     961.2162    0.105   0
        12    845.067    473.322 200.9209383 +36.1841563     9.56  0.001031357 -11.2500 -11.2630   0.0233     32004.31     685.8236     1297.236    0.267   0
        13    464.044    489.764 200.9719026 +36.1812739     4.49 0.0004843689 -12.2442 -12.3254   0.0090     85147.38     704.9113     1403.606    0.101   0
        14    841.078    830.423 200.9206938 +36.1457154    80.56    0.0086884 -13.9201 -12.8648   0.0056     139934.6     724.1166     1088.425    0.483  16
        15    180.152    776.856 201.0092401 +36.1495359     3.37 0.0003639321  -8.8929 -10.1453   0.0644     11431.66      678.264     1343.864    0.185   0
        16    119.101    710.869 201.0175608 +36.1564541     4.89 0.0005278921  -9.1628  -9.5825   0.1079     6807.476     676.6144     1337.335    0.009   0
        17    888.120    887.927 200.9142753 +36.1396630    58.36  0.006294111 -13.7983 -12.4528   0.0080     95748.62     708.7155     547.7143    0.140  16
        18    884.775    617.380 200.9153101 +36.1687683     4.27 0.0004603017 -11.5783  99.0000  99.0000    -15716.91     673.8846     1182.839    0.127   0
        19    189.554    529.804 201.0085502 +36.1761500     4.59 0.0004946776 -10.4155 -10.5409   0.0449     16457.09     679.9247     1368.427    0.143   0
        20    451.256    530.303 200.9735230 +36.1768737     4.42 0.0004765191 -12.1107 -12.1906   0.0101     75200.65     701.3564     1403.395    0.104   0
        21    327.532    462.024 200.9902375 +36.1838551     4.65  0.000501339 -10.5284 -10.7134   0.0384     19290.77       681.23     1388.857    0.102   0
