#   1 NUMBER                 Running object number                                     
#   2 X_IMAGE                Object position along x                                    [pixel]
#   3 Y_IMAGE                Object position along y                                    [pixel]
#   4 ALPHA_J2000            Right ascension of barycenter (J2000)                      [deg]
#   5 DELTA_J2000            Declination of barycenter (J2000)                          [deg]
#   6 FWHM_IMAGE             FWHM assuming a gaussian core                              [pixel]
#   7 FWHM_WORLD             FWHM assuming a gaussian core                              [deg]
#   8 MAG_BEST               Best of MAG_AUTO and MAG_ISOCOR                            [mag]
#   9 MAG_APER               Fixed aperture magnitude vector                            [mag]
#  10 MAGERR_APER            RMS error vector for fixed aperture mag.                   [mag]
#  11 FLUX_APER              Flux vector within fixed circular aperture(s)              [count]
#  12 FLUXERR_APER           RMS error vector for aperture flux(es)                     [count]
#  13 BACKGROUND             Background at centroid position                            [count]
#  14 ELLIPTICITY            1 - B_IMAGE/A_IMAGE                                       
#  15 FLAGS                  Extraction flags                                          
         1      9.852     81.339 237.9944263 +32.9337258    60.42  0.006480047 -13.1800 -12.3088   0.0079     83852.05     607.1903     435.9428    0.609  24
         2    141.955     87.923 237.9774538 +32.9333787    37.07  0.003976068 -12.8737 -11.5561   0.0163      41920.8     629.9737     1072.451    0.724   0
         3    192.413     29.954 237.9710649 +32.9396999    29.15  0.003126645 -11.9866 -11.4339   0.0182      37458.7     628.0989      690.485    0.202   1
         4    136.819     10.856 237.9782336 +32.9415890    84.76  0.009091367 -14.3905 -13.1565   0.0039     183070.3     656.0745      336.537    0.740  24
         5     63.518    110.222 237.9874901 +32.9307884    15.27  0.001637913  -9.6784  99.0000  99.0000    -10444.18     613.1121     803.3231    0.504   2
         6    914.133     90.735 237.8782988 +32.9351107     6.10 0.0006539488 -12.1101 -12.0493   0.0105     66028.56      639.519     1116.099    0.141   0
         7    420.088     93.599 237.9417322 +32.9335139     5.67 0.0006081075 -11.5615 -11.6531   0.0150     45841.62     631.4604     1230.253    0.141   0
         8    926.585     97.130 237.8766907 +32.9344603     5.30 0.0005681632  -8.8221  -9.2908   0.1284     5203.771     615.2649     1147.655    0.305   0
         9    417.962    121.223 237.9419633 +32.9305605     0.72 7.748486e-05  -7.6288  99.0000  99.0000    -5192.922     613.0254     1256.364    0.023   0
        10    154.120    131.368 237.9758240 +32.9287752     4.74 0.0005089153  -8.2048  99.0000  99.0000    -13319.24     613.0948      1251.41    0.257   0
        11    551.124    141.739 237.9248347 +32.9287223     5.33 0.0005713802 -11.0864 -10.9441   0.0283     23859.21     622.7819     1252.205    0.122   0
        12    985.822    197.306 237.8689411 +32.9239228     5.39 0.0005777025 -14.7925 -14.8271   0.0011     852781.8     895.7106     1145.065    0.099   0
        13    978.243    181.824 237.8699362 +32.9255554     7.55 0.0008094494 -10.0329 -10.5560   0.0403     16688.13     619.7937     1148.425    0.360   0
        14    950.815    207.019 237.8734216 +32.9227961     6.20 0.0006650886  -9.0815  -9.7223   0.0864     7743.182     616.0024     1160.119    0.232   0
        15     75.781    240.967 237.9857102 +32.9168693    13.91   0.00149164 -12.1397 -11.4518   0.0179     38083.52     628.3306     1162.384    0.126   0
        16    179.904    258.196 237.9723163 +32.9153102     5.01 0.0005377846 -11.9219 -11.9909   0.0111     62566.94     638.0143     1283.044    0.122   0
        17    250.112    272.311 237.9632815 +32.9139915     5.58 0.0005983479  -9.4409  -9.5410   0.1021     6552.389     615.7781     1281.775    0.241   0
        18     76.496    278.507 237.9855594 +32.9128652     3.75 0.0004020192  -9.3649 -11.2784   0.0210     32460.84     626.3612     1162.805    0.583   0
        19     75.805    287.294 237.9856342 +32.9119256     5.25 0.0005635284 -10.1693 -11.2716   0.0211     32257.62     626.0083     1162.894    0.394   0
        20    566.198    413.147 237.9224936 +32.8997991    22.91  0.002457163 -17.0003 -17.0079   0.0003      6355836     1885.108      1256.49    0.383   4
        21    883.994    311.675 237.8818493 +32.9114555     5.20  0.000557276  -9.4892  -9.6981   0.0884     7572.833     616.0887     1163.976    0.184   0
        22    780.369    343.287 237.8951057 +32.9078136     4.66 0.0004994419 -12.1696 -12.2187   0.0091     77175.29     643.7792     1201.276    0.063   0
        23     76.510    355.997 237.9854359 +32.9045960     3.75  0.000401837  -9.5468 -11.3123   0.0203     33490.85     626.5345     1163.774    0.381   0
        24    432.554    354.526 237.9397361 +32.9057026     5.55 0.0005951831  -8.8136  -9.2705   0.1308     5107.424     615.1393     1270.467    0.250   0
        25    153.137    376.830 237.9755676 +32.9025787     4.75 0.0005094624 -12.8314 -12.8646   0.0052     139913.4     667.7617     1280.131    0.116   0
        26    437.527    364.469 237.9390827 +32.9046547     5.38 0.0005767024  -9.1897  -9.5557   0.1007     6641.673     615.8834      1269.64    0.241   0
        27    785.266    375.325 237.8944303 +32.9044073     4.32 0.0004636557  -8.8838  -8.8614   0.1905     3503.871     614.5565     1191.098    0.198   0
        28    336.621    378.307 237.9520138 +32.9029106     4.72 0.0005061072  -8.9809  -9.4148   0.1146     5833.476     615.4689     1273.605    0.228   0
        29     82.244    377.555 237.9846661 +32.9023110     4.74 0.0005088607  -9.9358 -11.2299   0.0219     31042.56     625.6589     1189.708    0.629   0
        30    629.260    378.557 237.9144506 +32.9036556     2.65 0.0002840667  -7.9545  -5.6190   3.7650     176.8552     613.1322     1245.869    0.471   0
        31     78.595    384.223 237.9851240 +32.9015896     3.45 0.0003696389  -9.4067 -11.3335   0.0199     34151.72     626.5946     1171.913    0.415   0
        32    203.909    401.666 237.9690123 +32.9000642     4.70 0.0005041236 -11.8275 -11.9304   0.0117     59175.88     636.8513     1278.168    0.119   0
        33     78.102    395.773 237.9851692 +32.9003557     4.55 0.0004882966  -9.9633 -11.3199   0.0202     33726.88     626.7136     1164.819    0.527   0
        34    370.540    460.290 237.9475351 +32.8942520     4.64 0.0004977254  -9.9336 -10.1597   0.0579     11584.73     617.8694     1266.632    0.113   0
        35     79.165    460.329 237.9849314 +32.8934697     4.16 0.0004464505  -9.7012 -11.2459   0.0216     31504.41     625.8604     1165.575    0.128   0
        36    960.816    504.143 237.8717118 +32.8911146     4.50 0.0004828671 -12.6755 -12.7128   0.0059     121654.3     660.8422     1070.617    0.035   0
        37    507.600    504.311 237.9298779 +32.8899166     5.55 0.0005957163  -8.4511  -8.7865   0.2040       3270.5     614.3231     1251.083    0.545   0
        38     76.701    554.130 237.9851005 +32.8834533    21.55  0.002311449 -12.6248 -11.4469   0.0180     37909.06     628.4135     1147.489    0.513   0
        39    228.875    532.920 237.9656048 +32.8861245     4.84  0.000518845  -9.3528  -9.3763   0.1187     5629.992     615.4727     1268.011    0.120   0
        40     83.187    923.000 237.9836898 +32.8441077     3.82 0.0004100192  -9.5177 -11.2797   0.0209     32499.46      625.918     1059.306    0.382   0
        41     86.729    898.619 237.9832736 +32.8467189     4.18 0.0004488211 -10.0030 -11.3239   0.0201      33849.7     626.7965     1091.539    0.407   0
        42     79.723    893.992 237.9841796 +32.8471939     4.24 0.0004551558  -9.7542 -11.3227   0.0201     33813.93     626.6635     1058.391    0.065   0
        43    720.205    884.907 237.9020328 +32.8498588     4.19 0.0004495703 -11.8998 -11.9654   0.0113     61114.31     637.4616     1032.415    0.169   0
        44    437.044    621.205 237.9387560 +32.8772563     4.11 0.0004404665 -12.6280 -12.6803   0.0061     118069.6     659.3718     1241.514    0.110   0
        45    400.865    787.108 237.9431466 +32.8594566     3.69 0.0003961956  -8.7973  -8.9196   0.1806     3696.959     614.6696     1193.688    0.133   0
        46     79.159    681.437 237.9845853 +32.8698747    22.31  0.002393286 -12.6586 -11.4855   0.0174     39282.68     628.9597     1134.848    0.093   2
        47    894.646    628.364 237.8800250 +32.8776879     4.41 0.0004731981  -8.5909  -8.8565   0.1913     3488.159     614.5674     1052.163    0.163   0
        48     80.402    785.196 237.9842630 +32.8588056     3.45 0.0003696232  -9.5349 -11.3875   0.0190      35891.3     627.3561     1104.577    0.415   2
        49    152.004    815.276 237.9750303 +32.8557879     3.80 0.0004079463 -11.8555 -11.8821   0.0122     56603.51     635.6901     1206.284    0.148   0
        50    776.229    837.911 237.8949145 +32.8550197     4.22 0.0004521214 -10.7796 -10.8227   0.0316     21334.35     621.7334     1026.062    0.150   0
        51     79.151    811.701 237.9843820 +32.8559738     5.82 0.0006237488 -10.5402 -11.3721   0.0193     35388.08     627.3589     1088.492    0.372   0
        52     80.491    801.499 237.9842261 +32.8570661     3.59 0.0003847663  -9.5214 -11.3864   0.0190     35854.82     627.6635     1098.292    0.456   2
        53    748.260    653.617 237.8987727 +32.8746136     4.11 0.0004411369  -9.6715  -9.9201   0.0721     9290.696     616.8371     1114.137    0.108   0
        54    685.981    696.850 237.9067004 +32.8698378     3.91 0.0004196608 -11.6695 -11.7168   0.0141     48609.27     632.6224     1127.848    0.090   0
        55     79.853    752.454 237.9843848 +32.8622981     5.92 0.0006346187 -10.5110 -11.3923   0.0189     36050.02     627.6227     1117.538    0.506   0
        56     74.390    727.785 237.9851244 +32.8649159     3.45 0.0003700095  -9.4017 -11.3025   0.0205     33188.07      626.244     1092.742    0.418   0
        57     84.551    721.739 237.9838302 +32.8655885     7.03 0.0007539282 -10.8289 -11.3344   0.0199     34177.99     626.8087       1155.9    0.458   0
        58    673.090    689.831 237.9083648 +32.8705532     1.55 0.0001659086  -8.2866  -9.0187   0.1648     4050.364     614.7441     1136.941    0.053   0
        59    706.315    675.777 237.9041223 +32.8721396     3.96 0.0004248007  -8.8796  -8.7104   0.2188     3049.131     614.3369     1126.399    0.175   0
        60    531.429    671.371 237.9265692 +32.8721518     4.20 0.0004507634  -9.3737  -9.6018   0.0965     6929.637     615.8449     1202.365    0.069   0
        61    650.270   1008.876 237.9108209 +32.8364472     4.54  0.000486492 -12.5391 -12.5636   0.0067     106030.6     654.9212     1012.355    0.225   0
        62     77.742    619.007 237.9848651 +32.8765329     4.73 0.0005075927  -9.8633 -11.3691   0.0193     35289.71      627.252     1143.564    0.852   0
        63    612.120    547.035 237.9164002 +32.8856319     4.67 0.0005012052  -8.7585  -8.6079   0.2404     2774.376     614.1904     1211.291    0.209   0
        64    585.923    954.450 237.9191553 +32.8420866     4.06 0.0004359507  -9.9935 -10.0868   0.0619     10832.65     617.5479     1063.322    0.207   0
        65     85.187    995.523 237.9833197 +32.8363740     5.25 0.0005632301 -10.4724 -10.8261   0.0315     21402.18     621.7264     1049.796    0.221   0
        66     85.138    952.208 237.9833939 +32.8409961     6.76  0.000725445 -10.7897 -11.2578   0.0213     31851.61     625.9311     1060.372    0.750   0
        67    576.633    569.661 237.9209206 +32.8831243     7.41 0.0007947527  -9.7887  -9.8840   0.0745     8986.957     616.8174     1215.909    0.117   0
        68    311.202    582.860 237.9549629 +32.8810146     4.18   0.00044886  -9.6313  -9.7834   0.0817     8191.346     616.2878     1259.186    0.151   0
        69     98.369    557.630 237.9823143 +32.8831380     5.33 0.0005716514  -9.1991  -9.5373   0.1024     6530.124     615.6655      1263.97    0.272   0
        70    751.397    949.344 237.8979371 +32.8430637     4.58 0.0004913496 -12.6945 -12.7300   0.0058     123592.5     661.4785     986.1305    0.194   0
