#   1 NUMBER                 Running object number                                     
#   2 X_IMAGE                Object position along x                                    [pixel]
#   3 Y_IMAGE                Object position along y                                    [pixel]
#   4 ALPHA_J2000            Right ascension of barycenter (J2000)                      [deg]
#   5 DELTA_J2000            Declination of barycenter (J2000)                          [deg]
#   6 FWHM_IMAGE             FWHM assuming a gaussian core                              [pixel]
#   7 FWHM_WORLD             FWHM assuming a gaussian core                              [deg]
#   8 MAG_BEST               Best of MAG_AUTO and MAG_ISOCOR                            [mag]
#   9 MAG_APER               Fixed aperture magnitude vector                            [mag]
#  10 MAGERR_APER            RMS error vector for fixed aperture mag.                   [mag]
#  11 FLUX_APER              Flux vector within fixed circular aperture(s)              [count]
#  12 FLUXERR_APER           RMS error vector for aperture flux(es)                     [count]
#  13 BACKGROUND             Background at centroid position                            [count]
#  14 ELLIPTICITY            1 - B_IMAGE/A_IMAGE                                       
#  15 FLAGS                  Extraction flags                                          
         1    838.945     80.733 238.0191596 +32.9335738   146.34   0.01569697 -15.5383 -13.5653   0.0035     266756.8     859.9075     1180.433    0.597  16
         2    828.464     10.484 238.0206651 +32.9410448    96.26   0.01032514 -14.4664 -13.5086   0.0035     253184.5     816.2006     249.6958    0.810  24
         3    492.877     51.775 238.0636562 +32.9357763     3.99 0.0004277299  -9.3311  99.0000  99.0000    -22674.79     778.5882     1312.805    0.103   0
         4    249.406     79.725 238.0948481 +32.9321589    23.14   0.00248166 -12.9314 -11.8108   0.0163     53005.77     795.3182     1449.053    0.157   2
         5    107.554     83.393 238.1130502 +32.9313944    10.98  0.001177601 -12.0480 -11.7451   0.0173     49891.55     794.3171     1395.573    0.123   2
         6    133.955     83.910 238.1096596 +32.9314088    17.53  0.001880736 -12.5835 -11.6840   0.0183     47160.83     793.6084     1420.578    0.531   2
         7    229.392     82.454 238.0974111 +32.9318152    19.50  0.002091107 -12.8429 -11.8026   0.0164     52604.62     795.2136     1455.172    0.160   2
         8    383.630     77.753 238.0776210 +32.9327200     5.94 0.0006375959 -10.6614 -11.6095   0.0195     44034.37     792.5364     1482.525    0.594   0
         9     68.147     78.423 238.1181211 +32.9318207     4.90 0.0005257795 -10.3342 -11.5803   0.0201     42866.98     792.1897     1348.465    0.357   0
        10    394.580     78.763 238.0762129 +32.9326408     3.45 0.0003700093  -9.6282 -11.5816   0.0200     42919.86     792.0765     1494.519    0.412   0
        11    362.077     82.592 238.0803766 +32.9321474     5.32  0.000571011 -10.5274 -11.6022   0.0197     43738.88     792.3998      1516.78    0.422   0
        12    423.600     82.803 238.0724779 +32.9322850     3.43 0.0003682746  -9.6173 -11.4614   0.0223     38418.59      790.546     1538.552    0.410   0
        13    178.333     82.502 238.1039658 +32.9316760     4.57 0.0004900715 -10.1934 -11.6126   0.0195     44160.66     792.7061     1439.279    0.625   2
        14    281.165     83.665 238.0907616 +32.9318217     6.95 0.0007452035 -11.0981 -11.5891   0.0199     43215.18     792.3862     1496.722    0.501   2
        15    147.715     86.977 238.1078859 +32.9311177     4.27  0.000457835 -10.0851 -11.5857   0.0200     43078.84     792.2782     1452.728    0.081   0
        16     66.413    121.240 238.1182411 +32.9272463     4.50 0.0004823965 -13.7037 -13.7254   0.0031     309144.9     872.0259     1491.458    0.057   0
        17    730.640    130.020 238.0329513 +32.9280371     4.10 0.0004396938 -10.0045  99.0000  99.0000    -12967.42     778.4781     1699.698    0.110   0
        18    752.327    134.585 238.0301568 +32.9276053     3.79  0.000406156  -9.6156  99.0000  99.0000    -24952.08     778.6323     1699.942    0.076   0
        19    701.629    197.992 238.0365196 +32.9207080     4.74 0.0005079336 -11.7678 -11.8793   0.0153     56459.11     796.2091     1700.917    0.079   0
        20    478.540    190.014 238.0651748 +32.9209848     4.39 0.0004709939  -9.2896 -10.0748   0.0793     10713.64     781.9769     1678.689    0.259   0
        21    323.663    193.377 238.0850475 +32.9202231     4.33 0.0004646973  -9.7993 -10.0640   0.0801     10607.13     782.0086     1644.155    0.105   0
        22    113.550    262.495 238.1118531 +32.9122947     4.44 0.0004764633 -13.6895 -13.7285   0.0031     310014.8     872.4718      1529.75    0.052   0
        23    762.582    282.611 238.0285019 +32.9118324     4.31 0.0004621786 -12.0947 -12.1945   0.0115     75476.88     802.1369     1701.126    0.064   0
        24      7.153    324.162 238.1253610 +32.9054316     3.13 0.0003353545  -8.8462  -7.7108   0.6125     1214.321     684.8311     1445.889    0.154  16
        25    581.738    333.712 238.0515954 +32.9059145     4.29 0.0004603877 -11.1842 -11.2908   0.0261     32834.89     789.1261     1680.593    0.026   0
        26    288.491    347.724 238.0891982 +32.9036578     4.45 0.0004771475 -11.0710 -11.1085   0.0308     27760.02     787.4731     1631.799    0.071   0
        27     44.653    351.604 238.1204825 +32.9026021     5.78 0.0006197296  -9.0891  -9.1333   0.1882     4501.072     779.9002     1472.489    0.156   0
        28    451.441    388.385 238.0681904 +32.8997424     4.53 0.0004858409 -10.7233 -10.8511   0.0390      21899.3     785.4575     1659.867    0.032   0
        29    511.964    439.173 238.0603053 +32.8944785     4.38 0.0004700987 -12.0302 -12.0034   0.0137     63296.47     798.6108      1661.93    0.051   0
        30     65.878    430.841 238.1175690 +32.8942013    -2.30 -0.0002465114  -7.6346  99.0000  99.0000    -693.2209     778.5442     1474.071    0.215   0
        31    159.638    456.956 238.1054753 +32.8916614     4.58 0.0004915268  -9.7666  -9.6355   0.1186     7148.536     780.9241      1539.06    0.080   0
        32    270.952    498.628 238.0910929 +32.8875060     4.47 0.0004799562 -12.3479 -12.3941   0.0097     90708.44     807.1464     1598.044    0.087   0
        33    882.729    582.544 238.0124011 +32.8801259    14.75  0.001582402 -11.4681 -11.6576   0.0187     46030.27     793.1441     1532.644    0.574   1
        34     14.478    500.223 238.1239983 +32.8866602     4.60 0.0004939374 -10.2872  -9.8518   0.0968      8724.14     777.2915     1419.566    0.160  16
        35    440.839    506.121 238.0692763 +32.8871488     4.77 0.0005114435  -9.5489  -9.3408   0.1555     5449.198       780.27     1646.433    0.140   0
        36    884.268    903.438 238.0114772 +32.8458804   147.83   0.01585681 -15.2590 -12.1908   0.0116     75220.38     802.2921     1339.804    0.943  18
        37    381.541    706.017 238.0764169 +32.8656599     4.46 0.0004781864 -12.6935 -12.7499   0.0071     125877.4     817.9878     1537.349    0.055   0
        38    800.726   1023.479 238.0219190 +32.8328559     4.89 0.0005245568  -9.7198  -9.1390   0.1621     4524.993     675.4071     1392.027    0.121  16
        39    887.504   1019.898 238.0107988 +32.8334585     5.35 0.0005740384 -10.3868 -11.3484   0.0233      34624.2     741.3715     1263.435    0.665  16
        40      3.196   1011.396 238.1242192 +32.8320732     9.13  0.000979052 -11.1981 -11.2395   0.0216     31317.69     622.3798     466.1625    0.869  16
        41    908.369    628.759 238.0090069 +32.8752583     4.09 0.0004391551 -10.7904  99.0000  99.0000    -11054.79     778.5882     1353.759    0.084   0
        42    131.324    638.035 238.1086773 +32.8722604     4.75 0.0005094913 -10.0671 -10.3461   0.0618     13754.79     782.9705     1449.088    0.093   0
        43    810.974    871.546 238.0209503 +32.8490980     4.52 0.0004845661 -12.7008 -12.7136   0.0073     121737.6     816.7635     1503.969    0.070   0
        44    860.033    796.109 238.0148289 +32.8572742     4.99 0.0005351459 -12.1185 -12.2477   0.0110     79268.03     803.5951     1531.599    0.070   0
        45    302.496    762.056 238.0864252 +32.8594727     4.63 0.0004967704 -10.7787 -10.8288   0.0398      21453.9     785.4467     1464.128    0.075   0
