#   1 NUMBER                 Running object number                                     
#   2 X_IMAGE                Object position along x                                    [pixel]
#   3 Y_IMAGE                Object position along y                                    [pixel]
#   4 ALPHA_J2000            Right ascension of barycenter (J2000)                      [deg]
#   5 DELTA_J2000            Declination of barycenter (J2000)                          [deg]
#   6 FWHM_IMAGE             FWHM assuming a gaussian core                              [pixel]
#   7 FWHM_WORLD             FWHM assuming a gaussian core                              [deg]
#   8 MAG_BEST               Best of MAG_AUTO and MAG_ISOCOR                            [mag]
#   9 MAG_APER               Fixed aperture magnitude vector                            [mag]
#  10 MAGERR_APER            RMS error vector for fixed aperture mag.                   [mag]
#  11 FLUX_APER              Flux vector within fixed circular aperture(s)              [count]
#  12 FLUXERR_APER           RMS error vector for aperture flux(es)                     [count]
#  13 BACKGROUND             Background at centroid position                            [count]
#  14 ELLIPTICITY            1 - B_IMAGE/A_IMAGE                                       
#  15 FLAGS                  Extraction flags                                          
         1    853.674     90.130 327.8126365 +28.8476379   116.91   0.01262796 -17.7110 -15.6033   0.0019      1743056     2975.555     4374.814    0.499  19
         2    815.420     45.787 327.8174685 +28.8523208    85.34  0.009217634 -16.4191 -15.0793   0.0029      1075806     2917.408     1946.263    0.787  19
         3    826.689     11.038 327.8161605 +28.8560951    97.71   0.01055435 -17.0705 -15.5212   0.0019      1616101      2836.84    -1211.115    0.793  25
         4    476.563     10.789 327.8594111 +28.8552275     5.55 0.0005997888 -10.2745  99.0000  99.0000    -402123.5     2678.879     3107.508    0.352  16
         5    177.193     82.082 327.8962128 +28.8467671   133.38   0.01440753 -16.8373 -13.7145   0.0101     306063.3     2851.476     5890.549    0.914  18
         6    589.192     31.305 327.8454483 +28.8533052     5.55 0.0005990189 -11.8462  99.0000  99.0000    -283963.8     2824.834     4411.432    0.245   0
         7    562.429     83.781 327.8486259 +28.8475803     8.07 0.0008717561 -14.8416 -13.6221   0.0110     281075.4     2849.047     6873.638    0.650   0
         8    615.275     96.089 327.8420684 +28.8463889     6.47 0.0006988345 -13.0871 -13.1732   0.0166     185902.8     2841.557     7486.672    0.180   0
         9    733.393    108.169 327.8274496 +28.8453882     5.31 0.0005736455 -11.6253  99.0000  99.0000    -63926.53     2823.955     7574.582    0.074   0
        10    585.060    192.939 327.8455639 +28.8358719     5.47 0.0005913216 -14.4812 -14.5548   0.0047     663635.4      2882.89      7553.17    0.054   0
        11    694.740    192.938 327.8320181 +28.8361524     5.59 0.0006033038 -14.2188 -14.2956   0.0060     522661.3     2870.639     7580.488    0.053   0
        12    118.980    189.199 327.9031350 +28.8350690     5.61 0.0006061608 -12.3054 -12.5082   0.0305     100757.9     2832.383     6597.088    0.017   0
        13    385.767    218.412 327.8701143 +28.8326135     5.37 0.0005804028 -12.0838 -12.1920   0.0408      75303.2     2830.773     7378.498    0.069   0
        14    173.629    218.623 327.8963124 +28.8320400     5.22 0.0005639901 -11.6039 -11.7381   0.0620      49572.2     2829.059     6826.831    0.041   0
        15     93.716    243.397 327.9061193 +28.8291609     5.16 0.0005577281 -12.4646 -12.4544   0.0321     95888.14     2833.148      6477.75    0.004   0
        16    878.309    380.567 327.8088954 +28.8163934    17.50   0.00189078 -13.9889 -13.0560   0.0185     166875.8     2839.565     6898.607    0.491   2
        17    758.260    263.756 327.8240017 +28.8286804     5.51 0.0005947378 -12.4595 -12.5300   0.0299     102798.8     2833.917     7586.077    0.092   0
        18     71.088    268.423 327.9088510 +28.8264040     5.30 0.0005723049 -11.2661 -11.1344   0.1080     28429.04     2827.429      6359.31    0.064   0
        19    411.402    283.127 327.8667890 +28.8257040     5.12 0.0005529021 -11.2502 -11.3994   0.0846     36288.26     2827.725     7417.271    0.083   0
        20    290.464    329.240 327.8816094 +28.8204205     5.02 0.0005424045 -11.6254 -11.6877   0.0649     47324.83      2828.94     7192.737    0.067   0
        21    389.836    346.717 327.8692954 +28.8187938     5.04 0.0005439734 -11.9186 -12.1108   0.0440     69875.41     2831.251     7337.318    0.113   0
        22     87.359    353.544 327.9066284 +28.8172715     5.22  0.000563725 -12.6978 -12.7429   0.0246     125075.6     2836.121     6413.949    0.046   0
        23    118.228    382.892 327.9027434 +28.8141888     5.19 0.0005601425 -12.1147 -12.2012   0.0405     75943.51     2831.707     6534.139    0.072   0
        24    756.959    383.810 327.8238719 +28.8157362     5.22 0.0005639259 -11.7484 -11.8975   0.0535     57412.27     2829.352     7539.378    0.113   0
        25    755.005    396.557 327.8240824 +28.8143573     5.22 0.0005635738 -10.5058 -10.8471   0.1407     21820.14     2826.286     7528.454    0.259   0
        26    617.098    424.069 327.8410439 +28.8110401     5.08 0.0005485665 -12.2127 -12.2657   0.0382     80588.52     2832.276     7459.372    0.095   0
        27    283.025    445.951 327.8822385 +28.8078208     5.14 0.0005551482 -10.7169 -10.6810   0.1639     18724.42     2826.491     7116.519    0.029   0
        28    492.403    485.106 327.8562907 +28.8041410     4.83 0.0005219313 -12.0105 -12.0333   0.0472     65062.77     2830.188     7340.854    0.110   0
        29    547.829    495.588 327.8494219 +28.8031536     4.97 0.0005366757 -11.6086 -11.9278   0.0520     59037.58     2828.938     7374.909    0.089   0
        30    466.016    890.506 327.8585535 +28.7603747     5.54 0.0005980941 -10.3350  -9.9431   0.3234     9489.108     2825.834     5883.007    0.269   0
        31    881.834    808.677 327.8074319 +28.7702555   190.09   0.02053277 -17.2749 -14.0713   0.0073     425145.9     2862.213     5908.034    0.939  58
        32    879.630    478.917 327.8084960 +28.8057955    49.73  0.005371686 -14.7952  99.0000  99.0000            0            0     6788.981    0.863  51
        33      7.154    990.263 327.9149319 +28.7484295    59.33   0.00640807 -14.8707 -13.2287   0.0139     195642.8      2502.91     220.6665    0.839  24
        34    780.392    979.497 327.8195402 +28.7515857     4.70 0.0005072404 -14.3363 -14.3879   0.0055     569075.4     2874.443     5926.412    0.135   0
        35    364.263    982.047 327.8708855 +28.7502451     5.35 0.0005782555 -12.5873 -12.6777   0.0261     117784.8     2834.921      5058.25    0.221   0
        36    321.474    794.270 327.8766298 +28.7703750     5.03 0.0005432392 -11.8473 -11.8676   0.0550      55854.2     2830.252     6125.988    0.204   0
        37    646.130    784.328 327.8365830 +28.7722814     5.28 0.0005708189 -10.2284 -10.1757   0.2611     11756.23     2826.354     6748.447    0.283   0
        38    286.256    880.376 327.8807634 +28.7610023     4.57 0.0004938723 -10.1666 -10.0299   0.2985     10279.61     2825.904     5519.893    0.415   0
        39    850.402    828.998 327.8112625 +28.7679856     4.90 0.0005293494 -11.7057 -12.2887   0.0374     82317.07     2831.233     6479.956    0.104   0
        40    301.722    798.642 327.8790569 +28.7698526     3.98  0.000430275 -10.2828 -10.5614   0.1830     16771.52     2826.318     6048.765    0.405   0
        41    705.429    768.358 327.8293026 +28.7741540     5.77 0.0006233556 -10.4823 -10.7594   0.1525     20126.02     2826.615     6878.623    0.151   0
        42    411.938    566.036 327.8660261 +28.7952103     4.74  0.000512097 -14.2138 -14.2803   0.0060     515389.2      2870.32     7212.214    0.080   0
        43    627.620    738.889 327.8389783 +28.7771321     4.45 0.0004806092 -12.0665 -12.0966   0.0446     68965.36     2831.011     6931.385    0.133   0
        44    233.045    714.487 327.8877422 +28.7787454     5.51 0.0005950016 -10.6201  -9.8198   0.3623     8471.036     2825.983     6231.521    0.267   0
        45    408.080    684.859 327.8662097 +28.7823923     4.68 0.0005054214 -13.7291 -13.7741   0.0096     323335.2     2853.939     6832.504    0.107   0
        46    690.001    598.518 327.8316189 +28.7924221     3.63 0.0003917694 -10.2430 -10.5787   0.1801     17040.31     2825.943     7394.923    0.176   0
        47    435.948    654.173 327.8628453 +28.7857718     4.74 0.0005115723 -12.6698 -12.6966   0.0257     119850.4      2835.82     7000.942    0.095   0
        48    547.019    617.831 327.8492230 +28.7899748     4.89 0.0005279169 -10.7137 -10.7105   0.1595     19240.54     2825.978     7268.725    0.059   0
        49    535.884    601.495 327.8506376 +28.7917071     4.75  0.000513472 -12.6602 -12.7477   0.0245     125625.6      2836.09     7292.473    0.111   0
        50    624.204    976.527 327.8388216 +28.7515081     5.64 0.0006091683 -10.9652 -11.0979   0.1117      27489.5     2827.027     5680.092    0.214   0
        51    341.110    847.339 327.8740752 +28.7647054     4.80 0.0005188366 -10.1359  -9.7016   0.4040     7597.042     2825.826     5874.915    0.276   0
        52    296.968    585.358 327.8801717 +28.7928302     5.08 0.0005488932 -12.4724 -12.7101   0.0254     121348.5     2835.633     6895.863    0.091   0
        53    789.623    826.613 327.8187699 +28.7680886     4.66 0.0005037409 -10.3567 -10.4171   0.2089     14684.15     2825.095     6672.997    0.137   0
        54     80.033    729.000 327.9065927 +28.7767819     4.11 0.0004434219 -10.6246 -11.4913   0.0778     39491.33     2827.369     5584.219    0.018   0
        55    111.766    865.384 327.9023351 +28.7621640     4.36 0.0004707078 -10.1651  99.0000  99.0000    -45724.69     2824.435     5050.205    0.224   0
        56    653.118    847.763 327.8355664 +28.7654615     4.50 0.0004861811 -13.0748 -13.1677   0.0167     184963.5     2841.316     6456.235    0.134   0
        57    685.936    917.066 327.8313479 +28.7580749     4.69 0.0005071267 -11.0668 -11.3191   0.0911      33700.3     2828.135     6138.717    0.205   0
