#   1 NUMBER                 Running object number                                     
#   2 X_IMAGE                Object position along x                                    [pixel]
#   3 Y_IMAGE                Object position along y                                    [pixel]
#   4 ALPHA_J2000            Right ascension of barycenter (J2000)                      [deg]
#   5 DELTA_J2000            Declination of barycenter (J2000)                          [deg]
#   6 FWHM_IMAGE             FWHM assuming a gaussian core                              [pixel]
#   7 FWHM_WORLD             FWHM assuming a gaussian core                              [deg]
#   8 MAG_BEST               Best of MAG_AUTO and MAG_ISOCOR                            [mag]
#   9 MAG_APER               Fixed aperture magnitude vector                            [mag]
#  10 MAGERR_APER            RMS error vector for fixed aperture mag.                   [mag]
#  11 FLUX_APER              Flux vector within fixed circular aperture(s)              [count]
#  12 FLUXERR_APER           RMS error vector for aperture flux(es)                     [count]
#  13 BACKGROUND             Background at centroid position                            [count]
#  14 ELLIPTICITY            1 - B_IMAGE/A_IMAGE                                       
#  15 FLAGS                  Extraction flags                                          
         1    832.611    174.280 327.8177257 +28.9481933   213.43   0.02305862 -16.4575 -12.9304   0.0073     148648.5     996.5154     1669.555    0.904  18
         2    855.699     36.690 327.8151972 +28.9630816    12.62  0.001362942 -12.3845 -12.5157   0.0105     101452.3     984.7886     1320.743    0.302   3
         3    427.134     87.827 327.8680936 +28.9564889     8.78 0.0009485407 -13.0744 -13.0916   0.0063     172445.3     1002.545     1775.587    0.280   0
         4    445.854    101.164 327.8657453 +28.9550990     8.69 0.0009393024 -12.9693 -13.0079   0.0068     159650.3     999.3497     1797.061    0.270   0
         5     46.255     91.656 327.9152021 +28.9550981     7.86 0.0008486823 -11.3662 -11.4453   0.0278     37854.59     968.2944     1344.219    0.249   0
         6    199.295    129.761 327.8961760 +28.9513859     8.77 0.0009470727 -13.4519 -13.4779   0.0045     246137.6     1020.654     1678.101    0.257   0
         7    708.688    204.114 327.8329836 +28.9446669     8.16 0.0008812548 -11.8349 -11.8879   0.0186     56906.39     973.2275     1970.064    0.240   0
         8    174.223    198.365 327.8991082 +28.9439268     8.64 0.0009331312 -10.4235 -10.4208   0.0709     14734.36     962.1985     1725.208    0.281   0
         9    587.162    217.770 327.8479829 +28.9428886     7.86 0.0008489607 -11.8568 -11.9212   0.0180     58678.26     973.6826     1941.333    0.240   0
        10    438.555    237.672 327.8663161 +28.9403666     7.79 0.0008420518 -12.1830 -12.2128   0.0138      76759.2     978.2608     1907.646    0.245   0
        11    301.423    240.280 327.8832716 +28.9397354     4.14 0.0004473864  -9.1398  -8.9995   0.2619      3979.31     959.5896     1846.487    0.537   0
        12    604.429    301.184 327.8456458 +28.9339412     7.17 0.0007751058 -12.3996 -12.4344   0.0113     94133.93     982.4529     1992.991    0.199   0
        13    261.019    293.996 327.8881371 +28.9338421     0.00            0  -8.8552  -9.9764   0.1066     9784.636      960.614     1880.008    0.020   0
        14    752.695    305.531 327.8272972 +28.9338459     9.21 0.0009952529  -9.6965  -4.9918  10.4899     99.24522     958.6324      2019.55    0.421   0
        15    569.267    334.519 327.8499142 +28.9302593     7.11 0.0007686102 -11.9683 -11.9884   0.0170     62425.36     974.7509     2010.652    0.206   0
        16    501.088    345.857 327.8583190 +28.9288645     7.40 0.0007991773 -11.1825 -11.2409   0.0335     31357.99       966.75     2001.523    0.237   0
        17    145.795    357.407 327.9022316 +28.9267110     3.44 0.0003712273  -9.4836 -10.9129   0.0452     23183.52     964.2834     1855.536    0.418   0
        18    495.604    369.423 327.8589401 +28.9263104     8.03 0.0008680027 -10.4154 -10.0774   0.0972      10738.6     960.8622       2016.8    0.259   0
        19    330.705    371.570 327.8793284 +28.9256590     4.36 0.0004706313  -9.7471 -10.6596   0.0570     18358.09     963.3284     1981.574    0.447   0
        20    552.904    388.384 327.8518077 +28.9244119     5.32 0.0005745771  -9.4023 -10.1726   0.0891     11722.78     961.6049     2043.689    0.278   0
        21    268.178    428.680 327.8869212 +28.9193432     6.87 0.0007423175 -12.5827 -12.6596   0.0093     115832.9     988.3011     1982.491    0.185   0
        22    861.884    424.208 327.8135101 +28.9213271     7.39 0.0007986802 -10.7935 -10.5950   0.0605      17297.5     962.8912     1746.229    0.277   0
        23    799.458    539.840 327.8209543 +28.9087073     6.31 0.0006819509 -14.8554 -14.8871   0.0014     901198.5     1170.267     2070.319    0.151   0
        24    888.209    888.345 327.8091528 +28.8713641    55.54  0.006000361 -14.7688 -13.0868   0.0063     171679.9     1002.199     555.5178    0.148  17
        25    585.091    909.871 327.8465689 +28.8682833     3.72 0.0004020551 -10.9977  99.0000  99.0000    -206712.4     958.6066     1314.624    0.059   0
        26    405.481    814.789 327.8690011 +28.8780763     6.40 0.0006917554  -9.4317  -9.6155   0.1486     7017.596     960.2997     2027.895    0.189   0
        27    800.026    799.770 327.8202643 +28.8806912    24.34  0.002629207 -12.4470 -12.0719   0.0157     67412.63     975.8427     1986.128    0.293   1
        28    847.717    590.671 327.8148660 +28.9033490     8.00 0.0008646556 -10.2752 -10.2823   0.0806     12969.58     962.0101     1959.816    0.151   0
        29    669.033    585.024 327.8369733 +28.9035096     6.25  0.000675301 -10.9938 -10.9404   0.0441     23777.24     964.6529     2076.333    0.119   0
        30    303.322    550.676 327.8822762 +28.9062836     6.12 0.0006614178 -12.3611 -12.4236   0.0114     93209.12     982.6674     2034.219    0.154   0
        31    308.891    528.941 327.8816408 +28.9086406     7.38 0.0007978726 -10.3834 -10.2234   0.0850      12284.2     961.8319     2031.822    0.228   0
        32    859.573    515.401 327.8135790 +28.9114918     6.70 0.0007234515 -11.6547 -11.2853   0.0321     32668.86     966.6588     1874.192    0.200   0
        33    506.229    484.738 327.8573466 +28.9139079     6.80 0.0007343853 -11.2743 -11.3784   0.0295     35593.67     967.8179     2059.046    0.192   0
        34    225.237    454.928 327.8921669 +28.9164039     7.05 0.0007621965 -11.1818 -11.2825   0.0322     32582.58      966.986      1974.78    0.266   0
        35    749.668    499.716 327.8272071 +28.9129074     6.51 0.0007033085 -12.1756 -12.2262   0.0137     77709.81     978.7162     2070.074    0.165   0
        36    237.911    885.312 327.8895422 +28.8700465     4.46 0.0004821523 -12.6143 -11.1163   0.0375     27957.75     965.8165     1654.083    0.049   0
        37    840.854    829.941 327.8151452 +28.8775412    73.66  0.007958517 -14.3073 -13.4688   0.0045     244063.4     1020.121     1526.029    0.463  16
        38    306.849    492.148 327.8819834 +28.9126012     6.40 0.0006917663 -13.5115 -13.5395   0.0043     260490.5     1024.164     2024.677    0.155   0
        39    573.273    821.745 327.8482424 +28.8777524     5.60 0.0006049565 -12.6874 -12.6171   0.0096     111392.9     987.1246     2045.163    0.116   0
        40    450.199    853.032 327.8633804 +28.8740680     5.61 0.0006056541 -12.1755 -12.1660   0.0144     73516.62     977.1924      1973.16    0.130   0
        41    164.960    844.108 327.8986609 +28.8743004     8.49 0.0009169633 -11.7995 -11.7049   0.0219     48079.73     970.9307     1856.045    0.184   0
        42     55.722    823.986 327.9122138 +28.8761874     6.08 0.0006570172 -10.9218 -11.2216   0.0341     30806.36      966.446     1794.718    0.135   0
        43    673.736    799.857 327.8358760 +28.8803650     5.96 0.0006437832 -10.6477 -10.3510   0.0756     13816.76     962.0681     2098.455    0.208   0
        44     61.468    890.429 327.9113389 +28.8690406     3.80 0.0004101774 -10.3416  99.0000  99.0000    -93958.97     958.5795     1507.169    0.062   0
        45    745.253    608.570 327.8274926 +28.9011632     5.98 0.0006458549 -11.7247 -11.6231   0.0236      44590.8     970.1392     2078.083    0.153   0
        46    796.304    762.899 327.8208123 +28.8846562     8.49 0.0009176261 -11.2207 -11.5165   0.0260     40422.18      969.413     2054.501    0.373   0
        47    106.894    690.175 327.9062193 +28.8907427     6.21 0.0006706711 -10.9211 -11.0961   0.0382     27442.45     965.5754     1919.784    0.130   0
        48    798.358    686.677 327.8207401 +28.8928772     6.02 0.0006509216 -13.4082 -13.4506   0.0046       240016     1019.205     2081.282    0.116   0
        49    533.981    708.745 327.8533729 +28.8898330     5.80 0.0006270474 -13.1989 -13.2566   0.0055     200751.1     1009.553     2083.381    0.108   0
        50    601.411    647.064 327.8451851 +28.8966519     6.26 0.0006759895  -9.6087  -9.9334   0.1110      9404.92     961.0292     2083.558    0.246   0
        51    249.889    661.255 327.8886117 +28.8942278     4.88 0.0005273508  -9.5677 -10.6176   0.0592     17661.81     963.1477     2034.156    0.386   0
        52    653.299    646.435 327.8387711 +28.8968507     7.04 0.0007604837 -10.6258 -10.7688   0.0516     20301.75     963.7787      2087.04    0.171   0
        53    812.592    566.704 327.8192663 +28.9058446     6.19 0.0006684799 -11.2757 -11.1949   0.0349     30057.43     966.1984     2037.949    0.173   0
        54    697.758    557.074 327.8334886 +28.9065946     6.27 0.0006770034 -11.6133 -11.4227   0.0284     37074.07     968.1733     2076.458    0.171   0
        55    302.321    566.595 327.8823611 +28.9045652     7.37 0.0007967386 -10.6296 -10.8624   0.0473     22129.84      964.118     2037.311    0.210   0
