#   1 NUMBER                 Running object number                                     
#   2 X_IMAGE                Object position along x                                    [pixel]
#   3 Y_IMAGE                Object position along y                                    [pixel]
#   4 ALPHA_J2000            Right ascension of barycenter (J2000)                      [deg]
#   5 DELTA_J2000            Declination of barycenter (J2000)                          [deg]
#   6 FWHM_IMAGE             FWHM assuming a gaussian core                              [pixel]
#   7 FWHM_WORLD             FWHM assuming a gaussian core                              [deg]
#   8 MAG_BEST               Best of MAG_AUTO and MAG_ISOCOR                            [mag]
#   9 MAG_APER               Fixed aperture magnitude vector                            [mag]
#  10 MAGERR_APER            RMS error vector for fixed aperture mag.                   [mag]
#  11 FLUX_APER              Flux vector within fixed circular aperture(s)              [count]
#  12 FLUXERR_APER           RMS error vector for aperture flux(es)                     [count]
#  13 BACKGROUND             Background at centroid position                            [count]
#  14 ELLIPTICITY            1 - B_IMAGE/A_IMAGE                                       
#  15 FLAGS                  Extraction flags                                          
         1     10.117     81.351 237.9943962 +32.9332342    62.11  0.006667361 -13.3208 -12.4713   0.0073     97387.81      650.575     420.6118    0.610  24
         2    142.172     87.900 237.9774334 +32.9328769    38.62  0.004145559 -12.8299 -11.6800   0.0155     46987.45     670.8593     1145.728    0.683   0
         3    192.335     30.075 237.9710890 +32.9391899    31.95  0.003429921 -12.1685 -11.6467   0.0160      45570.8     670.2772     709.6831    0.242  17
         4    136.059     10.867 237.9783453 +32.9410984    85.88  0.009219553 -14.5320 -13.2849   0.0037     206053.4     698.3148     312.4076    0.747  24
         5    916.395     85.949 237.8780474 +32.9350501     8.25 0.0008859236 -11.8713 -11.7393   0.0147     49627.04     671.7165     1163.753    0.193   0
         6    422.137     88.937 237.9414924 +32.9334855     8.07 0.0008659679 -11.4784 -11.5021   0.0182     39888.91     668.1726      1291.81    0.104   0
         7     64.652    109.572 237.9873486 +32.9303584    19.14   0.00205521 -10.0263  99.0000  99.0000    -5951.526     653.0959      848.246    0.570   0
         8    553.254    137.049 237.9245844 +32.9286741     7.35 0.0007891171 -10.8916 -10.8085   0.0341     21057.87     661.0346     1344.594    0.151   0
         9    987.772    192.328 237.8687229 +32.9238516     7.72 0.0008290746 -14.8026 -14.8080   0.0012     837947.1     919.4625     1228.399    0.117   0
        10     72.503    243.558 237.9861185 +32.9160514    17.06  0.001831156 -12.4893 -11.5957   0.0167     43477.09     669.4777     1226.207    0.514   2
        11     70.991    235.276 237.9863263 +32.9169331     5.25 0.0005633949 -10.3820 -11.4790   0.0186     39046.84     667.7672     1213.503    0.426   2
        12    182.047    253.338 237.9720430 +32.9152892     7.22 0.0007746667 -11.9510 -11.9909   0.0117     62570.36     676.5522     1380.941    0.052   0
        13     79.457    247.828 237.9852189 +32.9156128     9.66  0.001036721 -10.6076 -11.4868   0.0184     39330.18     668.0358     1264.097    0.258   3
        14     68.491    259.489 237.9866069 +32.9143374     0.03 3.178313e-06  -9.6006 -11.4931   0.0183      39558.1      668.085     1194.815    0.458   2
        15    251.966    267.539 237.9630461 +32.9139509     7.34 0.0007881115  -9.6144  -9.7050   0.0935     7620.708     656.0066     1379.979    0.214   0
        16     76.997    270.498 237.9854970 +32.9131822     3.75 0.0004028296  -9.6726 -11.4716   0.0187     38784.38     667.5785     1251.873    0.382   0
        17    568.231    407.635 237.9222337 +32.8997774     8.04 0.0008626218 -17.1137 -17.1013   0.0003      6926313     1972.205     1353.457    0.009   4
        18     75.886    287.746 237.9856111 +32.9113350     6.34 0.0006804314 -10.6978 -11.4462   0.0191     37885.25     667.4767     1245.841    0.415   0
        19    884.989    306.725 237.8817406 +32.9113634     4.29 0.0004606395  -9.0360  -9.3564   0.1287     5528.007     655.1349     1252.804    0.067   0
        20    717.890    310.861 237.9031796 +32.9105033     3.63  0.000389794  -7.5966  -8.0217   0.4391     1616.915     653.7515     1324.148    0.201   0
        21    782.515    338.412 237.8948430 +32.9077192     7.38  0.000792202 -12.1908 -12.2251   0.0095     77634.88     682.0962     1291.583    0.124   0
        22     77.369    326.453 237.9853565 +32.9071998     5.91 0.0006347687 -10.4745 -11.4205   0.0196     36999.18     667.1267     1249.252    0.647   0
        23     76.210    344.095 237.9854759 +32.9053104     5.00 0.0005368982 -10.2922 -11.4823   0.0185      39167.5     667.9207      1241.37    0.382   0
        24    155.250    372.023 237.9752867 +32.9025287     6.89 0.0007394612 -12.8293 -12.8633   0.0055       139744     704.5097     1378.469    0.025   0
        25     76.484    372.360 237.9853939 +32.9022886     8.70 0.0009336444 -11.1378 -11.4931   0.0183     39558.35      668.067     1238.196    0.689   2
        26    591.147    344.851 237.9193921 +32.9065491     3.67  0.000393807  -7.4251  -7.4070   0.7730     917.9114     653.3918     1356.767    0.208   0
        27    205.973    396.811 237.9687371 +32.9000091     7.04 0.0007557836 -11.9206 -11.9473   0.0122     60108.68     675.4098     1376.009    0.066   0
        28     78.934    388.346 237.9850530 +32.9005855    10.19  0.001094244 -11.7260 -11.4726   0.0187     38818.89     667.6818     1255.433    0.503   2
        29     78.014    417.995 237.9851219 +32.8974127     7.96 0.0008542781 -11.0891 -11.4098   0.0198     36637.32     666.6835     1245.156    0.229   0
        30     75.685    437.086 237.9853891 +32.8953652     5.86 0.0006288387 -10.8136 -11.4864   0.0184     39314.36      667.813     1230.904    0.339   0
        31     76.633    458.328 237.9852323 +32.8930962     5.82 0.0006250749 -10.5002 -11.4553   0.0190     38204.88     667.5603     1235.734    0.612   0
        32    372.717    455.618 237.9472452 +32.8941490     7.56 0.0008117639  -9.8993 -10.0870   0.0659     10834.72     657.1936     1364.293    0.257   0
        33     82.552    679.118 237.9841070 +32.8695019    21.16  0.002271576 -12.9745 -11.5270   0.0178     40813.42     668.5906     1242.864    0.483   2
        34    962.870    499.127 237.8714526 +32.8909828     7.41 0.0007954745 -12.6708 -12.6962   0.0063     119804.1     697.5018     1147.756    0.175   0
        35     78.437    474.725 237.9849736 +32.8913476     6.04 0.0006482869 -10.6615 -11.4101   0.0198     36647.52     666.9406      1240.88    0.527   2
        36     78.698    551.692 237.9848126 +32.8831180    22.74  0.002441728 -12.8075 -11.5524   0.0174     41779.62     669.0239     1242.916    0.372   2
        37     76.535    494.875 237.9851842 +32.8891879     8.02  0.000860819 -11.1834 -11.4253   0.0195     37163.66     667.1341     1233.255    0.435  16
        38    569.913    505.883 237.9218624 +32.8892757     1.26 0.0001349489  -8.4206  -6.4893   1.7994     394.2142     653.1729     1331.696    0.020   0
        39    231.183    528.124 237.9652875 +32.8860324     5.56 0.0005972091  -9.0272  -9.1230   0.1595     4458.738     654.7636     1365.508    0.387   0
        40    587.938    949.087 237.9188505 +32.8419281     6.01  0.000645529  -9.9845 -10.0890   0.0658     10853.96     657.2744     1141.638    0.131   0
        41    722.189    879.757 237.9017419 +32.8496801     6.77 0.0007270112 -11.8658 -11.9012   0.0127     57605.43     674.6436     1109.857    0.141   0
        42    778.175    832.728 237.8946345 +32.8548494     7.06 0.0007579215 -10.7769 -10.8208   0.0337     21297.83     661.2166     1100.139    0.209   0
        43     84.920    819.851 237.9835703 +32.8544592     7.82 0.0008394753 -11.1895 -11.5159   0.0180     40397.47     668.4531     1194.733    0.134   0
        44    154.127    810.277 237.9747098 +32.8556622     6.08 0.0006527607 -11.8485 -11.8944   0.0128     57248.88     674.6724     1298.999    0.042   0
        45     82.861    802.578 237.9838630 +32.8563009     6.77 0.0007272879 -10.7806 -11.5320   0.0177     40999.91     668.5701     1190.361    0.515   0
        46     84.424    854.289 237.9835769 +32.8507754     5.14 0.0005516098 -10.1941 -11.4465   0.0191     37897.75     667.4091     1173.358    0.780   0
        47     80.216    771.258 237.9842540 +32.8596431    19.30  0.002071426 -12.8212 -11.5427   0.0175     41409.09     668.7051     1187.663    0.336   2
        48    439.146    616.324 237.9384640 +32.8771338     6.49 0.0006964967 -12.6301 -12.6679   0.0065     116724.5     696.3278     1338.212    0.031   0
        49    312.893    578.229 237.9547227 +32.8808845     7.15 0.0007670443  -9.5432  -9.7235   0.0919     7751.455      656.038     1356.901    0.192   0
        50    750.218    648.405 237.8985063 +32.8744896     6.46 0.0006929989  -9.4505  -9.6118   0.1018     6993.839      655.418     1200.604    0.185   0
        51    533.004    666.015 237.9263440 +32.8720588     4.15 0.0004456678  -8.9649  -9.2060   0.1477     4812.792     654.6039     1296.014    0.432   0
        52     76.728    728.679 237.9847720 +32.8641872     8.77 0.0009411953 -11.4501 -11.4905   0.0184     39464.21     668.0498     1187.991    0.462   0
        53    688.074    691.778 237.9064109 +32.8696955     6.72 0.0007210076 -11.4467 -11.4851   0.0185     39267.86     667.9763     1214.276    0.113   0
        54     86.437    952.728 237.9831558 +32.8402543     4.66 0.0005005463  -9.8738 -11.2569   0.0227     31822.93     665.1297     1138.521    0.624   0
        55     79.861    599.526 237.9845840 +32.8780059     6.30 0.0006762126 -10.5934 -11.4189   0.0196     36946.47     667.0889     1243.606    0.421   0
        56     80.588    587.214 237.9845111 +32.8793245     3.44 0.0003698107  -9.4782 -11.3625   0.0206     35074.68     666.1335     1251.756    0.412   0
        57    753.316    944.073 237.8976501 +32.8428807     6.53 0.0007010854 -12.6728 -12.7080   0.0063     121119.9     697.9387      1056.96    0.141   0
        58     83.140    883.172 237.9836937 +32.8476836    11.70  0.001256566 -11.8879 -11.4859   0.0185     39297.12     668.0234      1153.48    0.387   0
        59     87.136    989.789 237.9830049 +32.8362931    10.31  0.001107314 -11.0203 -11.0459   0.0275     26204.49      663.051     1130.591    0.111   0
        60     78.174    658.878 237.9847022 +32.8716550    16.01  0.001718576 -12.5152 -11.5305   0.0177      40944.8     668.5676     1216.599    0.501   2
        61    652.264   1003.609 237.9105159 +32.8362602     6.39 0.0006863906 -12.5148 -12.5522   0.0072     104920.5     692.0594     1086.066    0.142   0
        62     83.361    904.194 237.9836307 +32.8454362    11.57  0.001242313 -11.8716 -11.4800   0.0186     39082.46     667.6901     1142.966    0.263   2
