#   1 NUMBER                 Running object number                                     
#   2 X_IMAGE                Object position along x                                    [pixel]
#   3 Y_IMAGE                Object position along y                                    [pixel]
#   4 ALPHA_J2000            Right ascension of barycenter (J2000)                      [deg]
#   5 DELTA_J2000            Declination of barycenter (J2000)                          [deg]
#   6 FWHM_IMAGE             FWHM assuming a gaussian core                              [pixel]
#   7 FWHM_WORLD             FWHM assuming a gaussian core                              [deg]
#   8 MAG_BEST               Best of MAG_AUTO and MAG_ISOCOR                            [mag]
#   9 MAG_APER               Fixed aperture magnitude vector                            [mag]
#  10 MAGERR_APER            RMS error vector for fixed aperture mag.                   [mag]
#  11 FLUX_APER              Flux vector within fixed circular aperture(s)              [count]
#  12 FLUXERR_APER           RMS error vector for aperture flux(es)                     [count]
#  13 BACKGROUND             Background at centroid position                            [count]
#  14 ELLIPTICITY            1 - B_IMAGE/A_IMAGE                                       
#  15 FLAGS                  Extraction flags                                          
         1     10.588     80.670 237.9943008 +32.9332118    64.69  0.006943201 -13.6530 -12.8270   0.0064       135147     799.6128     399.9026    0.597  24
         2    143.102     87.322 237.9772847 +32.9328421    46.25  0.004964273 -13.3222 -12.0219   0.0138     64382.01     819.9667      1404.96    0.715   0
         3    192.148     30.522 237.9710906 +32.9390417    33.54  0.003600148 -12.6014 -12.0040   0.0141     63328.84     819.6677     809.7759    0.236  17
         4    136.320     11.035 237.9782892 +32.9409822    86.95  0.009332565 -14.8912 -13.6667   0.0032     292871.8     852.6902      234.994    0.743  24
         5     65.288    109.688 237.9872302 +32.9302501    21.80  0.002340352  -9.6208  99.0000  99.0000    -5750.048     800.0965     993.1901    0.580   0
         6    915.004     84.703 237.8782355 +32.9350660     6.04 0.0006477711 -11.8503 -11.4358   0.0235      37525.8     811.5811     1422.716    0.046   0
         7    420.889     87.733 237.9416377 +32.9335066     6.16 0.0006611533 -11.3962 -11.3687   0.0250     35277.08     811.0667     1608.395    0.101   0
         8    927.314    104.942 237.8766226 +32.9329320     4.62  0.000496293  -8.7474  -9.7566   0.1091     7991.687     802.6349     1534.251    0.188   0
         9    552.029    135.649 237.9247281 +32.9287137     5.61 0.0006023156 -10.9551 -10.5275   0.0538     16255.86     805.0923     1691.697    0.111   0
        10    986.782    191.180 237.8688510 +32.9238567     5.45 0.0005844766 -14.7980 -14.8320   0.0013     856651.1     1033.393     1524.742    0.009   0
        11     74.631    249.993 237.9857830 +32.9152709    26.51  0.002845504 -13.1045 -11.9849   0.0143     62226.51     819.0219     1543.402    0.439   2
        12     77.751    329.394 237.9852422 +32.9067885    17.71  0.001901068 -12.9235 -11.7600   0.0175     50583.41       815.66     1567.115    0.692   2
        13    180.800    252.106 237.9721582 +32.9153180     5.71 0.0006133075 -11.9506 -12.0295   0.0137     64831.17     819.8828     1743.021    0.179   0
        14    250.995    265.860 237.9631286 +32.9140268     6.85 0.0007351782  -9.4736  -9.8002   0.1048     8319.125     802.5789     1742.294    0.232   0
        15     81.106    284.105 237.9848920 +32.9116400     7.89 0.0008468395 -11.2741 -11.7418   0.0178      49740.7     815.7126     1596.817    0.594   0
        16    567.086    407.015 237.9223366 +32.8997335    10.98  0.001178526 -17.0443 -17.0479   0.0003      6594043     1984.214     1706.837    0.216   4
        17     79.030    671.357 237.9844736 +32.8702247    59.16  0.006349477 -14.7006 -12.0045   0.0140     63358.12     819.5882     1516.573    0.825  18
        18    884.491    305.505 237.8817881 +32.9113793     5.47 0.0005866297  -9.4564  -9.6912   0.1158     7524.414      802.557     1561.746    0.285   0
        19     78.791    379.625 237.9850200 +32.9014198    18.30  0.001963707 -13.0743 -11.8639   0.0159     55663.27     816.9274     1568.752    0.714   2
        20    781.249    337.158 237.8949807 +32.9077387     5.14 0.0005520598 -12.1774 -12.2444   0.0113     79023.05     824.4844     1618.514    0.069   0
        21    154.029    370.801 237.9753842 +32.9025568     5.44 0.0005834696 -12.8165 -12.8663   0.0065     140124.1     842.4426     1740.578    0.138   0
        22     77.228    443.519 237.9851075 +32.8945834    18.92  0.002030805 -12.9322 -11.8749   0.0158      56230.9     817.4335     1540.542    0.286   2
        23    337.839    371.879 237.9518037 +32.9029112     4.48   0.00048054  -9.0059  -9.5883   0.1273      6844.08     802.1419     1730.236    0.189   0
        24    204.835    395.617 237.9688236 +32.9000335     5.39 0.0005790181 -11.8753 -11.9820   0.0143     62055.72     819.1466     1738.801    0.141   0
        25    371.523    453.968 237.9473413 +32.8942188     5.64  0.000605845  -9.9492 -10.1250   0.0778     11220.16     803.5722     1722.059    0.161   0
        26     77.140    488.954 237.9850384 +32.8897247    16.48  0.001768967 -12.9396 -11.7665   0.0174     50884.36     815.7745     1537.076    0.578   2
        27    961.696    497.957 237.8715692 +32.8909900     4.99 0.0005353616 -12.6549 -12.6915   0.0076     119286.9     836.5176     1417.761    0.049   0
        28     77.886    545.844 237.9848421 +32.8836432    30.74  0.003298965 -13.5838 -11.9021   0.0154      57654.9     817.9796      1541.83    0.537   0
        29    229.691    526.790 237.9654064 +32.8860704     6.29 0.0006751223  -9.2423  -9.0137   0.2159      4031.51     801.3326     1722.314    0.228   0
        30    706.903    669.336 237.9039634 +32.8720325     3.35  0.000359247  -8.8292  -8.7475   0.2758     3154.941     801.1043     1510.077    0.245   0
        31     86.331    988.809 237.9829769 +32.8362975    11.29  0.001211276 -11.5957 -11.4439   0.0233     37806.37     811.7791     1383.085    0.283   0
        32    752.200    943.014 237.8976997 +32.8428800     5.14 0.0005513555 -12.6823 -12.7179   0.0074     122226.9     836.9631     1292.673    0.176   0
        33    976.812    914.827 237.8689517 +32.8464495     1.53 0.0001644426  -8.3362 -10.4384   0.0583     14974.82     804.4019     733.9662    0.237   0
        34    986.160    879.026 237.8678115 +32.8503009     1.10 0.0001176343  -8.9238  -7.7822   0.6702     1296.877     800.3885      855.306    0.099   0
        35     81.165    804.263 237.9839650 +32.8560182    27.65   0.00296795 -13.6166 -11.8997   0.0154     57526.82     817.8961     1460.796    0.416   0
        36    532.021    664.897 237.9263967 +32.8720690     5.48 0.0005885604  -9.3450  -9.5281   0.1345     6475.059     802.1624     1626.792    0.114   0
        37    152.906    809.091 237.9747587 +32.8556864     4.83  0.000518159 -11.8566 -11.9192   0.0152     58571.44     818.2817     1630.135    0.132   0
        38    749.084    647.206 237.8985910 +32.8745040     5.19 0.0005567282  -9.6247  -9.8357   0.1014     8595.529     802.6876     1491.684    0.210   0
        39     82.724    891.367 237.9836113 +32.8467080    26.78  0.002874687 -13.2477 -11.9074   0.0153     57935.16     817.9545     1417.976    0.078   2
        40    776.955    831.565 237.8947111 +32.8548591     4.98 0.0005349627 -10.7979 -10.8765   0.0391     22417.27     807.0258       1351.3    0.140   0
        41    686.797    690.674 237.9065059 +32.8697006     4.86 0.0005214221 -11.5529 -11.6197   0.0199     44451.11     813.7338     1512.045    0.120   0
        42    437.895    615.065 237.9385521 +32.8771602     4.90 0.0005260158 -12.6160 -12.6705   0.0078     117005.9     835.9006     1688.012    0.131   0
        43    651.028   1002.535 237.9105693 +32.8362628     5.07 0.0005446405 -12.5345 -12.5727   0.0085     106923.6     832.8798     1331.147    0.186   0
        44     83.665    944.532 237.9833969 +32.8410254    23.06   0.00247493 -13.0192 -11.8252   0.0165     53711.86     816.7514     1387.198    0.082   2
        45    586.679    947.989 237.9189097 +32.8419344     5.26 0.0005643395  -9.9000 -10.0062   0.0867     10056.97     803.1652     1413.005    0.190   0
        46    312.308    576.480 237.9547244 +32.8809676     5.59 0.0006002218  -9.6149  -9.7982   0.1050     8303.489     802.7094     1712.342    0.221   0
        47    720.964    878.627 237.9018112 +32.8496873     4.89  0.000524652 -11.8744 -11.9217   0.0151     58707.12     818.1683      1365.81    0.169   0
        48    577.129    563.898 237.9207830 +32.8829826     4.51 0.0004839704  -9.2987  -9.7728   0.1075     8112.208     802.6724     1647.784    0.216   0
        49    612.998    540.704 237.9162219 +32.8855529     2.72 0.0002922928  -8.8218  -9.0071   0.2171     4007.268     801.1669     1636.662    0.079   0
        50     83.397    843.239 237.9836101 +32.8518562    19.53  0.002096547 -12.9877 -11.8254   0.0165     53725.15     816.4228     1453.329    0.357   2
