#   1 NUMBER                 Running object number                                     
#   2 X_IMAGE                Object position along x                                    [pixel]
#   3 Y_IMAGE                Object position along y                                    [pixel]
#   4 ALPHA_J2000            Right ascension of barycenter (J2000)                      [deg]
#   5 DELTA_J2000            Declination of barycenter (J2000)                          [deg]
#   6 FWHM_IMAGE             FWHM assuming a gaussian core                              [pixel]
#   7 FWHM_WORLD             FWHM assuming a gaussian core                              [deg]
#   8 MAG_BEST               Best of MAG_AUTO and MAG_ISOCOR                            [mag]
#   9 MAG_APER               Fixed aperture magnitude vector                            [mag]
#  10 MAGERR_APER            RMS error vector for fixed aperture mag.                   [mag]
#  11 FLUX_APER              Flux vector within fixed circular aperture(s)              [count]
#  12 FLUXERR_APER           RMS error vector for aperture flux(es)                     [count]
#  13 BACKGROUND             Background at centroid position                            [count]
#  14 ELLIPTICITY            1 - B_IMAGE/A_IMAGE                                       
#  15 FLAGS                  Extraction flags                                          
         1    853.269     89.646 327.8127269 +28.8473473    90.36  0.009760494 -13.6845 -11.4867   0.0104     39324.54     377.0169     623.1158    0.495  18
         2    589.601     27.604 327.8454462 +28.8533958     5.37 0.0005795516 -12.9176 -12.8901   0.0033     143233.7     440.5085     623.5391    0.105   0
         3    819.969      7.183 327.8170389 +28.8561570    56.31  0.006083183 -12.4255 -11.2130   0.0118     30563.64     331.7342     492.1764    0.782  24
         4    477.061      9.237 327.8593928 +28.8551003     4.81 0.0005201007  -9.7241  -8.8511   0.1017     3470.921     325.1258     588.0018    0.348  16
         5    750.738     54.854 327.8254757 +28.8508502     6.00 0.0006481926 -12.7721 -12.8261   0.0035     135027.6     435.8901     632.7918    0.047   2
         6    792.719     57.322 327.8202840 +28.8506858     9.81  0.001059941 -10.9054 -11.3442   0.0118      34489.7     373.8806     605.5339    0.125   3
         7    812.293     67.382 327.8178420 +28.8496486    10.83  0.001170014 -11.0256 -11.3320   0.0119      34102.1     373.5935      615.166    0.035   3
         8    765.656     52.892 327.8236377 +28.8510979     8.33 0.0008998084  -9.7719 -10.7931   0.0191     20761.14     364.5663     618.2625    0.057   3
         9    564.022     79.415 327.8484793 +28.8477478     5.36 0.0005791765 -12.7623 -12.8235   0.0035     134705.7     435.6179     673.3836    0.052   0
        10    615.746     92.808 327.8420577 +28.8464302     5.30 0.0005728426 -13.1704 -13.2197   0.0026     194035.8     468.5054     689.5065    0.053   0
        11    355.394     62.328 327.8742909 +28.8490773     7.46 0.0008061297  -9.1647  -9.5433   0.0587     6565.999     354.6593     642.9515    0.125   0
        12    733.950    104.307 327.8274295 +28.8454781     5.34 0.0005763708 -12.4418 -12.4949   0.0045     99533.27     415.0839     692.2675    0.078   0
        13    319.166     76.826 327.8787297 +28.8474248     2.64   0.00028537  -8.2634  -9.8516   0.0443     8722.223     356.1663     658.5475    0.258   0
        14     31.912    113.418 327.9141185 +28.8427651     5.22 0.0005638932  -9.8747  -9.7538   0.0485     7971.311     355.6778     666.4427    0.041   0
        15    510.495    132.493 327.8549607 +28.8418946     5.08 0.0005485553 -11.2202 -11.2530   0.0127     31711.25     372.0554     691.4669    0.097   0
        16      3.154    126.352 327.9176379 +28.8412986     4.84 0.0005231354  -8.9624  -8.0208   0.1850     1615.486     275.2493     665.3284    0.171  24
        17    358.641    150.096 327.8736729 +28.8396234     5.17 0.0005587248 -10.1930 -10.3467   0.0284     13761.42     359.7053     687.0305    0.101   0
        18    585.439    189.112 327.8455661 +28.8359742     5.12  0.000553337 -14.7243 -14.7535   0.0010     796890.2     721.7607     694.6931    0.056   0
        19    695.066    189.219 327.8320263 +28.8362297     5.15 0.0005560819 -14.4484 -14.4799   0.0012     619388.9      657.431     696.0028    0.069   0
        20    414.587    138.761 327.8667910 +28.8409834     5.23 0.0005645412  -9.5639  -9.5714   0.0572     6738.332     354.7319     689.0156    0.112   0
        21    170.071    137.630 327.8969938 +28.8404999     5.36 0.0005792821  -9.2127  -9.2830   0.0743     5166.431     353.6812     675.2344    0.089   0
        22    926.828    141.771 327.8035160 +28.8419051     4.89 0.0005278214  -8.4437  -7.9348   0.2069     1492.463     284.3554     604.9058    0.281  16
        23    119.561    185.313 327.9031130 +28.8352336     4.93 0.0005323036 -12.1966 -12.2627   0.0055     80365.74     403.3314     673.2617    0.037   0
        24    349.068    176.169 327.8747908 +28.8367890     5.39 0.0005817666  -9.4015  -9.5830   0.0566     6810.854     354.8417     687.7133    0.182   0
        25    769.516    175.880 327.8228634 +28.8378483     8.10 0.0008754717  -9.1686  -9.4397   0.0645     5968.548     354.2575      695.018    0.169   0
        26    494.521    185.789 327.8568029 +28.8361098     5.33  0.000576171  -9.5367  -9.6922   0.0512     7531.406     355.3294     692.6803    0.104   0
        27    168.605    196.129 327.8970290 +28.8341898     5.13 0.0005536582  -9.9252 -10.1222   0.0347     11191.27     357.8952     677.3502    0.078   0
        28    386.267    214.527 327.8701019 +28.8327455     4.89  0.000528297 -12.3631 -12.4212   0.0048     93002.64     411.1317     690.3904    0.046   0
        29    174.252    214.725 327.8962853 +28.8321991     4.83 0.0005218924 -11.9138 -11.9769   0.0069     61766.93     391.6512     677.6664    0.035   0
        30    489.470    202.444 327.8573860 +28.8343019     5.35 0.0005784319  -9.1140  -9.2818   0.0744     5160.911     353.6479     692.7432    0.165   0
        31    439.066    202.831 327.8636099 +28.8341364     6.73 0.0007265112  -8.4078  -8.5417   0.1464      2610.16     351.8894     691.5591    0.170   0
        32     94.299    239.431 327.9060975 +28.8293364     4.87 0.0005259996 -12.8161 -12.8628   0.0034     139674.3     438.5945     671.8911    0.026   0
        33    767.664    212.817 327.8230030 +28.8338617     6.73 0.0007273704  -8.7378  -8.9782   0.0982     3902.056     352.7765     696.0558    0.015   0
        34    144.642    223.031 327.8999213 +28.8312299     4.87 0.0005261254  -8.3487  -8.3371   0.1766     2161.976     351.5511     675.7344    0.066   0
        35    797.212    238.091 327.8192926 +28.8312086     5.17 0.0005582952 -10.7292 -10.8062   0.0189     21012.35     364.7195     696.0769    0.083   0
        36    758.820    259.745 327.8239817 +28.8287812     5.15 0.0005560463 -12.7061 -12.7616   0.0037     127246.3     431.4363      695.852    0.098   0
        37    805.801    257.678 327.8181846 +28.8291177    10.40  0.001123793 -10.5129 -10.5058   0.0246     15934.14     361.1738     695.2361    0.045   0
        38     71.825    264.485 327.9088100 +28.8265793     4.93 0.0005321106 -11.7268 -11.7945   0.0080     52215.94     385.5063     670.1243    0.039   0
        39    412.058    279.038 327.8667578 +28.8258545     4.89 0.0005280842 -11.4894 -11.5486   0.0099     41633.97     378.6184     690.7739    0.045   0
        40     97.504    261.722 327.9056458 +28.8269413     5.27 0.0005693519  -8.6301  -9.4236   0.0654     5880.635     354.1759     672.1821    0.007   0
        41    690.520    265.154 327.8324034 +28.8280324     5.37 0.0005801496  -8.7643  -8.8483   0.1106     3462.013      352.494      695.654    0.068   0
        42    774.924    272.054 327.8219632 +28.8274932     5.34 0.0005769536 -10.1465 -10.3469   0.0284      13764.5     359.7363     695.5182    0.073   0
        43     65.026    280.155 327.9096104 +28.8248730     5.02 0.0005421458 -10.4346 -10.5406   0.0239     16453.13      361.552     669.4339    0.024   0
        44     97.243    271.372 327.9056539 +28.8259003     5.53 0.0005978604  -8.1948  -8.9108   0.1044     3666.944     352.5804      672.124    0.221   0
        45     21.606    277.207 327.9149797 +28.8250821     4.00 0.0004319288  -8.0677  -7.6370   0.3357      1134.46     350.7208     665.8734    0.392   0
        46    610.001    290.148 327.8422862 +28.8251418     5.02 0.0005423102 -10.5293 -10.6350   0.0219      17946.6     362.5068     693.8068    0.089   0
        47    831.544    287.461 327.8149337 +28.8259692     5.75 0.0006206902  -8.9867  -8.6230   0.1359     2813.189     351.9942     693.2877    0.223   0
        48    437.059    287.473 327.8636496 +28.8250066     5.14 0.0005556283  -9.2404  -9.3437   0.0703     5463.595     353.8814     691.5052    0.094   0
        49    471.401    290.998 327.8594001 +28.8247110     5.70 0.0006158238  -9.1230  -9.2208   0.0787     4878.716     353.3405     692.4473    0.140   0
        50    554.958    291.668 327.8490798 +28.8248435     5.39 0.0005825823  -8.6915  -8.8594   0.1094     3497.605     352.4898     692.9984    0.103   0
        51    322.880    295.102 327.8777309 +28.8239026     4.51 0.0004868259  -8.0683  -8.5635   0.1435     2663.148     351.8975     686.5151    0.227   0
        52    159.162    297.220 327.8979430 +28.8232682     5.32 0.0005743474  -8.2493  -8.3592   0.1730     2206.301     351.5235     675.2888    0.258   0
        53    745.859    308.299 327.8254649 +28.8235154     4.86 0.0005245925 -10.3234 -10.4177   0.0266      14692.5     360.3422      695.018    0.117   0
        54    597.853    305.812 327.8437481 +28.8234234     5.26 0.0005683039  -9.9710 -10.1485   0.0339     11465.74     358.0869     693.3995    0.067   0
        55    290.993    325.315 327.8815937 +28.8205667     4.66  0.000503168 -11.8958 -11.9604   0.0070     60836.16     391.0211     684.8958    0.039   0
        56    655.236    309.105 327.8366539 +28.8232083     5.14 0.0005552202  -8.2727  -8.3083   0.1813     2105.326     351.4911     694.4608    0.413   0
        57    250.563    309.513 327.8866255 +28.8221701     5.16 0.0005572222  -8.5607  -9.0579   0.0913     4199.306     352.9773      682.097    0.174   0
        58    821.547    320.151 327.8160894 +28.8224208     5.20  0.000561884  -9.8008  -9.7483   0.0487     7930.609       355.62     692.9236    0.107   0
        59    464.291    315.454 327.8602181 +28.8220570     8.01 0.0008654366  -8.9021  -8.9014   0.1053     3635.344     352.5875     691.4467    0.291   0
        60    218.043    315.180 327.8906272 +28.8214784     6.30 0.0006802555  -8.4858  -8.7775   0.1179      3243.37     352.2504     679.7231    0.286   0
        61     87.969    349.578 327.9066033 +28.8174462     4.81 0.0005199175 -13.0062 -13.0532   0.0030     166443.5     453.5277     670.9644    0.017   0
        62    390.299    342.789 327.8692877 +28.8189282     4.77 0.0005150292 -12.0731 -12.1395   0.0060     71748.24     397.9628     688.2679    0.067   0
        63    899.102    330.961 327.8064863 +28.8214424     5.09 0.0005494207  -9.4309  -8.4009   0.1665     2292.732     351.6145     656.5836    0.119   0
        64    148.632    335.574 327.8991476 +28.8191071     5.14 0.0005555983  -9.9394 -10.0137   0.0383     10127.18     357.1511      674.586    0.048   0
        65    328.981    348.433 327.8768455 +28.8181684     4.98 0.0005382125  -9.6575  -9.7719   0.0477     8105.148     355.6939      686.573    0.127   0
        66    118.857    379.154 327.9027154 +28.8143348     4.82 0.0005201448 -12.3654 -12.4194   0.0048     92845.52     411.0362     672.1858    0.148   0
        67    757.401    380.067 327.8238659 +28.8158063     4.84 0.0005230119 -12.0325 -12.0936   0.0063     68778.12     396.0488     693.0003    0.077   3
        68    463.065    362.714 327.8602534 +28.8169591     0.61 6.628834e-05  -8.0737  -8.6432   0.1334     2866.046     352.0908       690.01    0.193   0
        69    907.845    381.772 327.8052847 +28.8159857     4.74  0.000512558  -9.9307  -8.4796   0.1550     2465.087     351.7469     647.5394    0.202   0
        70    755.549    392.535 327.8240644 +28.8144577     4.94 0.0005337471 -10.9680 -11.1101   0.0144     27798.72     369.2856     692.7875    0.134   3
        71    427.763    384.596 327.8645587 +28.8145133     3.43 0.0003708785  -7.8208  -8.1644   0.2068     1844.047     351.2065     688.5143    0.408   0
        72    592.822    397.150 327.8441467 +28.8135644     5.02 0.0005418858  -9.8876  -9.9637   0.0401     9671.403     356.8319     691.4669    0.113   0
        73     39.785    393.350 327.9124433 +28.8126068     5.60 0.0006048736  -8.6808  -8.8085   0.1147     3337.484      352.386     664.2133    0.208   0
        74    560.122    399.604 327.8481784 +28.8132199     4.77 0.0005154375  -9.6844  -9.6734   0.0521     7402.428     355.1997     691.0243    0.143   0
        75    617.541    420.121 327.8410385 +28.8111483     4.70 0.0005072178 -12.4787 -12.5447   0.0044     104198.7     417.9009     691.2773    0.079   0
        76    673.412    410.242 327.8341637 +28.8123494     3.45 0.0003725615  -7.5992  -7.6599   0.3288     1158.648     350.7677     692.9061    0.413   0
        77    444.611    420.952 327.8623889 +28.8106354     4.85 0.0005234371  -9.9861 -10.0334   0.0376     10312.71     357.2906      688.683    0.068   0
        78    481.167    427.311 327.8578596 +28.8100397     5.13 0.0005537797  -9.3613  -9.4471   0.0640     6009.797     354.2573     689.4062    0.114   0
        79    232.390    425.214 327.8885820 +28.8096518     3.44 0.0003711577  -7.7135  -7.7602   0.2998      1270.79     350.7883     679.6616    0.410   0
        80    510.777    434.104 327.8541869 +28.8093799     4.58 0.0004949587 -10.1780 -10.2179   0.0319     12222.65     358.6342     689.6471    0.062   0
        81    283.649    441.985 327.8822114 +28.8079708     4.57 0.0004935152 -11.0906 -11.1390   0.0141     28548.49      369.821      683.482    0.052   0
        82    314.937    438.658 327.8783565 +28.8084069     4.96 0.0005358623  -9.3345  -9.3746   0.0684     5621.217     353.9731     685.1788    0.132   0
        83    876.221    463.700 327.8089929 +28.8070772     4.85 0.0005236595 -11.6959 -11.7865   0.0081     51830.84     385.2835     678.6056    0.094   0
        84    177.741    452.273 327.8952622 +28.8065989     4.73 0.0005106301 -10.4303 -10.4765   0.0253     15509.26     360.9084     674.3545    0.043   0
        85    831.139    445.103 327.8146040 +28.8089733     5.10 0.0005504815  -8.2699  -6.6533   0.8299      458.459     350.3574     690.1714    0.086   0
        86    140.925    449.045 327.8998160 +28.8068552     6.00 0.0006480005  -8.4966  -8.6186   0.1364     2801.782     352.0156     671.3745    0.133   0
        87    492.914    481.117 327.8562773 +28.8042679     4.61 0.0004981902 -12.3722 -12.4440   0.0047     94970.56     412.2762     688.1049    0.071   0
        88    488.418    469.244 327.8568614 +28.8055368     6.29 0.0006799344  -8.2540  -9.3262   0.0715     5376.224     353.7903     688.3544    0.203   1
        89    548.378    491.633 327.8494036 +28.8032700     4.61  0.000497741 -11.6049 -11.6793   0.0088     46958.12     382.0361     688.9425    0.085   0
        90    329.230    479.655 327.8764903 +28.8040225     4.86 0.0005247875  -9.7824  -9.7973   0.0466       8296.9     355.9163     685.3558    0.067   0
        91     80.134    489.978 327.9072192 +28.8022909     5.33 0.0005759064  -9.3794  -9.3731   0.0685     5613.472     354.0166     664.5388    0.100   0
        92    234.567    494.199 327.8881418 +28.8022203     4.66 0.0005038481  -9.6106  -9.6521   0.0531     7258.309     355.0396     677.9265    0.099   0
        93    412.378    562.065 327.8660215 +28.7953433     4.47 0.0004833289 -14.5113 -14.5446   0.0011       657419     671.7266     685.8563    0.044   0
        94     69.312    511.014 327.9085026 +28.7999959     3.97 0.0004283722  -7.0926  -6.8696   0.6802     559.5269     350.4295     662.4203    0.049   0
        95    653.763    523.716 327.8363140 +28.8000684     5.34 0.0005767177  -8.0362  -8.2753   0.1869     2042.312     351.4561     689.9962    0.405   0
        96    648.473    808.534 327.8362749 +28.7693504     4.87 0.0005261229  -7.6310  -7.7405   0.3054     1247.905     350.9103     671.4172    0.050   0
        97    856.360   1028.396 327.8100877 +28.7461514     4.80 0.0005187101  -8.2752  -8.8807   0.0798     3566.896     262.2068     651.5024    0.557  24
        98    846.109   1022.002 327.8113681 +28.7468160     4.49 0.0004855482 -10.1748 -10.2955   0.0268     13128.28     324.1926     651.8527    0.163  16
        99    780.819    975.429 327.8195372 +28.7516791     4.36 0.0004710611 -14.6566 -14.6891   0.0010     750991.1     705.6538     656.1165    0.090   0
       100    364.880    977.955 327.8708597 +28.7503911     4.71 0.0005088132 -12.8473 -12.8948   0.0033     143854.6      440.963     635.8171    0.101   0
       101    236.278    982.215 327.8867189 +28.7496139     5.18 0.0005595754 -10.4246 -10.4945   0.0249     15768.36     361.0974     624.8594    0.172   0
       102    653.562    843.636 327.8355615 +28.7655786     4.21 0.0004542758 -13.3523 -13.3981   0.0023     228688.1     486.6736     668.1663    0.065   0
       103    112.329    861.273 327.9023164 +28.7623438     5.04 0.0005447662 -11.1843 -11.2315   0.0130     31089.41     371.6093     635.1358    0.167   0
       104    322.014    790.174 327.8766135 +28.7705291     4.43 0.0004781941 -12.1876 -12.2549   0.0055     79791.99      402.881     660.0795    0.076   0
       105    599.504    799.768 327.8423403 +28.7701761     4.38 0.0004727359 -10.2964 -10.4148   0.0267     14652.87     360.3051     669.6225    0.119   0
       106     52.192    789.826 327.9099173 +28.7698959     5.28 0.0005702811 -10.2718 -10.3612   0.0280     13947.42     359.6996     638.4759    0.183   0
       107    910.670    880.059 327.8037413 +28.7622738     4.43 0.0004780388  -9.2880  -6.9129   0.6535     582.3414     350.4161     629.0525    0.168   0
       108    150.414    854.930 327.8976320 +28.7631226     5.31 0.0005737704  -8.6717  -8.6492   0.1327     2881.998     352.0726     640.2762    0.263   0
       109    302.211    794.569 327.8790469 +28.7700063     4.54 0.0004903403 -10.6064 -10.7317   0.0201     19619.64     363.6302     658.6981    0.096   0
       110    651.447    799.268 327.8359303 +28.7703565     1.06 0.0001148504  -7.7508  -8.2467   0.1918     1989.217     351.3888     672.6147    0.113   0
       111    341.787    843.253 327.8740420 +28.7648558     4.40 0.0004748925 -10.5728 -10.6407   0.0218     18041.86     362.6585     654.7911    0.071   0
       112    287.041    876.351 327.8807168 +28.7611524     4.68 0.0005059516 -10.5873 -10.6442   0.0218      18100.2      362.756     646.3394    0.082   0
       113    634.525    876.745 327.8378306 +28.7619628     4.71 0.0005084838  -8.9944  -8.9673   0.0992     3862.991     352.7685     663.6462    0.172   0
       114    509.448    762.191 327.8535477 +28.7740069     4.41 0.0004767251  -8.8663  -8.9574   0.1001     3827.806     352.7043     670.9045    0.017   0
       115    646.828    780.094 327.8365470 +28.7724124     4.28 0.0004623411 -10.5903 -10.6625   0.0214     18407.73     362.9393     674.3588    0.080   0
       116    916.291    891.281 327.8030207 +28.7610775     3.31 0.0003577779  -7.9521  99.0000  99.0000    -7023.041     348.7305     624.2507    0.129  16
       117    466.611    886.338 327.8585305 +28.7605182     4.33 0.0004681542 -10.7720 -10.8420   0.0183     21717.22     365.2023     653.2944    0.089   0
       118    763.366    903.599 327.8218645 +28.7593807     4.30 0.0004640431  -8.7172  -8.5831   0.1409     2711.759     351.8236      664.407    0.188   0
       119    659.453    743.762 327.8350770 +28.7763599     5.06 0.0005465548  -8.0378  -8.0488   0.2301      1657.71     351.2219     678.5374    0.264   0
       120    580.126    909.602 327.8444642 +28.7582880     6.91 0.0007459865  -8.3529  -8.3426   0.1757     2172.812     351.4996      656.196    0.268   0
       121    706.178    764.102 327.8292602 +28.7742807     4.37 0.0004717061 -10.6282 -10.6690   0.0213     18518.37     363.0155     677.8408    0.101   0
       122    686.580    912.811 327.8313186 +28.7582013     4.32 0.0004667192 -11.3095 -11.3699   0.0115     35314.07     374.2462     661.4698    0.103   0
       123    839.958    848.848 327.8125435 +28.7654683     4.38  0.000472649  -8.1163  -8.2635   0.1890     2020.182     351.4897     667.6009    0.202   0
       124     80.455    725.325 327.9065904 +28.7769201     5.06 0.0005469621 -10.6030 -10.6652   0.0214     18453.67     362.9518     649.8822    0.091   0
       125    578.886    704.815 327.8451168 +28.7803623     4.67 0.0005041842  -9.3672  -9.5798   0.0567     6790.815      354.808     679.0104    0.084   0
       126    523.260    921.150 327.8514540 +28.7569041     4.68   0.00050606  -8.6188  -8.8673   0.1087     3522.942     352.4783     651.3662    0.144   0
       127    494.303    727.136 327.8555028 +28.7777490     4.58 0.0004944768  -9.8019  -9.9109   0.0420     9211.776     356.5681     674.5568    0.075   0
       128    628.140    734.902 327.8389637 +28.7772389     4.25 0.0004595911 -12.3798 -12.4361   0.0047     94282.77     411.8926     678.3832    0.052   0
       129    777.203    694.343 327.8206618 +28.7819733     4.56 0.0004920941  -9.6614  -9.7361   0.0492     7842.381     355.4994     683.7636    0.157   0
       130    604.831    708.471 327.8419051 +28.7800314     4.00 0.0004317651  -8.2876  -8.6683   0.1304     2933.014     352.1088     679.5567    0.163   0
       131    233.718    710.472 327.8877094 +28.7789028     4.58 0.0004952453 -11.1913 -11.2612   0.0126     31951.76     372.1797     663.4858    0.087   0
       132    838.304    654.963 327.8132142 +28.7863663     4.20 0.0004533208  -7.7904  -6.5598   0.9043     420.6669     350.2809     684.0186    0.095   0
       133    602.633    638.911 327.8423460 +28.7875251     4.67 0.0005045467  -9.5122  -9.6261   0.0544     7086.354     355.0162     684.6456    0.021   0
       134    790.143    822.203 327.8187561 +28.7682204     4.30 0.0004642655 -10.6071 -10.6765   0.0211     18646.88     363.0276     673.1426    0.117   0
       135    303.253    636.255 327.8793100 +28.7870760     4.81 0.0005197838  -9.7625  -9.9827   0.0394     9842.002     356.9514     673.8182    0.108   0
       136    113.868    836.683 327.9021879 +28.7649986     5.11   0.00055196  -9.9787 -10.0212   0.0381     10197.04     357.2776      638.773    0.113   0
       137    408.549    680.892 327.8662017 +28.7825237     4.40 0.0004751225 -14.0578 -14.0975   0.0015       435493     583.3365     678.4472    0.049   0
       138    456.211    987.049 327.8595669 +28.7496354     4.66 0.0005029282 -10.3502 -10.4440   0.0260     15051.98     360.6107     638.7747    0.132   0
       139    784.179    652.849 327.8199008 +28.7864634     4.73  0.000510727  -9.9998 -10.1571   0.0337     11556.68       358.16     685.8375    0.097   0
       140     86.571    644.744 327.9060371 +28.7856224     5.00 0.0005400723 -10.4949 -10.5955   0.0227     17305.55      362.208     656.7785    0.079   0
       141    389.153    666.838 327.8686306 +28.7839911     4.90 0.0005296367  -9.5879  -9.9447   0.0408     9503.315      356.753     678.2809    0.067   0
       142    461.334    654.649 327.8597503 +28.7854826     4.50 0.0004859657  -9.5454  -9.7247   0.0497     7760.381     355.4515     682.4642    0.137   0
       143    436.395    650.189 327.8628399 +28.7859022     4.41 0.0004764673 -12.9480 -12.9980   0.0031     158202.2        448.9      682.221    0.041   0
       144    523.317    584.589 327.8522702 +28.7931874     5.63 0.0006076924  -8.9646  -9.4105   0.0662     5810.448      354.097     686.9423    0.121   0
       145    547.477    613.618 327.8492166 +28.7901171     4.51 0.0004870281 -11.1038 -11.2157   0.0132     30639.26     371.2597     685.8112    0.089   0
       146    345.872    916.909 327.8733560 +28.7569253     5.38 0.0005815065  -8.4623  -9.0125   0.0952     4027.108     352.9044     642.7957    0.218   0
       147    723.556    852.792 327.8269006 +28.7647615     4.71   0.00050864  -8.7458  -8.7399   0.1221     3132.939      352.172      669.751    0.144   0
       148    536.420    597.580 327.8506208 +28.7918191     4.48 0.0004842074 -12.8957 -12.9595   0.0032     152684.3     445.8242     686.5375    0.055   0
       149    297.571    581.273 327.8801475 +28.7929893     4.51  0.000487614 -12.4682 -12.5363   0.0044       103402     417.3825     677.8363    0.029   0
       150    850.607    824.756 327.8112872 +28.7680912     4.35 0.0004701791 -11.2075 -11.3063   0.0122     33304.56     372.9758     668.7018    0.112   0
       151    294.324    831.308 327.8799294 +28.7660262     4.29 0.0004636479  -8.4998  -8.6461   0.1331      2873.67     352.0667     653.4511    0.041   0
       152    851.678   1003.784 327.8107247 +28.7487934     4.34  0.000468888 -10.9335 -11.0393   0.0154     26045.57      368.144     652.0867    0.133   0
       153    757.140    559.836 327.8234635 +28.7964254     6.13 0.0006624244  -8.4291  -8.5844   0.1408     2715.029      351.954     689.5527    0.189   0
       154    899.909    954.845 327.8048902 +28.7541855     5.05 0.0005456058  -8.2516  -9.1329   0.0853     4499.425      353.229     629.8899    0.237   0
       155    690.577    594.314 327.8315976 +28.7925470     4.54  0.000490358 -10.6435 -10.7531   0.0198     20010.22     364.0224     687.7358    0.087   0
       156    448.963    537.888 327.8615642 +28.7980397     5.34 0.0005769568  -8.8689  -9.1232   0.0860     4459.301     353.1516     687.2531    0.243   0
       157     21.942    554.120 327.9142427 +28.7952304     5.08 0.0005484128 -10.4776 -10.5803   0.0230     17065.35     362.0517     655.3969    0.064   0
       158    834.531    549.023 327.8139350 +28.7977782     4.87 0.0005259679  -9.3281  -9.0765   0.0898     4271.738     353.0875     688.8406    0.140   0
       159    871.804   1001.321 327.8082470 +28.7491074     4.94 0.0005340772  -9.1436  -9.8470   0.0445     8685.888     356.1116     646.6451    0.179   0
       160    177.770    923.811 327.8940843 +28.7557648     5.41 0.0005840734 -10.1690 -10.2305   0.0315     12364.77     358.6173     630.7986    0.166   0
       161    267.805    968.194 327.8828631 +28.7512036     5.31 0.0005733649  -9.3275  -9.4980   0.0611     6297.673     354.3821     629.9276    0.221   0
       162    624.807    972.440 327.8387972 +28.7516227     4.43 0.0004782818 -11.1396 -11.2107   0.0132     30499.49     371.0908     650.2285    0.120   0
