#   1 NUMBER                 Running object number                                     
#   2 X_IMAGE                Object position along x                                    [pixel]
#   3 Y_IMAGE                Object position along y                                    [pixel]
#   4 ALPHA_J2000            Right ascension of barycenter (J2000)                      [deg]
#   5 DELTA_J2000            Declination of barycenter (J2000)                          [deg]
#   6 FWHM_IMAGE             FWHM assuming a gaussian core                              [pixel]
#   7 FWHM_WORLD             FWHM assuming a gaussian core                              [deg]
#   8 MAG_BEST               Best of MAG_AUTO and MAG_ISOCOR                            [mag]
#   9 MAG_APER               Fixed aperture magnitude vector                            [mag]
#  10 MAGERR_APER            RMS error vector for fixed aperture mag.                   [mag]
#  11 FLUX_APER              Flux vector within fixed circular aperture(s)              [count]
#  12 FLUXERR_APER           RMS error vector for aperture flux(es)                     [count]
#  13 BACKGROUND             Background at centroid position                            [count]
#  14 ELLIPTICITY            1 - B_IMAGE/A_IMAGE                                       
#  15 FLAGS                  Extraction flags                                          
         1    840.340     81.354 238.0187654 +32.9329072   144.48   0.01549372 -15.2761 -13.2680   0.0039     202869.7     732.5784     1008.171    0.597  16
         2     66.318    115.431 238.1180822 +32.9271259     4.58  0.000490937 -13.8008 -13.8430   0.0025     344496.8     779.4446     1244.643    0.036   0
         3    827.226     10.244 238.0205462 +32.9404588    94.06   0.01008717 -14.1495 -13.1780   0.0040     186718.3     690.9518      329.647    0.809  24
         4    493.191     45.234 238.0633836 +32.9358086     5.25 0.0005628707  -9.4274  99.0000  99.0000    -15682.83     659.5751     1067.039    0.087   0
         5    250.029     70.900 238.0945641 +32.9323935     9.17 0.0009830287 -11.1416 -11.2300   0.0235     31046.44      671.478     1160.132    0.409   0
         6    102.722     89.420 238.1134476 +32.9300038     4.13 0.0004424659  -9.6519 -11.3139   0.0218     33541.05     672.3695     1203.506    0.534   0
         7    250.593     83.799 238.0944728 +32.9310188     3.45    0.0003696  -9.4860 -11.4138   0.0199     36771.21     673.4049     1237.617    0.418   0
         8    731.026    124.865 238.0327391 +32.9279665     4.45 0.0004776552 -10.1631  99.0000  99.0000    -4676.712     659.7991     1400.777    0.157   0
         9    752.779    129.531 238.0299402 +32.9275281     4.55 0.0004876936  -9.7569  99.0000  99.0000    -16724.14     659.8177     1400.972    0.161   0
        10    372.843    146.312 238.0786890 +32.9246900     4.62 0.0004952432  -9.2296  -9.5014   0.1138     6317.625     662.2071      1367.98    0.466   0
        11    702.096    192.820 238.0363588 +32.9206367     5.16 0.0005537873 -11.8401 -11.9450   0.0124     59976.55     682.1459     1400.728    0.106   0
        12    478.712    184.683 238.0650444 +32.9208897     5.52 0.0005915292  -9.4814 -10.0257   0.0704     10239.73     663.5748     1383.824    0.104   0
        13    323.839    188.016 238.0849193 +32.9201038     4.85 0.0005198765  -9.8024  -9.9659   0.0743     9690.751     663.3308     1359.378    0.123   0
        14    113.551    256.646 238.1118104 +32.9121920     4.47 0.0004798272 -13.7721 -13.8082   0.0025     333640.7     775.9548     1273.809    0.058   0
        15    763.209    277.472 238.0283976 +32.9117718     4.55 0.0004873972 -12.1960 -12.2760   0.0092     81361.28     689.8673     1401.112    0.131   0
        16    235.936    276.597 238.0960735 +32.9104070     7.10 0.0007611942 -10.0442 -10.3853   0.0506     14259.57     665.0505     1331.391    0.487   0
        17      7.389    318.291 238.1253439 +32.9053150     6.46 0.0006923753  -9.0379  -8.5500   0.2413     2630.182     584.4891     1208.781    0.151  16
        18    582.319    328.342 238.0515434 +32.9058479     4.40 0.0004722483 -11.2600 -11.3750   0.0206     35479.71     673.1631     1386.472    0.108   0
        19    288.738    342.100 238.0892015 +32.9035657     4.20 0.0004503406 -11.1127 -11.1540   0.0252     28947.68     670.6227     1348.359    0.084   0
        20     44.442    345.352 238.1205484 +32.9025325     4.98 0.0005342586  -9.0249  -9.1107   0.1630     4408.262     661.5045     1228.145    0.029   0
        21    451.899    382.996 238.0682038 +32.8996562     4.24 0.0004551561 -10.8133 -10.9381   0.0306     23726.31     668.5629     1369.114    0.083   0
        22    512.497    433.803 238.0603553 +32.8944030     4.16 0.0004462018 -12.1419 -12.1638   0.0102     73371.24     686.8582     1369.684    0.099   0
        23    159.975    451.135 238.1055663 +32.8915713     4.62 0.0004959257  -9.9003  -9.9777   0.0736     9796.772     663.5007     1277.708    0.198   0
        24    543.384    458.968 238.0563562 +32.8918032     4.47 0.0004788884  -8.9478  -9.4984   0.1141      6300.44     661.9588     1370.166    0.583   0
        25    271.332    492.981 238.0912164 +32.8874187     4.20 0.0004504255 -12.4386 -12.4819   0.0077     98346.52     696.1192     1322.871    0.098   0
        26     14.800    494.229 238.1241304 +32.8865641     4.79 0.0005139218 -10.4732 -10.4102   0.0494     14591.23     663.1169      1186.85    0.166   0
        27    883.400    728.992 238.0123585 +32.8639230    70.37  0.007546326 -14.0038 -11.7325   0.0149     49317.28     678.0103     1222.789    0.909  19
        28    883.874    876.208 238.0120981 +32.8482168    72.18  0.007740439 -14.3388 -11.8973   0.0129     57402.76     681.1116     1145.206    0.810  18
        29    441.364    500.781 238.0693878 +32.8870597     4.43 0.0004746947  -9.7860  -9.8159   0.0853     8440.364     662.8223     1356.619    0.150   0
        30    780.220    514.523 238.0258888 +32.8865255     4.10 0.0004396568  -8.6008  -8.9657   0.1862     3857.328     661.2776     1379.459    0.268   0
        31    147.862    974.216 238.1063518 +32.8357267     1.05  0.000112091  -8.1207  99.0000  99.0000    -15141.33     659.7617     922.0358    0.087   0
        32    514.084   1024.593 238.0593168 +32.8313720     4.39 0.0004707867  -8.5967  99.0000  99.0000     -119.508     553.7315     1100.003    0.295  16
        33    801.643   1018.357 238.0224505 +32.8328262     4.02 0.0004309968  -9.9007  -9.4973   0.1099     6294.135     637.0034     1170.207    0.179  16
        34    888.385    994.197 238.0113597 +32.8356400     9.58  0.001027662 -11.5713 -11.5230   0.0180     40663.63     674.6841     1077.807    0.501   0
        35    630.204    697.811 238.0448821 +32.8665585     3.87 0.0004150064  -8.1635  -8.1466   0.3952     1814.081     660.1877     1327.194    0.253   0
        36    909.809    623.747 238.0091130 +32.8752240     3.80 0.0004079601 -10.9528  99.0000  99.0000     -3047.41     659.7617     1132.489    0.111   0
        37    557.346    711.823 238.0542088 +32.8648629     1.38 0.0001480497  -8.2845  -7.8795   0.5055     1418.416     660.2803     1308.757    0.178   0
        38    303.180    756.427 238.0867489 +32.8593989     4.10 0.0004392481 -10.8328 -10.8965   0.0318     22835.15     668.1743     1224.751    0.135   0
        39    720.899    709.811 238.0332307 +32.8655267     7.88 0.0008455502  -9.9065 -10.1220   0.0644     11189.32     663.9881     1332.269    0.201   0
        40    382.205    700.493 238.0766923 +32.8655868     4.04 0.0004334983 -12.7809 -12.8402   0.0056       136800      709.604     1279.923    0.112   0
        41    632.789    782.155 238.0444328 +32.8575664     4.73 0.0005067953  -8.6771  -8.4933   0.2874     2496.362     660.6324     1284.368    0.030   0
        42    860.913    791.110 238.0151587 +32.8572342     4.36 0.0004677528 -12.0701 -12.2667   0.0093     80665.05     689.7043     1273.271    0.138   0
        43    131.646    631.975 238.1089350 +32.8721968     4.63   0.00049679  -9.9989 -10.1983   0.0601     12004.15     664.2763     1214.846    0.083   0
        44    811.857    866.474 238.0213482 +32.8490595     3.68  0.000395013 -12.7877 -12.8166   0.0057       133862      708.655     1255.153    0.098   0
        45    359.985   1004.530 238.0791060 +32.8330854     3.63 0.0003891757  -8.5603  -6.5917   1.6546     433.1732     659.9819     1056.682    0.369   0
