#   1 NUMBER                 Running object number                                     
#   2 X_IMAGE                Object position along x                                    [pixel]
#   3 Y_IMAGE                Object position along y                                    [pixel]
#   4 ALPHA_J2000            Right ascension of barycenter (J2000)                      [deg]
#   5 DELTA_J2000            Declination of barycenter (J2000)                          [deg]
#   6 FWHM_IMAGE             FWHM assuming a gaussian core                              [pixel]
#   7 FWHM_WORLD             FWHM assuming a gaussian core                              [deg]
#   8 MAG_BEST               Best of MAG_AUTO and MAG_ISOCOR                            [mag]
#   9 MAG_APER               Fixed aperture magnitude vector                            [mag]
#  10 MAGERR_APER            RMS error vector for fixed aperture mag.                   [mag]
#  11 FLUX_APER              Flux vector within fixed circular aperture(s)              [count]
#  12 FLUXERR_APER           RMS error vector for aperture flux(es)                     [count]
#  13 BACKGROUND             Background at centroid position                            [count]
#  14 ELLIPTICITY            1 - B_IMAGE/A_IMAGE                                       
#  15 FLAGS                  Extraction flags                                          
         1    841.140     79.871 200.9201153 +36.1167298   133.79    0.0144347 -14.5168 -12.3794   0.0061     89489.98     500.7863      734.681    0.609  16
         2    821.089      9.499 200.9229477 +36.1242465    78.07   0.00842276 -13.5174 -12.2801   0.0062     81666.36     466.4391     436.2248    0.774  24
         3    702.131    185.862 200.9384864 +36.1049074     4.73 0.0005107002 -15.5067 -15.5355   0.0007      1637521      1012.32     915.8943    0.099   4
         4    789.240    183.510 200.9268384 +36.1054190     4.73 0.0005107358 -15.0272 -15.0604   0.0009      1057163     857.0812     915.4707    0.084   0
         5    261.874    151.875 200.9974566 +36.1072432     3.63 0.0003917827  -6.9607  99.0000  99.0000    -666.8766     454.0083     885.1994    0.204   0
         6    143.300    194.218 201.0132236 +36.1023235     4.27 0.0004607502 -13.2596 -13.3086   0.0029     210599.8     558.0428     866.8898    0.042   0
         7    565.468    192.251 200.9567546 +36.1038119     6.78 0.0007313525  -8.5987  -9.3471   0.0905     5480.924     456.8634     910.1007    0.187   0
         8    758.391    204.761 200.9309198 +36.1030398     5.61 0.0006052717  -8.7867  -9.4530   0.0822     6042.266     457.1449     916.3867    0.227   0
         9    354.986    256.020 200.9847700 +36.0963138     4.68 0.0005044083  -8.5831  -8.6810   0.1667     2967.578     455.3964     897.8996    0.174   0
        10    643.576    316.903 200.9460368 +36.0906259     4.44 0.0004792165 -10.9180 -11.0581   0.0192     26499.32     468.2858        909.6    0.127   0
        11    421.160    311.031 200.9757978 +36.0905913     3.93 0.0004237829  -8.2591  -9.0349   0.1205     4111.012      456.177      901.839    0.504   0
        12    283.467    362.526 200.9940996 +36.0846312     7.85 0.0008473266  -9.2293  -9.2274   0.1010     4908.499     456.6266     889.4899    0.275   0
        13    220.487    425.045 201.0023827 +36.0777095     8.24 0.0008892872  -9.2610  -9.3614   0.0894     5553.526     457.0179     874.4427    0.320   0
        14     49.066    473.848 201.0251953 +36.0719317     4.85  0.000523007  -9.1127  -9.2595   0.0981     5055.987      456.618     831.6707    0.181   0
        15    162.654    514.701 201.0099151 +36.0678814     4.11 0.0004431487 -12.9919 -13.0445   0.0035     165123.4     537.1967     855.5622    0.077   0
        16    916.501    883.593 200.9083393 +36.0304263     3.18 0.0003430709  -8.4501  99.0000  99.0000    -16096.14     451.4977      743.619    0.011  16
        17    482.889    647.555 200.9668059 +36.0545486     4.82  0.000520505  -8.1374  -8.4572   0.2048     2414.697      455.272     881.5748    0.482   0
        18    133.033    866.176 201.0130854 +36.0299533     7.67 0.0008275034  -8.9658  -9.1081   0.1127     4397.791     456.3086     771.8987    0.272   0
        19    886.216    812.410 200.9125371 +36.0380005     3.46 0.0003728169  -8.8442 -10.8735   0.0226     22356.46     465.8937     812.4555    0.420   0
        20     70.631    757.902 201.0216696 +36.0414184     6.90 0.0007443386  -8.6158  -8.6136   0.1774         2789     455.4903     792.0748    0.279   0
        21    244.831    704.476 200.9985043 +36.0477016     4.22 0.0004548705 -10.2968 -10.3406   0.0366     13684.65     461.3939     839.3864    0.127   0
        22    554.437    709.981 200.9571052 +36.0480427     3.85 0.0004158613  -9.7308  -9.9396   0.0527     9458.532      458.984     874.2793    0.077   0
        23    560.805    688.991 200.9562995 +36.0503214     6.11 0.0006595454 -10.2867 -10.3599   0.0360     13930.13     461.3879     880.0245    0.089   0
        24    788.515    581.406 200.9260877 +36.0625811     3.99 0.0004300745 -10.3069 -10.4102   0.0344     14590.56     461.8466     901.7825    0.078   0
        25    509.166    655.987 200.9632746 +36.0537198     3.96 0.0004272924 -10.2144 -10.2331   0.0404     12394.58     460.5804     882.6449    0.138   0
        26    727.162    548.176 200.9343619 +36.0659767     5.52 0.0005954992  -8.4788  -8.8897   0.1377     3596.506     455.8566      902.049    0.128   0
        27    886.273    671.457 200.9128270 +36.0531751     9.08 0.0009800108 -10.6107 -10.7430   0.0255     19823.96     464.6959     839.4856    0.179   0
        28    878.866    547.112 200.9140798 +36.0665398     4.98 0.0005372438  -9.1918 -10.2969   0.0381     13144.58     461.1391     869.3192    0.280   0
        29    785.964    883.188 200.9257863 +36.0300850     0.97 0.0001046944  -8.3315  -8.4773   0.2010     2459.949     455.1816     846.4152    0.087   0
