#   1 NUMBER                 Running object number                                     
#   2 X_IMAGE                Object position along x                                    [pixel]
#   3 Y_IMAGE                Object position along y                                    [pixel]
#   4 ALPHA_J2000            Right ascension of barycenter (J2000)                      [deg]
#   5 DELTA_J2000            Declination of barycenter (J2000)                          [deg]
#   6 FWHM_IMAGE             FWHM assuming a gaussian core                              [pixel]
#   7 FWHM_WORLD             FWHM assuming a gaussian core                              [deg]
#   8 MAG_BEST               Best of MAG_AUTO and MAG_ISOCOR                            [mag]
#   9 MAG_APER               Fixed aperture magnitude vector                            [mag]
#  10 MAGERR_APER            RMS error vector for fixed aperture mag.                   [mag]
#  11 FLUX_APER              Flux vector within fixed circular aperture(s)              [count]
#  12 FLUXERR_APER           RMS error vector for aperture flux(es)                     [count]
#  13 BACKGROUND             Background at centroid position                            [count]
#  14 ELLIPTICITY            1 - B_IMAGE/A_IMAGE                                       
#  15 FLAGS                  Extraction flags                                          
         1     91.930    124.959 200.8813134 +36.2235160    11.95  0.001287819 -11.1597 -10.8120   0.0271        21125     528.1165     870.3611    0.694   0
         2     92.881    161.314 200.8811572 +36.2196360     5.71 0.0006158151  -8.7705 -10.8975   0.0251     22855.52     528.9638     878.4907    0.707   1
         3     86.312    171.908 200.8820348 +36.2184879     9.81  0.001057343 -11.2169 -11.1568   0.0199     29020.92     531.9125      868.161    0.281   2
         4     79.378    193.989 200.8829527 +36.2161122     9.59  0.001033811 -11.3870 -11.3085   0.0174     33374.83     533.6848     859.1422    0.687  18
         5     78.292    273.092 200.8830382 +36.2076618    23.85  0.002570472 -12.5899 -11.3615   0.0166     35044.31     534.7502     859.2728    0.458   2
         6     73.181    228.749 200.8837615 +36.2123843     5.28 0.0005686989 -10.0229 -11.0768   0.0214     26959.91     530.8572     852.1202    0.381   0
         7     92.422    405.319 200.8810316 +36.1935772     6.43  0.000693559  -9.9784 -10.7049   0.0299     19140.98     527.2053     883.8981    0.526   0
         8     70.109    406.117 200.8840388 +36.1934350     5.00  0.000538494  -9.8553 -11.1493   0.0200     28822.17      531.762     847.9728    0.281   0
         9     77.306    483.408 200.8830090 +36.1851994    22.41  0.002415969 -12.8960 -11.4265   0.0156     37205.93     535.6607     870.5135    0.544   2
        10     90.173    447.772 200.8813022 +36.1890378     6.60 0.0007116894 -10.2080 -11.0013   0.0229      25148.5     529.9748     886.4895    0.409   0
        11     70.372    558.513 200.8838857 +36.1771611    31.07  0.003348944 -12.7721 -11.4535   0.0153     38140.24     536.1249      856.906    0.287   0
        12      6.899    810.196 200.8922431 +36.1501211    41.32  0.004454495 -12.3164 -11.4975   0.0130     39720.93     473.8517     526.2891    0.647  24
        13    890.216    874.804 200.7731934 +36.1454258     3.73  0.000402375  -9.3544 -10.8721   0.0257     22326.84     528.4697     814.6759    0.719   0
        14    159.667    828.969 200.8716469 +36.1485060    85.55  0.009221563 -13.8638 -12.1162   0.0085     70220.79     550.8812     800.0261    0.630   2
        15    341.583    819.174 200.8471453 +36.1500114     6.11 0.0006588742  -9.9278  -9.9853   0.0575     9865.469     522.6141     905.7059    0.129   0
        16     79.185    771.442 200.8825340 +36.1544445    79.45  0.008564136 -13.9660 -12.1258   0.0084     70846.64     551.1101     798.5936    0.628  19
        17     69.187    516.581 200.8840778 +36.1816361    14.79  0.001594209 -11.9920 -11.2608   0.0181     31939.54     533.0547     856.0756    0.182   2
