#   1 NUMBER                 Running object number                                     
#   2 X_IMAGE                Object position along x                                    [pixel]
#   3 Y_IMAGE                Object position along y                                    [pixel]
#   4 ALPHA_J2000            Right ascension of barycenter (J2000)                      [deg]
#   5 DELTA_J2000            Declination of barycenter (J2000)                          [deg]
#   6 FWHM_IMAGE             FWHM assuming a gaussian core                              [pixel]
#   7 FWHM_WORLD             FWHM assuming a gaussian core                              [deg]
#   8 MAG_BEST               Best of MAG_AUTO and MAG_ISOCOR                            [mag]
#   9 MAG_APER               Fixed aperture magnitude vector                            [mag]
#  10 MAGERR_APER            RMS error vector for fixed aperture mag.                   [mag]
#  11 FLUX_APER              Flux vector within fixed circular aperture(s)              [count]
#  12 FLUXERR_APER           RMS error vector for aperture flux(es)                     [count]
#  13 BACKGROUND             Background at centroid position                            [count]
#  14 ELLIPTICITY            1 - B_IMAGE/A_IMAGE                                       
#  15 FLAGS                  Extraction flags                                          
         1    833.042    178.471 327.8178961 +28.9479232   194.63   0.02102157 -15.9813 -12.4714   0.0088     97397.24     786.0955     1313.692    0.908  18
         2    858.100     38.523 327.8151312 +28.9630692     8.12 0.0008774256 -11.8977 -12.1842   0.0113      74758.7     778.8832      1066.91    0.203   3
         3    429.290     89.599 327.8680274 +28.9564905     7.71 0.0008327455 -13.0829 -13.1135   0.0050     175960.2     810.5964     1383.789    0.300   0
         4    448.039    102.915 327.8656770 +28.9551027     7.57 0.0008175169 -12.9507 -13.0018   0.0055     158750.3     805.3511     1399.102    0.297   0
         5     48.348     93.164 327.9151170 +28.9551351     7.03 0.0007590358 -11.3345 -11.4113   0.0227     36686.58     766.5657      1097.31    0.259   0
         6    201.574    131.553 327.8960783 +28.9513901     7.81 0.0008432273 -13.4394 -13.4788   0.0037     246338.4     832.1158     1317.917    0.297   0
         7    750.798    101.860 327.8282471 +28.9559760     8.04 0.0008681833  -9.1551  99.0000  99.0000    -633.5367     754.2928     1446.588    0.453   0
         8     93.932    130.490 327.9093888 +28.9512292     1.12 0.0001213529  -7.9855  -9.5759   0.1215     6766.591     756.8088     1248.863    0.317   0
         9    474.578    133.804 327.8623208 +28.9518404     6.98 0.0007538858  -9.4888  -9.6750   0.1108     7412.944     756.5967     1428.875    0.453   0
        10    710.818    205.960 327.8329406 +28.9446561     6.38 0.0006888367 -11.7917 -11.8467   0.0153     54786.83     772.3002     1515.087    0.260   0
        11    176.479    200.005 327.8990121 +28.9439482     7.35 0.0007942312 -10.3803 -10.2969   0.0627     13144.62     758.7006     1349.852    0.370   0
        12    589.337    219.556 327.8479259 +28.9428868     6.33 0.0006836058 -11.8442 -11.9288   0.0142     59092.13     773.7967     1493.417    0.285   0
        13    440.787    239.430 327.8662416 +28.9403706     6.42 0.0006937633 -12.1799 -12.2318   0.0108     78111.71     779.6489     1471.455    0.277   0
        14    302.521    241.375 327.8833290 +28.9398107     6.97 0.0007527597  -9.5936  -9.7219   0.1062     7740.382     757.0453     1428.476    0.349   0
        15    858.321    277.542 327.8145353 +28.9373078     8.03 0.0008672211 -10.5554 -11.1536   0.0287     28937.16     764.1185     1248.807    0.185   1
        16    606.547    302.918 327.8455974 +28.9339450     5.72 0.0006179602 -12.3895 -12.4442   0.0090     94986.68     785.4105      1528.82    0.212   0
        17    261.007    293.994 327.8883318 +28.9340337     4.20 0.0004537851  -8.8448  -9.5080   0.1292     6356.194     756.3539     1452.566    0.005   0
        18    755.043    307.056 327.8272316 +28.9338701     6.17 0.0006664109  -9.8295  -8.8902   0.2281     3598.058     755.6975     1546.104    0.307   0
        19    571.395    336.201 327.8498623 +28.9302695     5.69 0.0006149617 -11.9857 -11.9995   0.0133     63065.24     774.8715     1540.957    0.230   0
        20    503.164    347.523 327.8582686 +28.9288776     5.64 0.0006091365 -11.0820 -11.1582   0.0286     29058.77     764.0107     1537.056    0.248   0
        21    147.660    358.417 327.9021836 +28.9268008     7.31 0.0007898643 -10.0427 -10.6581   0.0451     18332.51     760.5563     1437.014    0.449   0
        22    497.722    371.290 327.8588837 +28.9263023     5.64 0.0006086201 -10.4246 -10.1800   0.0698     11803.73     758.4709     1547.787    0.236   0
        23    332.692    373.202 327.8792770 +28.9256789     9.09 0.0009816939 -10.1279 -10.4867   0.0527     15656.42     759.5065     1521.439    0.360   0
        24    554.441    389.397 327.8518293 +28.9244934     7.30 0.0007879628  -9.3539  -9.7564   0.1029      7990.48     756.9152     1564.622    0.345   0
        25    362.617    401.449 327.8755093 +28.9227102     3.45 0.0003726619  -8.5548 -10.0871   0.0760     10835.61     758.0243     1540.094    0.709   0
        26    270.411    430.443 327.8868346 +28.9193510     5.48   0.00059188 -12.5110 -12.6189   0.0077     111568.2     790.4468     1523.177    0.210   0
        27    864.111    425.995 327.8134668 +28.9213216     5.22  0.000563324 -10.5094  -8.6576   0.2825     2904.158     755.4466     1370.825    0.254   0
        28    480.884    419.552 327.8608478 +28.9210581     4.85 0.0005238264  -8.8810  -8.8885   0.2285     3592.572     755.8022      1569.09    0.482   0
        29    305.454    552.435 327.8822049 +28.9062917     4.82 0.0005205538 -12.3461 -12.4335   0.0091     94054.92     785.0523     1559.825    0.155   0
        30    888.256    888.253 327.8093858 +28.8715580    57.33  0.006192353 -13.9810 -12.6731   0.0073     117286.7     792.3347      551.909    0.143  16
        31    587.295    911.044 327.8465109 +28.8683519     3.38 0.0003656003 -11.1432  99.0000  99.0000      -144085     754.4849     1071.677    0.111   0
        32    127.011    803.708 327.9036359 +28.8787543     4.28  0.000462389  -9.6609 -11.2334   0.0267     31141.87     764.7552     1442.091    0.068   0
        33     42.652    801.429 327.9140636 +28.8787835     4.98 0.0005382809  -9.2504 -10.0797   0.0765     10762.07     758.0638     1416.663    0.141   0
        34    364.263    570.934 327.8748923 +28.9044471     6.42  0.000693789  -9.0853  -9.2857   0.1586      5179.23     756.1991     1570.169    0.298   0
        35    304.580    568.328 327.8822740 +28.9045765     4.88 0.0005266123 -10.4972 -10.6439   0.0456     18095.21     760.4995     1561.788    0.176   0
        36    310.975    530.821 327.8815755 +28.9086354     4.98 0.0005382192 -10.4259 -10.2924   0.0629     13090.05     758.6189     1557.961    0.241   0
        37    861.893    517.146 327.8135243 +28.9114916     5.01 0.0005408656 -11.5951 -10.9861   0.0334     24798.28     762.7421     1454.917    0.201   0
        38    809.741    516.198 327.8199717 +28.9114644     6.72 0.0007254526  -9.9039 -10.8655   0.0373     22192.23     761.6337     1562.284    0.370   0
        39    867.006    490.477 327.8129557 +28.9143788     5.04 0.0005445378  -8.7967  99.0000  99.0000    -34617.67     754.3782     1420.255    0.397   0
        40    508.366    486.371 327.8572894 +28.9139255     5.06 0.0005459787 -11.1681 -11.3082   0.0249     33365.31     765.4186     1574.621    0.241   0
        41    227.385    456.732 327.8920878 +28.9164080     5.50 0.0005942219 -11.1832 -11.2686   0.0258     32170.11     765.1124     1518.275    0.272   0
        42     63.863    891.845 327.9112191 +28.8690930     3.61 0.0003895848 -10.6503  99.0000  99.0000    -56625.83     754.4422     1190.215    0.096   0
        43    407.296    816.391 327.8689770 +28.8781004     4.16 0.0004489314  -9.4220  99.0000  99.0000    -3587.217     754.4208     1563.117    0.237   0
        44    675.810    801.536 327.8358390 +28.8803764     4.29 0.0004630939 -10.7060 -10.5253   0.0509     16222.77     759.8413     1597.287    0.123   0
        45    751.886    501.428 327.8271571 +28.9129124     4.98 0.0005381506 -12.1563 -12.2214   0.0109     77365.38     779.7194     1583.765    0.159   0
        46     57.884    825.509 327.9121221 +28.8762273     4.88 0.0005265531 -10.6937 -11.0585   0.0313     26510.08     763.2185     1395.003    0.117   0
        47    452.430    854.814 327.8633078 +28.8740731     4.14 0.0004476428 -12.0978 -11.9010   0.0146     57595.21      773.063     1534.804    0.118   0
        48    167.064    845.397 327.8985849 +28.8743634     5.52 0.0005959281 -11.2022 -11.3336   0.0243     34154.43     765.5922     1438.826    0.104   0
        49    575.374    823.489 327.8481947 +28.8777588     4.27 0.0004607101 -12.7237 -12.7022   0.0072     120471.3     793.3388     1564.174    0.129   0
        50    799.192    801.296 327.8205958 +28.8807097    19.48  0.002103643 -12.8699 -11.7157   0.0172     48560.14     770.3029     1520.473    0.483   0
        51    849.860    592.665 327.8148317 +28.9033222     5.13 0.0005543805 -10.1555 -10.2354   0.0663     12421.67     758.5897     1500.617    0.172   0
        52    467.827    771.176 327.8616085 +28.8831266     3.92 0.0004229403  -8.7262  -8.7923   0.2495     3287.789     755.4883     1581.282    0.253   0
        53    798.108    764.397 327.8208177 +28.8846840     7.93 0.0008561045 -11.2330 -11.2768   0.0256     32414.12     764.9816     1565.633    0.196   0
        54    109.082    691.837 327.9061274 +28.8907659     4.95 0.0005344546 -10.8350 -11.0176   0.0325     25529.23     762.8972     1482.641    0.201   0
        55    800.537    688.446 327.8206986 +28.8928763     4.55 0.0004911188 -13.4036 -13.4590   0.0037     241883.1     830.7374     1587.743    0.128   0
        56    536.131    710.508 327.8533160 +28.8898375     4.44 0.0004793792 -13.1726 -13.2403   0.0045     197746.5     817.4259      1591.77    0.113   0
        57    603.637    648.108 327.8451254 +28.8967326     4.48 0.0004840961  -9.5298  -9.8355   0.0957     8594.309     757.2635     1591.962    0.146   0
        58    251.886    662.863 327.8885537 +28.8942535     5.30 0.0005728229  -9.8338 -10.3900   0.0576     14322.25     759.3218     1559.435    0.103   0
        59    309.044    493.896 327.8819045 +28.9126103     5.05 0.0005454583 -13.5215 -13.5577   0.0034     264886.9     837.7084     1551.899    0.176   0
        60    655.381    648.428 327.8387307 +28.8968276     4.66 0.0005029262 -10.5142 -10.6664   0.0447     18474.25     760.3912     1592.886    0.171   0
        61    671.206    586.776 327.8369232 +28.9035121     5.02 0.0005422606 -10.9709 -10.9935   0.0332     24968.27     762.3542     1586.767    0.213   0
        62    841.113    830.021 327.8153482 +28.8777177    77.19  0.008336997 -13.9897 -13.0474   0.0053     165556.9     807.4812     1211.159    0.478  16
        63    905.021    610.167 327.8079737 +28.9015723     3.46 0.0003736457  -8.6999  99.0000  99.0000    -96383.68     754.3782     1145.423    0.358   0
        64    747.405    610.211 327.8274508 +28.9011765     4.63 0.0004999035 -11.7442 -11.6714   0.0179     46620.59     769.5057      1591.35    0.155   0
        65    699.946    558.832 327.8334386 +28.9065958     4.84 0.0005228597 -11.6552 -11.4959   0.0210     39660.17     767.5768      1588.31    0.208   0
        66    814.781    568.386 327.8192245 +28.9058520     4.66 0.0005033847 -11.3497 -11.3572   0.0238     34904.86       765.69      1558.05    0.139   0
        67    240.189    886.836 327.8894493 +28.8700837     4.00  0.000432376 -12.6878 -12.0197   0.0131     64252.38      775.379     1282.713    0.100   0
        68    801.631    541.521 327.8209136 +28.9087149     4.85 0.0005234494 -14.8525 -14.8914   0.0012     904776.9      1010.76     1581.147    0.139   0
