#   1 NUMBER                 Running object number                                     
#   2 X_IMAGE                Object position along x                                    [pixel]
#   3 Y_IMAGE                Object position along y                                    [pixel]
#   4 ALPHA_J2000            Right ascension of barycenter (J2000)                      [deg]
#   5 DELTA_J2000            Declination of barycenter (J2000)                          [deg]
#   6 FWHM_IMAGE             FWHM assuming a gaussian core                              [pixel]
#   7 FWHM_WORLD             FWHM assuming a gaussian core                              [deg]
#   8 MAG_BEST               Best of MAG_AUTO and MAG_ISOCOR                            [mag]
#   9 MAG_APER               Fixed aperture magnitude vector                            [mag]
#  10 MAGERR_APER            RMS error vector for fixed aperture mag.                   [mag]
#  11 FLUX_APER              Flux vector within fixed circular aperture(s)              [count]
#  12 FLUXERR_APER           RMS error vector for aperture flux(es)                     [count]
#  13 BACKGROUND             Background at centroid position                            [count]
#  14 ELLIPTICITY            1 - B_IMAGE/A_IMAGE                                       
#  15 FLAGS                  Extraction flags                                          
         1      9.623     81.342 200.8946920 +36.1159597    59.36  0.006410115 -13.0989 -12.2144   0.0082     76873.36     577.0091     449.4283    0.619  24
         2    192.894     29.558 200.8702570 +36.1220648    29.35  0.003168691 -11.9710 -11.4245   0.0176     37137.08     600.1662     684.3428    0.289   1
         3    137.093     10.719 200.8777702 +36.1239346    84.29  0.009102073 -14.2995 -13.0406   0.0041     164523.1     623.6217     361.6364    0.746  24
         4    144.560     83.891 200.8766160 +36.1160731    26.51  0.002862145 -12.1112 -11.3699   0.0184     35314.69     599.3744     1002.407    0.538   2
         5    396.005     57.805 200.8429958 +36.1195991     4.54 0.0004903877 -10.6579  99.0000  99.0000    -12329.29     584.3101     983.4843    0.058   0
         6     64.145    111.166 200.8873273 +36.1129038    14.56  0.001572599 -10.1118  99.0000  99.0000    -4501.392     584.5086     789.2673    0.407   0
         7    532.116     92.218 200.8246966 +36.1162752     5.17 0.0005582483  -8.9627  -9.3406   0.1170     5447.874     586.8505     1143.274    0.438   0
         8    748.649    173.888 200.7955347 +36.1080811     9.61  0.001037167 -10.4087 -10.6101   0.0367     17540.45     591.9959     1162.318    0.267   0
         9    327.193    233.597 200.8518471 +36.1004658     4.16 0.0004491764 -12.7324 -12.8019   0.0052     132051.2     638.3436      1213.65    0.102   0
        10     79.100    248.174 200.8850342 +36.0981868     6.60 0.0007126966 -10.5608 -11.2714   0.0201     32251.41     598.1438     1120.966    0.578   0
        11     80.265    381.464 200.8845960 +36.0838306     6.29 0.0006788898 -10.3070 -11.1891   0.0217     29897.71     597.1754     1121.485    0.532   2
        12    485.991    389.017 200.8302672 +36.0841707     3.47 0.0003742839  -7.3810  -8.1517   0.3486     1822.555     585.0563     1198.113    0.006   0
        13    707.858    397.450 200.8005493 +36.0838828     3.75 0.0004046216  -9.9470 -10.0710   0.0599     10675.55     588.9913     1156.233    0.163   0
        14    348.608    411.144 200.8486124 +36.0813990     4.31 0.0004649803  -8.8765  -9.2787   0.1238     5146.351     586.6232     1207.498    0.208   0
        15    163.642    449.136 200.8732924 +36.0767794     4.16  0.000449539  -8.5375  -8.8103   0.1903     3342.791     585.8541     1210.187    0.146   0
        16    738.083    462.665 200.7963729 +36.0769410     3.54 0.0003824299 -11.3040 -11.3569   0.0187     34893.21     599.3437     1130.235    0.096   0
        17     94.947    493.551 200.8823936 +36.0717976     3.85 0.0004159329 -11.4229 -11.6029   0.0150     43769.77     602.9067     1190.958    0.107   0
        18    692.913    743.305 200.8018569 +36.0465815     3.15 0.0003405809  -8.1982  -8.5962   0.2318     2744.523     585.7143      1064.76    0.089   0
        19    245.260    530.703 200.8621974 +36.0682250   151.26   0.01633253 -16.9003 -13.8022   0.0023     331802.9     706.5688     1206.668    0.992  56
        20    373.528    979.016 200.8441058 +36.0202917     3.36 0.0003623432  -8.7539  -8.9386   0.1692      3762.09     586.1484     1077.034    0.154   0
        21    673.935    946.226 200.8039891 +36.0246675     3.48 0.0003761697 -10.6297 -10.6940   0.0340      18948.8      592.574     994.3644    0.140   0
        22     75.434    634.716 200.8847064 +36.0565337     4.16 0.0004489866  -9.6855 -11.2480   0.0206     31563.91     597.8402     1074.214    0.538   0
        23     74.554    614.576 200.8848668 +36.0587008     4.78 0.0005159737  -9.8062 -11.1849   0.0218     29783.07     597.0789     1078.684    0.676   0
        24     77.879    681.397 200.8842804 +36.0515117     8.37 0.0009040891 -11.2006 -11.4050   0.0179     36474.93     599.8098     1078.946    0.131   0
        25     82.399    706.201 200.8836231 +36.0488525     3.46 0.0003732624  -9.3487 -11.2123   0.0212     30542.92     597.1542     1092.866    0.428   0
        26     82.031    655.013 200.8837807 +36.0543660     4.93 0.0005327948  -9.9622 -11.2248   0.0210     30896.43     597.3345     1105.805    0.591   0
        27    230.006    949.979 200.8633635 +36.0230124     3.64 0.0003933436  -7.8001  99.0000  99.0000    -186.1857     584.1943     1097.335    0.021   0
        28    614.923    830.657 200.8121160 +36.0369534     3.27 0.0003535812 -10.3079 -10.3483   0.0465     13781.84     590.3738     1062.484    0.064   0
        29     83.295    765.267 200.8833783 +36.0424918     5.61 0.0006052633 -10.2268 -11.1831   0.0218     29732.11     597.1223     1081.212    0.398   0
        30    654.523    850.974 200.8067772 +36.0348751     3.72 0.0004018227  -9.2735  -9.4536   0.1055     6045.811     587.0887     1038.723    0.088   0
        31     78.667    831.896 200.8838566 +36.0353005     5.26 0.0005682657 -10.0322 -11.1042   0.0234     27648.72     596.2494     1039.564    0.218   0
        32     76.594    740.783 200.8843268 +36.0451103     3.45 0.0003728738  -9.2945 -11.2184   0.0211     30715.48     597.2264     1058.322    0.414   0
