#   1 NUMBER                 Running object number                                     
#   2 X_IMAGE                Object position along x                                    [pixel]
#   3 Y_IMAGE                Object position along y                                    [pixel]
#   4 ALPHA_J2000            Right ascension of barycenter (J2000)                      [deg]
#   5 DELTA_J2000            Declination of barycenter (J2000)                          [deg]
#   6 FWHM_IMAGE             FWHM assuming a gaussian core                              [pixel]
#   7 FWHM_WORLD             FWHM assuming a gaussian core                              [deg]
#   8 MAG_BEST               Best of MAG_AUTO and MAG_ISOCOR                            [mag]
#   9 MAG_APER               Fixed aperture magnitude vector                            [mag]
#  10 MAGERR_APER            RMS error vector for fixed aperture mag.                   [mag]
#  11 FLUX_APER              Flux vector within fixed circular aperture(s)              [count]
#  12 FLUXERR_APER           RMS error vector for aperture flux(es)                     [count]
#  13 BACKGROUND             Background at centroid position                            [count]
#  14 ELLIPTICITY            1 - B_IMAGE/A_IMAGE                                       
#  15 FLAGS                  Extraction flags                                          
         1    192.487     31.052 237.9714999 +32.9397603    43.44  0.004654683 -13.5530 -12.8716   0.0108     140816.6     1400.329     1167.914    0.480  19
         2    142.700     87.594 237.9777650 +32.9335973    65.24   0.00698984 -14.4613 -12.8781   0.0107     141654.6     1400.135     2593.979    0.804  19
         3     11.422     79.840 237.9945977 +32.9340860    68.60  0.007349897 -14.4782 -13.7551   0.0047       317714     1376.639     211.3506    0.580  24
         4    135.748     11.236 237.9788087 +32.9417296    89.26  0.009563892 -15.7826 -14.5855   0.0023     682623.4     1437.855    -179.6994    0.746  24
         5     66.201    110.764 237.9875180 +32.9309270    31.42  0.003366803  99.0000  99.0000  99.0000    -1345.642     1374.415     1621.203    0.483   2
         6     86.011    121.269 237.9849592 +32.9298568    36.14  0.003872532 -13.3430 -12.6134   0.0136     111005.5      1394.92     2261.382    0.588   3
         7    916.967     92.617 237.8785676 +32.9350141     6.30  0.000674847 -11.7490 -11.0611   0.0564     26573.67     1379.434     2773.372    0.199   0
         8    423.445     95.331 237.9417853 +32.9334886     6.66 0.0007140772 -11.4969 -11.4327   0.0401     37417.04     1381.514     3196.196    0.150   0
         9     77.289    164.239 237.9859900 +32.9252479    23.04  0.002468519 -13.0655 -12.4221   0.0162     93074.81     1391.626     2873.584    0.326   2
        10    554.399    143.476 237.9249161 +32.9286808     5.95 0.0006376881 -10.5343  99.0000  99.0000    -5221.126     1374.804     3242.719    0.251   0
        11    988.542    198.826 237.8691995 +32.9238542     6.34 0.0006795939 -14.6496 -14.6857   0.0022     748659.6     1504.975     2818.306    0.143   0
        12    183.357    260.004 237.9722124 +32.9152993     6.28  0.000673331 -11.8977 -11.9831   0.0242     62118.75     1385.822     3341.075    0.072   0
        13    569.259    414.114 237.9224884 +32.8998311     8.06 0.0008639667 -16.9299 -16.9383   0.0004      5961030     2207.065     3247.223    0.050   4
        14    783.447    344.855 237.8951922 +32.9077597     6.46 0.0006916733 -12.1254 -12.2009   0.0199     75919.02     1388.618     3031.858    0.167   0
        15    156.544    378.606 237.9754092 +32.9025714     5.95 0.0006371041 -12.6687 -12.7052   0.0126     120807.5     1396.446     3337.646    0.099   0
        16    207.198    403.395 237.9688732 +32.9000555     6.82 0.0007311079 -12.0265 -12.0828   0.0221      68096.4     1386.823     3329.788    0.116   0
        17     80.416    748.033 237.9844150 +32.8629441   164.56   0.01763211 -16.1846 -12.8040   0.0115     132313.5     1398.466     2745.726    0.959  50
        18     75.226    260.093 237.9860611 +32.9150115    75.79   0.00812045  99.0000  99.0000  99.0000            0            0     2872.182    0.781  50
        19    963.569    505.559 237.8718229 +32.8910527     6.41 0.0006865712 -12.4943 -12.5103   0.0150     100954.1     1393.117     2551.265    0.174   0
        20    155.605    817.010 237.9746529 +32.8557753     6.24 0.0006688037 -11.7093 -11.7312   0.0305     49256.32     1383.307     3073.461    0.135   0
        21    653.294   1010.627 237.9105808 +32.8363720     6.06 0.0006491563 -12.3013 -12.2543   0.0189     79748.64     1389.268     2358.691    0.136   0
        22     88.123    997.233 237.9829281 +32.8363653    12.23  0.001310062 -12.4537 -12.1694   0.0204     73746.28     1388.226      2530.38    0.126   0
        23    754.288    951.058 237.8977707 +32.8429825     6.13  0.000657173 -12.4433 -12.3996   0.0166     91165.22     1391.513     2253.562    0.145   0
        24    588.718    956.438 237.9189488 +32.8419939     4.11 0.0004402238  -9.7968 -10.3277   0.1106     13523.76     1377.416     2541.305    0.528   0
        25    723.088    886.569 237.9018866 +32.8497881     6.24  0.000668267 -11.7496 -11.7752   0.0293     51296.71       1384.1     2427.583    0.164   0
        26     84.935    982.334 237.9833659 +32.8379473     5.74 0.0006152705 -10.4900 -12.1909   0.0200     75228.04     1388.686     2487.067    0.192   1
        27    779.346    839.529 237.8947759 +32.8549493     6.62 0.0007096184 -10.6009 -10.6475   0.0824     18155.71     1378.101     2397.713    0.232   0
        28    440.185    622.854 237.9386087 +32.8772249     6.14 0.0006580318 -12.4964 -12.5444   0.0145     104170.3     1393.733      3202.71    0.134   0
        29    688.764    698.323 237.9066403 +32.8697952     6.07  0.000650081 -11.2283 -11.2345   0.0481     31173.29       1380.5     2780.916    0.136   0
