#   1 NUMBER                 Running object number                                     
#   2 X_IMAGE                Object position along x                                    [pixel]
#   3 Y_IMAGE                Object position along y                                    [pixel]
#   4 ALPHA_J2000            Right ascension of barycenter (J2000)                      [deg]
#   5 DELTA_J2000            Declination of barycenter (J2000)                          [deg]
#   6 FWHM_IMAGE             FWHM assuming a gaussian core                              [pixel]
#   7 FWHM_WORLD             FWHM assuming a gaussian core                              [deg]
#   8 MAG_BEST               Best of MAG_AUTO and MAG_ISOCOR                            [mag]
#   9 MAG_APER               Fixed aperture magnitude vector                            [mag]
#  10 MAGERR_APER            RMS error vector for fixed aperture mag.                   [mag]
#  11 FLUX_APER              Flux vector within fixed circular aperture(s)              [count]
#  12 FLUXERR_APER           RMS error vector for aperture flux(es)                     [count]
#  13 BACKGROUND             Background at centroid position                            [count]
#  14 ELLIPTICITY            1 - B_IMAGE/A_IMAGE                                       
#  15 FLAGS                  Extraction flags                                          
         1    833.437    178.298 327.8178774 +28.9477403   208.16   0.02248573 -16.3597 -12.8426   0.0075     137104.1     945.5242     1584.691    0.899  18
         2    857.741     37.314 327.8152072 +28.9629924     8.55 0.0009240216 -12.1068 -12.3615   0.0115     88020.36     932.6063     1249.302    0.215   3
         3    429.039     88.454 327.8681216 +28.9563918     8.06 0.0008706374 -13.0911 -13.1197   0.0059     176966.1      956.128     1681.475    0.286   0
         4    447.769    101.832 327.8657719 +28.9549983     7.83 0.0008458876 -12.9614 -13.0060   0.0065     159363.8     951.4407     1703.379    0.281   0
         5     48.060     92.064 327.9152438 +28.9550164     7.91 0.0008547545 -11.4619 -11.5200   0.0246     40552.25     919.7175     1287.728    0.283   0
         6    201.275    130.441 327.8961950 +28.9512800     8.47 0.0009144973 -13.4424 -13.4708   0.0043     244527.2      973.609      1592.98    0.292   0
         7    710.557    204.809 327.8330144 +28.9445731     6.68 0.0007220716 -11.8387 -11.9061   0.0173     57865.91     924.2349     1862.585    0.226   0
         8    176.135    198.748 327.8991361 +28.9438549     7.77 0.0008390883 -10.4239 -10.4913   0.0631     15722.62     912.8154     1637.177    0.348   0
         9    589.029    218.399 327.8480144 +28.9427998     6.52 0.0007046784 -11.8389 -11.9027   0.0174      57686.9     924.0349     1836.751    0.201   0
        10    440.520    238.355 327.8663357 +28.9402697     6.85 0.0007397829 -12.1887 -12.2210   0.0131     77336.16     929.7127     1804.196    0.258   0
        11    302.180    240.071 327.8834432 +28.9397288     6.74 0.0007280568  -9.4790  -9.2515   0.1969     5018.777     910.0588     1746.112    0.238   0
        12    606.328    301.836 327.8456730 +28.9338537     6.20 0.0006697167 -12.4079 -12.4658   0.0105     96896.16     934.9326     1879.966    0.215   0
        13    261.021    294.005 327.8884015 +28.9338112   -19.21 -0.002074575  -8.8266  -9.7675   0.1225      8072.62     910.3843     1778.446    0.007   0
        14    754.775    305.865 327.8273024 +28.9337964     7.71 0.0008328682  -9.7980  99.0000  99.0000    -540.0882     908.6791     1906.103    0.256   0
        15    571.177    335.118 327.8499400 +28.9301780     6.08 0.0006570623 -11.9729 -11.9864   0.0161     62309.16     925.6379     1898.783    0.202   0
        16    502.986    346.412 327.8583466 +28.9287869     6.33 0.0006840618 -11.1248 -11.2245   0.0322     30888.91     916.7814     1892.962    0.260   0
        17    147.350    357.851 327.9023028 +28.9266373     6.61 0.0007140068 -10.3633 -11.0072   0.0393     25285.76     915.5328     1754.396    0.456   0
        18    497.478    370.153 327.8589701 +28.9262148     5.94 0.0006413703 -10.3411  -9.9676   0.1020     9705.766     911.3711     1907.602    0.258   0
        19    331.507    371.982 327.8794922 +28.9255914     2.81   0.00030405  -9.5364 -10.5706   0.0586     16914.09     913.3207     1871.891    0.381   0
        20    554.246    388.495 327.8519048 +28.9243836     5.02 0.0005419248  -9.2411  -9.9295   0.1056     9371.344     911.2537     1930.289    0.236   0
        21    270.181    429.351 327.8869357 +28.9192517     6.17 0.0006667512 -12.5579 -12.6465   0.0089       114447      939.614     1875.294    0.187   0
        22    863.901    424.850 327.8135214 +28.9212514     5.86 0.0006333551 -10.4377  99.0000  99.0000    -666.3988     908.6534     1661.564    0.232   0
        23    166.637    844.161 327.8987157 +28.8742888     5.19 0.0005606738  -9.5437  -9.7925   0.1198     8260.028     910.9488     1803.194    0.313   0
        24    888.243    888.281 327.8094086 +28.8713785    55.79  0.006026574 -14.6951 -12.9994   0.0065     158395.8       951.26     552.7847    0.153  17
        25    587.120    910.066 327.8465783 +28.8682690     3.90 0.0004212986 -10.9733  99.0000  99.0000    -194319.2     908.7048     1263.115    0.103   0
        26    407.156    815.229 327.8690546 +28.8780272     4.87  0.000525832  -9.4456  -9.4812   0.1594     6201.007     910.2552     1916.985    0.152   0
        27    849.857    591.363 327.8148612 +28.9032745     5.64 0.0006087117  -9.8695  -8.8224   0.2922     3380.214     909.6343      1853.04    0.187   0
        28    814.453    567.365 327.8192962 +28.9057710     5.14 0.0005548834 -11.2756 -11.2038   0.0329     30305.94     916.9536      1924.96    0.138   0
        29    304.386    567.347 327.8823670 +28.9044713     5.98 0.0006456267 -10.4715 -10.6769   0.0532      18652.8     913.7198     1924.796    0.197   0
        30    364.187    569.399 327.8749676 +28.9044043     3.01 0.0003250226  -8.7358  -9.6928   0.1312     7535.678     910.2625     1934.434    0.400   0
        31    310.731    529.741 327.8816746 +28.9085397     5.56 0.0006001726 -10.3765 -10.2114   0.0815     12149.04     911.9386      1920.69    0.174   0
        32    861.612    516.052 327.8135871 +28.9114187     5.63 0.0006083395 -11.5361 -10.6358   0.0552     17960.13     913.5303     1775.633    0.178   0
        33    508.132    485.299 327.8573728 +28.9138352     5.70  0.000615852 -11.2088 -11.3553   0.0286     34843.29     918.2407      1944.27    0.182   0
        34    227.092    455.549 327.8921999 +28.9163175     6.13 0.0006623828 -11.1558 -11.2361   0.0319      31221.3     917.2541     1868.144    0.252   0
        35     63.595    890.827 327.9113372 +28.8689926     4.20 0.0004535905 -10.3771  99.0000  99.0000    -77250.09     908.2677     1428.459    0.094   0
        36    239.940    885.798 327.8895520 +28.8699924     4.61 0.0004977101 -12.6137 -11.3886   0.0278     35927.68     918.2307     1563.095    0.089   0
        37    751.671    500.381 327.8272200 +28.9128298     5.50 0.0005943367 -12.1496 -12.2233   0.0130     77500.96     929.7822     1955.302    0.155   0
        38    308.800    492.844 327.8820040 +28.9125102     5.60 0.0006051636 -13.5172 -13.5481   0.0040     262577.7     977.9225     1913.319    0.175   0
        39    575.159    822.463 327.8482686 +28.8776776     4.81 0.0005193868 -12.7001 -12.6603   0.0088     115904.7      939.952     1929.896    0.109   0
        40    675.489    800.474 327.8359187 +28.8803021     4.92 0.0005309462 -10.6635 -10.2602   0.0780      12708.1     912.2199      1979.11    0.058   0
        41    747.167    609.156 327.8275162 +28.9010980     5.13 0.0005540495 -11.7315 -11.6472   0.0219     45590.58     921.0607     1960.583    0.122   0
        42    798.180    762.722 327.8208415 +28.8846804     7.16 0.0007736412 -11.2636 -11.4836   0.0255     39213.15     919.3788     1935.243    0.076   0
        43    603.160    646.790 327.8452314 +28.8966775     7.70 0.0008321266  -9.6894  -9.7469   0.1249     7920.599     910.5991     1965.227    0.185   0
        44    839.291    828.794 327.8156015 +28.8776649    78.77  0.008508716 -14.0578 -13.4020   0.0046     229513.6     969.7222     1477.171    0.306  16
        45     57.727    824.700 327.9122268 +28.8761024     5.60 0.0006048974 -10.2320 -10.3613   0.0710     13948.63     912.5086     1716.434    0.234   0
        46    108.867    690.866 327.9062366 +28.8906558     5.75 0.0006214992 -11.0224 -11.2411   0.0318     31364.08     917.3439      1817.99    0.154   0
        47    535.880    709.501 327.8533980 +28.8897488     4.96 0.0005358081 -13.1785 -13.2460   0.0053     198787.5     961.7438     1967.688    0.101   0
        48    800.262    687.402 327.8207641 +28.8928013     5.07 0.0005480681 -13.4038 -13.4518   0.0044     240282.9     972.3024     1961.831    0.110   0
        49    251.607    661.661 327.8886610 +28.8941729     6.22 0.0006715924  -9.8533 -10.5712   0.0586      16923.3     913.2209     1922.896    0.363   0
        50    655.159    647.284 327.8388009 +28.8967565     5.26 0.0005678511 -10.4291 -10.6901   0.0526      18881.8     913.8591     1967.909    0.169   0
        51    670.848    585.877 327.8370088 +28.9034129     5.53  0.000597237 -11.0066 -10.9934   0.0398     24965.84     915.5475      1957.81    0.173   0
        52    699.656    557.844 327.8335141 +28.9065065     5.40 0.0005833385 -11.6210 -11.4633   0.0259     38488.19     919.2325     1959.326    0.173   0
        53    452.161    853.764 327.8633974 +28.8739906     4.74 0.0005123794 -12.1756 -12.1769   0.0136     74261.43     928.8856     1862.859    0.096   0
        54    305.184    551.381 327.8823074 +28.9061937     5.45  0.000588841 -12.3574 -12.4286   0.0108     93632.83     933.6844     1923.003    0.162   0
        55    801.389    540.479 327.8209759 +28.9086350     5.40 0.0005829713 -14.8543 -14.8883   0.0014     902210.9     1129.874     1955.747    0.132   0
