#   1 NUMBER                 Running object number                                     
#   2 X_IMAGE                Object position along x                                    [pixel]
#   3 Y_IMAGE                Object position along y                                    [pixel]
#   4 ALPHA_J2000            Right ascension of barycenter (J2000)                      [deg]
#   5 DELTA_J2000            Declination of barycenter (J2000)                          [deg]
#   6 FWHM_IMAGE             FWHM assuming a gaussian core                              [pixel]
#   7 FWHM_WORLD             FWHM assuming a gaussian core                              [deg]
#   8 MAG_BEST               Best of MAG_AUTO and MAG_ISOCOR                            [mag]
#   9 MAG_APER               Fixed aperture magnitude vector                            [mag]
#  10 MAGERR_APER            RMS error vector for fixed aperture mag.                   [mag]
#  11 FLUX_APER              Flux vector within fixed circular aperture(s)              [count]
#  12 FLUXERR_APER           RMS error vector for aperture flux(es)                     [count]
#  13 BACKGROUND             Background at centroid position                            [count]
#  14 ELLIPTICITY            1 - B_IMAGE/A_IMAGE                                       
#  15 FLAGS                  Extraction flags                                          
         1    918.053      4.040 327.6817442 +28.9692309     3.41 0.0003687814  -6.7289  99.0000  99.0000    -1164.755     267.1249     565.5682    0.006  16
         2    221.006    203.776 327.7675235 +28.9460110    10.74  0.001159849  -9.5072  -9.5987   0.0529     6910.057     336.5637     648.7908    0.257   0
         3    159.548    300.732 327.7748987 +28.9354117    10.62  0.001147197  -9.3633  -9.4029   0.0632     5769.811     335.8268     648.7706    0.169   0
         4    899.549    504.897 327.6829076 +28.9152187     7.12 0.0007690437 -10.4548 -10.5118   0.0233     16021.87     343.4283     619.3159    0.122   0
         5    170.462    834.440 327.7722996 +28.8779319     5.57 0.0006015084  -9.7378 -10.7463   0.0189     19884.56     346.2108      612.238    0.311   0
         6    746.559    827.438 327.7010965 +28.8800964     6.31 0.0006821526 -10.6649 -10.6728   0.0202     18584.02     345.2974     635.0799    0.054   0
         7    156.774    826.477 327.7740105 +28.8787559    10.00  0.001079725 -10.8847 -10.8226   0.0177     21332.51     347.2816     614.8726    0.589   2
         8    141.792    821.411 327.7758744 +28.8792647     6.72 0.0007263327 -10.1017 -10.7041   0.0196     19126.23     345.5368     612.8273    0.446   0
         9    727.841    817.032 327.7034341 +28.8811725     7.91 0.0008546925  -8.8808  -9.1053   0.0829     4386.691      334.842     636.1795    0.120   0
        10     67.630    761.097 327.7851845 +28.8855790     6.96 0.0007522139 -10.2514 -10.8001   0.0180     20895.84     346.9582     611.2927    0.737   0
        11    560.479    739.799 327.7243013 +28.8890882     7.69 0.0008308479  -9.1427  -9.3023   0.0693     5259.218     335.4558     641.1403    0.135   0
        12    272.776    716.824 327.7599250 +28.8908582     8.09 0.0008735832  -9.0921  -9.1486   0.0797     4565.147     334.9288     646.5444    0.136   0
        13    296.324    684.986 327.7570876 +28.8943468     6.39 0.0006902492 -10.5882 -10.6122   0.0213     17574.88      344.548     645.8695    0.082   0
        14    520.468    564.029 327.7296515 +28.9079299    10.17  0.001098963  -9.5889  -9.8240   0.0432     8503.308       337.92     646.4144    0.135   0
        15    523.960    539.072 327.7292771 +28.9106276     8.07 0.0008720793  -8.7489  -9.0354   0.0884     4113.026     334.6284     645.8716    0.067   0
        16    918.343    496.015 327.6806033 +28.9162209     1.80 0.0001941441  -7.2928  -8.6787   0.1224     2961.259     333.7947     617.1636    0.074   0
        17     20.959    465.862 327.7916509 +28.9172740     7.16 0.0007734168  -9.5090  -9.2454   0.0730     4990.827     335.2743     607.1239    0.255   0
        18     62.947    764.018 327.7857565 +28.8852526     8.36 0.0009033629 -10.4979 -10.7777   0.0184     20467.58     346.6226     605.4198    0.445   2
        19    222.808    638.960 327.7662846 +28.8991245     6.43 0.0006941228 -11.1535 -11.1846   0.0129     29773.44     353.2178     645.8649    0.103   0
