#   1 NUMBER                 Running object number                                     
#   2 X_IMAGE                Object position along x                                    [pixel]
#   3 Y_IMAGE                Object position along y                                    [pixel]
#   4 ALPHA_J2000            Right ascension of barycenter (J2000)                      [deg]
#   5 DELTA_J2000            Declination of barycenter (J2000)                          [deg]
#   6 FWHM_IMAGE             FWHM assuming a gaussian core                              [pixel]
#   7 FWHM_WORLD             FWHM assuming a gaussian core                              [deg]
#   8 MAG_BEST               Best of MAG_AUTO and MAG_ISOCOR                            [mag]
#   9 MAG_APER               Fixed aperture magnitude vector                            [mag]
#  10 MAGERR_APER            RMS error vector for fixed aperture mag.                   [mag]
#  11 FLUX_APER              Flux vector within fixed circular aperture(s)              [count]
#  12 FLUXERR_APER           RMS error vector for aperture flux(es)                     [count]
#  13 BACKGROUND             Background at centroid position                            [count]
#  14 ELLIPTICITY            1 - B_IMAGE/A_IMAGE                                       
#  15 FLAGS                  Extraction flags                                          
         1      9.743     81.588 200.8928264 +36.1158000    59.84   0.00646132 -13.1070 -12.2317   0.0081     78108.77     579.9187     443.4797    0.615  24
         2    192.523     29.983 200.8684441 +36.1218764    30.65  0.003309014 -12.0387 -11.4932   0.0165     39562.15     602.6817      680.739    0.210   1
         3    137.123     10.758 200.8759050 +36.1237895    84.39  0.009111537 -14.3268 -13.0627   0.0041     167907.3     626.5103     354.7797    0.744  24
         4    141.416     88.599 200.8751728 +36.1154201    31.28  0.003377209 -12.5311 -11.4637   0.0170     38503.48      601.952     1035.438    0.608   0
         5    383.524     56.324 200.8428024 +36.1195779     4.31 0.0004649611 -10.5970  99.0000  99.0000    -15296.32     586.1406     978.4626    0.020   0
         6     64.295    109.606 200.8854615 +36.1129388    15.06  0.001625486  -9.9436  99.0000  99.0000     -7383.77     585.9417     785.1938    0.615   0
         7    518.872     90.926 200.8246019 +36.1162299     5.58 0.0006023244  -8.9643  -9.1548   0.1391     4590.983     588.0955     1146.404    0.389   0
         8     82.583    120.782 200.8829890 +36.1117875     3.45 0.0003727697  -9.2913 -11.0376   0.0249     26004.35     596.7871      944.156    0.416   0
         9    736.035    172.949 200.7953523 +36.1079984    10.49  0.001132714 -10.4090 -10.5473   0.0389      16554.6     593.1103     1170.212    0.317   0
        10    314.679    231.932 200.8516768 +36.1004758     3.94 0.0004250393 -12.7487 -12.8033   0.0053       132226     640.0121     1219.287    0.073   0
        11     74.991    248.627 200.8837464 +36.0980001     5.84  0.000630582 -10.5080 -11.3639   0.0186     35119.14     600.6094     1106.593    0.419   0
        12     77.665    317.164 200.8832492 +36.0906279     4.51 0.0004871677  -9.6736 -11.1153   0.0232     27933.74     597.8712     1121.609    0.607   0
        13     80.830    335.177 200.8827888 +36.0886973     3.90 0.0004212351  -9.3446 -11.0876   0.0238     27230.67     597.4633     1136.658    0.262   0
        14     76.868    367.725 200.8832533 +36.0851814     4.39 0.0004742361  -9.6846 -11.2178   0.0212     30697.82     599.0259     1113.464    0.311   0
        15     79.181    386.845 200.8829048 +36.0831293     4.21 0.0004540293  -9.6799 -11.2233   0.0211     30855.16     599.0104     1121.946    0.640   0
        16    694.882    395.691 200.8004382 +36.0839008     3.59  0.000387313  -9.9250  -9.9876   0.0648     9886.659     590.2436     1166.813    0.075   0
        17    336.272    409.425 200.8484329 +36.0814246     4.91 0.0005303372  -9.0520  -9.4267   0.1084     5897.554     588.5846     1213.186    0.177   0
        18   1028.255    412.087 200.7557642 +36.0830453     3.70 0.0003999346  -9.1342  -8.7436   0.1512     3143.605     437.5771     1035.931    0.503  24
        19    151.564    448.001 200.8730888 +36.0767498     4.56 0.0004918976  -8.2558  99.0000  99.0000    -408.3609     585.8421     1215.498    0.384   0
        20    725.080    460.831 200.7962699 +36.0769699     3.47 0.0003747743 -11.3155 -11.3755   0.0184     35498.14     600.9936     1141.375    0.047   0
        21     82.106    491.911 200.8823001 +36.0718245     4.17 0.0004500276 -11.9262 -12.0097   0.0105     63664.34     612.6456     1130.589    0.060   0
        22    442.158    748.841 200.8335885 +36.0451739     4.49 0.0004846322  -8.5139  -8.5923   0.2332     2734.877     587.2397     1154.532    0.177   0
        23    360.676    977.267 200.8440435 +36.0203499     3.36 0.0003628868  -8.7308  -8.8917   0.1771     3603.068     587.5762     1084.281    0.107   0
        24     76.407    713.786 200.8826131 +36.0479176     3.45 0.0003723454  -9.3067 -11.3031   0.0196     33208.79       599.83     1064.466    0.411   0
        25     78.089    659.313 200.8824985 +36.0537879     5.41 0.0005838328 -10.2486 -11.3096   0.0195     33405.98     600.1226     1088.851    0.768   0
        26    651.403    642.818 200.8057854 +36.0571710     3.42 0.0003690397  -8.2983  -8.2686   0.3139     2029.688     586.6248     1117.559    0.412   0
        27     78.994    629.136 200.8824385 +36.0570398     5.32 0.0005738696 -10.1594 -11.2469   0.0206     31533.15     599.2933     1100.867    0.408   0
        28    641.555    848.963 200.8067072 +36.0349467     3.55 0.0003832447  -9.2347  -9.4768   0.1035     6176.413     588.7526     1046.966    0.085   0
        29     80.771    815.418 200.8818231 +36.0369868     3.46 0.0003731435  -9.3514 -11.2918   0.0198     32865.42     599.7192     1056.231    0.419   0
        30     80.054    781.084 200.8819887 +36.0406817     9.51  0.001027238 -11.2313 -11.2748   0.0201     32354.77     599.7656     1063.418    0.551   0
        31     85.190    716.783 200.8814315 +36.0476199     3.44   0.00037136  -9.2797 -11.1969   0.0216      30113.6     598.5223     1109.888    0.647   0
        32     81.565    676.354 200.8819986 +36.0519629     8.47 0.0009145678 -11.2751 -11.3291   0.0192     34014.03     600.3921     1105.773    0.560   0
        33     80.173    651.256 200.8822359 +36.0546613     7.35 0.0007934226 -10.7873 -11.2796   0.0200      32495.4     599.7918      1101.17    0.728   0
        34     83.827    870.823 200.8813019 +36.0310297     4.91 0.0005299337  -9.9373 -11.2079   0.0214     30420.72     598.8129     1049.272    0.614   2
        35    660.726    944.130 200.8039589 +36.0247524     3.38 0.0003653119 -10.6454 -10.7285   0.0330     19561.59     594.4254     1001.842    0.141   0
        36     76.196    559.401 200.8829545 +36.0645406     3.44 0.0003712106  -9.2392 -11.1076   0.0234     27736.51     597.5611     1094.331    0.415   0
        37    190.907    768.951 200.8671767 +36.0423026     3.78 0.0004084272  -8.8417  -9.6271   0.0902     7093.422     589.1088      1172.33    0.231   0
        38    601.953    828.871 200.8120458 +36.0370007     3.29 0.0003549324 -10.2858 -10.3625   0.0460      13963.2     591.9185     1071.425    0.019   0
        39     79.828    898.146 200.8817818 +36.0280763     3.94   0.00042556  -9.5338 -11.2725   0.0202      32285.2     599.7042     1017.936    0.257   0
        40    679.229    741.620 200.8018711 +36.0466090     4.02 0.0004341085  -8.2309  -9.0037   0.1598     3994.731      587.627      1074.43    0.089   0
