#   1 NUMBER                 Running object number                                     
#   2 X_IMAGE                Object position along x                                    [pixel]
#   3 Y_IMAGE                Object position along y                                    [pixel]
#   4 ALPHA_J2000            Right ascension of barycenter (J2000)                      [deg]
#   5 DELTA_J2000            Declination of barycenter (J2000)                          [deg]
#   6 FWHM_IMAGE             FWHM assuming a gaussian core                              [pixel]
#   7 FWHM_WORLD             FWHM assuming a gaussian core                              [deg]
#   8 MAG_BEST               Best of MAG_AUTO and MAG_ISOCOR                            [mag]
#   9 MAG_APER               Fixed aperture magnitude vector                            [mag]
#  10 MAGERR_APER            RMS error vector for fixed aperture mag.                   [mag]
#  11 FLUX_APER              Flux vector within fixed circular aperture(s)              [count]
#  12 FLUXERR_APER           RMS error vector for aperture flux(es)                     [count]
#  13 BACKGROUND             Background at centroid position                            [count]
#  14 ELLIPTICITY            1 - B_IMAGE/A_IMAGE                                       
#  15 FLAGS                  Extraction flags                                          
         1      9.627     81.621 237.9945479 +32.9337404    59.30  0.006378388 -13.1027 -12.2457   0.0081     79116.08     590.5464     437.8138    0.616  24
         2    138.454     90.256 237.9779615 +32.9331673    31.25  0.003361343 -12.5863 -11.3918   0.0185     36034.39       613.81     1048.197    0.657   2
         3    193.028     29.946 237.9710263 +32.9397745    28.49  0.003063691 -11.9441 -11.3305   0.0195     34057.08     613.0869      689.032    0.118   1
         4    136.525     10.784 237.9783237 +32.9416731    84.30  0.009066362 -14.3398 -13.1018   0.0040     174068.8     640.1117     345.2603    0.742  24
         5    915.049     91.090 237.8780460 +32.9351515     5.50 0.0005910026 -11.9291 -11.9164   0.0116     58417.67     622.9739     1089.651    0.095   0
         6    421.120     93.852 237.9415900 +32.9335461     5.50 0.0005910311 -11.4935 -11.5445   0.0161     41474.93     616.1372     1197.612    0.068   0
         7     64.967    109.663 237.9873877 +32.9308886    16.90  0.001817656 -10.0029  99.0000  99.0000    -5556.899     599.0723      795.304    0.584   0
         8     85.122    119.758 237.9847801 +32.9298624     8.33 0.0008959782 -10.8257 -11.1792   0.0224     29626.29     611.2443      958.377    0.664   0
         9    552.071    141.900 237.9246765 +32.9287507     5.70 0.0006132603 -10.8993 -10.8006   0.0316     20904.57     607.7167     1216.439    0.050   0
        10    986.571    197.258 237.8687057 +32.9239682     5.75 0.0006185858 -14.6943 -14.7146   0.0012     768823.9       862.16     1114.547    0.037   0
        11    181.076    258.289 237.9722380 +32.9152874     5.57 0.0005995413 -11.8482 -11.9058   0.0117      57852.9     622.7472     1245.392    0.032   0
        12     76.340    247.689 237.9857252 +32.9161375     7.33 0.0007882782 -10.9311 -11.3625   0.0190     35076.29     613.5189     1130.275    0.171   0
        13     75.178    262.307 237.9858535 +32.9145688     8.70 0.0009360641 -11.2166 -11.3716   0.0188      35369.3     613.5721     1125.231    0.293   0
        14    251.256    272.525 237.9631906 +32.9139531     7.44 0.0007996781  -9.4077  -9.6138   0.0933     7006.485     601.9048      1244.79    0.182   0
        15    567.069    412.700 237.9223766 +32.8997888     8.71 0.0009371146 -16.9829 -16.9800   0.0003      6194539     1859.063     1222.299    0.058   4
        16    884.921    312.026 237.8816309 +32.9114110     6.67 0.0007175597  -9.2746  -9.4831   0.1052     6212.377     601.5748     1132.678    0.387   0
        17    781.187    343.286 237.8949320 +32.9077904     5.60  0.000602362 -12.0909 -12.1417   0.0095     71892.48     628.2773     1166.583    0.034   0
        18    154.275    376.963 237.9755154 +32.9025051     5.50 0.0005914083 -12.7176 -12.7606   0.0056     127129.8      649.901     1244.524    0.021   0
        19    438.792    364.415 237.9389408 +32.9046172     3.44 0.0003698843  -8.7383  -9.6596   0.0894     7308.774     601.8279     1234.648    0.412   0
        20    337.892    378.109 237.9518988 +32.9028794     4.50 0.0004841642  -8.7228  -9.1942   0.1371     4760.809     601.0558      1238.13    0.216   0
        21    204.886    401.797 237.9689710 +32.8999829     5.67    0.0006093 -11.7741 -11.8355   0.0124      54223.1     621.1902     1243.064    0.044   0
        22    371.757    460.640 237.9474279 +32.8941317     5.19  0.000558231  -9.8283 -10.0292   0.0638     10272.31     603.3102     1231.928    0.043   0
        23    961.509    504.044 237.8715290 +32.8910468     5.73 0.0006161006 -12.5581 -12.5989   0.0064     109532.6     643.1277     1043.774    0.046   0
        24     77.268    552.686 237.9851655 +32.8834761    19.87  0.002136937 -12.5043 -11.4040   0.0183     36441.66     614.1246     1117.364    0.415   2
        25    229.828    532.832 237.9655773 +32.8860171     5.55 0.0005968483  -9.1444  -9.3266   0.1214     5378.062     601.2111     1232.476    0.132   0
        26    776.777    837.943 237.8948393 +32.8548025     6.22 0.0006692404 -10.7367 -10.8099   0.0313     21083.74     607.7737     1002.358    0.052   0
        27    752.155    949.532 237.8978550 +32.8427866     5.79 0.0006230589 -12.5677 -12.6076   0.0063     110418.7     643.3932     965.5327    0.036   0
        28    720.943    885.017 237.9019532 +32.8496135     5.79 0.0006222933 -11.7470 -11.7930   0.0129     52145.12     620.3534     1011.252    0.035   0
        29     81.391    814.796 237.9842575 +32.8554164     2.99 0.0003212083  -9.3527 -11.3218   0.0197     33783.88     612.7602     1070.859    0.416   0
        30    531.532    671.479 237.9265918 +32.8719796     5.74 0.0006176068  -9.2454  -9.3878   0.1148      5689.86     601.4252     1171.522    0.015   0
        31     78.388    684.849 237.9848309 +32.8693250     9.57  0.001028758 -11.1417 -11.3832   0.0186     35749.72     613.7602     1100.056    0.727   2
        32    748.993    653.447 237.8986575 +32.8744881     5.75 0.0006185518  -9.5503  -9.6085   0.0937     6972.659     601.8232     1087.985    0.154   0
        33     78.595    638.701 237.9848708 +32.8742679     5.45 0.0005859156 -10.3353 -11.3486   0.0192      34628.3     613.1708     1116.058    0.282   0
        34    437.972    621.288 237.9386901 +32.8771047     5.66 0.0006084168 -12.5266 -12.5744   0.0065     107091.4     642.1307     1207.785    0.032   0
        35    586.677    954.757 237.9191159 +32.8417885     5.92 0.0006371827  -9.9153 -10.1084   0.0593     11049.91     603.6155     1038.349    0.072   0
        36    247.842    858.388 237.9627999 +32.8512001     0.70 7.483914e-05  -7.1821  99.0000  99.0000    -828.5451     598.8859     1158.643    0.340   0
        37     82.295    826.692 237.9841241 +32.8541448     4.29 0.0004609912  -9.6889 -11.2887   0.0203     32769.39     612.6279     1071.643    0.602   0
        38     78.927    692.647 237.9847503 +32.8684913    11.04  0.001187786 -11.7047 -11.3551   0.0191     34837.19     613.3553     1103.363    0.166   0
        39     78.913    799.459 237.9845981 +32.8570522     6.77 0.0007283333 -10.7017 -11.3105   0.0199     33435.73       612.85     1066.435    0.702   0
        40    686.669    696.810 237.9066121 +32.8696793     5.65 0.0006077325 -11.4122 -11.4383   0.0177     37613.17     614.5023     1102.331    0.041   0
        41     78.392    724.811 237.9847727 +32.8650453     3.45 0.0003708986  -9.3409 -11.3046   0.0200     33252.81     612.4606     1089.562    0.420   0
        42     82.215    745.395 237.9842516 +32.8628513     3.43 0.0003690501  -9.2339 -11.2723   0.0206     32279.52     612.0964       1104.5    0.401   0
        43     82.382    722.789 237.9842626 +32.8652727     3.45 0.0003715478  -9.4439 -11.2797   0.0205     32500.84     612.1867     1111.587    0.415   0
        44    651.155   1009.143 237.9107554 +32.8361353     5.70 0.0006133583 -12.4048 -12.4444   0.0073     95010.37     637.4576     991.9656    0.024   0
        45     79.016    616.989 237.9848480 +32.8765943     4.13 0.0004439312  -9.7244 -11.2957   0.0202     32983.47     612.3838     1120.865    0.421   0
        46    312.380    582.937 237.9548918 +32.8808742     6.21  0.000667827  -9.4432  -9.5473   0.0992     6590.374     601.7319     1225.488    0.047   0
        47     84.007    900.019 237.9837983 +32.8462965     4.13 0.0004441335  -9.7164 -11.2930   0.0202     32899.85     612.3165     1051.194    0.420   0
        48    577.352    570.384 237.9208389 +32.8829287     5.75 0.0006181111  -9.4845  -9.7221   0.0845     7741.688     602.1763     1182.884    0.390   0
        49     84.652    772.393 237.9838993 +32.8599665     8.01 0.0008612904 -10.8039 -11.3324   0.0195     34116.62      613.045     1108.872    0.724   2
        50    612.788    547.377 237.9163137 +32.8854871     2.92 0.0003137665  -8.3516  -8.7108   0.2136     3050.035     600.0055     1177.379    0.409   0
        51     86.742    995.168 237.9833098 +32.8361139     8.71 0.0009369218 -10.3916 -10.7279   0.0337     19550.38     607.1594     1035.482    0.363   0
        52    153.069    815.384 237.9750430 +32.8555486     5.83 0.0006271003 -11.7571 -11.7945   0.0129     52216.24     620.4475     1175.151    0.043   0
