#   1 NUMBER                 Running object number                                     
#   2 X_IMAGE                Object position along x                                    [pixel]
#   3 Y_IMAGE                Object position along y                                    [pixel]
#   4 ALPHA_J2000            Right ascension of barycenter (J2000)                      [deg]
#   5 DELTA_J2000            Declination of barycenter (J2000)                          [deg]
#   6 FWHM_IMAGE             FWHM assuming a gaussian core                              [pixel]
#   7 FWHM_WORLD             FWHM assuming a gaussian core                              [deg]
#   8 MAG_BEST               Best of MAG_AUTO and MAG_ISOCOR                            [mag]
#   9 MAG_APER               Fixed aperture magnitude vector                            [mag]
#  10 MAGERR_APER            RMS error vector for fixed aperture mag.                   [mag]
#  11 FLUX_APER              Flux vector within fixed circular aperture(s)              [count]
#  12 FLUXERR_APER           RMS error vector for aperture flux(es)                     [count]
#  13 BACKGROUND             Background at centroid position                            [count]
#  14 ELLIPTICITY            1 - B_IMAGE/A_IMAGE                                       
#  15 FLAGS                  Extraction flags                                          
         1      9.651     81.160 200.8928388 +36.1159290    59.18  0.006392963 -13.0788 -12.1975   0.0083     75686.55     577.1369     448.2825    0.616  24
         2    141.040     88.759 200.8752125 +36.1154879    35.59  0.003845329 -12.8579 -11.4865   0.0166     39319.07     601.4878      1032.86    0.689   0
         3    192.534     30.081 200.8684269 +36.1219571    28.71  0.003102021 -11.9562 -11.3712   0.0184     35358.91      599.888     686.9409    0.110   1
         4    136.912     10.744 200.8759216 +36.1238814    83.80  0.009053229 -14.2852 -13.0530   0.0041     166417.2     624.9097     358.6385    0.741  24
         5    383.107     56.621 200.8428288 +36.1196392     4.79 0.0005174749 -10.5360  99.0000  99.0000    -14121.69     584.9171      982.407    0.067   0
         6    181.409     52.591 200.8698735 +36.1195001     2.38 0.0002572527 -10.0095 -11.1625   0.0222     29174.02     596.9483     818.9728    0.138   0
         7     64.244    110.154 200.8854629 +36.1129624    17.99  0.001943351  -9.9881  99.0000  99.0000    -3142.971     584.9171     782.2111    0.526   0
         8     39.991    103.995 200.8887260 +36.1135562     0.00            0  -7.6276  99.0000  99.0000    -52920.17     584.7186     621.0476    0.009   0
         9     77.407    165.411 200.8835877 +36.1070469     5.58 0.0006023128 -10.1071 -11.0795   0.0240     27026.54     596.1132     1102.413    0.424   0
        10    734.919    173.307 200.7954488 +36.1080529     9.08 0.0009804117 -10.3245 -10.5439   0.0390     16502.71     591.9122     1168.563    0.252   0
        11    314.272    232.396 200.8517103 +36.1005063     4.52 0.0004880369 -12.7386 -12.7952   0.0053     131245.1     638.4777     1218.115    0.049   0
        12     76.673    230.690 200.8835549 +36.1000117     4.28 0.0004626124  -9.7073 -11.1952   0.0216     30067.11     597.6624     1115.772    0.607   0
        13     75.215    239.589 200.8837323 +36.0990488     3.44 0.0003715386  -9.2947 -11.3173   0.0193     33645.63     598.8989     1105.538    0.406   0
        14     77.684    391.674 200.8830962 +36.0826702     4.33 0.0004678695  -9.7472 -11.2613   0.0203     31954.22     598.4836     1114.109    0.718   0
        15    694.623    395.970 200.8004278 +36.0839511     4.39 0.0004740936  -9.9755 -10.1027   0.0582     10991.62     589.5143     1165.326    0.045   0
        16    335.725    410.191 200.8484867 +36.0814114     5.13 0.0005543554  -8.9810  -9.3354   0.1176     5422.019     587.1311      1212.56    0.101   0
        17   1027.967    412.530 200.7557333 +36.0830854     4.53 0.0004889669  -9.3694  -8.9090   0.1311     3660.894     441.8302     1036.011    0.348  24
        18    724.685    461.318 200.7962764 +36.0769940     4.13 0.0004457105 -11.3257 -11.3852   0.0182     35817.11     599.9498     1139.944    0.033   0
        19     81.939    492.383 200.8823239 +36.0718322     4.41 0.0004765838 -11.9552 -12.0126   0.0104     63832.43     611.6232     1127.966    0.052   0
        20     86.254    898.521 200.8809319 +36.0280876     5.04 0.0005446943 -10.1613 -11.2617   0.0203     31965.64     598.4722     1044.656    0.057   0
        21    360.564    977.492 200.8440504 +36.0203608     4.74 0.0005126014  -8.8269  -9.1469   0.1398     4557.855      586.796     1084.487    0.023   0
        22     79.722    815.009 200.8819738 +36.0370663     4.29 0.0004633713  -9.7391 -11.2846   0.0199     32647.41     598.6599     1050.572    0.067   0
        23     82.213    798.408 200.8816736 +36.0388620     3.44 0.0003714322  -9.3017 -11.2496   0.0205     31610.54     598.0649     1066.547    0.404   0
        24    190.467    769.225 200.8672355 +36.0423160     5.59  0.000603397  -8.8454  -9.5482   0.0968      6595.82     587.7625     1170.909    0.243   0
        25    678.815    741.630 200.8018903 +36.0466655     3.42 0.0003691256  -8.1879  -8.9233   0.1716     3709.656     586.2695     1073.136    0.409   0
        26     80.289    706.567 200.8821154 +36.0487514     4.13 0.0004462189  -9.7486 -11.3129   0.0194     33507.44     599.0028     1084.459    0.535   0
        27     82.889    682.424 200.8818156 +36.0513600     4.87  0.000526462 -10.0579 -11.3188   0.0193     33692.98     599.1287     1107.347    0.493   0
        28     80.597    670.687 200.8821461 +36.0526180     7.27 0.0007855361 -10.9205 -11.3484   0.0188     34622.14     599.5001     1100.184    0.358   2
        29     79.790    698.190 200.8821990 +36.0496525     3.46  0.000374157  -9.3256 -11.3215   0.0193     33775.36     598.8884     1087.122    0.654   0
        30    634.849    710.054 200.8078384 +36.0499451     1.07 0.0001155042  -8.6301  -9.0335   0.1552     4105.961     586.6365      1101.05    0.108   0
        31     81.009    657.498 200.8821174 +36.0540401     8.03 0.0008673912 -10.8518 -11.2966   0.0197     33008.66     598.7946     1103.584    0.727   0
        32     83.194    730.001 200.8816794 +36.0462349     3.85 0.0004158865  -9.4590 -11.2959   0.0197     32988.16     598.7214     1092.925    0.738   0
        33     78.165    562.845 200.8826882 +36.0642299     3.92 0.0004238022  -9.4215 -11.1149   0.0232     27921.73     596.7156     1102.401    0.262   0
        34    660.323    944.598 200.8039815 +36.0247462     4.19  0.000453161 -10.6393 -10.7195   0.0332     19399.81      593.053     1001.334    0.069   0
        35     75.595    593.790 200.8829703 +36.0608884     3.45 0.0003731951  -9.2005 -11.1451   0.0226     28710.15     596.8351     1089.574    0.413   0
        36     85.997    933.286 200.8808967 +36.0243412     4.31 0.0004653713  -9.6659 -11.1561   0.0224        29003     597.2009     1029.193    0.635   0
        37    641.051    849.264 200.8067430 +36.0349638     4.09 0.0004423802  -9.2861  -9.3643   0.1145     5568.491      587.177     1046.506    0.037   0
        38     83.402    852.799 200.8814053 +36.0330054     3.44 0.0003713976  -9.3395 -11.1955   0.0216     30075.21     597.4066     1051.149    0.409   0
        39    601.525    829.191 200.8120740 +36.0370162     3.97 0.0004291566 -10.3142 -10.4433   0.0427     15043.16     591.2299     1069.645    0.025   0
