#   1 NUMBER                 Running object number                                     
#   2 X_IMAGE                Object position along x                                    [pixel]
#   3 Y_IMAGE                Object position along y                                    [pixel]
#   4 ALPHA_J2000            Right ascension of barycenter (J2000)                      [deg]
#   5 DELTA_J2000            Declination of barycenter (J2000)                          [deg]
#   6 FWHM_IMAGE             FWHM assuming a gaussian core                              [pixel]
#   7 FWHM_WORLD             FWHM assuming a gaussian core                              [deg]
#   8 MAG_BEST               Best of MAG_AUTO and MAG_ISOCOR                            [mag]
#   9 MAG_APER               Fixed aperture magnitude vector                            [mag]
#  10 MAGERR_APER            RMS error vector for fixed aperture mag.                   [mag]
#  11 FLUX_APER              Flux vector within fixed circular aperture(s)              [count]
#  12 FLUXERR_APER           RMS error vector for aperture flux(es)                     [count]
#  13 BACKGROUND             Background at centroid position                            [count]
#  14 ELLIPTICITY            1 - B_IMAGE/A_IMAGE                                       
#  15 FLAGS                  Extraction flags                                          
         1    833.525    189.960 200.9230681 +36.2145211   184.88   0.01994642 -15.7987 -12.2135   0.0100     76804.62     705.5854     1186.186    0.916  16
         2    539.276     34.422 200.9628421 +36.2304133     6.11 0.0006594642  -9.9148 -10.0344   0.0717     10321.65     681.6416      1237.96    0.305   0
         3    491.614     75.010 200.9691427 +36.2259083     6.24 0.0006729076 -10.2956 -10.2698   0.0578     12820.91      682.291     1255.234    0.262   0
         4    558.392    130.785 200.9600706 +36.2201001     5.43  0.000585995  -9.9816 -10.1350   0.0654      11323.9     681.7422      1301.28    0.224   0
         5    627.060    151.140 200.9508230 +36.2181077     7.99  0.000861952 -10.9233 -10.9350   0.0315     23658.87     686.3643     1323.027    0.243   0
         6    261.016    294.008 200.9995653 +36.2016735     4.20 0.0004530964  -8.8239  -9.6741   0.0997      7406.93     680.3043     1318.637    0.001   0
         7    208.883    316.445 201.0065009 +36.1991064     5.53 0.0005971029 -10.1280 -10.1645   0.0637     11635.87     682.1806     1316.019    0.205   0
         8    461.957    376.991 200.9724577 +36.1933302     5.10 0.0005500111  -9.3009  -9.0712   0.1735     4250.736     679.2583     1385.466    0.076   0
         9    904.528    435.140 200.9130359 +36.1883416     4.06 0.0004377328 -11.2571  99.0000  99.0000     -16582.7     677.8263     961.6617    0.131   0
        10    800.750    802.511 200.9261605 +36.1485185     9.80  0.001057418 -11.5249 -11.5649   0.0178     42261.42     693.3132     1345.156    0.548   2
        11    118.735    710.487 201.0176947 +36.1564437     5.65 0.0006092299  -9.1677  -9.4871   0.1185     6235.024     680.1794     1340.404    0.198   0
        12    327.178    461.570 200.9903292 +36.1838378     4.56 0.0004914973 -10.5481 -10.7098   0.0387      19227.3     684.7672     1391.255    0.081   0
        13    888.153    887.913 200.9142765 +36.1395777    58.48  0.006308907 -13.8296 -12.4837   0.0079     98513.23     713.2903     545.0198    0.140  16
        14    463.658    489.260 200.9719846 +36.1812553     4.22 0.0004555917 -12.2487 -12.3429   0.0089     86527.05     708.9485     1406.083    0.050   0
        15    884.325    616.937 200.9153598 +36.1687234     3.98 0.0004297181 -11.6094  99.0000  99.0000    -14586.02     677.8071     1190.672    0.043   0
        16    189.191    529.461 201.0086635 +36.1761288     4.54 0.0004897832 -10.4385 -10.5213   0.0459      16163.4     683.6857     1370.332    0.121   0
        17    841.116    830.737 200.9206955 +36.1455963    77.84  0.008398084 -13.8618 -12.8583   0.0057     139092.5     727.3917     1084.864    0.474  16
        18    450.902    529.773 200.9736049 +36.1768593     4.21 0.0004537235 -12.1252 -12.1964   0.0101     75603.81     705.1967     1405.991    0.047   0
        19    180.358    776.665 201.0092941 +36.1495046     4.03 0.0004343592  -8.7401 -10.1316   0.0656     11288.46     681.9199     1347.454    0.405   0
        20    844.885    472.681 200.9209475 +36.1841331     7.23  0.000780472 -11.2587 -11.2875   0.0229     32734.16      689.775     1299.562    0.079   0
