#   1 NUMBER                 Running object number                                     
#   2 X_IMAGE                Object position along x                                    [pixel]
#   3 Y_IMAGE                Object position along y                                    [pixel]
#   4 ALPHA_J2000            Right ascension of barycenter (J2000)                      [deg]
#   5 DELTA_J2000            Declination of barycenter (J2000)                          [deg]
#   6 FWHM_IMAGE             FWHM assuming a gaussian core                              [pixel]
#   7 FWHM_WORLD             FWHM assuming a gaussian core                              [deg]
#   8 MAG_BEST               Best of MAG_AUTO and MAG_ISOCOR                            [mag]
#   9 MAG_APER               Fixed aperture magnitude vector                            [mag]
#  10 MAGERR_APER            RMS error vector for fixed aperture mag.                   [mag]
#  11 FLUX_APER              Flux vector within fixed circular aperture(s)              [count]
#  12 FLUXERR_APER           RMS error vector for aperture flux(es)                     [count]
#  13 BACKGROUND             Background at centroid position                            [count]
#  14 ELLIPTICITY            1 - B_IMAGE/A_IMAGE                                       
#  15 FLAGS                  Extraction flags                                          
         1      9.619     81.436 200.8949270 +36.1158015    59.64  0.006443635 -13.0776 -12.2027   0.0082     76049.77     571.7487     449.1682    0.624  24
         2    192.382     29.497 200.8705261 +36.1219392    27.78   0.00300114 -11.8630 -11.3842   0.0180     35782.46     594.3441     670.9123    0.234   1
         3    136.498     10.769 200.8780583 +36.1237910    84.59  0.009138922 -14.2978 -13.0429   0.0041     164876.5     619.5568     361.1966    0.745  24
         4    142.836     88.050 200.8770507 +36.1154853    34.33  0.003709359 -12.5683 -11.4554   0.0169     38209.53     595.3323     1028.589    0.640   0
         5    396.739     57.570 200.8430659 +36.1195166     4.66 0.0005030272 -10.6363  99.0000  99.0000    -10172.22     579.1465     979.2691    0.039   0
         6     64.385    109.250 200.8875264 +36.1129686    16.17  0.001747439  -9.7495  99.0000  99.0000    -7671.025     579.0482     778.6176    0.576   0
         7    532.166     92.516 200.8248368 +36.1161472     4.21 0.0004546609  -8.7838  -9.5137   0.0989     6389.478     581.8002     1147.461    0.563   0
         8    749.072    174.222 200.7955940 +36.1079729    10.53   0.00113789 -10.6054 -10.6654   0.0345     18456.88     587.0112     1159.868    0.264   0
         9    327.979    233.380 200.8519337 +36.1003769     4.35 0.0004703002 -12.7422 -12.7953   0.0052     131258.7     632.9925     1210.219    0.042   0
        10     75.237    239.845 200.8858034 +36.0989336     6.24 0.0006745658 -10.6133 -11.3510   0.0186     34705.36     593.9229     1100.555    0.354   0
        11     73.128    255.595 200.8860539 +36.0972308     7.64 0.0008252889 -10.9770 -11.3473   0.0186     34588.59     593.7618     1090.244    0.693   0
        12     77.253    262.813 200.8854861 +36.0964655     5.99 0.0006472734 -10.3892 -11.2852   0.0197     32666.22     592.9679     1110.494    0.181   0
        13     78.595    286.200 200.8852582 +36.0939503     3.46 0.0003743161  -9.3388 -11.1885   0.0215     29881.86     591.6165     1120.541    0.423   0
        14     81.315    381.590 200.8846980 +36.0836832     6.15  0.000664647 -10.4223 -11.1454   0.0224     28718.52     591.2691     1126.461    0.234   0
        15    708.631    397.186 200.8005848 +36.0838390     4.04 0.0004362694 -10.0189 -10.1405   0.0557     11381.08       583.73     1154.633    0.055   0
        16    349.551    410.959 200.8486865 +36.0813118     5.02 0.0005426874  -8.9753  -9.3638   0.1135     5565.941     581.5278     1204.895    0.049   0
        17     76.209    449.387 200.8852434 +36.0763651     3.45 0.0003730757  -9.3061 -11.1842   0.0216     29763.77     591.5505     1094.636    0.420   0
        18    163.791    449.428 200.8735055 +36.0766206     3.44  0.000371833  -8.2966  -9.0140   0.1563     4032.915      580.558     1208.147    0.418   0
        19    738.884    462.481 200.7964039 +36.0768926     3.79 0.0004092707 -11.3168 -11.3733   0.0182     35426.02     594.1782     1128.786    0.056   0
        20     95.684    493.434 200.8825432 +36.0716783     4.01 0.0004333686 -11.4295 -11.5690   0.0153     42424.69     597.0997     1195.219    0.074   0
        21     79.675    765.571 200.8841313 +36.0423168     4.97 0.0005368585 -10.0969 -11.2737   0.0199        32322     592.8387     1062.468    0.386   0
        22    374.204    978.864 200.8442499 +36.0202103     3.80 0.0004108946  -8.9448  -9.2374   0.1274      4953.98     581.1341     1074.713    0.136   0
        23    674.635    946.094 200.8040772 +36.0246133     4.00 0.0004316336 -10.6409 -10.6888   0.0338     18858.54     587.0853     990.1671    0.106   0
        24     78.902    633.424 200.8845055 +36.0565491     4.84 0.0005231724  -9.9911 -11.2697   0.0200     32202.74     592.8365     1093.126    0.495   0
        25    204.280    770.509 200.8674288 +36.0421541     4.50 0.0004862963  -8.7708  -9.1986   0.1320     4780.126      581.092     1164.951    0.036   0
        26    455.221    750.424 200.8338514 +36.0450543     3.43 0.0003700946  -8.4067  -8.7980   0.1907     3305.103     580.3263     1142.781    0.391   0
        27    693.044    742.835 200.8020048 +36.0465612     5.04 0.0005449905  -8.3400  -9.0291   0.1543     4089.047     580.7946     1060.375    0.209   0
        28     79.225    710.117 200.8843051 +36.0482888     5.25 0.0005667901 -10.0941 -11.3170   0.0192     33634.14     593.3599     1074.429    0.438   0
        29     76.527    673.678 200.8847412 +36.0522060     9.09 0.0009820686 -11.2388 -11.3688   0.0183     35278.76     594.1482     1074.684    0.420   2
        30    665.397    644.203 200.8059002 +36.0571059     3.46 0.0003733446  -8.2790  -8.0953   0.3638     1730.281     579.5984     1103.146    0.411   0
        31     81.491    952.541 200.8835053 +36.0221822     4.43  0.000478397  -9.7214 -11.1472   0.0223     28765.02     591.4011     996.6936    0.552   0
        32    615.774    830.659 200.8121857 +36.0368778     3.85 0.0004163856 -10.3137 -10.3830   0.0447     14230.29     585.2408     1057.935    0.085   0
        33     79.126    830.987 200.8840708 +36.0352687     9.00 0.0009724251 -11.0387 -11.2112   0.0211     30513.81     592.0437     1035.812    0.386   0
        34    655.284    850.780 200.8068540 +36.0348246     4.09 0.0004421164  -9.3195  -9.5996   0.0914     6915.868      582.059     1034.512    0.154   0
        35     86.345    901.328 200.8829600 +36.0277132     5.73 0.0006195868 -10.3741 -11.2389   0.0206     31301.22     592.3922      1038.91    0.533   0
        36     84.404    742.191 200.8835456 +36.0448493     3.44 0.0003721485  -9.3839 -11.2204   0.0209     30772.29     592.0087     1089.953    0.422   0
