#   1 NUMBER                 Running object number                                     
#   2 X_IMAGE                Object position along x                                    [pixel]
#   3 Y_IMAGE                Object position along y                                    [pixel]
#   4 ALPHA_J2000            Right ascension of barycenter (J2000)                      [deg]
#   5 DELTA_J2000            Declination of barycenter (J2000)                          [deg]
#   6 FWHM_IMAGE             FWHM assuming a gaussian core                              [pixel]
#   7 FWHM_WORLD             FWHM assuming a gaussian core                              [deg]
#   8 MAG_BEST               Best of MAG_AUTO and MAG_ISOCOR                            [mag]
#   9 MAG_APER               Fixed aperture magnitude vector                            [mag]
#  10 MAGERR_APER            RMS error vector for fixed aperture mag.                   [mag]
#  11 FLUX_APER              Flux vector within fixed circular aperture(s)              [count]
#  12 FLUXERR_APER           RMS error vector for aperture flux(es)                     [count]
#  13 BACKGROUND             Background at centroid position                            [count]
#  14 ELLIPTICITY            1 - B_IMAGE/A_IMAGE                                       
#  15 FLAGS                  Extraction flags                                          
         1    192.635     30.443 327.7687243 +28.8550787    40.30  0.004353097 -13.3549 -12.8081   0.0103     132810.2     1262.637     1070.703    0.364  19
         2    142.372     87.117 327.7748000 +28.8488457    53.32  0.005759343 -14.3534 -12.6663   0.0117     116547.5     1259.379     2235.111    0.754   3
         3     11.245     80.017 327.7910197 +28.8492829    68.54  0.007403935 -14.3164 -13.5745   0.0050     269035.7      1236.83     291.1408    0.584  24
         4    135.621     11.186 327.7758156 +28.8570120    89.19  0.009634422 -15.6092 -14.3859   0.0025     568018.8     1294.454    -36.54784    0.748  24
         5    460.145     28.494 327.7356718 +28.8559503     7.06 0.0007628623  -9.5147  99.0000  99.0000    -63740.98     1236.166      1516.78    0.455   0
         6     65.569    110.735 327.7842336 +28.8461085    29.15  0.003148383  99.0000  99.0000  99.0000    -3526.872     1236.201     1476.815    0.515   2
         7    293.749     51.437 327.7561796 +28.8530672     4.14 0.0004475116  -8.6871  99.0000  99.0000    -141663.3     1236.096     2030.275    0.553   0
         8     84.042    122.238 327.7819235 +28.8449150    36.19  0.003909043 -13.2399 -12.4454   0.0143     95096.52     1255.217     1989.955    0.601   3
         9    274.164     68.957 327.7585582 +28.8511304     7.09 0.0007658368  -9.3945  99.0000  99.0000    -107714.8     1236.131      2360.44    0.061   0
        10    717.649    139.783 327.7035934 +28.8445856     5.39 0.0005822193 -15.7640 -15.7946   0.0008      2078973     1602.209     2712.142    0.056   6
        11    920.383    106.410 327.6786195 +28.8486723     7.53 0.0008138754 -11.2297 -11.3275   0.0397     33962.72     1242.424     2469.041    0.199   0
        12     80.630    146.130 327.7822878 +28.8423316    18.25  0.001971879 -12.5648 -12.1858   0.0181     74874.73     1251.148     2329.142    0.561   3
        13    189.451    112.820 327.7689215 +28.8461929     4.52 0.0004877475 -10.1605  99.0000  99.0000    -72019.09     1236.061     2863.371    0.102   0
        14    723.557    125.959 327.7028953 +28.8460898     6.75 0.0007286646 -11.7950 -12.1679   0.0184     73646.08     1250.937     2699.492    0.147   3
        15    265.928    161.975 327.7593553 +28.8410853     5.78 0.0006241511 -10.8938 -11.0182   0.0528     25543.47     1241.321     2889.251    0.153   0
        16    402.926    170.071 327.7424093 +28.8405515     5.53 0.0005973165 -11.5342 -11.6102   0.0307     44064.45     1245.115     2849.978    0.092   0
        17    747.129    188.122 327.6998392 +28.8394475     3.85  0.000415402  -9.7097 -10.8224   0.0632     21329.25     1240.507     2708.289    0.209   0
        18    899.769    237.101 327.6808675 +28.8345378     5.35 0.0005775398 -13.3478 -13.4009   0.0061     229272.3     1281.695     2555.264    0.101   0
        19    525.118    282.671 327.7270486 +28.8287165     5.41 0.0005839096 -16.0035 -16.0319   0.0007      2586882     1679.772     2826.651    0.066   4
        20    270.660    259.101 327.7585404 +28.8306296     5.27 0.0005696522 -13.3387 -13.3875   0.0061     226467.6     1281.047     2883.609    0.070   0
        21   1026.181    239.260 327.6652444 +28.8346086     4.76 0.0005140406  -9.8092  -8.4664   0.4412     2435.442     989.4331     2415.525    0.147  16
        22    511.203    259.404 327.7288221 +28.8311899     5.17 0.0005580194 -12.8930 -12.9934   0.0087     157534.4     1267.114     2833.332    0.087   0
        23    464.864    291.416 327.7344720 +28.8276262     5.11 0.0005523005 -15.3981 -15.4073   0.0011      1455222     1501.876     2844.357    0.084   3
        24    656.357    255.988 327.7108970 +28.8319128     5.23 0.0005653244 -11.8312 -11.8995   0.0236     57519.78     1247.433     2790.838    0.094   0
        25    317.111    255.843 327.7528094 +28.8310957     5.36 0.0005788013 -11.6911 -11.7596   0.0268     50565.34      1246.35     2871.446    0.075   0
        26    479.793    280.634 327.7326529 +28.8288249     5.14 0.0005551319 -14.1356 -14.1745   0.0031     467513.2     1326.929     2842.678    0.073   3
        27    764.745    269.269 327.6974754 +28.8307448     5.17 0.0005582095 -11.8134 -11.8676   0.0243     55849.64     1247.167      2685.74    0.072   0
        28    668.589    260.195 327.7093760 +28.8314892     5.39 0.0005824512 -10.4484 -10.4605   0.0880     15282.97      1238.66     2782.832    0.148   0
        29    208.884    272.402 327.7661409 +28.8290428     5.41 0.0005839372 -11.7219 -11.8306   0.0251     53979.39     1246.723     2890.434    0.101   0
        30    246.900    262.859 327.7614669 +28.8301657     5.19 0.0005608601  -9.6036 -10.1235   0.1200     11205.19     1238.291     2886.846    0.227   0
        31    573.757    271.785 327.7210650 +28.8300088     5.39 0.0005823715 -10.3754 -10.4067   0.0925     14544.35      1238.86     2817.061    0.084   0
        32    186.296    295.277 327.7688770 +28.8265214     5.26 0.0005684052 -11.9136 -12.0483   0.0206      65963.2     1249.366     2890.761    0.119   0
        33    261.214    314.132 327.7595770 +28.8246755     5.56 0.0006006248 -10.7088 -10.7582   0.0670     20103.16     1240.155     2880.004    0.132   0
        34    100.965    310.812 327.7793815 +28.8246344     5.03 0.0005433714  -9.2242  99.0000  99.0000    -2920.232     1235.816     2886.632    0.199   0
        35    201.642    335.033 327.7668867 +28.8222749     5.16  0.000557941 -13.2852 -13.3630   0.0063     221405.3     1280.059      2887.31    0.096   0
        36    841.176    320.811 327.6879143 +28.8253748     5.12 0.0005525498  -9.7081  -9.6562   0.1844     7286.066     1236.975      2565.02    0.131   0
        37    210.343    364.586 327.7657415 +28.8191116     5.67 0.0006128987 -11.2356 -11.4849   0.0344     39262.29     1244.012     2882.086    0.156   0
        38    543.771    391.798 327.7244894 +28.8170013     5.85 0.0006314776  -9.8469 -10.4514   0.0888     15154.94     1238.634     2813.689    0.316   0
        39    816.311    422.538 327.6907522 +28.8143514     5.16 0.0005572934 -10.9785 -10.9377   0.0568     23718.59     1240.989     2520.811    0.099   0
        40    342.495    442.046 327.7492339 +28.8110911     4.98 0.0005380931 -13.3357 -13.4031   0.0061     229750.6     1281.755     2846.343    0.116   0
        41    963.669    464.840 327.6724532 +28.8101472     5.20 0.0005618027 -15.5052 -15.5372   0.0010      1640190       1532.3     2273.237    0.109   4
        42    169.913    444.266 327.7705459 +28.8104238     5.20 0.0005619848 -11.5991 -11.7197   0.0278     48740.12     1246.019     2866.181    0.143   0
        43    804.179    449.002 327.6921899 +28.8114699     5.75 0.0006212772 -11.7696 -11.7941   0.0259     52196.07     1246.053     2512.335    0.172   0
        44    269.140    487.332 327.7581875 +28.8060290     4.93 0.0005329647 -14.7632 -14.8012   0.0018       832685     1394.311     2850.616    0.086   0
        45   1012.332    464.201 327.6664438 +28.8103328     5.40 0.0005834292 -11.1500 -10.8220   0.0632     21321.35     1240.192     2214.108    0.215   0
        46     36.080    479.379 327.7869926 +28.8063054     5.01  0.000540772 -11.8138  99.0000  99.0000     -9239.22     1236.096     1793.714    0.166   0
        47     75.860    353.223 327.7823813 +28.8200010   227.68   0.02459543 -16.6039  99.0000  99.0000            0            0     2518.196    0.981  51
        48     82.202    732.558 327.7806903 +28.7791354   119.78    0.0129388 -15.7934 -12.6875   0.0115     118852.6     1259.596     2461.822    0.913  51
        49    947.222    508.042 327.6743861 +28.8054517     5.06 0.0005461008 -13.7260 -13.7663   0.0044     321011.1       1299.3     2244.855    0.136   0
        50    344.438    526.883 327.7487938 +28.8019528     5.39 0.0005817752 -10.9972 -11.0799   0.0499     27037.18     1241.587     2828.523    0.196   0
        51    494.592    803.132 327.7296021 +28.7725505     6.56 0.0007090764  -9.3980  -8.0608   0.8011     1676.134       1236.4     2543.078    0.223   0
        52    310.896   1011.218 327.7517924 +28.7496722     4.82 0.0005207738 -10.5893 -10.7737   0.0660     20393.16     1240.284     2400.476    0.164   0
        53     57.919    990.305 327.7830717 +28.7512969     4.82 0.0005211287 -12.6868 -12.7575   0.0108       126770     1261.475     1786.252    0.135   0
        54     81.094    978.176 327.7802398 +28.7526621     7.85  0.000847586 -10.3410 -12.1270   0.0191     70924.16     1250.255     2151.194    0.297   1
        55    123.326    975.204 327.7750334 +28.7530877     4.49 0.0004846033 -12.1733 -12.0886   0.0198     68458.27     1249.692     2426.017    0.151   0
        56    844.813    761.879 327.6864527 +28.7778484     5.38 0.0005809656 -10.6584 -10.7460   0.0677     19879.88     1239.936      2097.62    0.223   0
        57    143.927    797.831 327.7729128 +28.7722549     4.62 0.0004993618 -10.7764 -10.2783   0.1041     12922.02     1238.637     2694.445    0.122   0
        58    258.159    791.483 327.7588232 +28.7732229     4.79 0.0005171423  -9.4030  -9.5367   0.2059      6526.46      1237.45     2704.793    0.475   0
        59    570.315    653.247 327.7206013 +28.7888892     5.11  0.000551836  -9.7633  -9.3933   0.2350     5719.171     1237.392     2622.875    0.230   0
        60    148.989    609.701 327.7727361 +28.7925425     4.66 0.0005033538 -11.3529 -11.1473   0.0469      28768.2     1241.866     2841.042    0.137   0
        61     84.447    583.941 327.7807685 +28.7951577    15.49   0.00167285 -12.3295 -12.3358   0.0158     85963.52     1253.258     2604.069    0.371  35
        62    671.180    715.863 327.7079998 +28.7823870     5.21 0.0005627328  -9.5011  -9.1549   0.2926     4591.431     1236.955     2417.139    0.054   0
        63    823.606    743.801 327.6891130 +28.7797455     3.44 0.0003711124  -9.0721  -8.4742   0.5473     2452.926     1236.278     2153.192    0.410   0
        64    881.221    756.637 327.6819690 +28.7785011     5.53 0.0005969628 -10.5659 -10.5415   0.0817      16465.7     1239.213     2048.292    0.242   0
        65    378.315    743.986 327.7440985 +28.7786388     4.68 0.0005055097 -12.0829 -12.1496   0.0188     72417.62     1250.519     2709.394    0.138   0
        66    248.056    667.386 327.7603648 +28.7865720     5.00 0.0005405283  -9.6241  -9.1722   0.2880     4665.278     1237.039     2810.554    0.207   0
        67    941.746    724.859 327.6745677 +28.7820715     5.56 0.0006011297 -10.6461 -10.6528   0.0738      18244.6     1239.641     1988.315    0.256   0
        68    410.164    843.994 327.7399308 +28.7679392     4.90 0.0005295272 -10.9316 -10.9055   0.0585     23024.07     1240.291     2565.138    0.172   0
        69    263.720    744.640 327.7582474 +28.7782850     5.36  0.000578496 -10.0765 -10.1997   0.1119     12019.05     1238.455     2745.405    0.263   0
        70    724.251    628.064 327.7016490 +28.7919783     4.77 0.0005156089 -10.4837 -10.4223   0.0912     14754.39     1238.798     2437.539    0.123   0
        71    155.243    622.182 327.7719341 +28.7912129     4.68 0.0005050699 -10.9035 -10.9612   0.0556     24236.43     1240.745     2838.852    0.091   0
        72    866.633    681.420 327.6839428 +28.7865724     5.13 0.0005537115 -10.4913 -10.4965   0.0852     15797.34     1239.078     2157.436    0.171   0
        73    124.301    708.903 327.7755483 +28.7817898     4.57 0.0004941575  -9.5438  99.0000  99.0000    -17359.61     1236.621     2767.107    0.129   0
        74    523.904    675.795 327.7262801 +28.7863457     4.93 0.0005323275  -9.4742 -10.0147   0.1326     10136.35       1237.9     2654.354    0.377   0
        75    298.251    651.340 327.7542040 +28.7884257     5.71 0.0006171453  -9.8478 -10.1273   0.1196     11244.25     1238.159     2803.978    0.172   0
        76    138.848    844.028 327.7734298 +28.7672635     4.35 0.0004698749 -11.4103 -11.0300   0.0522      25822.3     1241.273     2629.489    0.136   0
        77    255.967    641.184 327.7594499 +28.7894154     4.63 0.0005004405  -9.8890 -10.0126   0.1329     10116.87     1237.861      2817.31    0.080   0
        78    271.183    907.890 327.7569395 +28.7607098     4.61 0.0004975938 -11.8230 -11.7840   0.0262      51712.2      1246.58     2561.361    0.167   0
        79    312.478    871.350 327.7519275 +28.7647500     6.17 0.0006670353  -9.6919 -10.1652   0.1155     11643.84     1238.519     2595.346    0.282   0
        80     57.159    965.083 327.7832259 +28.7540133     4.71 0.0005087964 -11.5798 -11.7693   0.0265     51016.94     1246.406      1795.53    0.127   0
        81    428.289    550.398 327.7383821 +28.7996252     4.77 0.0005154505 -12.3684 -12.4190   0.0147     92812.27     1254.555     2802.677    0.136   0
        82    165.657    999.178 327.7697505 +28.7506095     4.67 0.0005047761 -11.8999 -11.8785   0.0240     56415.16     1247.489     2430.903    0.152   0
        83    880.329    832.137 327.6819064 +28.7703622     5.45 0.0005882206 -12.9579 -12.9346   0.0092     149225.5     1265.883     1939.012    0.231   0
        84    385.075    956.141 327.7427648 +28.7557911     5.04 0.0005446521 -10.4448 -10.6215   0.0760     17724.78     1239.711     2451.157    0.228   0
        85    885.012    891.483 327.6811922 +28.7639776     4.64 0.0005015905  -9.5409  -8.9663   0.3480     3859.484     1236.667     1750.688    0.375   0
        86    624.470    586.317 327.7140688 +28.7962347     4.92 0.0005318835 -11.1999 -11.2701   0.0419     32214.98     1242.664     2613.686    0.142   0
        87    712.665    839.875 327.7025905 +28.7691227     5.08 0.0005490692 -11.4774 -11.5591   0.0322     42038.63     1244.535     2196.611    0.190   0
        88    462.146    815.343 327.7335798 +28.7711548     4.62 0.0004992085 -13.4892 -13.5277   0.0054     257679.9     1287.023     2556.765    0.135   0
        89    458.299    886.403 327.7338883 +28.7634871     4.68 0.0005052481 -12.3450 -12.4124   0.0148     92251.27     1254.271     2479.534    0.165   0
