#   1 NUMBER                 Running object number                                     
#   2 X_IMAGE                Object position along x                                    [pixel]
#   3 Y_IMAGE                Object position along y                                    [pixel]
#   4 ALPHA_J2000            Right ascension of barycenter (J2000)                      [deg]
#   5 DELTA_J2000            Declination of barycenter (J2000)                          [deg]
#   6 FWHM_IMAGE             FWHM assuming a gaussian core                              [pixel]
#   7 FWHM_WORLD             FWHM assuming a gaussian core                              [deg]
#   8 MAG_BEST               Best of MAG_AUTO and MAG_ISOCOR                            [mag]
#   9 MAG_APER               Fixed aperture magnitude vector                            [mag]
#  10 MAGERR_APER            RMS error vector for fixed aperture mag.                   [mag]
#  11 FLUX_APER              Flux vector within fixed circular aperture(s)              [count]
#  12 FLUXERR_APER           RMS error vector for aperture flux(es)                     [count]
#  13 BACKGROUND             Background at centroid position                            [count]
#  14 ELLIPTICITY            1 - B_IMAGE/A_IMAGE                                       
#  15 FLAGS                  Extraction flags                                          
         1    854.270     89.834 238.0169521 +32.9315099    99.91   0.01072521 -15.0635 -12.9715   0.0044     154389.2     627.5135     879.5308    0.434  19
         2    817.275     47.609 238.0217750 +32.9359275    85.21  0.009147163 -14.0744 -12.5739   0.0062       107041     608.2841     687.0284    0.705  19
         3    823.657     10.022 238.0210212 +32.9399626    87.66  0.009410148 -13.9570 -12.8424   0.0047     137069.2      587.892     385.9308    0.789  24
         4    491.687     38.993 238.0635880 +32.9359894     5.66 0.0006073385  -9.3383  99.0000  99.0000     -9658.16     562.5736     893.0458    0.203   0
         5     64.599    109.671 238.1182834 +32.9272852     5.78 0.0006199363 -13.8304 -13.8695   0.0022     353012.3     702.0851     1044.066    0.027   0
         6    314.191     77.179 238.0863044 +32.9314327     1.70 0.0001829332  -8.9544 -10.8468   0.0285     21812.41     571.9968     1024.916    0.252   0
         7     98.502     83.005 238.1139811 +32.9302280     3.43 0.0003681941  -9.4073 -11.1751   0.0212     29513.58     575.4929     990.2552    0.382   0
         8    729.583    118.901 238.0329071 +32.9280756     5.91 0.0006348898 -10.1338  -6.8572   1.1051      553.213     562.9626     1160.247    0.119   0
         9    751.372    123.572 238.0301020 +32.9276335     6.10  0.000654398  -9.7036  99.0000  99.0000     -11604.1     562.5736     1160.493    0.158   0
        10    372.086    139.185 238.0787601 +32.9249588     5.81 0.0006241411  -9.5086  -9.4029   0.1064     5769.595     565.1634     1132.212    0.424   0
        11    700.421    187.072 238.0365303 +32.9207107     6.17 0.0006626894 -11.8956 -11.9505   0.0106     60281.39     588.8592     1160.157    0.096   0
        12    322.280    181.998 238.0850750 +32.9202483     6.32 0.0006780812  -9.7500  -9.9137   0.0666     9236.036     566.6473     1126.535    0.163   0
        13    477.426    178.623 238.0651677 +32.9210236     8.39 0.0009007851  -9.3227  -9.5886   0.0897     6845.857     565.6076     1148.567    0.133   0
        14    111.852    250.913 238.1119559 +32.9123134     5.58 0.0005984941 -13.7929 -13.8339   0.0022     341641.5     698.1528     1064.962    0.037   0
        15    761.645    271.762 238.0285234 +32.9118174     5.67 0.0006084125 -12.2137 -12.2701   0.0080     80915.01      597.585     1160.322    0.066   0
        16    233.852    269.297 238.0962648 +32.9106775     6.92 0.0007423582 -10.0963 -10.3352   0.0454     13616.53     568.6869     1107.161    0.172   0
        17    580.754    322.574 238.0516486 +32.9059082     5.61 0.0006021517 -11.3373 -11.4489   0.0166     37979.26     579.2361     1148.191    0.079   0
        18      5.665    311.996 238.1254697 +32.9054945     6.73 0.0007223985  -8.6807  -8.4926   0.2076      2494.86     476.9083     1020.437    0.062  16
        19    287.093    336.207 238.0893097 +32.9036675     5.33 0.0005716296 -11.1468 -11.1932   0.0208     30012.22     575.8029     1118.393    0.060   0
        20     42.997    339.468 238.1206277 +32.9026592     6.81 0.0007314441  -9.2811  -9.3152   0.1153      5321.98     564.9495     1032.649    0.150   0
        21    450.373    377.249 238.0682823 +32.8997165     5.47 0.0005866521 -10.9053 -11.0123   0.0245     25404.13     573.7986     1136.706    0.083   0
        22    510.938    428.065 238.0604193 +32.8944449     5.14 0.0005521187 -12.1687 -12.2061   0.0085     76284.41     595.5694     1138.073    0.070   0
        23    158.243    445.275 238.1056433 +32.8916599     5.66  0.000607455  -9.9628 -10.0364   0.0596     10340.53     567.2133     1068.777    0.091   0
        24    269.761    487.220 238.0912577 +32.8874762     5.22 0.0005608646 -12.4580 -12.5060   0.0065     100551.6     605.5815      1102.72    0.068   0
        25     13.201    488.181 238.1241733 +32.8866794     6.09 0.0006533375 -10.5357 -10.5299   0.0373      16291.8      559.761     1005.209    0.137  16
        26    439.784    494.871 238.0694291 +32.8871134     6.07 0.0006518351  -9.7040  -9.6222   0.0870     7061.284     565.8295     1128.325    0.124   0
        27    885.603    953.789 238.0114325 +32.8392258    19.66  0.002110327 -12.7668 -11.4343   0.0168     37474.24     578.8325     942.9741    0.450   2
        28    513.235   1017.931 238.0590688 +32.8313886     6.30 0.0006762793  -8.7638  -8.2315   0.3020     1961.508     545.4336     944.8793    0.321  16
        29    800.335   1012.205 238.0222652 +32.8327578     5.31 0.0005703397  -9.9074  -9.6571   0.0843     7292.163     565.8365     997.1016    0.183   0
        30    358.854    998.520 238.0788992 +32.8330523     4.83 0.0005187489  -8.6532  -8.2781   0.2989     2047.529     563.6258     915.6736    0.478   0
        31    885.037    851.583 238.0116821 +32.8501512    15.33   0.00164573 -12.3323 -11.4347   0.0168      37485.7     578.9921     980.4435    0.799   2
        32    881.736    739.838 238.0122991 +32.8620894     9.87  0.001059604 -11.3953 -11.3646   0.0179     35142.88     578.0262      1029.99    0.572   2
        33    380.692    694.680 238.0766489 +32.8655941     5.10 0.0005476639 -12.7950 -12.8435   0.0049     137214.2     620.6478     1075.371    0.084   0
        34    719.454    703.862 238.0331782 +32.8655106     8.73  0.000937016 -10.0025 -10.0654   0.0580     10620.56     567.2894     1111.827    0.483   0
        35    884.512    682.171 238.0120429 +32.8682617     5.94 0.0006378539 -10.2131 -11.2087   0.0205      30443.4     575.9901     1038.555    0.517   0
        36    908.440    617.992 238.0090844 +32.8751856     4.86 0.0005218137 -11.0062 -10.1517   0.0536     11499.79     567.5978     970.9667    0.094   0
        37    631.763    776.612 238.0442978 +32.8575019     4.61 0.0004949025  -8.4172  -8.6964   0.2035     3009.875     563.8937     1077.162    0.419   0
        38    881.369    806.989 238.0122298 +32.8549092    16.05  0.001723345 -11.9158 -11.4279   0.0169     37254.04     578.7683     1011.023    0.646   2
        39    301.758    750.507 238.0866723 +32.8594143     5.46 0.0005863427 -10.8656 -10.9239   0.0266     23419.05     572.9331     1036.479    0.164   0
        40    885.618    704.453 238.0118624 +32.8658824     9.48  0.001017378 -11.1991 -11.2130   0.0205     30563.97     576.0424      1028.36    0.069   0
        41    879.838    637.167 238.0127205 +32.8730610     3.93 0.0004217221  -9.5079 -11.1710   0.0213      29402.5     575.5692     1067.409    0.267   0
        42    883.094    665.392 238.0122539 +32.8700519     7.21 0.0007741185 -10.7692 -11.2198   0.0203     30754.29     576.1094     1050.057    0.591   0
        43    880.394    659.784 238.0126100 +32.8706444     3.44 0.0003691581  -9.3391 -11.2017   0.0207     30245.85     575.7021      1061.56    0.408   0
        44    882.801    945.349 238.0118065 +32.8401208    15.88   0.00170495 -12.0889 -11.4246   0.0169     37141.23     578.7196     953.3099    0.761   2
        45    810.460    860.546 238.0212312 +32.8489982     4.88  0.000523871 -12.8138 -12.8551   0.0049     138684.6     621.1677     1060.244    0.069   0
        46    130.181    626.062 238.1089095 +32.8722562     6.03 0.0006472343  -9.9250 -10.0289   0.0600     10269.92     567.2138     1026.524    0.106   0
        47    859.489    785.296 238.0150737 +32.8571713     5.43 0.0005826885 -12.0560 -12.1617   0.0088     73226.71     594.3448     1070.623    0.126   0
        48    881.797    793.973 238.0121974 +32.8563019    23.26  0.002497034 -10.6827 -11.3994   0.0173      36288.9     578.3203     1012.624    0.651   3
        49    885.921    873.166 238.0115314 +32.8478460    17.44   0.00187213 -12.3750 -11.4712   0.0162     38767.57     579.6072     969.2529    0.335   2
        50    885.792    823.382 238.0116340 +32.8531682    12.29  0.001318761 -10.7380 -11.3981   0.0173     36245.79     578.2707     989.1004    0.608   3
        51    882.863    772.266 238.0120983 +32.8586254    18.63  0.002000245 -12.7120 -11.3824   0.0176      35722.8     578.3079     1016.549    0.624   2
        52    882.508    899.781 238.0119230 +32.8449917    19.17  0.002057354 -12.8295 -11.5118   0.0157     40245.43     580.2751     968.0754    0.604   2
