#   1 NUMBER                 Running object number                                     
#   2 X_IMAGE                Object position along x                                    [pixel]
#   3 Y_IMAGE                Object position along y                                    [pixel]
#   4 ALPHA_J2000            Right ascension of barycenter (J2000)                      [deg]
#   5 DELTA_J2000            Declination of barycenter (J2000)                          [deg]
#   6 FWHM_IMAGE             FWHM assuming a gaussian core                              [pixel]
#   7 FWHM_WORLD             FWHM assuming a gaussian core                              [deg]
#   8 MAG_BEST               Best of MAG_AUTO and MAG_ISOCOR                            [mag]
#   9 MAG_APER               Fixed aperture magnitude vector                            [mag]
#  10 MAGERR_APER            RMS error vector for fixed aperture mag.                   [mag]
#  11 FLUX_APER              Flux vector within fixed circular aperture(s)              [count]
#  12 FLUXERR_APER           RMS error vector for aperture flux(es)                     [count]
#  13 BACKGROUND             Background at centroid position                            [count]
#  14 ELLIPTICITY            1 - B_IMAGE/A_IMAGE                                       
#  15 FLAGS                  Extraction flags                                          
         1    852.723     89.364 200.9156302 +36.1180620   115.88   0.01258744 -15.6868 -13.5312   0.0034     258519.6     815.6265     1104.647    0.500  19
         2    816.146     45.623 200.9206020 +36.1227151    72.97  0.007925675 -14.2836 -12.9457   0.0056     150757.9     781.8987     756.3829    0.812  19
         3    827.232     10.399 200.9191553 +36.1265711    94.78   0.01029565 -14.3482 -13.3860   0.0037     226157.9     767.0391     285.0218    0.806  24
         4    173.205     78.600 201.0069910 +36.1173722     3.45 0.0003752622  -9.6215 -11.5220   0.0199     40627.07      745.652     1307.406    0.417   0
         5    246.897     83.239 200.9970787 +36.1170733     7.29 0.0007920766 -11.1134 -11.5957   0.0187     43477.75     746.7494     1369.535    0.688   0
         6     94.896     80.110 201.0175158 +36.1169895     5.22 0.0005664864 -10.4136 -11.5835   0.0189     42994.29     746.7499     1276.652    0.497   0
         7    263.689     83.421 200.9948211 +36.1171001     9.60  0.001043192 -11.6158 -11.5134   0.0201     40303.83      745.747     1377.146    0.714   0
         8    204.568     81.430 201.0027712 +36.1171521     6.44 0.0006992955 -10.9229 -11.5910   0.0187     43290.84     746.6868     1336.126    0.530   0
         9    122.619     82.692 201.0137855 +36.1167865     6.92  0.000752066 -11.0855 -11.6176   0.0183     44363.46     747.1473     1309.259    0.316   0
        10    224.830     84.537 201.0000432 +36.1168710     8.29 0.0009007298 -11.3714 -11.6028   0.0185      43766.1     746.9677     1373.723    0.069   0
        11    395.419     83.704 200.9771126 +36.1174334     4.14 0.0004491994  -9.7902 -11.4713   0.0209     38771.64     745.2739     1427.919    0.536   0
        12    105.874     84.118 201.0160344 +36.1165849     4.53 0.0004924817 -10.2239 -11.6083   0.0184     43987.25      747.062     1307.086    0.219   0
        13    148.000     85.858 201.0103693 +36.1165136     5.45 0.0005917958 -10.5232 -11.5619   0.0192     42146.83     746.1005     1341.799    0.353   0
        14    185.645     87.099 201.0053071 +36.1164837     5.82 0.0006317563 -10.6237 -11.5211   0.0200     40591.22     745.8434     1367.936    0.619   0
        15    679.093    204.363 200.9388250 +36.1051018     6.74 0.0007321494 -15.2825 -15.2908   0.0009      1307126     1090.637     1578.167    0.039   0
        16    766.316    202.060 200.9271043 +36.1055878     6.81 0.0007398446 -14.8147 -14.8275   0.0012     853132.2     981.2059     1579.348    0.036   0
        17    119.124    213.189 201.0140755 +36.1026017     6.82 0.0007413017 -13.0222 -13.0522   0.0051     166293.6     786.7733     1429.357    0.031   0
        18    620.338    335.398 200.9465540 +36.0907085     7.23 0.0007850959 -10.7010 -10.7601   0.0398     20138.29     738.7917     1564.643    0.087   0
        19    877.675    404.984 200.9118859 +36.0838445     1.85 0.0002008029  -9.5960 -11.0742   0.0299     26896.57     741.2797     1472.609    0.089   0
        20    138.100    534.370 201.0110844 +36.0677665     6.76 0.0007338522 -12.7348 -12.7657   0.0066     127722.3     774.5377     1401.863    0.048   0
        21    884.247    914.606 200.9103743 +36.0285041   106.15   0.01153014 -15.0083 -12.1041   0.0118      69442.5     755.3317     1246.426    0.893  18
        22    220.313    724.652 200.9997816 +36.0473262     6.64 0.0007215354 -10.0111 -10.0805   0.0742     10769.74     735.8414     1353.067    0.202   0
        23    889.628   1020.756 200.9095212 +36.0169879     5.64 0.0006129345 -10.5444 -11.1460   0.0259     28733.42     685.1115     1174.851    0.474  16
        24    537.367    708.760 200.9572191 +36.0499260     4.79 0.0005198234  -9.4594 -10.0188   0.0785     10174.35     735.5978     1471.206    0.325   0
        25    765.105    600.646 200.9267664 +36.0622880     7.41 0.0008052909 -10.1808 -10.2306   0.0647     12366.24      736.363     1543.956    0.101   0
        26    485.420    675.450 200.9642399 +36.0534022     8.21 0.0008913571  -9.9035  -9.8539   0.0913     8740.672     735.0898     1482.088    0.111   0
        27    530.380    729.604 200.9581306 +36.0476427     5.82 0.0006322457  -9.3887  -9.6849   0.1066     7480.803     734.3102     1457.036    0.152   0
