#   1 NUMBER                 Running object number                                     
#   2 X_IMAGE                Object position along x                                    [pixel]
#   3 Y_IMAGE                Object position along y                                    [pixel]
#   4 ALPHA_J2000            Right ascension of barycenter (J2000)                      [deg]
#   5 DELTA_J2000            Declination of barycenter (J2000)                          [deg]
#   6 FWHM_IMAGE             FWHM assuming a gaussian core                              [pixel]
#   7 FWHM_WORLD             FWHM assuming a gaussian core                              [deg]
#   8 MAG_BEST               Best of MAG_AUTO and MAG_ISOCOR                            [mag]
#   9 MAG_APER               Fixed aperture magnitude vector                            [mag]
#  10 MAGERR_APER            RMS error vector for fixed aperture mag.                   [mag]
#  11 FLUX_APER              Flux vector within fixed circular aperture(s)              [count]
#  12 FLUXERR_APER           RMS error vector for aperture flux(es)                     [count]
#  13 BACKGROUND             Background at centroid position                            [count]
#  14 ELLIPTICITY            1 - B_IMAGE/A_IMAGE                                       
#  15 FLAGS                  Extraction flags                                          
         1    854.093     89.679 200.9162185 +36.1145056   108.72   0.01174494 -14.6024 -12.4544   0.0057      95882.7     506.4176     748.4499    0.441  19
         2    818.995     47.901 200.9210090 +36.1189046    78.97  0.008531115 -13.5798 -12.0652   0.0080     67002.73     491.8701      627.753    0.718  19
         3    822.328      9.444 200.9206414 +36.1230576    80.05   0.00864829 -13.5403 -12.2945   0.0062     82754.08     468.8493     435.8334    0.785  24
         4    685.452    173.470 200.9386475 +36.1049854     4.99  0.000538819 -15.4992 -15.5274   0.0007      1625386     1010.532      923.929    0.060   4
         5    772.634    171.194 200.9269682 +36.1054859     4.97  0.000536708 -15.0263 -15.0582   0.0009      1055114     857.8721     923.8777    0.071   0
         6    125.986    181.774 201.0136058 +36.1024258     4.58 0.0004946099 -13.2522 -13.3064   0.0029     210167.7     559.8642     870.0839    0.040   0
         7    548.751    179.851 200.9569542 +36.1038955     4.60 0.0004972901  -8.7174  -9.4364   0.0839     5950.688     459.8834     917.8516    0.201   0
         8    337.962    243.509 200.9850661 +36.0964110     5.62   0.00060695  -8.6245  -8.7839   0.1526     3262.587      458.394     904.6763    0.231   0
         9    626.880    304.501 200.9462226 +36.0906963     4.70 0.0005078475 -10.8886 -10.9905   0.0205     24899.12     470.0587     919.5023    0.074   0
        10    266.288    350.198 200.9944399 +36.0847022     9.26  0.001000106  -9.4555  -9.5926   0.0728     6871.516     460.3325     894.2295    0.328   0
        11    203.539    412.363 201.0027120 +36.0778164     7.02 0.0007578552  -9.0948  -9.0452   0.1201     4150.242     458.9036     881.8393    0.197   0
        12     31.845    461.324 201.0256056 +36.0720234     6.12 0.0006608576  -9.1285  -9.1878   0.1054     4732.789     459.2337     836.0951    0.220   0
        13    145.405    502.294 201.0103039 +36.0679526     4.55 0.0004912968 -12.9797 -13.0229   0.0036     161862.5     537.9385     862.0204    0.088   0
        14    899.160    870.871 200.9085817 +36.0304719     4.87 0.0005262181 -10.2726 -10.5467   0.0306     16545.56     465.6073     780.6001    0.101   0
        15    115.823    853.648 201.0134984 +36.0300096     7.16 0.0007739977  -8.8740  -8.9530   0.1307     3812.429     458.6938     777.7708    0.389   0
        16    884.998    814.994 200.9105921 +36.0364509     4.98 0.0005374584  -9.6293 -10.9143   0.0219     23213.37     469.0858     820.4969    0.692   0
        17    227.700    691.954 200.9988696 +36.0477667     4.74 0.0005116088 -10.3619 -10.4473   0.0334     15098.64     464.8171     846.6687    0.131   0
        18    544.054    676.376 200.9565366 +36.0503870     6.13 0.0006622005 -10.1118 -10.1152   0.0452     11119.71     462.6848     891.9601    0.080   0
        19    492.283    643.555 200.9635394 +36.0537699     4.32 0.0004670417 -10.2086 -10.2946   0.0384      13117.4     463.8266     891.3636    0.063   0
        20     53.104    745.132 201.0221339 +36.0415112     6.47  0.000698557  -8.7784  -8.7494   0.1575     3160.641     458.4028     797.4749    0.186   0
        21    537.679    697.327 200.9573461 +36.0481109     4.28 0.0004627845  -9.7243  -9.9067   0.0546     9176.147     461.6846     885.1554    0.024   0
        22    771.898    568.975 200.9262445 +36.0626274     4.31 0.0004654999 -10.3342 -10.4366   0.0338      14949.8     464.7751     910.2864    0.067   0
        23    883.734    822.571 200.9107460 +36.0356309     5.92 0.0006390497 -10.0354 -10.9425   0.0214     23822.96     469.4986     820.3541    0.590   0
        24    710.348    535.373 200.9345586 +36.0660676     6.23 0.0006725847  -8.4593  -8.4146   0.2142     2321.978     457.9194     911.1976    0.295   0
        25    869.899    658.630 200.9129340 +36.0532535     5.01 0.0005409346  -9.5753 -10.5262   0.0311     16236.52     465.4667     883.0267    0.275   0
        26    883.201    959.326 200.9105377 +36.0208956     6.24 0.0006738148 -10.2337 -11.0091   0.0202     25329.46     470.2373     790.9561    0.498   0
        27    882.034    857.148 200.9109029 +36.0319007     4.53 0.0004896962  -9.5004 -11.0134   0.0201     25430.47     470.3914      815.453    0.688   0
