#   1 NUMBER                 Running object number                                     
#   2 X_IMAGE                Object position along x                                    [pixel]
#   3 Y_IMAGE                Object position along y                                    [pixel]
#   4 ALPHA_J2000            Right ascension of barycenter (J2000)                      [deg]
#   5 DELTA_J2000            Declination of barycenter (J2000)                          [deg]
#   6 FWHM_IMAGE             FWHM assuming a gaussian core                              [pixel]
#   7 FWHM_WORLD             FWHM assuming a gaussian core                              [deg]
#   8 MAG_BEST               Best of MAG_AUTO and MAG_ISOCOR                            [mag]
#   9 MAG_APER               Fixed aperture magnitude vector                            [mag]
#  10 MAGERR_APER            RMS error vector for fixed aperture mag.                   [mag]
#  11 FLUX_APER              Flux vector within fixed circular aperture(s)              [count]
#  12 FLUXERR_APER           RMS error vector for aperture flux(es)                     [count]
#  13 BACKGROUND             Background at centroid position                            [count]
#  14 ELLIPTICITY            1 - B_IMAGE/A_IMAGE                                       
#  15 FLAGS                  Extraction flags                                          
         1    854.329     90.133 238.0168210 +32.9323143   108.14   0.01159902 -14.6423 -12.5213   0.0055     101981.2     517.0186     755.4896    0.450  19
         2    819.026     47.941 238.0214220 +32.9367205    79.77    0.0085559 -13.6382 -12.1093   0.0078     69777.57     501.2294     628.7902    0.721  19
         3    822.006      9.550 238.0211012 +32.9408254    80.80  0.008665839 -13.5753 -12.3571   0.0059     87666.04     479.1564     432.5524    0.783  24
         4    489.738     47.163 238.0637049 +32.9358984     6.94 0.0007442352  -9.7131  -4.6738   6.8213     74.05167     465.1263     785.1938    0.142   0
         5    246.386     72.714 238.0949081 +32.9324938     7.86 0.0008429232 -10.2652 -10.6559   0.0282     18296.81     474.7811     830.8079    0.432   0
         6     62.503    117.753 238.1184397 +32.9271701     5.64 0.0006048618 -13.8307 -13.8632   0.0019       350972     625.9422     867.1456    0.043   0
         7    727.642    127.051 238.0330273 +32.9280288     5.82 0.0006240766 -10.3309  -9.5692   0.0757     6724.577     468.7264     938.5623    0.158   0
         8    749.393    131.742 238.0302269 +32.9275877     6.14  0.000658251 -10.0071  -7.4441   0.5322     949.8481     465.5047     938.7319    0.153   0
         9    622.609    137.825 238.0464949 +32.9265906     4.50  0.000482846  -8.1545  99.0000  99.0000    -2746.468     464.8627     937.1703    0.439   0
        10    369.520    147.829 238.0789716 +32.9248222    10.55  0.001131118  -9.8445  -9.8554   0.0583     8752.911     469.7549     923.7968    0.104   0
        11    746.681    149.006 238.0305471 +32.9257380     4.18 0.0004479527  -7.9030  99.0000  99.0000    -3016.883     464.9943     939.0534    0.090   0
        12    698.527    194.983 238.0366545 +32.9206998     6.50 0.0006969114 -11.8559 -11.9267   0.0091     58978.68     495.8016     939.0669    0.081   0
        13    320.182    190.258 238.0852341 +32.9201569     5.54 0.0005942056  -9.8043  -9.9059   0.0557     9169.912     469.9637     919.4222    0.164   0
        14    475.619    186.998 238.0652848 +32.9209372     6.45 0.0006913074  -9.1976  -9.4262   0.0862     5895.043     468.0092     931.6889    0.212   0
        15    109.748    258.970 238.1121307 +32.9122342     5.59   0.00059931 -13.8009 -13.8373   0.0020     342701.1     622.6301     879.8438    0.078   0
        16    865.030    244.894 238.0151984 +32.9158285     1.21 0.0001295708  -7.9371  -9.2496   0.1014     5009.997     467.7717     938.6218    0.034   0
        17    759.746    279.788 238.0286575 +32.9118177     5.60 0.0006002567 -12.2249 -12.2817   0.0067     81785.57     507.0988     939.4252    0.152   0
        18     44.143    271.152 238.1205310 +32.9107489     4.49 0.0004816346  -8.4489  -8.6671   0.1730     2929.889     466.6456     862.4553    0.198   0
        19    232.404    278.621 238.0963523 +32.9104820    11.88  0.001274111 -10.4245 -10.3814   0.0361     14208.24     472.4291     907.5255    0.225   0
        20    578.737    330.648 238.0518093 +32.9058932     5.35   0.00057395 -11.3368 -11.4479   0.0139     37945.35     484.9664     932.2458    0.145   0
        21      3.887    320.415 238.1256127 +32.9053780     7.16 0.0007681416  -8.5578  -8.0284   0.2496     1626.903     373.8593     851.8561    0.308  16
        22    285.116    344.350 238.0894746 +32.9036156     5.15 0.0005521809 -11.1658 -11.1969   0.0173     30114.09     481.0524     915.0813    0.133   0
        23     40.668    347.892 238.1208440 +32.9025501     6.48 0.0006949854  -9.2037  -9.2778   0.0988     5141.779     467.8683     861.1293    0.183   0
        24    448.342    385.355 238.0684552 +32.8996947     5.20 0.0005573987 -10.8210 -10.8972   0.0227     22850.17     477.1983     924.7336    0.150   0
        25    508.952    436.149 238.0605915 +32.8944424     4.98 0.0005339968 -12.1736 -12.2058   0.0072     76263.74     504.4056     924.7861    0.142   0
        26    156.195    453.460 238.1058349 +32.8916108     5.51  0.000590659  -9.9417 -10.0579   0.0485     10547.48      470.644     882.0469    0.161   0
        27    539.915    461.448 238.0565759 +32.8918283     6.66 0.0007147134  -8.9501  -9.1631   0.1098     4626.309      467.619     925.0651    0.383   0
        28    267.677    495.357 238.0914565 +32.8874527     5.05 0.0005411419 -12.4674 -12.5198   0.0055       101840     516.9385     903.2878    0.133   0
        29     10.905    496.505 238.1244059 +32.8866073     6.14  0.000659015 -10.4621 -10.4075   0.0336     14554.66     450.2262     841.7766    0.165  16
        30    437.737    502.872 238.0696199 +32.8871248     5.30 0.0005684168  -9.7018  -9.6855   0.0681     7485.355     469.1189     919.2546    0.148   0
        31    777.078    516.801 238.0260489 +32.8865730     7.23 0.0007756156  -8.4560  -8.6044   0.1832     2765.378      466.505     928.4503    0.317   0
        32    808.393    868.947 238.0214621 +32.8490803     4.17 0.0004468987 -12.8261 -12.8595   0.0042     139251.8     534.6683     872.4138    0.161   0
        33    510.629   1026.942 238.0593962 +32.8314026     5.05 0.0005414622  -8.6115  -7.9760   0.2548     1550.208     363.7692     798.2177    0.260  24
        34    798.298   1020.879 238.0225119 +32.8328397     4.55  0.000488471  -9.9609  -9.8635   0.0533     8818.235     432.6297     830.3464    0.233  16
        35    592.976    720.982 238.0493387 +32.8642794     3.29 0.0003527458  -8.0103  -8.1421   0.2801     1806.501      465.912     897.5153    0.402   0
        36    378.560    702.956 238.0768781 +32.8656091     4.79 0.0005132311 -12.8032 -12.8487   0.0042     137870.8     534.0909     882.9719    0.160   0
        37    299.516    758.960 238.0869246 +32.8594124     5.02  0.000538621 -10.8604 -10.9040   0.0225     22993.03     477.2988     857.9818    0.221   0
        38    717.849    711.973 238.0333322 +32.8655837    12.07  0.001294868 -10.1582 -10.1833   0.0432     11839.33     471.3946     905.1267    0.386   0
        39    375.989    724.756 238.0771713 +32.8632756     5.32 0.0005703844  -8.2734  -9.1261   0.1135     4471.553     467.4053      876.946    0.442   0
        40    839.158    768.654 238.0176769 +32.8598666     1.67 0.0001789819  -8.3711  -8.1588   0.2759     1834.507     466.1109     889.2565    0.168   0
        41    857.368    793.589 238.0153006 +32.8572552     4.64 0.0004974292 -11.9399 -12.0678   0.0081      67162.1      499.715     879.2852    0.234   0
        42    629.494    784.952 238.0445485 +32.8575536     4.20  0.000450431  -8.7831  -9.1067   0.1156     4392.237     467.4546       882.35    0.127   0
        43    626.616    700.221 238.0450567 +32.8665874     4.04 0.0004338298  -8.1015  -8.3839   0.2243     2257.106     466.1144     904.1708    0.393   0
        44    127.919    634.267 238.1091529 +32.8722372     5.61 0.0006021818 -10.0064 -10.1171   0.0459     11138.44     471.0747     854.1805    0.205   0
        45    647.171    987.028 238.0419498 +32.8360383     3.91 0.0004191215  -7.7614  -8.1445   0.2795     1810.585      465.993     823.0016    0.499   0
        46    906.563    626.126 238.0092570 +32.8752594     4.69 0.0005032101 -11.2372 -10.9772   0.0211      24597.6     478.1129     817.0924    0.221   0
        47    255.665    851.860 238.0923925 +32.8493763     4.76 0.0005103288  -8.0075  -7.7528   0.4007     1262.217     465.7644     820.5087    0.276   0
        48    885.371    899.453 238.0115387 +32.8460345     5.52 0.0005915126  -9.9882 -11.0138   0.0204     25440.42     478.5662     809.5374    0.128   0
        49    881.838    881.106 238.0120212 +32.8479827     6.80 0.0007289987 -10.4578 -11.0642   0.0195     26649.01     479.1461     819.7965    0.517   0
        50    884.498    927.993 238.0116050 +32.8429865     4.22 0.0004531301  -9.5234 -11.0265   0.0202      25738.3     478.6195     803.7548    0.556   2
        51    884.552    946.125 238.0115691 +32.8410518     6.15  0.000659839 -10.2012 -11.0518   0.0197     26347.41      479.027     798.8152    0.667   0
        52    356.623   1007.118 238.0791809 +32.8330905     6.69 0.0007175162  -8.7858  -8.3654   0.2282     2219.049     466.2777     776.7677    0.326   0
