#   1 NUMBER                 Running object number                                     
#   2 X_IMAGE                Object position along x                                    [pixel]
#   3 Y_IMAGE                Object position along y                                    [pixel]
#   4 ALPHA_J2000            Right ascension of barycenter (J2000)                      [deg]
#   5 DELTA_J2000            Declination of barycenter (J2000)                          [deg]
#   6 FWHM_IMAGE             FWHM assuming a gaussian core                              [pixel]
#   7 FWHM_WORLD             FWHM assuming a gaussian core                              [deg]
#   8 MAG_BEST               Best of MAG_AUTO and MAG_ISOCOR                            [mag]
#   9 MAG_APER               Fixed aperture magnitude vector                            [mag]
#  10 MAGERR_APER            RMS error vector for fixed aperture mag.                   [mag]
#  11 FLUX_APER              Flux vector within fixed circular aperture(s)              [count]
#  12 FLUXERR_APER           RMS error vector for aperture flux(es)                     [count]
#  13 BACKGROUND             Background at centroid position                            [count]
#  14 ELLIPTICITY            1 - B_IMAGE/A_IMAGE                                       
#  15 FLAGS                  Extraction flags                                          
         1    852.506     88.580 200.9185265 +36.1145040   118.08   0.01275764 -14.6782 -12.4552   0.0057     95953.73     503.3814     742.0341    0.501  19
         2    818.162     46.138 200.9232207 +36.1189722    69.02  0.007456919 -13.3185 -11.7965   0.0100      52310.7     481.2668     617.6722    0.810  19
         3    820.364      9.474 200.9230025 +36.1229282    77.21   0.00834152 -13.5024 -12.2757   0.0062      81332.2     465.5216     438.6955    0.770  24
         4    699.104    174.432 200.9389128 +36.1047926     4.98 0.0005378801 -15.5018 -15.5310   0.0007      1630868      1010.36     916.6129    0.081   4
         5    786.222    172.110 200.9272379 +36.1053065     4.87 0.0005258331 -15.0262 -15.0593   0.0009      1056131     856.4286     916.7838    0.061   0
         6    140.207    182.638 201.0138223 +36.1021899     4.44 0.0004796937 -13.2610 -13.3162   0.0029     212072.8     558.0062      866.256    0.031   0
         7    562.559    180.787 200.9572051 +36.1036925     5.91  0.000638589  -8.7160  -9.3161   0.0930      5326.66     456.0679     910.4262    0.202   0
         8    754.967    193.694 200.9313826 +36.1028870     5.83 0.0006303986  -8.8271  -9.6141   0.0708     7008.978     457.0654     917.7978    0.375   0
         9    351.873    244.736 200.9853105 +36.0961574     6.36 0.0006866143  -8.5919  -8.2412   0.2493     1979.135     454.3443     900.3538    0.045   0
        10    640.520    305.306 200.9464876 +36.0905174     4.56 0.0004923378 -10.9021 -11.0336   0.0196     25907.35     467.3004     911.4692    0.071   0
        11    280.660    350.673 200.9946234 +36.0845263     8.04 0.0008688204  -9.2680  -9.3168   0.0929     5329.868     456.1588     890.6945    0.467   0
        12    217.385    413.624 201.0029649 +36.0775493     7.32 0.0007913294  -9.0576  -9.2241   0.1011     4893.662      455.754     875.9921    0.318   0
        13     46.153    462.185 201.0258040 +36.0717847     4.43 0.0004784452  -9.1435  -9.2686   0.0971     5098.403     455.9937     832.6912    0.025   0
        14    159.685    502.999 201.0104993 +36.0677428     4.17 0.0004508186 -12.9925 -13.0365   0.0036     163908.1     536.0148     857.7285    0.015   0
        15    880.750    880.874 200.9130841 +36.0292454     4.54 0.0004899951  -9.5322 -10.9537   0.0210     24070.42     466.2917     806.8833    0.537   0
        16    129.949    853.738 201.0137031 +36.0298704     5.02 0.0005426189  -8.9461  -8.8704   0.1399     3533.273     455.0837     776.6871    0.106   0
        17     67.582    745.547 201.0222983 +36.0413295     5.16 0.0005576052  -8.7365  -9.1224   0.1111     4456.063     455.6669     794.8898    0.218   0
        18    241.826    692.638 200.9990739 +36.0475711     4.12 0.0004450757 -10.3147 -10.3936   0.0348     14369.82     461.0488     842.9401    0.059   0
        19    876.162    535.471 200.9144201 +36.0664373     6.45 0.0006967626  -9.5479 -10.2630   0.0392     12740.44     460.1897     877.2975    0.182   0
        20    207.352    767.998 201.0035256 +36.0393466     1.58 0.0001712031  -7.2348  -8.3843   0.2185     2257.906     454.3314     818.4768    0.086   0
        21    881.978    782.983 200.9131241 +36.0397936     5.44 0.0005877031  -9.8109 -10.8704   0.0227     22291.86     465.2247     827.4224    0.603   0
        22    551.480    698.160 200.9575782 +36.0479292     4.14 0.0004472736  -9.7592  -9.9194   0.0536     9284.457      458.321     878.4056    0.078   0
        23    557.943    677.444 200.9567569 +36.0501804     5.77  0.000623102 -10.1493 -10.2472   0.0398     12557.36     460.1028     884.0646    0.114   0
        24    785.541    569.841 200.9264912 +36.0624621     4.25 0.0004594971 -10.3153 -10.4473   0.0332     15098.37     461.5067     902.4728    0.092   0
        25    506.194    644.318 200.9637612 +36.0535903     4.04 0.0004368065 -10.1930 -10.2094   0.0412     12127.64     459.8061     885.8016    0.042   0
        26    723.661    536.407 200.9348535 +36.0658764     4.49 0.0004849959  -8.3707  -8.8297   0.1452     3403.087     455.0633     903.5331    0.091   0
        27    883.484    659.739 200.9131795 +36.0530736     6.81 0.0007353952 -10.4084 -10.7758   0.0247     20433.29     464.4502     848.7896    0.277   0
        28    912.990    871.846 200.9087848 +36.0303146     3.36 0.0003627867  -8.7701  99.0000  99.0000    -10586.45     453.1771     754.2431    0.087   0
        29    887.166    954.425 200.9120715 +36.0213420     4.16 0.0004497783  -9.2946 -10.9389   0.0213     23744.78     466.0921      780.163    0.650   0
