#   1 NUMBER                 Running object number                                     
#   2 X_IMAGE                Object position along x                                    [pixel]
#   3 Y_IMAGE                Object position along y                                    [pixel]
#   4 ALPHA_J2000            Right ascension of barycenter (J2000)                      [deg]
#   5 DELTA_J2000            Declination of barycenter (J2000)                          [deg]
#   6 FWHM_IMAGE             FWHM assuming a gaussian core                              [pixel]
#   7 FWHM_WORLD             FWHM assuming a gaussian core                              [deg]
#   8 MAG_BEST               Best of MAG_AUTO and MAG_ISOCOR                            [mag]
#   9 MAG_APER               Fixed aperture magnitude vector                            [mag]
#  10 MAGERR_APER            RMS error vector for fixed aperture mag.                   [mag]
#  11 FLUX_APER              Flux vector within fixed circular aperture(s)              [count]
#  12 FLUXERR_APER           RMS error vector for aperture flux(es)                     [count]
#  13 BACKGROUND             Background at centroid position                            [count]
#  14 ELLIPTICITY            1 - B_IMAGE/A_IMAGE                                       
#  15 FLAGS                  Extraction flags                                          
         1    852.304     88.776 200.9157001 +36.1182132   110.83   0.01191654 -16.1384 -14.0214   0.0029     406042.5     1082.292     1465.274    0.490  19
         2    816.763     46.131 200.9205500 +36.1226786    77.00  0.008278555 -14.8157 -13.4606   0.0047       242243     1043.744     888.2516    0.803  19
         3    829.212     10.672 200.9189444 +36.1264855    98.14   0.01055194 -14.8182 -13.8788   0.0031     356046.3     1022.568     168.9122    0.811  24
         4    119.385     83.163 201.0140925 +36.1171341    59.03  0.006346882 -14.8257 -12.2035   0.0143     76101.91     1003.051     1750.408    0.821  18
         5    208.416     84.131 201.0021399 +36.1172389    40.80  0.004386586 -14.5089 -12.1625   0.0149     73283.92     1002.567     1835.383    0.644   2
         6    345.038     81.301 200.9838065 +36.1178575    20.25  0.002176933 -13.1228 -12.0469   0.0165     65881.04     1000.583     1890.283    0.266   2
         7    284.297     81.714 200.9919589 +36.1176730    13.49  0.001450026 -12.1395 -11.9725   0.0176     61517.63     999.7109     1871.903    0.554   0
         8    395.297     82.294 200.9770582 +36.1178676    10.90  0.001172334 -12.1916 -12.0369   0.0166     65276.63      1000.76     1926.943    0.459   2
         9    371.616     84.390 200.9802328 +36.1175896     6.75 0.0007257567 -11.3647 -11.9787   0.0175     61869.98     999.2783     1938.567    0.324   2
        10    682.548    208.911 200.9382616 +36.1050287     4.20  0.000451752 -15.3532 -15.3909   0.0010      1433361     1298.123     2191.011    0.046   4
        11    769.531    206.411 200.9265921 +36.1054910     4.02 0.0004322715 -14.8840 -14.9324   0.0014     939639.2     1199.253     2193.416    0.033   0
        12    123.653    218.301 201.0132521 +36.1027422     4.03 0.0004332298 -13.0952 -13.1481   0.0062     181648.2     1029.128     1948.757    0.074   0
        13    623.868    340.166 200.9458896 +36.0909077     3.97 0.0004267245 -10.7556 -10.9091   0.0465     23100.94     989.8914     2166.237    0.057   0
        14    877.600    389.184 200.9117513 +36.0862540     3.45 0.0003711252  -9.9774 -11.6407   0.0238      45320.9     994.9918     2028.463    0.417   0
        15    881.503    492.022 200.9110385 +36.0753029     3.75  0.000403716 -10.0793 -11.6595   0.0235     46112.13     995.7685     1985.683    0.383   0
        16     29.002    498.722 201.0253954 +36.0726349     4.22 0.0004542074  -8.8340  -8.7589   0.3354       3188.3     984.7382     1783.632    0.088   0
        17    142.321    539.241 201.0101132 +36.0685827     4.01 0.0004315315 -12.8368 -12.8825   0.0078     142238.2     1019.509     1894.309    0.064   0
        18    534.052    733.779 200.9571929 +36.0487549     3.83 0.0004116635  -9.4952  -9.9009   0.1174     9127.541      986.356       1988.9    0.216   0
        19    883.461    824.237 200.9101652 +36.0399018   160.91    0.0173009 -15.7651 -12.4859   0.0111     98712.79     1008.861     1776.893    0.948  16
        20    443.696    758.661 200.9692633 +36.0458966     1.13 0.0001217299  -9.1253  -9.2446   0.2146     4986.907     985.3894     1918.455    0.070   0
        21      4.115   1008.806 201.0277151 +36.0182157    24.70  0.002655506 -12.7522 -11.6797   0.0187     46978.07     808.9141     438.2174    0.820  16
        22    768.205    604.549 200.9260295 +36.0630571     3.94 0.0004231631 -10.1191 -10.1922   0.0898     11936.87     986.9845     2139.438    0.097   0
        23    540.690    712.776 200.9563426 +36.0510084     6.00 0.0006455155  -9.9374  -9.9604   0.1111     9642.216     986.4865     2011.605    0.236   0
        24    224.300    729.348 200.9987437 +36.0485138     4.05 0.0004358951 -10.2369 -10.1583   0.0927      11569.3     987.0302     1817.772    0.066   0
        25    488.851    680.051 200.9633577 +36.0543776     3.85 0.0004139826 -10.0456 -10.0466   0.1026     10438.83     986.6605     2023.579    0.160   0
