#   1 NUMBER                 Running object number                                     
#   2 X_IMAGE                Object position along x                                    [pixel]
#   3 Y_IMAGE                Object position along y                                    [pixel]
#   4 ALPHA_J2000            Right ascension of barycenter (J2000)                      [deg]
#   5 DELTA_J2000            Declination of barycenter (J2000)                          [deg]
#   6 FWHM_IMAGE             FWHM assuming a gaussian core                              [pixel]
#   7 FWHM_WORLD             FWHM assuming a gaussian core                              [deg]
#   8 MAG_BEST               Best of MAG_AUTO and MAG_ISOCOR                            [mag]
#   9 MAG_APER               Fixed aperture magnitude vector                            [mag]
#  10 MAGERR_APER            RMS error vector for fixed aperture mag.                   [mag]
#  11 FLUX_APER              Flux vector within fixed circular aperture(s)              [count]
#  12 FLUXERR_APER           RMS error vector for aperture flux(es)                     [count]
#  13 BACKGROUND             Background at centroid position                            [count]
#  14 ELLIPTICITY            1 - B_IMAGE/A_IMAGE                                       
#  15 FLAGS                  Extraction flags                                          
         1    838.824     81.261 238.0182165 +32.9332433   150.18   0.01603624 -16.3686 -14.4411   0.0026     597621.6     1424.251      1951.55    0.590  16
         2    829.127     10.845 238.0195544 +32.9407079    99.33   0.01060611 -16.0118 -14.3800   0.0026     564961.2     1356.937    -76.53163    0.809  25
         3    147.026     82.928 238.1065437 +32.9312118    59.33   0.00633512 -15.1651 -12.6369   0.0128     113434.9     1336.598      2477.31    0.751  19
         4    231.152     82.243 238.0958037 +32.9315134    79.07  0.008443463 -15.5923 -12.6307   0.0129       112790     1336.551     2563.653    0.872  18
         5     66.036    120.837 238.1168264 +32.9269583     4.91 0.0005242635 -12.9903 -12.9790   0.0094     155448.8     1344.434     2640.597    0.008   0
         6    701.112    197.387 238.0356336 +32.9205270     5.95 0.0006358247 -11.3376 -11.5094   0.0358     40155.14     1322.821     3111.144    0.071   0
         7    113.042    262.070 238.1106098 +32.9120641     4.90 0.0005236347 -13.0219 -13.0709   0.0086     169182.9     1346.913     2725.201    0.022   0
         8    761.944    282.013 238.0277469 +32.9116866     5.35 0.0005714894 -11.6033 -11.7350   0.0291     49431.54     1324.536     3110.322    0.044   0
         9    581.229    333.120 238.0507414 +32.9057702     5.49 0.0005865048 -10.4526 -10.4286   0.0965     14840.17     1317.991     3068.913    0.020   0
        10    288.098    347.159 238.0881364 +32.9034891     5.21 0.0005558043 -10.3547 -10.3893   0.1000     14313.24     1317.854     2955.059    0.082   0
        11    878.344    374.934 238.0127574 +32.9021096     7.42 0.0007923351 -11.7884 -12.0824   0.0212     68069.07     1327.975     2861.767    0.380   0
        12    879.956    458.829 238.0124338 +32.8931900    13.93  0.001487368 -12.6343 -12.1431   0.0200     71985.21     1328.676     2819.576    0.092   2
        13    450.944    387.771 238.0672910 +32.8996083     4.77 0.0005094656 -10.0881 -10.5166   0.0890      16092.4     1318.414     3019.577    0.156   0
        14    877.737    396.593 238.0128045 +32.8998042     8.22 0.0008772432 -11.8745 -12.0590   0.0216     66621.01      1327.74     2859.095    0.404   0
        15    511.341    438.563 238.0595079 +32.8943677     5.06 0.0005398713 -11.2148 -10.8242   0.0671     21363.59     1319.339     3023.292    0.009   0
        16    881.154    485.362 238.0122435 +32.8903709    13.84  0.001478083 -12.9265 -12.1888   0.0192      75077.6     1329.552     2800.773    0.510   2
        17    270.375    498.060 238.0901723 +32.8873901     5.11  0.000545804 -11.6592 -11.7007   0.0300     47895.11     1324.394     2883.685    0.023   0
        18     14.016    499.785 238.1228848 +32.8865080     5.08 0.0005422449  -9.4478  99.0000  99.0000    -178.1176     1302.724     2476.886    0.204  16
        19    380.876    705.475 238.0757634 +32.8656263     5.22 0.0005568892 -12.0657 -12.1370   0.0202     71582.25     1328.968     2750.019    0.039   0
        20    882.754    811.927 238.0115808 +32.8556387   175.09   0.01869649 -16.2528 -12.9862   0.0093     156487.3     1344.518     2478.327    0.945  16
        21      5.785   1008.146 238.1231531 +32.8324124    34.26   0.00365806 -13.5995 -12.2506   0.0155      79475.2     1133.256     401.0558    0.777  24
        22    907.615    628.346 238.0086663 +32.8752314     3.40 0.0003630631  -9.1314  99.0000  99.0000    -66296.54      1315.21     2341.793    0.126   0
        23    301.947    761.451 238.0857498 +32.8594592     6.69 0.0007140359 -10.0434  -9.8130   0.1699     8417.697     1316.735     2587.563    0.183   0
        24    859.891    795.213 238.0145211 +32.8573565     7.98 0.0008523462 -11.6841 -12.2100   0.0189     76561.66     1329.684     2737.972    0.137   1
        25    810.094    870.779 238.0207670 +32.8491873     5.11  0.000545658 -11.9367 -11.8912   0.0252     57080.41     1326.053      2680.69    0.034   0
        26    476.039    805.618 238.0634751 +32.8552299     3.67 0.0003914341  -8.5506  -8.4642   0.5878     2430.317     1315.374     2636.092    0.394   0
