#   1 NUMBER                 Running object number                                     
#   2 X_IMAGE                Object position along x                                    [pixel]
#   3 Y_IMAGE                Object position along y                                    [pixel]
#   4 ALPHA_J2000            Right ascension of barycenter (J2000)                      [deg]
#   5 DELTA_J2000            Declination of barycenter (J2000)                          [deg]
#   6 FWHM_IMAGE             FWHM assuming a gaussian core                              [pixel]
#   7 FWHM_WORLD             FWHM assuming a gaussian core                              [deg]
#   8 MAG_BEST               Best of MAG_AUTO and MAG_ISOCOR                            [mag]
#   9 MAG_APER               Fixed aperture magnitude vector                            [mag]
#  10 MAGERR_APER            RMS error vector for fixed aperture mag.                   [mag]
#  11 FLUX_APER              Flux vector within fixed circular aperture(s)              [count]
#  12 FLUXERR_APER           RMS error vector for aperture flux(es)                     [count]
#  13 BACKGROUND             Background at centroid position                            [count]
#  14 ELLIPTICITY            1 - B_IMAGE/A_IMAGE                                       
#  15 FLAGS                  Extraction flags                                          
         1     10.311     81.168 200.8916816 +36.1187158    63.30   0.00683204 -13.4162 -12.5806   0.0069     107706.1     688.3007     428.0327    0.603  24
         2    141.111     88.759 200.8741186 +36.1182561    38.08  0.004109988 -12.9002 -11.7574   0.0152     50459.58     707.2072     1236.106    0.683   2
         3    192.171     30.164 200.8673531 +36.1246904    33.18  0.003581567 -12.6199 -11.8254   0.0143     53720.85     708.3401     745.5516    0.243  17
         4    136.395     10.917 200.8748666 +36.1266075    85.98  0.009280511 -14.6378 -13.3984   0.0035       228743     737.0378      306.789    0.745  24
         5    287.914     28.796 200.8545064 +36.1250956     4.01 0.0004327085  -9.7675  99.0000  99.0000    -56814.75     689.0997     979.6355    0.122   0
         6    375.227     84.300 200.8427093 +36.1193657     4.79 0.0005171532 -11.2636 -11.1147   0.0272      27917.3     699.2507     1359.467    0.018   0
         7     62.828    109.924 200.8845915 +36.1157692    16.30  0.001759328 -10.0271  99.0000  99.0000    -16259.34     689.1193     886.7765    0.233   2
         8    537.127     91.453 200.8209738 +36.1190284     6.77  0.000730916  -9.4704  -9.3002   0.1430     5249.208     691.0015     1383.243    0.286   0
         9     83.401    121.263 200.8818142 +36.1146068     7.27  0.000784505 -10.7188 -11.2802   0.0234     32513.68     700.6812     1112.837    0.440   0
        10    516.013    198.014 200.8236570 +36.1075222   -19.21 -0.002072957  -7.2125  -9.3876   0.1319      5689.29     690.9468     1464.147    0.009   0
        11    728.154    199.753 200.7951914 +36.1078951     5.95 0.0006426175 -10.1229 -10.5212   0.0467      16161.6      695.035     1422.043    0.156   0
        12     77.730    237.877 200.8824014 +36.1020610    17.16  0.001851755 -12.6016 -11.6325   0.0170     44979.02     705.2862     1352.959    0.244   2
        13     72.766    251.037 200.8830478 +36.1006334    28.60  0.003086907 -13.3296 -11.7103   0.0159     48319.99     706.4314     1318.264    0.640  18
        14    306.387    259.204 200.8516939 +36.1003875     4.76   0.00051424 -12.7422 -12.8022   0.0060     132098.9     735.2452     1485.876    0.061   0
        15     74.674    274.801 200.8827564 +36.0980851    10.58   0.00114205 -11.8005 -11.6067   0.0174     43922.87     704.7974     1332.374    0.258   0
        16     73.783    294.298 200.8828469 +36.0959877     6.61 0.0007139649 -10.8252 -11.5332   0.0186     41046.64     703.9482     1325.215    0.493   0
        17     73.715    318.346 200.8828203 +36.0934036     5.79 0.0006250209 -10.5132 -11.5060   0.0191     40029.94     703.5679     1324.063    0.790   0
        18     77.015    328.497 200.8823625 +36.0923218     4.47 0.0004827056 -10.0381 -11.4953   0.0193     39637.48     703.3903     1344.835    0.313   2
        19     76.637    373.125 200.8823467 +36.0875254    11.36  0.001226293 -11.7742 -11.5652   0.0181     42275.76     704.3082     1341.323    0.568   0
        20     75.333    341.444 200.8825688 +36.0909260     4.97 0.0005367674 -10.3096 -11.5175   0.0189      40458.4     703.6247     1330.065    0.380   0
        21     79.545    393.213 200.8819267 +36.0853748    10.60  0.001144378 -11.7125 -11.5191   0.0189     40515.43     703.6831     1360.273    0.242   2
        22     74.898    520.584 200.8823605 +36.0716761     6.43 0.0006938374 -12.9016 -12.1958   0.0103     75565.23     716.0834     1312.611    0.400   0
        23    686.876    423.181 200.8004220 +36.0837789     4.77 0.0005144459  -9.9984 -10.1251   0.0671     11221.69     693.2365     1412.743    0.042   0
        24     77.696    441.101 200.8821035 +36.0802242     5.37 0.0005793863 -10.4039 -11.5382   0.0185     41234.78     704.1867     1340.451    0.520   0
        25     78.576    427.984 200.8820050 +36.0816360     3.92 0.0004233003  -9.7809 -11.4838   0.0195     39222.59     702.9943     1349.019    0.748   0
        26   1022.104    440.015 200.7554350 +36.0828428     4.83 0.0005213608 -10.3122 -10.0600   0.0638     10568.39     620.9072      1228.03    0.055  16
        27    328.005    436.991 200.8485372 +36.0813419     4.74 0.0005110988  -8.7828  -9.3052   0.1423     5273.085     690.8351       1477.6    0.029   0
        28     76.647    453.712 200.8822254 +36.0788663     5.20 0.0005614719 -10.4610 -11.5189   0.0189     40509.27     703.7191     1331.874    0.738   0
        29     78.678    465.068 200.8819362 +36.0776516     6.58 0.0007107285 -10.7487 -11.4791   0.0196     39052.14     703.1822     1344.952    0.559   0
        30     77.045    478.920 200.8821345 +36.0761588    13.15  0.001418959 -11.8783 -11.5549   0.0183     41876.17     704.2045     1329.108    0.436   0
        31    717.026    488.664 200.7962882 +36.0768217     4.67 0.0005044795 -11.3694 -11.4576   0.0199     38285.15     702.9285     1374.931    0.066   0
        32     82.378    928.712 200.8807509 +36.0278424     6.30 0.0006795278 -10.8905 -11.5475   0.0184     41591.03     704.0651     1211.414    0.425   0
        33    352.984   1006.506 200.8443688 +36.0202135     3.75 0.0004044074  -8.6023  -8.5358   0.2887     2596.112     690.1188     1302.565    0.380   0
        34    652.987    973.358 200.8042075 +36.0245720     4.59 0.0004957678 -10.6972 -10.8090   0.0359     21066.71     696.6235     1187.222    0.059   0
        35     84.900    817.999 200.8805773 +36.0397455     7.01 0.0007561664 -10.9678 -11.5572   0.0182     41966.15     704.0266     1296.918    0.458   0
        36     80.693    798.492 200.8811702 +36.0418302    13.80  0.001489223 -12.0772 -11.5968   0.0176     43524.75     704.8467     1279.115    0.364   0
        37    594.080    857.498 200.8122640 +36.0368659     4.49 0.0004849334 -10.2705 -10.2980   0.0573     13158.06     693.8763     1283.962    0.051   0
        38     77.677    734.997 200.8816689 +36.0486446    15.41  0.001663546 -12.7762 -11.6541   0.0167     45880.24     705.4722     1286.865    0.681   2
        39     77.838    619.539 200.8818190 +36.0610512     7.18 0.0007745592 -11.1487 -11.5595   0.0182     42051.63     704.2668     1324.666    0.401   2
        40    182.797    797.401 200.8674840 +36.0422242     3.45 0.0003728266  -8.7050  -9.6249   0.1061     7078.918     691.4495     1418.991    0.406   0
        41     79.192    684.677 200.8815407 +36.0540557    27.64  0.002983306 -13.3637 -11.7254   0.0157     48996.05     706.6136     1313.102    0.404   2
        42     78.891    648.159 200.8816352 +36.0579788    14.78  0.001595602 -12.2633 -11.6415   0.0169      45352.8     705.3615     1324.425    0.448   2
        43     85.847    842.074 200.8804145 +36.0371613     6.73  0.000726752 -10.8652 -11.4796   0.0195      39070.8     703.1506     1291.937    0.457   0
        44     77.833    596.929 200.8818534 +36.0634806     7.15 0.0007722802 -11.0283 -11.5275   0.0187     40832.16     703.7957     1328.668    0.215   2
        45    633.634    877.561 200.8069340 +36.0348145     6.22 0.0006716197  -9.0445  -8.5345   0.2890     2592.871     690.0982     1251.199    0.106   0
        46     82.935    568.143 200.8812120 +36.0665876     9.52  0.001027718 -11.3886 -11.3644   0.0217     35137.81     701.7317     1367.774    0.277   0
        47     82.726    823.390 200.8808607 +36.0391604     7.78 0.0008392662 -10.9615 -11.5600   0.0182     42074.27     704.1795     1280.907    0.786   2
        48     78.326    855.769 200.8814024 +36.0356693     7.47 0.0008064242 -11.1119 -11.5178   0.0189     40467.55      703.647     1231.743    0.291   0
        49     84.096    888.679 200.8805800 +36.0321488    11.94  0.001288688 -12.1420 -11.6433   0.0169     45426.94     705.4069     1251.031    0.407   0
        50     81.608    960.792 200.8808064 +36.0243934     2.85 0.0003080532  -9.5625 -11.4172   0.0207     36889.05     702.0683     1201.498    0.415   0
        51     84.557    945.059 200.8804346 +36.0260919     8.32 0.0008976968 -11.2128 -11.5303   0.0187     40936.22     703.8326     1225.068    0.449   0
