#   1 NUMBER                 Running object number                                     
#   2 X_IMAGE                Object position along x                                    [pixel]
#   3 Y_IMAGE                Object position along y                                    [pixel]
#   4 ALPHA_J2000            Right ascension of barycenter (J2000)                      [deg]
#   5 DELTA_J2000            Declination of barycenter (J2000)                          [deg]
#   6 FWHM_IMAGE             FWHM assuming a gaussian core                              [pixel]
#   7 FWHM_WORLD             FWHM assuming a gaussian core                              [deg]
#   8 MAG_BEST               Best of MAG_AUTO and MAG_ISOCOR                            [mag]
#   9 MAG_APER               Fixed aperture magnitude vector                            [mag]
#  10 MAGERR_APER            RMS error vector for fixed aperture mag.                   [mag]
#  11 FLUX_APER              Flux vector within fixed circular aperture(s)              [count]
#  12 FLUXERR_APER           RMS error vector for aperture flux(es)                     [count]
#  13 BACKGROUND             Background at centroid position                            [count]
#  14 ELLIPTICITY            1 - B_IMAGE/A_IMAGE                                       
#  15 FLAGS                  Extraction flags                                          
         1     10.395     81.025 237.9941994 +32.9333828    64.04  0.006873257 -13.4976 -12.6782   0.0066     117840.3     720.2535     410.9301    0.606  24
         2    143.060     86.609 237.9771616 +32.9331282    54.17  0.005813815 -13.0874 -11.8078   0.0152     52859.77     738.3328     1269.257    0.823  18
         3    191.756     30.479 237.9710118 +32.9392531    33.47  0.003591948 -12.3985 -11.8835   0.0142     56677.41     739.7434     756.5527    0.242  17
         4    135.887     10.985 237.9782181 +32.9411934    86.62  0.009296676 -14.7170 -13.4803   0.0034     246669.9     770.1696     281.8888    0.745  24
         5    913.862     87.144 237.8782248 +32.9350142     7.32  0.000785473 -11.7796 -11.5997   0.0183      43641.4     735.2448      1305.28    0.089   0
         6    419.822     90.022 237.9416324 +32.9334701     7.78 0.0008355086 -11.4214 -11.4330   0.0213     37428.81      732.929     1454.681    0.077   0
         7     63.179    109.947 237.9873722 +32.9304277    20.30  0.002178384  -8.7500  99.0000  99.0000       -14410      720.314      908.613    0.492   2
         8     73.012    256.454 237.9858454 +32.9147926    41.94  0.004501751 -13.7656 -11.8585   0.0145     55384.48     739.2468     1369.721    0.642   2
         9    985.608    193.262 237.8688390 +32.9238477     7.56 0.0008109825 -14.7823 -14.7761   0.0013     813677.9      962.098     1369.776    0.064   0
        10    550.720    137.846 237.9247483 +32.9286887     7.25 0.0007780973 -10.7400 -10.5500   0.0475     16596.36     726.0715     1509.809    0.028   0
        11    179.629    254.415 237.9721675 +32.9152849     7.40 0.0007945561 -11.9608 -11.9764   0.0130     61738.33     741.1548     1549.652    0.020   0
        12    247.998    268.001 237.9633698 +32.9140078     4.12 0.0004423441  -9.2149  -9.9597   0.0815     9635.345     723.3461     1549.045    0.427   0
        13    566.085    408.579 237.9223080 +32.8997879     7.94 0.0008523196 -17.1015 -17.0807   0.0003      6796320     1979.144     1519.167    0.020   4
        14     76.876    393.321 237.9851025 +32.9001725    21.78  0.002338074 -13.1014 -11.7260   0.0163     49022.78     737.2316     1389.142    0.369   0
        15    780.210    339.318 237.8949520 +32.9077270     7.25 0.0007778316 -12.1608 -12.1835   0.0108     74716.71     745.7166     1448.004    0.028   0
        16     77.782    358.309 237.9850495 +32.9039174    20.71  0.002222783 -13.0613 -11.6583   0.0174     46061.16     736.1269     1402.731    0.773  18
        17     78.217    676.379 237.9844197 +32.8699192    43.02  0.004617307 -14.1653 -11.8514   0.0146      55022.8     738.9059     1352.328    0.651   2
        18     76.773    340.826 237.9852106 +32.9057835     6.45 0.0006920113 -10.7996 -11.5773   0.0187     42749.63     734.9015     1396.658    0.475   0
        19    152.989    373.066 237.9753733 +32.9025336     7.05 0.0007561833 -12.7678 -12.8064   0.0063     132601.2     764.9337     1548.889    0.010   0
        20    203.541    397.770 237.9688429 +32.9000226     7.49 0.0008035057 -11.9388 -11.9237   0.0137     58814.25     740.5445     1545.783    0.026   0
        21     77.348    442.330 237.9849535 +32.8949350     9.70  0.001040682 -11.6634 -11.6400   0.0176     45290.12     735.7852     1383.333    0.661   2
        22     76.875    451.891 237.9849969 +32.8939119     9.73  0.001044119 -11.6820 -11.5964   0.0184     43506.95     735.2988     1382.655    0.111   2
        23     77.266    482.602 237.9848914 +32.8906301    10.17  0.001091565 -11.8692 -11.6087   0.0181     44004.45     735.3282     1380.534    0.519   0
        24     77.535    549.980 237.9847353 +32.8834285    26.75   0.00287088 -13.2416 -11.7465   0.0160     49957.71     737.4291     1382.819    0.422   2
        25    369.780    455.862 237.9474115 +32.8942373     8.52 0.0009144663  -9.9594 -10.0797   0.0731     10761.97     724.0598     1531.914    0.209   0
        26     76.908    464.127 237.9849707 +32.8926040     8.99 0.0009649387 -11.3160 -11.5890   0.0185     43210.56     735.1581      1381.84    0.561   0
        27    960.592    500.078 237.8715377 +32.8909893     7.42 0.0007964947 -12.6154 -12.6389   0.0072     113642.7     758.6348     1278.281    0.081   0
        28    748.131    648.764 237.8985420 +32.8745693     5.94 0.0006376148  -9.5479  -9.7785   0.0963     8154.467     723.0777     1340.097    0.259   0
        29    650.022   1004.865 237.9105158 +32.8362595     7.26 0.0007793064 -12.4755 -12.5028   0.0082       100260     754.2896     1204.672    0.087   0
        30     84.826    991.555 237.9830041 +32.8362464    10.15  0.001089864 -11.3979 -11.3170   0.0236     33636.34     731.8349      1240.51    0.266   0
        31    585.536    950.166 237.9188781 +32.8419447     6.90 0.0007401443  -9.9006  -9.9594   0.0816     9632.759     723.6698     1271.208    0.157   0
        32     79.817    815.079 237.9839644 +32.8550974    35.38  0.003797474 -13.9769 -11.7756   0.0156     51312.84     737.8685     1300.997    0.606   2
        33    776.075    833.844 237.8946440 +32.8548550     8.10 0.0008695789 -10.8325 -10.8727   0.0354      22340.2     728.0062     1220.747    0.086   0
        34    685.649    692.826 237.9064812 +32.8697035     7.32 0.0007852842 -11.3892 -11.4083   0.0218     36584.81     732.8615     1358.007    0.024   0
        35    151.813    811.427 237.9747383 +32.8556731     6.98 0.0007489268 -11.7740 -11.7990   0.0153     52433.45     738.0095     1455.924    0.028   0
        36    311.293    578.909 237.9546976 +32.8809356     4.41 0.0004728312  -9.4257  -9.7304   0.1007     7801.308     723.0977     1523.811    0.322   0
        37    436.795    617.314 237.9385314 +32.8771492     7.07 0.0007583844 -12.5864 -12.6085   0.0074     110506.6     757.6393     1502.285    0.035   0
        38    751.204    945.400 237.8976439 +32.8428686     7.41  0.000795466 -12.6253 -12.6574   0.0071     115598.9     759.1245      1170.64    0.105   0
        39    703.198    925.850 237.9038327 +32.8448386     1.07 0.0001148315  -7.5833  99.0000  99.0000    -557.6458     720.0694       1215.9    0.213   0
        40    719.925    880.832 237.9017646 +32.8496925     7.39 0.0007932542 -11.8548 -11.8816   0.0142     56577.22     739.6699     1231.985    0.063   0
        41     84.569    899.719 237.9832025 +32.8460623    24.74  0.002655475 -13.4127 -11.7413   0.0161     49718.14     737.3479     1285.463    0.587   2
        42     79.847    751.210 237.9840758 +32.8619246    30.71  0.003295722 -13.6696 -11.7297   0.0163     49188.56     737.1086     1335.084    0.759   2
        43     83.603    951.698 237.9832328 +32.8405036    17.56  0.001884138 -12.4541 -11.6549   0.0174     45915.64      735.878     1249.778    0.161   2
