#   1 NUMBER                 Running object number                                     
#   2 X_IMAGE                Object position along x                                    [pixel]
#   3 Y_IMAGE                Object position along y                                    [pixel]
#   4 ALPHA_J2000            Right ascension of barycenter (J2000)                      [deg]
#   5 DELTA_J2000            Declination of barycenter (J2000)                          [deg]
#   6 FWHM_IMAGE             FWHM assuming a gaussian core                              [pixel]
#   7 FWHM_WORLD             FWHM assuming a gaussian core                              [deg]
#   8 MAG_BEST               Best of MAG_AUTO and MAG_ISOCOR                            [mag]
#   9 MAG_APER               Fixed aperture magnitude vector                            [mag]
#  10 MAGERR_APER            RMS error vector for fixed aperture mag.                   [mag]
#  11 FLUX_APER              Flux vector within fixed circular aperture(s)              [count]
#  12 FLUXERR_APER           RMS error vector for aperture flux(es)                     [count]
#  13 BACKGROUND             Background at centroid position                            [count]
#  14 ELLIPTICITY            1 - B_IMAGE/A_IMAGE                                       
#  15 FLAGS                  Extraction flags                                          
         1    853.484     89.371 200.9152627 +36.1173520   112.95   0.01219168 -14.8682 -12.7081   0.0050     121128.1     558.9333     817.5121    0.473  19
         2    818.160     46.970 200.9200679 +36.1218106    78.25   0.00844592 -13.7260 -12.2432   0.0074     78935.55     539.7448      659.863    0.755  19
         3    821.951      9.829 200.9196163 +36.1258118    82.64  0.008919576 -13.7593 -12.5761   0.0053     107258.1     521.9285     428.6547    0.777  24
         4    677.318    200.274 200.9387275 +36.1049474     4.70 0.0005076879 -15.4831 -15.5095   0.0007      1598771     1025.336     1040.158    0.043   4
         5    764.558    197.940 200.9270268 +36.1054404     4.72 0.0005097889 -15.0115 -15.0423   0.0009      1039763     878.4864     1040.471    0.032   0
         6    117.427    209.037 201.0138274 +36.1024243     4.62 0.0004986343 -13.2172 -13.2668   0.0032     202629.5     594.2583     967.2675    0.018   0
         7    540.510    206.491 200.9570719 +36.1038973     5.23 0.0005647024  -8.6546  -9.0288   0.1339     4088.002      503.928     1032.033    0.054   0
         8    350.379    219.688 200.9825582 +36.1019436     4.31 0.0004650066  -8.9963  -9.0253   0.1343     4074.962     503.8791     1016.664    0.450   0
         9    329.377    270.811 200.9852924 +36.0963909     6.58 0.0007098647  -8.6831  -8.6969   0.1814     3011.418     503.1387     1013.193    0.053   0
        10    618.620    331.526 200.9463956 +36.0906807     4.81 0.0005194825 -10.8895 -11.0173   0.0219     25522.09     514.4239     1031.154    0.063   0
        11    258.371    378.398 200.9946408 +36.0846291     6.49 0.0007007346  -9.4355  -9.5959   0.0796     6892.093     505.0915     997.0393    0.282   0
        12    194.033    440.196 201.0031680 +36.0778055     5.10  0.000550958  -8.9366  -8.5392   0.2097     2604.218     502.9647     978.5098    0.209   0
        13     22.540    489.474 201.0260842 +36.0720188     6.41 0.0006920244  -8.9806  -9.1050   0.1248     4385.422     504.0614     919.0054    0.181   0
        14    136.438    530.202 201.0107424 +36.0679697     4.52 0.0004881853 -12.9580 -13.0061   0.0039     159386.9      575.643     951.7736    0.026   0
        15    882.695    852.640 200.9101773 +36.0354185     6.25 0.0006746866 -10.3480 -11.1542   0.0194     28952.68      516.047     906.1796    0.487   2
        16    887.097    945.696 200.9094455 +36.0254316     5.90 0.0006370223 -10.2628 -11.1441   0.0195     28685.06     516.1107     869.2236    0.605   0
        17    883.268    877.425 200.9100627 +36.0327568    11.27  0.001216559 -11.5141 -11.1885   0.0188     29880.24     516.6065     898.9361    0.461   0
        18    427.315    876.939 200.9711784 +36.0315394     1.46 0.0001577659  -8.0845  -7.2588   0.6812     800.8167     502.3229     912.2703    0.124   0
        19    883.479    846.652 200.9100814 +36.0360640     3.93 0.0004243655  -9.3946 -11.1331   0.0197     28393.87     515.8453     907.8638    0.488   0
        20    883.674    815.307 200.9101031 +36.0394326     8.15 0.0008801218 -10.9774 -11.1615   0.0192     29147.87     516.1691     914.4297    0.448   0
        21    885.585    781.598 200.9098983 +36.0430599     3.47 0.0003740563  -9.1069 -11.0950   0.0204     27416.69     515.1087     918.0337    0.708   0
        22     43.670    773.843 201.0227729 +36.0415244     4.81 0.0005190081  -8.4439  -7.2871   0.6636     821.9503     502.2483     862.8356    0.283   0
        23    880.745    772.939 200.9105603 +36.0439770     6.58 0.0007100361 -10.3793 -11.1178   0.0200     27997.05     515.5838     932.8587    0.403   0
        24    885.990    746.020 200.9098982 +36.0468839     3.71  0.000400454  -9.1237 -11.0068   0.0221      25275.9     514.0687     926.7346    0.613   0
        25    884.221    732.612 200.9101560 +36.0483198     3.44 0.0003712256  -9.1576 -11.0437   0.0214     26151.19      514.508     935.1151    0.406   0
        26    529.061    725.298 200.9577820 +36.0481192     4.74 0.0005120478  -9.6211  -9.8360   0.0639     8598.191     506.1465     980.8203    0.101   0
        27    218.565    720.311 200.9994162 +36.0477772     4.79 0.0005172964 -10.2276 -10.2264   0.0448     12318.81     507.9107     930.8324    0.045   0
        28    881.788    784.591 200.9104028 +36.0427279     3.44 0.0003715529  -9.2597 -11.1288   0.0198     28282.23     515.5701     927.2827    0.420   0
        29    883.508    758.479 200.9102121 +36.0455384     4.45 0.0004805521  -9.8163 -11.1035   0.0203     27631.04     515.4616     928.9853    0.557   0
        30    535.586    704.430 200.9569405 +36.0503798     7.13 0.0007701332 -10.1699 -10.1997   0.0459     12019.87     507.6232     988.4028    0.166   0
        31    763.744    596.363 200.9265187 +36.0626273     4.52  0.000488404 -10.2849 -10.3603   0.0397     13934.93     508.7756      1022.65    0.080   0
        32    883.236    954.993 200.9099487 +36.0244221    10.77  0.001162799 -11.5512 -11.2642   0.0175     32038.58     517.4296     875.4676    0.704   2
        33    701.765    562.739 200.9348820 +36.0660683     5.97  0.000644156  -8.7773  -9.1908   0.1154     4745.761     504.2401     1022.218    0.278   0
        34    483.830    671.426 200.9639320 +36.0537808     4.68  0.000505059 -10.2172 -10.2249   0.0448     12301.51     507.8741     992.1632    0.166   0
        35    883.984    977.992 200.9098134 +36.0219529     3.69 0.0003982247  -9.3081 -11.1827   0.0189     29721.52     516.2675     867.3926    0.011   0
        36    889.482    899.269 200.9091966 +36.0304269    11.81  0.001275118 -11.9861 -11.2831   0.0173      32601.2      517.894     878.5507    0.080   0
