#   1 NUMBER                 Running object number                                     
#   2 X_IMAGE                Object position along x                                    [pixel]
#   3 Y_IMAGE                Object position along y                                    [pixel]
#   4 ALPHA_J2000            Right ascension of barycenter (J2000)                      [deg]
#   5 DELTA_J2000            Declination of barycenter (J2000)                          [deg]
#   6 FWHM_IMAGE             FWHM assuming a gaussian core                              [pixel]
#   7 FWHM_WORLD             FWHM assuming a gaussian core                              [deg]
#   8 MAG_BEST               Best of MAG_AUTO and MAG_ISOCOR                            [mag]
#   9 MAG_APER               Fixed aperture magnitude vector                            [mag]
#  10 MAGERR_APER            RMS error vector for fixed aperture mag.                   [mag]
#  11 FLUX_APER              Flux vector within fixed circular aperture(s)              [count]
#  12 FLUXERR_APER           RMS error vector for aperture flux(es)                     [count]
#  13 BACKGROUND             Background at centroid position                            [count]
#  14 ELLIPTICITY            1 - B_IMAGE/A_IMAGE                                       
#  15 FLAGS                  Extraction flags                                          
         1     76.199    268.318 200.8831540 +36.0995021    75.98  0.008225953 -14.8549 -12.3292   0.0134     85442.11     1058.109     2074.798    0.872   2
         2     77.461    454.202 200.8827590 +36.0795165    58.12  0.006291979 -14.5547 -12.2606   0.0143     80214.45     1056.815     2059.198    0.831  18
         3     11.062     80.276 200.8921682 +36.1195582    67.55   0.00731262 -14.0660 -13.3093   0.0054     210720.6     1040.822     311.3815    0.589  24
         4    149.891     80.564 200.8734407 +36.1198773    60.98  0.006601884 -13.7958 -12.3091   0.0137     83880.01     1057.826     1775.254    0.814  18
         5    192.771     31.031 200.8677153 +36.1253114    31.84  0.003446512 -12.8919 -12.4184   0.0124     92762.39     1059.837     953.6249    0.232  19
         6    135.574     11.165 200.8754552 +36.1273041    88.59  0.009591015 -15.3417 -14.1304   0.0027     448923.8     1097.879     55.15136    0.746  24
         7    292.258     34.691 200.8542898 +36.1251663     4.62 0.0005000003  -8.7130  99.0000  99.0000    -92858.22     1037.989      1462.42    0.205   0
         8     66.500    111.464 200.8846522 +36.1163446    29.06  0.003146037  99.0000  -9.6476   0.1562      7228.21     1039.729     1258.925    0.531   2
         9    379.273     90.056 200.8424872 +36.1194288     5.36 0.0005799999 -11.1935 -11.0511   0.0431     26329.33     1044.136     2210.658    0.021   0
        10     87.989    120.498 200.8817426 +36.1154274    26.74   0.00289469 -12.4081 -12.0638   0.0171     66916.97     1053.867     1681.058    0.655   2
        11    310.460    264.922 200.8515655 +36.1004540     5.31 0.0005750919 -12.5410 -12.5926   0.0106     108900.1     1063.837     2361.038    0.096   0
        12    690.724    428.426 200.8001025 +36.0838067     5.34  0.000578224  -9.8748  -9.9533   0.1179     9579.293     1040.235      2210.56    0.228   0
        13   1025.267    445.377 200.7549763 +36.0827882     5.39 0.0005834203  -9.8116  -8.7631   0.2901     3200.694     854.9824     1852.353    0.035  16
        14     83.042    886.740 200.8814842 +36.0330185    82.63  0.008945733 -14.9530 -12.3247   0.0135     85089.74      1058.17     1877.144    0.901  19
        15     79.344    677.098 200.8822358 +36.0555525   106.75    0.0115571 -15.5708 -12.4398   0.0122     94604.23     1060.386     2017.511    0.929  19
        16     78.436    526.980 200.8825396 +36.0716929     9.34  0.001010655 -12.9024 -12.5448   0.0111     104208.7     1062.505     2062.118    0.517   3
        17    720.634    493.950 200.7959980 +36.0768333     5.30 0.0005741793 -11.1941 -11.2808   0.0349     32532.02     1045.737     2134.033    0.127   0
        18    197.009    951.985 200.8660502 +36.0262888     1.19  0.000129159  -7.8559  -7.8242   0.8361     1347.909     1037.785     2046.231    0.075   0
        19    656.518    978.711 200.8041083 +36.0245493     5.63 0.0006097529 -10.5442 -10.6697   0.0611     18530.54     1042.238     1747.537    0.153   0
        20    597.590    862.745 200.8121768 +36.0368758     5.44 0.0005890841 -10.3142 -10.5743   0.0667     16972.09     1041.923     1937.047    0.129   0
