#   1 NUMBER                 Running object number                                     
#   2 X_IMAGE                Object position along x                                    [pixel]
#   3 Y_IMAGE                Object position along y                                    [pixel]
#   4 ALPHA_J2000            Right ascension of barycenter (J2000)                      [deg]
#   5 DELTA_J2000            Declination of barycenter (J2000)                          [deg]
#   6 FWHM_IMAGE             FWHM assuming a gaussian core                              [pixel]
#   7 FWHM_WORLD             FWHM assuming a gaussian core                              [deg]
#   8 MAG_BEST               Best of MAG_AUTO and MAG_ISOCOR                            [mag]
#   9 MAG_APER               Fixed aperture magnitude vector                            [mag]
#  10 MAGERR_APER            RMS error vector for fixed aperture mag.                   [mag]
#  11 FLUX_APER              Flux vector within fixed circular aperture(s)              [count]
#  12 FLUXERR_APER           RMS error vector for aperture flux(es)                     [count]
#  13 BACKGROUND             Background at centroid position                            [count]
#  14 ELLIPTICITY            1 - B_IMAGE/A_IMAGE                                       
#  15 FLAGS                  Extraction flags                                          
         1     11.395     79.946 237.9944357 +32.9341055    68.89  0.007393717 -14.5112 -13.7894   0.0046     327919.9     1396.471     199.6816    0.583  24
         2    150.916     79.097 237.9764993 +32.9345523    65.70  0.007051446 -14.5027 -12.7055   0.0127     120841.6     1416.912     2391.865    0.812  19
         3    192.481     31.113 237.9712313 +32.9397783    30.54  0.003277569 -13.3209 -12.8793   0.0109     141819.6     1420.375     1168.847    0.262  19
         4    135.343     11.232 237.9786094 +32.9417545    89.58  0.009613864 -15.8039 -14.5969   0.0023     689870.9     1456.885    -185.3084    0.748  24
         5     66.007    110.236 237.9873659 +32.9310130    26.94  0.002891647  99.0000  99.0000  99.0000    -18950.37     1394.914     1620.254    0.488   2
         6     85.722    121.330 237.9848137 +32.9298796    35.50   0.00380945 -13.2726 -12.5185   0.0151     101719.3     1413.534     2289.416    0.719   3
         7    916.493     93.342 237.8780482 +32.9349412     5.92 0.0006356689 -11.7697 -11.1793   0.0513     29629.99     1400.686     2795.595    0.151   0
         8    422.782     96.147 237.9415196 +32.9334197     6.12 0.0006566079 -11.5316 -11.4516   0.0400     38076.75     1402.036     3235.942    0.085   0
         9     78.194    163.440 237.9857141 +32.9253668    23.79  0.002553419 -13.1781 -12.4220   0.0165     93067.14     1411.534     2911.931    0.189   0
        10    553.681    144.240 237.9246169 +32.9286148     5.30 0.0005687858 -10.4710  99.0000  99.0000    -4084.527      1395.23     3264.597    0.061   0
        11    988.107    199.585 237.8686857 +32.9237786     6.10 0.0006551288 -14.6559 -14.6919   0.0022     752956.5     1524.295     2838.343    0.087   0
        12    182.744    260.690 237.9721198 +32.9152556     6.14 0.0006584661 -11.9156 -12.0277   0.0236     64728.89     1406.898     3361.638    0.026   0
        13    568.683    415.003 237.9222760 +32.8997592     7.01 0.0007520508 -16.9243 -16.9324   0.0004      5928728     2215.985     3269.403    0.026   4
        14    782.687    345.701 237.8948757 +32.9076840     6.02 0.0006460703 -12.1124 -12.1681   0.0208     73661.83     1408.602     3052.375    0.075   0
        15    155.961    379.374 237.9753742 +32.9025229     5.87 0.0006304833 -12.6563 -12.6738   0.0131     117363.5     1416.026     3356.314    0.028   0
        16     66.456    371.248 237.9868905 +32.9031619     5.25 0.0005632549  -9.5308 -11.9513   0.0253     60326.53     1406.037     2677.676    0.689   1
        17    206.591    404.302 237.9688279 +32.8999914     6.34 0.0006805029 -12.0641 -12.1216   0.0217     70573.91     1407.741     3347.234    0.062   0
        18     77.459    368.626 237.9854805 +32.9034698    74.92  0.008040917 -14.9656  99.0000  99.0000            0            0     2914.794    0.821  51
        19     75.593    261.825 237.9858911 +32.9148617    77.42  0.008309075  99.0000  99.0000  99.0000            0            0     2910.091    0.796  50
        20     79.862    712.141 237.9846229 +32.8668199   137.34   0.01473907 -16.1902 -12.8288   0.0114     135366.5       1419.2      2806.09    0.940  50
        21    963.176    506.469 237.8714424 +32.8909702     6.07 0.0006518465 -12.4953 -12.5204   0.0151     101899.9     1413.604     2574.078    0.089   0
        22    753.775    951.936 237.8976869 +32.8429216     5.85 0.0006279593 -12.4334 -12.3892   0.0170     90294.33     1411.433      2272.45    0.050   0
        23    652.780   1011.634 237.9105683 +32.8363017     5.90 0.0006337065 -12.3025 -12.2620   0.0191      80316.8     1409.392     2372.845    0.038   0
        24     87.522    997.210 237.9831842 +32.8364201    12.61  0.001353316 -12.6843 -12.1826   0.0205     74649.99     1408.503     2546.104    0.334   0
        25    588.562    957.302 237.9188981 +32.8419402     4.35  0.000467163  -9.7450 -10.3993   0.1051     14444.57     1397.737     2559.911    0.444   0
        26    722.577    887.459 237.9017903 +32.8497249     5.98 0.0006415221 -11.7096 -11.7416   0.0307     49732.57     1404.191     2449.568    0.038   0
        27    154.862    817.859 237.9748202 +32.8557299     5.92 0.0006349442 -11.6626 -11.6825   0.0324     47098.87     1403.565      3090.43    0.068   0
        28    778.465    840.451 237.8946817 +32.8548788     6.35 0.0006817059 -10.5750 -10.7787   0.0741     20486.26     1398.699     2419.444    0.053   0
        29    439.517    623.700 237.9385544 +32.8771667     5.95 0.0006388925 -12.4701 -12.5145   0.0151     101346.3     1413.584     3223.771    0.060   0
        30    688.406    699.258 237.9064621 +32.8697234     5.87 0.0006296501 -11.2278 -11.2458   0.0483     31501.57     1400.667     2802.841    0.099   0
