#   1 NUMBER                 Running object number                                     
#   2 X_IMAGE                Object position along x                                    [pixel]
#   3 Y_IMAGE                Object position along y                                    [pixel]
#   4 ALPHA_J2000            Right ascension of barycenter (J2000)                      [deg]
#   5 DELTA_J2000            Declination of barycenter (J2000)                          [deg]
#   6 FWHM_IMAGE             FWHM assuming a gaussian core                              [pixel]
#   7 FWHM_WORLD             FWHM assuming a gaussian core                              [deg]
#   8 MAG_BEST               Best of MAG_AUTO and MAG_ISOCOR                            [mag]
#   9 MAG_APER               Fixed aperture magnitude vector                            [mag]
#  10 MAGERR_APER            RMS error vector for fixed aperture mag.                   [mag]
#  11 FLUX_APER              Flux vector within fixed circular aperture(s)              [count]
#  12 FLUXERR_APER           RMS error vector for aperture flux(es)                     [count]
#  13 BACKGROUND             Background at centroid position                            [count]
#  14 ELLIPTICITY            1 - B_IMAGE/A_IMAGE                                       
#  15 FLAGS                  Extraction flags                                          
         1    262.467    241.818 327.7593918 +28.8318509    51.48  0.005569889 -16.0768 -15.3049   0.0007      1324270     903.4949     753.0051    0.904   4
         2    866.942     66.150 327.6849309 +28.8522635    32.58  0.003525302 -11.4758  -9.9055   0.0472     9166.263     398.3701     666.5273    0.924  19
         3    961.339    161.892 327.6730355 +28.8421585    46.15  0.004992819 -12.6360 -11.3235   0.0133     33837.94     413.6371     713.6851    0.944  19
         4    920.084    120.795 327.6782324 +28.8464944    34.05  0.003684043 -12.1165 -11.3746   0.0127     35467.65     414.5578     714.2529    0.896   3
         5    526.480    139.167 327.7269307 +28.8435685    44.71  0.004837025 -12.1632  -9.6270   0.0608      7092.64     397.0996     745.4254    0.972  19
         6      5.607     83.967 327.7915517 +28.8482479    34.41  0.003722779 -11.7777 -10.9417   0.0159     23805.71     348.8215     492.5987    0.716  24
         7    138.127      8.339 327.7753125 +28.8567346    66.38   0.00718243 -12.9535 -11.6678   0.0090     46463.98     386.2104     472.7034    0.775  24
         8    459.010     22.884 327.7355425 +28.8559503     5.20 0.0005625255 -10.0196  -9.5558   0.0649     6642.438     396.7721     609.8569    0.280   0
         9    822.282     19.550 327.6905623 +28.8571846     7.13 0.0007714144  -8.3995  -7.3866   0.4741     900.8279     393.2376     586.1147    0.691   3
        10    827.243     26.630 327.6899326 +28.8564325     9.06 0.0009803759  -8.9206  -8.6576   0.1475     2904.224     394.4207     598.4266    0.665   3
        11    864.657     28.536 327.6852952 +28.8563162     5.97 0.0006456242 -10.0223  -9.8011   0.0519     8326.043     397.8535     600.0288    0.341   0
        12    716.406    133.977 327.7034245 +28.8445860     4.78 0.0005169002 -15.7230 -15.7076   0.0006      1918839     1055.188     737.3109    0.183   7
        13    890.514     90.743 327.6819588 +28.8496663    20.25  0.002191161 -10.9990 -10.9510   0.0184     24010.82     407.6223     707.0339    0.804   3
        14    292.069     46.004 327.7561643 +28.8530491     5.18 0.0005608857 -10.3146  -9.1307   0.0956     4490.419     395.4249     660.2731    0.151   0
        15    272.928     63.082 327.7584965 +28.8511598     5.41 0.0005852616 -10.4785  -9.6039   0.0621      6942.91     397.0603      689.233    0.102   0
        16    972.713     64.024 327.6718372 +28.8527441     6.30 0.0006813543  -9.3851  99.0000  99.0000      -1157.6     392.6089     647.2645    0.244   0
        17    732.335     77.383 327.7015754 +28.8507300     5.41 0.0005858157  -9.6173  99.0000  99.0000    -164.1055     392.6089     696.4574    0.097   0
        18    922.720     95.596 327.6779602 +28.8492193     7.36 0.0007958507 -10.7124 -10.8799   0.0196      22488.1      406.623     709.7704    0.312   3
        19    383.521     94.426 327.7447319 +28.8480484     7.30 0.0007898709 -10.3492 -10.3428   0.0318        13712     401.2236     740.8749    0.268   0
        20    601.807    220.770 327.7174243 +28.8349465     7.71 0.0008336536 -14.1764 -14.1603   0.0015     461428.7     620.2834     747.2501    0.357   2
        21    188.270    107.101 327.7688809 +28.8462030     4.69 0.0005072033 -10.9800 -10.8683   0.0198     22248.88     406.5724      746.544    0.070   0
        22    919.113    100.156 327.6783970 +28.8487188     5.74 0.0006212925  -9.8685 -10.6020   0.0252     17410.48     403.5863     712.6053    0.103   3
        23    204.681     96.650 327.7668723 +28.8473709     5.55 0.0006008496  -8.9798  -8.9585   0.1120     3831.665     395.1075     746.8386    0.067   0
        24    722.449    120.038 327.7027067 +28.8461043     5.05 0.0005467071 -11.7211 -11.8874   0.0082     56877.62     427.3251     736.4092    0.242   3
        25    571.732    112.981 327.7213849 +28.8465030     5.63 0.0006095439  -8.5746  -8.0488   0.2579     1657.786     393.7185     742.0663    0.208   0
        26    660.299    410.083 327.7097683 +28.8146630    69.28  0.007496049 -12.9785 -10.4309   0.0294      14872.2     402.0218     734.1515    0.987  19
        27    427.268    121.433 327.7392548 +28.8452411     3.58 0.0003869475  -8.4012  99.0000  99.0000    -612.9022     392.5978     746.5493    0.196   0
        28     80.449    138.610 327.7821606 +28.8425380     5.52 0.0005976891 -10.0875 -10.3332   0.0321     13591.67     401.1486      685.201    0.011   0
        29    768.448    139.707 327.6969680 +28.8440925     4.33 0.0004680853  -8.0376  -8.1568   0.2335     1831.138     393.7954     732.5224    0.445   0
        30    647.074    141.553 327.7119930 +28.8436021     6.51  0.000703821  -8.4731  -7.1878   0.5691      750.103     393.0752     743.1779    0.025   0
        31    523.902    276.993 327.7269461 +28.8286926     4.69 0.0005077614 -15.9310 -15.9417   0.0005      2380462     1159.444     751.4576    0.176   6
        32    568.671    144.167 327.7216955 +28.8431311     6.00  0.000649084  -8.1246  -7.1522   0.5881     725.9086     393.0931     745.1821    0.221   0
        33    264.822    156.221 327.7592918 +28.8410915     4.73  0.000511685 -10.7700 -10.8155   0.0208     21193.38     405.7509     751.3568    0.074   0
        34   1022.335    226.479 327.6653445 +28.8353346    30.91  0.003343961 -11.6886 -11.3382   0.0118     34298.65     373.1581     708.4396    0.809  27
        35    401.758    164.298 327.7423184 +28.8405545     4.66 0.0005041516 -11.4491 -11.4937   0.0114     39581.23     417.0416     749.3946    0.067   0
        36   1014.994    151.002 327.6664150 +28.8434603     4.12 0.0004456424  -7.5865  -7.1027   0.6143      693.541     392.3062     708.1202    0.426  16
        37    768.186    183.343 327.6969056 +28.8393841    14.39  0.001556793 -10.4473 -10.1611   0.0374     11599.09     399.9376      733.744    0.706   0
        38    488.932    164.737 327.7315235 +28.8407189     6.31 0.0006822999  -9.0735  -9.4860   0.0691     6228.913     396.5775     749.1168    0.321   0
        39    789.589    201.815 327.6942154 +28.8374424    15.66  0.001694112 -10.4109 -10.1230   0.0387     11199.59      399.535     732.4072    0.727   2
        40    600.381    176.517 327.7176980 +28.8397174     5.76 0.0006234631  -8.8283  -9.1665   0.0926      4640.83     395.5751      746.996    0.234   0
        41    580.651    176.765 327.7201405 +28.8396431     6.40  0.000692254  -8.5433  -9.2648   0.0846     5080.657     395.8529     747.2559    0.108   0
        42    463.601    285.629 327.7343926 +28.8276148     4.48 0.0004845147 -15.3382 -15.3201   0.0007      1342928     908.5612     751.6409    0.235   7
        43    746.002    182.073 327.6996552 +28.8394680     5.40 0.0005837848  -9.2830  -9.9739   0.0444     9762.556     398.7223     735.0809    0.159   0
        44    867.940    185.572 327.6845493 +28.8393817     5.60 0.0006060043  -9.7035  -9.9425   0.0456     9484.344     398.6572     724.6606    0.099   0
        45    684.056    210.141 327.7072640 +28.8362913     7.73 0.0008365854 -12.5277 -12.5596   0.0047     105643.4     454.8941     742.2861    0.401   0
        46    824.331    189.436 327.6899405 +28.8388609     5.56 0.0006018362  -9.7956  -9.9466   0.0455     9520.485     398.6033     729.3381    0.101   0
        47    833.721    246.193 327.6886550 +28.8327599    18.32  0.001982186 -10.2844  -9.8053   0.0517     8357.954     397.8406     726.6552    0.888   3
        48    478.585    274.793 327.7325615 +28.8288202     4.36 0.0004721241 -14.0943 -14.0904   0.0015     432672.8      608.576     751.8514    0.215   3
        49    898.442    231.197 327.6806741 +28.8345320     4.70 0.0005083227 -13.2820 -13.3262   0.0026     214024.3      510.964     720.2474    0.122   0
        50    704.241    203.356 327.7047795 +28.8370717     5.46 0.0005903496  -9.1166  -9.5934   0.0627     6876.228     396.9963     739.6942    0.098   0
        51    807.559    217.994 327.6919553 +28.8357398    11.05   0.00119587  -9.3530  -9.8678   0.0488     8853.793     398.1192     731.0081    0.783   3
        52    762.363    207.375 327.6975744 +28.8367774     6.61 0.0007156325  -9.1240  -9.1060   0.0978      4389.29     395.3609     734.1086    0.055   0
        53    851.775    263.264 327.6863828 +28.8309612    17.30  0.001871868 -10.1942  -9.6297   0.0607     7109.905     397.1215     723.8284    0.883   3
        54    812.851    225.847 327.6912831 +28.8349052    10.75  0.001162663  -9.1558  -9.6955   0.0571     7554.634     397.4013     730.3965    0.701   3
        55    509.930    253.564 327.7287276 +28.8311865     4.45 0.0004810155 -12.8679 -12.9066   0.0036       145428     476.2755     751.0451    0.021   3
        56     79.553    220.847 327.7820855 +28.8336635     6.33 0.0006853941  -9.1100 -10.0310   0.0421     10289.69     399.1401     722.8561    0.381   0
        57     49.307    228.555 327.7858128 +28.8327571     6.98 0.0007548298  -8.4951  -8.7168   0.1397     3067.083     394.5571     677.6419    0.386   0
        58    655.080    250.104 327.7107642 +28.8319101     4.40   0.00047642 -11.7613 -11.8351   0.0085     54205.37     425.7281     743.8615    0.114   2
        59    315.947    250.231 327.7527517 +28.8310742     4.55 0.0004925798 -11.5680 -11.6702   0.0098     46566.38     421.2495     751.9918    0.084   0
        60    111.547    238.934 327.7780835 +28.8317911     5.10 0.0005516214  -9.0999  -8.6527   0.1481     2891.097     394.3682      749.061    0.105   0
        61    667.253    254.162 327.7092483 +28.8315015     4.81 0.0005201462 -10.3072 -10.4363   0.0292     14945.88     402.0567     742.9655    0.137   3
        62    763.527    263.408 327.6973084 +28.8307349     4.49 0.0004855609 -11.7408 -11.8080   0.0087     52866.83     424.9106     731.4575    0.096   0
        63    207.798    266.705 327.7661044 +28.8290320     4.46 0.0004827011 -11.5693 -11.6404   0.0101     45306.47     420.3974     752.5975    0.091   0
        64     26.474    254.624 327.7885807 +28.8298881     5.53 0.0005983039  -8.7303  99.0000  99.0000    -20454.68     392.6201     641.2886    0.060   0
        65    875.606    287.944 327.6833790 +28.8283553    14.13   0.00152889 -10.0594  -9.6633   0.0588     7333.499     397.1854     719.5317    0.875   1
        66    572.602    266.032 327.7209408 +28.8299929     4.45 0.0004813935 -10.4553 -10.6040   0.0251     17441.61     403.4219     748.9976    0.081   0
        67     76.459    263.566 327.7823720 +28.8290470     8.64 0.0009346615 -10.7637 -10.7003   0.0231     19060.44     404.5855     716.8541    0.251   0
        68    556.480    270.287 327.7229274 +28.8294949     6.61 0.0007152008 -10.6856 -11.0456   0.0170     26196.05     408.9496     750.2695    0.296   1
        69     91.355    278.338 327.7804945 +28.8274901     6.16 0.0006666709 -11.4742 -11.5248   0.0111      40731.7     417.7307     740.0156    0.238   0
        70   1007.338    269.614 327.6671090 +28.8306455     6.67 0.0007219198  -9.0274  -9.2904   0.0827     5201.646     395.8853     706.5151    0.244   0
        71    936.512    284.225 327.6758464 +28.8289013     7.89 0.0008539615 -10.7782 -10.8363   0.0204     21604.05      406.122     711.0852    0.385   0
        72     44.157    294.574 327.7863010 +28.8256219     8.59 0.0009296072 -11.8469 -11.8861   0.0082     56811.82     427.2356      666.043    0.422   0
        73    185.159    289.493 327.7688561 +28.8265178     4.47 0.0004834506 -11.6950 -11.7741   0.0090     51245.25      423.976     752.0527    0.087   0
        74   1002.731    277.443 327.6676626 +28.8297899     6.93 0.0007492912  -8.8725  -9.0773   0.1004     4275.025     395.2997     706.3425    0.383   0
        75    213.773    287.731 327.7653175 +28.8267781     5.33 0.0005772189  -8.8494  -9.3699   0.0769     5597.224     396.2011     752.7081    0.197   0
        76    900.734    314.141 327.6802116 +28.8255888    11.70  0.001265578 -10.0989  -9.8845   0.0481     8991.021      398.293     713.2109    0.827   3
        77    575.727    327.055 327.7204198 +28.8234168    16.09  0.001740723 -10.5843 -10.2900   0.0333     13061.99     400.8292     746.8453    0.748   0
        78    259.935    308.322 327.7595565 +28.8246699     4.54 0.0004910599 -10.6143 -10.7140   0.0228     19301.94     404.7239     752.2584    0.073   0
        79    200.474    329.252 327.7668708 +28.8222660     4.41 0.0004775477 -13.1569 -13.2089   0.0028     192105.7     500.1597     751.4404    0.081   0
        80     99.921    305.187 327.7793732 +28.8246147     4.75 0.0005141252  -9.5563  -9.5999   0.0623     6917.848     396.9566      749.499    0.080   0
        81    935.978    308.416 327.6758605 +28.8262901     5.07 0.0005480695  -8.1787  -8.3386   0.1976     2164.952     393.8412     709.2505    0.307   0
        82    939.790    352.997 327.6752927 +28.8214894    16.64  0.001800576 -11.3174  -9.7812   0.0528     8174.604     397.6596     705.3307    0.895   2
        83    920.851    333.885 327.6776785 +28.8235064    12.78  0.001383155  -9.8885  -9.9126   0.0469     9226.974     398.4848     708.7922    0.803   3
        84    839.653    314.750 327.6877722 +28.8253776     4.64 0.0005015337  -9.6904  -9.6720   0.0584     7392.503     397.2774     720.5516    0.150   0
        85    504.477    326.891 327.7292409 +28.8232622     8.83 0.0009554701 -10.3964 -10.4160   0.0298     14668.83     401.8627     749.7907    0.435   2
        86     99.405    324.797 327.7793929 +28.8224977     2.28 0.0002468546  -7.6369  -8.2662   0.2112     2025.237     393.7857     749.1982    0.397   0
        87    514.670    335.151 327.7279608 +28.8223957     9.33  0.001009124  -9.6074  -9.8296   0.0506     8547.622     397.9707     749.1368    0.659   2
        88    766.546    338.717 327.6967710 +28.8226172     5.08 0.0005494023  -9.7979  -9.9172   0.0467     9265.854     398.5202     727.1995    0.085   0
        89    809.918    334.373 327.6914110 +28.8231896     4.85 0.0005249852  -8.9330  -8.9653   0.1113     3855.869     395.0345     722.5259    0.157   0
        90    115.063    347.056 327.7774043 +28.8201349     4.48 0.0004843039  -9.4582  -9.0059   0.1072     4002.742     395.1385     749.1872    0.126   0
        91    536.289    353.789 327.7252433 +28.8204372    10.04  0.001085761  -9.7355  -9.8142   0.0513     8426.757     397.9496     747.6457    0.672   0
        92    209.334    358.837 327.7657076 +28.8190959     4.37 0.0004726495 -10.6675 -10.8030   0.0210     20950.01     405.7192     750.8833    0.081   0
        93     30.157    365.498 327.7878733 +28.8179354     6.64 0.0007184172 -10.4670  -8.8913   0.1191     3601.679     394.8736     641.3239    0.272   0
        94    835.506    357.274 327.6881936 +28.8207799     5.16 0.0005585731  -8.3663  -8.4419   0.1798     2380.927     394.1221     717.4216    0.043   0
        95    595.931    360.033 327.7178462 +28.8199077     5.59  0.000604704  -9.6738  -9.8718   0.0487     8886.214     398.2272     743.6812    0.062   0
        96    962.265    458.959 327.6722827 +28.8101107     4.87 0.0005266662 -15.4405 -15.4636   0.0007      1532685      959.405     694.2326    0.155   4
        97    981.973    394.065 327.6699824 +28.8171586    11.11  0.001202247 -10.5764  -9.6225   0.0611     7063.175      397.103     697.1428    0.823   2
        98     71.454    368.419 327.7827545 +28.8177225     6.41 0.0006937137 -10.0831 -10.3292   0.0322     13542.21     401.1395     706.4853    0.149   0
        99    981.959    368.354 327.6700393 +28.8199325     6.23 0.0006735314  -8.5035  -8.0840   0.2497     1712.353     393.7089     699.9551    0.206   0
       100    552.286    368.501 327.7232306 +28.8188887     5.67 0.0006138217  -9.0619  -9.4145   0.0738     5831.779       396.36     746.1409    0.555   0
       101    576.763    376.591 327.7201827 +28.8180750     4.97 0.0005375411  -9.6265 -10.0586   0.0411     10554.85      399.175     743.9244    0.112   0
       102    558.273    376.787 327.7224712 +28.8180092     7.05 0.0007631359  -9.3261  -9.5249   0.0667     6455.706     396.6764     745.2557    0.694   0
       103    577.197    396.222 327.7200858 +28.8159582     6.82 0.0007378981  -9.5421  -9.6788   0.0580     7439.053     397.1639     742.7568    0.589   2
       104    542.546    385.954 327.7243979 +28.8169822     4.57 0.0004942141  -9.4941  -9.5458   0.0655     6581.665     396.7888     745.7188    0.110   0
       105    118.446    393.482 327.7768807 +28.8151345     4.63 0.0005009563  -9.0029  -7.6627   0.3678     1161.663     393.3923     747.4363    0.054   0
       106    341.312    436.242 327.7491970 +28.8110680     4.20 0.0004543884 -13.2374 -13.2897   0.0027     206961.8     507.5912     747.8008    0.082   0
       107    814.956    416.525 327.6906093 +28.8143385     4.32  0.000467527 -10.9192 -10.9737   0.0181     24517.52     407.9222     716.0733    0.132   0
       108    115.357    415.066 327.7772143 +28.8127984     4.42 0.0004780827  -8.5343  -7.3809   0.4764     896.1442     393.1459     746.3393    0.056   0
       109    490.751    420.236 327.7307340 +28.8131582     6.05 0.0006550359  -9.3278  -9.4403   0.0721     5971.753     396.4043     746.3201    0.090   0
       110    599.106    417.866 327.7173262 +28.8136759     6.08 0.0006573602  -9.4342  -9.7102   0.0564     7657.321     397.4988     739.7454    0.446   2
       111    267.967    481.525 327.7581748 +28.8060033     4.21 0.0004553959 -14.6858 -14.7193   0.0010     772174.2     734.9967     747.6987    0.107   0
       112   1007.990    422.982 327.6666998 +28.8141005     7.16 0.0007747265  -9.6367  -9.6178   0.0613     7032.808     396.9081     690.5441    0.686   2
       113    168.661    438.433 327.7705636 +28.8104086     4.30 0.0004651769 -11.4142 -11.5043   0.0113     39969.98     417.3268     748.0709    0.076   0
       114    802.758    443.147 327.6920615 +28.8114372     5.30 0.0005731989 -11.7347 -11.7977   0.0088     52371.55     424.6807     715.0091    0.214   0
       115   1025.505    439.428 327.6644964 +28.8123675    10.35  0.001119686  -9.6895  -9.6282   0.0499     7100.226     326.2547     686.3926    0.742  24
       116    619.834    439.738 327.7147124 +28.8113661     9.00 0.0009741727 -10.0655  -9.6384   0.0602     7167.084     397.1575       736.47    0.760   0
       117    414.498    432.980 327.7401450 +28.8115983     4.16 0.0004503237  -8.1071  -8.2988   0.2050     2087.031     393.9689     747.4111    0.367   0
       118   1027.666    454.135 327.6641974 +28.8107860     8.81 0.0009534596  -9.9736 -10.1702   0.0286     11697.23      308.071     684.6727    0.581  24
       119    717.969    436.925 327.7025708 +28.8119055     4.09 0.0004421386  -8.8311  -8.9613   0.1117     3841.667     395.0366     726.5821    0.088   0
       120    640.791    461.392 327.7120708 +28.8090804    11.00  0.001190664 -10.5489  -9.7598   0.0539     8015.651     397.4938     733.1744    0.907   2
       121    420.862    445.000 327.7393305 +28.8103169     4.95 0.0005350403  -9.0383  -8.9604   0.1117     3838.399     394.9572     747.0688    0.178   0
       122    663.730    445.064 327.7092671 +28.8108972     4.30 0.0004649959  -8.7909  -9.4518   0.0713     6035.545     396.4225     731.7856    0.148   0
       123   1010.922    458.203 327.6662613 +28.8103075     4.70 0.0005089518 -11.2554 -11.3653   0.0128     35167.32     414.3556     687.0413    0.179   0
       124    205.663    453.488 327.7659495 +28.8088753     3.90 0.0004217607  -7.9891  -8.9173   0.1163     3689.259     394.9953     747.8408    0.487   0
       125    348.943    455.807 327.7482089 +28.8089759     6.22 0.0006728607  -9.2703  -9.7260   0.0556     7769.961      397.449     747.3135    0.246   0
       126     35.128    473.555 327.7870130 +28.8062899     4.26 0.0004610349 -11.7883 -11.7086   0.0095     48243.38     422.1919     644.2666    0.122   0
       127    173.017    464.458 327.7699658 +28.8076116     5.33  0.000576734  -8.5904  -9.1928   0.0904     4754.771      395.614     747.2321    0.261   0
       128    567.870    472.190 327.7210735 +28.8077397     6.17 0.0006680188  -9.7599  -9.8266   0.0507     8524.146     397.9998     739.3019    0.203   0
       129    945.766    502.033 327.6742325 +28.8054245     4.54 0.0004912447 -13.6642 -13.7052   0.0020     303456.4     553.0472     692.3862    0.150   0
       130    709.766    480.560 327.7034912 +28.8071782     6.16 0.0006666381  -9.8062  -9.9777   0.0442      9797.05     398.8205     724.9952    0.092   0
       131    460.746    476.376 327.7343242 +28.8070287     4.59 0.0004968114  -8.8939  -8.6006   0.1554     2755.726     394.3598     744.8832    0.139   0
       132     93.119    501.198 327.7797726 +28.8034510     5.21 0.0005635749  -8.8987  -9.5051   0.0679     6339.548     396.5702     737.4086    0.107   0
       133   1016.808    510.577 327.6654206 +28.8046709     9.30  0.001005708  -9.3670  -9.3419   0.0774     5454.362      388.945     679.8538    0.687  16
       134    681.167    501.632 327.7069851 +28.8048361     5.44 0.0005889841  -9.0177  -9.4024   0.0746     5767.153     396.2643     726.2126    0.442   0
       135    822.483    573.766 327.6893371 +28.7973921     5.01 0.0005422981 -11.4385 -11.3594   0.0129     34974.19     414.2706     702.1383    0.604   3
       136    343.268    520.950 327.7487662 +28.8019339     4.12 0.0004461578 -10.8569 -10.9094   0.0191     23107.98     407.0039      745.738    0.115   0
       137    690.036    512.764 327.7058631 +28.8036564     7.07 0.0007651682  -9.5110  -9.3173   0.0806     5332.493     396.0009     724.1459    0.811   2
       138    994.021    521.463 327.6682179 +28.8034425     6.67 0.0007217867  -8.3170  -7.7540   0.3381     1263.621     393.4017     681.7687    0.270   0
       139    703.363    525.188 327.7041864 +28.8023480     6.70 0.0007250497  -9.5767  -9.2674   0.0844     5092.874     395.7835     721.5494    0.811   0
       140    256.675    523.720 327.7594780 +28.8014234     3.38 0.0003660549  -7.8000  -8.1139   0.2430     1760.163     393.7835     746.3549    0.202   0
       141    427.049    544.472 327.7383442 +28.7996003     4.06 0.0004391389 -12.2511 -12.3188   0.0057     84631.58      443.196     743.3271    0.104   0
       142    706.982    950.991 327.7028108 +28.7564179     4.13 0.0004463152  -8.3846  -8.7234   0.1388     3085.654     394.4031        669.9    0.412   0
       143    696.471   1028.281 327.7039427 +28.7480542     4.14  0.000447775  -8.5724  -8.6146   0.1144     2791.608     294.0413     661.4356    0.496  24
       144    118.764   1021.511 327.7754256 +28.7473797     4.90 0.0005303932  -8.1776  -7.1390   0.5399     717.1384     356.5056     699.8994    0.268  16
       145    457.021    880.278 327.7338921 +28.7634440     3.96 0.0004286002 -12.2225 -12.2839   0.0059     81955.45     441.7332     711.2747    0.134   0
       146    391.275    901.584 327.7419795 +28.7609856     4.26 0.0004607163  -8.6284  -8.6058   0.1547     2768.976     394.3903      713.639    0.093   0
       147    883.508    885.019 327.6811129 +28.7639572     5.11 0.0005529995  -9.6060  -9.7814   0.0528     8176.463     397.7923     644.6108    0.265   0
       148    269.951    901.759 327.7569900 +28.7606707     3.91 0.0004234147 -11.7923 -11.8649   0.0083     55713.52      426.664     716.9468    0.139   0
       149    120.802   1007.593 327.7752049 +28.7488863     3.81 0.0004119996  -8.7356  -8.8223   0.1268     3379.942      394.678     700.2531    0.176   0
       150    854.912    880.183 327.6846615 +28.7644108     4.46 0.0004821495  -7.8739  -7.3744   0.4793     890.7934     393.1869     656.5846    0.217   0
       151    461.998    943.223 327.7331373 +28.7566652     5.29 0.0005724508  -9.0521  -9.5251   0.0667     6456.959     396.5673     703.2315    0.179   0
       152    311.413    865.203 327.7519416 +28.7647159     4.18 0.0004522954  -9.5349  -9.7645   0.0536      8050.31     397.5485     720.7111    0.158   0
       153   1003.256    862.151 327.6663454 +28.7667082     4.55 0.0004926847  -8.7121  99.0000  99.0000     -312.971     392.5978     588.6735    0.270   0
       154    419.939    921.215 327.7383896 +28.7589374     5.30 0.0005736633  -8.5392  -8.5017   0.1702     2515.883     394.2077     709.6677    0.230   0
       155    383.809    949.962 327.7427959 +28.7557481     4.09 0.0004419978 -10.3118 -10.3741   0.0309      14114.3      401.409      707.698    0.167   0
       156    468.453    933.655 327.7323598 +28.7577131     5.34 0.0005780559  -8.4130  -9.2873   0.0829     5186.917      395.898     704.0797    0.130   0
       157    455.625    929.797 327.7339555 +28.7580982     4.62 0.0004997985  -9.4902  -9.7712   0.0533     8099.991     397.5798      705.627    0.121   0
       158    655.132    846.935 327.7094529 +28.7675198     4.55 0.0004927276  -8.9943  -9.2828   0.0832     5165.825     395.9178     691.2391    0.112   0
       159    340.271    793.518 327.7485304 +28.7725202     5.96 0.0006443848 -10.8347 -10.8706   0.0198     22297.59     406.6024     728.6744    0.316   0
       160    408.896    837.977 327.7399403 +28.7678908     3.96 0.0004279799 -10.8447 -10.9072   0.0192     23061.41     407.0288     719.5089    0.113   0
       161    711.251    833.706 327.7025380 +28.7690817     4.26  0.000461306 -11.3907 -11.4614   0.0118     38421.02     416.3874     685.2623    0.172   0
       162    320.115    842.082 327.7509164 +28.7672316     4.50 0.0004865224  -8.0797  -8.5684   0.1601     2675.109     394.2755     723.3309    0.262   0
       163    878.858    825.958 327.6818156 +28.7703181     4.78 0.0005167821 -12.9350 -12.9758   0.0034     154991.8     481.2875     661.3947    0.201   0
       164    497.883    919.131 327.7287507 +28.7593514     4.13 0.0004469406  -8.8022  -8.5427   0.1639     2612.573     394.3133     702.4286    0.145   0
       165    781.195    823.402 327.6939057 +28.7703609     3.43  0.000371492  -7.7472  -7.9594   0.2799     1526.771     393.4691     676.8303    0.405   0
       166    576.128    569.927 327.7198366 +28.7972150     6.51  0.000704478 -11.6056 -11.6519   0.0100      45788.2     420.8185     731.3107    0.319   0
       167     67.335    786.652 327.7823186 +28.7725908     4.06 0.0004389538  -8.3385  -9.7137   0.0562     7682.087     397.4047      678.255    0.413   0
       168    742.731    873.267 327.6985568 +28.7648891     7.05 0.0007630855 -10.3817 -10.4462   0.0290     15082.69     402.1526     675.6042    0.282   0
       169    578.221    804.612 327.7190623 +28.7719007     7.64 0.0008264859 -12.9494 -12.9803   0.0034     155637.8     481.4871     707.5146    0.358   0
       170     92.839    764.891 327.7792118 +28.7750015     4.96 0.0005370366 -11.6819 -11.7783   0.0090     51443.12     424.0824      723.394    0.369   0
       171    824.838    535.105 327.6891292 +28.8015687     4.47 0.0004841095  -7.8737  -5.6999   2.2384     190.5242     392.6969     705.7665    0.202   0
       172    158.302    781.478 327.7710741 +28.7733733     6.01 0.0006498867 -10.0391 -10.2031   0.0360     12057.07     400.2237       733.44    0.229   0
       173    460.867    809.288 327.7335732 +28.7711122     3.96 0.0004287164 -13.4199 -13.4709   0.0023     244545.1     525.7927     717.8582    0.128   0
       174    792.083    670.140 327.6928907 +28.7869220     3.99 0.0004321853  -8.6793  -8.6016   0.1553     2758.277     394.4388     694.2797    0.131   0
       175    283.094    691.830 327.7558326 +28.7833513     4.46 0.0004820159  -7.8934  -7.9608   0.2796      1528.75     393.5923     740.0089    0.231   0
       176    733.982    559.067 327.7003228 +28.7987663     9.12 0.0009871842  -9.9124  -9.3148   0.0808     5319.906      395.993     714.8227    0.864   2
       177    101.583    634.759 327.7784235 +28.7890625     2.42 0.0002614553  -8.0317  -8.8010   0.1293     3314.405     394.6365     741.5576    0.381   0
       178    567.119    699.294 327.7206674 +28.7832363     4.07  0.000440063  -8.7711  -9.1743   0.0919     4674.291     395.5742     720.4218    0.078   0
       179    257.166    785.598 327.7588315 +28.7731715     4.17 0.0004514006  -9.3337  -9.3817   0.0760     5658.405     396.0746     731.4911    0.098   0
       180    493.165    797.189 327.7296034 +28.7724958     4.01 0.0004334811  -9.6373  -9.6781   0.0580     7434.019     397.2157     716.9859    0.128   0
       181    142.722    791.834 327.7729786 +28.7722177     3.96 0.0004282945 -10.7890 -10.8834   0.0196     22560.89     406.7213     730.8856    0.101   0
       182    843.265    755.657 327.6863717 +28.7778178     4.53 0.0004902594 -10.5822 -10.6319   0.0245     17896.74     403.8226     676.0699    0.202   0
       183    734.704    742.631 327.6998340 +28.7789638     5.64 0.0006098434  -8.1011  -8.0704   0.2528     1691.066     393.6732     693.8407    0.167   0
       184    262.434    756.595 327.7582445 +28.7763134     4.54 0.0004907189  -9.2589  -9.3129   0.0809     5310.959     395.8552     733.9596    0.143   0
       185    782.478    771.901 327.6938587 +28.7759202     4.68  0.000506809  -8.4035  -8.5936   0.1564     2737.969     394.3485     683.2537    0.193   0
       186    652.522    759.073 327.7099680 +28.7769926     6.49 0.0007022395 -11.5023 -11.5636   0.0108     42212.18     418.6783     703.2054    0.323   0
       187    973.643    572.834 327.6706300 +28.7978519     6.78 0.0007338831  -9.8493  -9.9701   0.0445     9728.408     398.7446     677.7165    0.271   0
       188    879.716    750.465 327.6818722 +28.7784648     4.56 0.0004933851 -10.5622 -10.6651   0.0238     18451.43     404.2414     670.9909    0.221   0
       189    580.131    704.363 327.7190460 +28.7827208     4.44 0.0004799098  -8.9740  -9.3858   0.0758      5679.75     396.1761     718.3297    0.083   0
       190    514.857    677.634 327.7271827 +28.7854467     4.66 0.0005040381  -8.9409  -9.2854   0.0830     5178.115     395.9035     728.8354    0.163   0
       191    123.072    703.097 327.7756101 +28.7817428     3.93 0.0004254753  -9.9667  -9.7649   0.0536     8053.247     397.7149     737.9149    0.066   0
       192     37.427    694.668 327.7862277 +28.7824407     4.95 0.0005352545  -9.6449  -9.3010   0.0819      5253.03     395.9838     638.1463    0.083   0
       193    164.523    993.000 327.7698290 +28.7505683     3.93 0.0004255867 -11.8814 -11.9639   0.0076      61032.8     429.6781     702.9243    0.117   0
       194     56.784    984.141 327.7831775 +28.7512585     3.98 0.0004304865 -12.6044 -12.6498   0.0044     114789.7     459.9311      651.264    0.112   0
       195    262.529    738.796 327.7582725 +28.7782339     3.91 0.0004230357 -10.0539 -10.2580   0.0343     12682.31     400.5706     735.6154    0.096   0
       196    474.720    758.917 327.7319702 +28.7765801     6.58 0.0007116395  -9.6911  -9.7889   0.0525     8232.721     397.8606     723.9441    0.186   0
       197    377.098    737.952 327.7440970 +28.7786048     3.95  0.000427295 -11.9982 -12.0615   0.0070     66772.31      433.055     731.8828    0.107   0
       198    604.107    738.366 327.7160044 +28.7791102     6.87 0.0007429509 -10.0009 -10.1665   0.0373     11657.74     399.9524     712.7986    0.125   0
       199    822.083    737.767 327.6890317 +28.7796974     4.51 0.0004884222  -9.3066  -9.3289   0.0798     5389.458     396.0259     681.3809    0.183   0
       200    302.297    734.484 327.7533610 +28.7787964     5.55 0.0006006282  -8.2248  -8.1794   0.2288      1869.59     393.8419     735.1134    0.037   0
       201    940.204    718.777 327.6744552 +28.7820272     4.69 0.0005073501 -10.6530 -10.7354   0.0223     19686.28     404.7889     665.3746    0.222   0
       202    271.612    742.586 327.7571400 +28.7778473     5.28  0.000570975  -8.7155  -9.3289   0.0798     5389.715     395.8939     735.0414    0.091   0
       203    579.102    719.856 327.7191393 +28.7810468     3.94  0.000425775  -7.9457  -8.7125   0.1403     3054.886     394.5494     716.7113    0.198   0
       204    233.389    694.666 327.7619772 +28.7829236     6.01 0.0006498804  -8.7395  -9.0443   0.1035     4146.724     395.2406     740.2552    0.070   0
       205    865.026    675.327 327.6838523 +28.7865363     4.34 0.0004693311 -10.4980 -10.5473   0.0264     16554.58     403.0341     682.7745    0.199   0
       206    313.650    968.820 327.7514339 +28.7535425     5.57 0.0006029697  -9.7077  -9.8385   0.0502     8617.985     398.0588     707.4346    0.081   0
       207    309.577   1005.073 327.7518570 +28.7496214     3.95 0.0004271913 -10.4102 -10.4941   0.0277     15763.29     402.5538     703.0947    0.143   0
       208    254.575    635.253 327.7594883 +28.7893854     4.24 0.0004589508  -9.9047  -9.9686   0.0446     9714.692     398.7469     742.9736    0.121   0
       209    315.068    876.799 327.7514635 +28.7634738     4.17 0.0004515586  -9.0156  -9.1734   0.0920     4670.429     395.5056     719.2187    0.119   0
       210    137.690    837.979 327.7734974 +28.7672269     3.79 0.0004102481 -11.4682 -11.5195   0.0112     40533.97     417.6228     723.8187    0.118   0
       211    938.922    963.543 327.6740879 +28.7556170     6.05 0.0006542628  -8.6247  -9.0957   0.0988     4347.892      395.423     559.8246    0.343   0
       212    278.542    720.197 327.7563325 +28.7802797     4.19 0.0004529381  -8.7116  -8.8880   0.1194     3590.899     394.8005     737.2205    0.121   0
       213    669.632    710.064 327.7079577 +28.7823212     4.24 0.0004591887  -9.6167  -9.6427   0.0599     7195.881     397.2085     706.5701    0.148   0
       214    179.486    645.673 327.7687578 +28.7880769     4.94 0.0005349861  -8.6224  -9.2624   0.0848     5069.478     395.8569     743.1617    0.321   0
       215    247.050    661.680 327.7603605 +28.7865158     4.28 0.0004629619  -9.6149  -9.6546   0.0593     7275.088     397.2584     742.4381    0.124   0
       216    188.483    697.505 327.7675280 +28.7825070     4.13 0.0004465533  -9.0663  -9.3778   0.0763     5637.847     396.1937     740.5231    0.031   0
       217    838.766    597.571 327.6872702 +28.7948626     7.98 0.0008633442 -14.1782 -14.1877   0.0014     473224.8     625.0894     696.6795    0.358   2
       218    147.833    603.740 327.7727695 +28.7925230     4.15 0.0004495263 -11.3800 -11.4497   0.0119     38006.73      416.149     743.8511    0.125   0
       219    506.542    646.829 327.7282796 +28.7887502     6.30 0.0006818692 -11.4980 -11.5370   0.0110     41189.72     418.0673     732.3456    0.284   0
       220    297.123    645.794 327.7541992 +28.7883522     4.56 0.0004935504  -9.7946  -9.8186   0.0511     8461.489     397.9057     742.2366    0.062   0
       221    522.721    670.427 327.7262254 +28.7862434     4.19 0.0004533738  -9.4173  -9.6430   0.0599     7197.572     397.1657     728.9951    0.153   0
       222    437.809    666.126 327.7367432 +28.7865015     4.47 0.0004832946  -8.6886  -9.4482   0.0716     6015.362     396.3878     736.4022    0.088   0
       223    568.936    647.273 327.7205568 +28.7888531     4.14 0.0004474726  -9.8784 -10.0345   0.0420     10322.62     399.1498     725.5294    0.108   0
       224    776.580    605.681 327.6949492 +28.7938392     8.03 0.0008688375 -13.5653 -13.5822   0.0022     270945.2     538.1664     704.4103    0.367   2
       225    996.326    888.037 327.6671475 +28.7638991     6.25 0.0006759375  -9.2377  -9.4035   0.0745     5772.748     396.2678      572.975    0.221   0
       226    282.134    576.012 327.7562100 +28.7958441     5.28 0.0005710241 -10.1742 -10.2491   0.0346     12579.13     400.5388     744.5582    0.257   0
       227    959.540    652.226 327.6722052 +28.7892531     4.87 0.0005274015  -9.3487  -9.4872   0.0691     6235.693     396.5927     670.1178    0.266   0
       228    572.507    637.693 327.7201360 +28.7898953     5.28 0.0005712813  -8.3030  -9.3214   0.0804     5352.566     396.0797     725.7149    0.019   0
       229    791.314    594.865 327.6931491 +28.7950414     6.10 0.0006594699 -12.3124 -12.3530   0.0055     87341.26     444.7905     703.7787    0.387   3
       230    512.668    583.029 327.7276621 +28.7956481     6.34 0.0006856092  -9.9389 -10.0173   0.0427     10160.58     399.0483     736.0748    0.249   0
       231    847.442    613.289 327.6861626 +28.7931875     6.85 0.0007413984  -9.7515  -9.8858   0.0481     9001.706     398.2997     693.4923    0.309   0
       232    154.047    616.270 327.7719722 +28.7911865     4.02  0.000435109 -10.8776 -11.0142   0.0174     25448.52     408.4497     743.6124    0.073   0
       233    722.980    622.100 327.7015473 +28.7919395     4.08 0.0004411431 -10.4187 -10.3866   0.0306      14276.8     401.6513     709.7225    0.140   0
       234    565.896    626.193 327.7209794 +28.7911200     5.01  0.000542491  -8.9184  -9.2103   0.0889     4831.932     395.6187     727.7845    0.114   0
       235    489.924    606.081 327.7304262 +28.7931061     6.34 0.0006857752 -10.0273 -10.1313   0.0385     11285.89     399.7854     737.1807    0.252   0
       236    751.494    577.485 327.6981153 +28.7968212     5.44 0.0005889944  -9.2302  -9.4180   0.0736     5850.497     396.3499     710.9096    0.676   2
       237    623.180    580.342 327.7139903 +28.7962049     3.99 0.0004317529 -11.1163 -11.2075   0.0147     30409.86     411.5388     725.3858    0.098   0
       238     56.118    958.851 327.7833171 +28.7539853     4.05 0.0004384657 -11.4688 -11.5003   0.0114     39820.14     417.2475     650.8513    0.145   0
       239    887.392    587.376 327.6812739 +28.7960783     5.19 0.0005611143  -8.1192  -8.2013   0.2241     1907.732     393.6447     690.4007    0.167   0
       240    623.051    567.472 327.7140344 +28.7975930     6.09  0.000659029  -9.9992 -10.0278   0.0422     10259.54     399.0556     727.1365    0.188   0
       241     38.807    572.335 327.7863339 +28.7956420     5.62 0.0006081348 -10.1445 -10.1087   0.0393     11052.58      399.574     646.7835    0.249   0
       242     85.475    577.328 327.7805467 +28.7952188     4.24 0.0004582466 -11.0343 -11.2093   0.0147     30459.61     411.6008     723.5628    0.115   0
       243    170.628    561.308 327.7700437 +28.7971569     4.31  0.000466098  -8.8225  -9.2755   0.0838     5130.858     395.8736     745.0413    0.100   0
       244     76.877    550.628 327.7816712 +28.7980781     6.83  0.000739498 -10.4243 -10.5013   0.0276     15868.56     402.5759     710.5759    0.138   0
       245    721.008    543.516 327.7019625 +28.8004130     4.99 0.0005399064  -8.7326  -9.2537   0.0855     5028.966     395.7542     717.7485    0.393   0
       246    130.949    995.845 327.7739760 +28.7501788     4.00 0.0004332549  -8.1874  -8.8401   0.1248     3435.992     394.8239     701.0333    0.354   0
       247    258.492    995.984 327.7581971 +28.7504769     3.72 0.0004025524  -7.8578  -7.4423   0.4503     948.2729     393.2345     704.3095    0.373   0
       248    122.178    969.089 327.7751214 +28.7530437     3.86 0.0004173648 -12.1708 -12.2431   0.0061     78931.28     439.9985     703.5249    0.124   0
       249    947.999    915.990 327.6730669 +28.7607689     4.13 0.0004468807  -8.1273  -8.8618   0.1223     3505.251     394.6689     586.7427    0.412   0
       250    418.573    927.132 327.7385455 +28.7582958     3.87 0.0004189804  -8.4030  -8.5692   0.1600      2677.11     394.3542     708.9803    0.191   0
