#   1 NUMBER                 Running object number                                     
#   2 X_IMAGE                Object position along x                                    [pixel]
#   3 Y_IMAGE                Object position along y                                    [pixel]
#   4 ALPHA_J2000            Right ascension of barycenter (J2000)                      [deg]
#   5 DELTA_J2000            Declination of barycenter (J2000)                          [deg]
#   6 FWHM_IMAGE             FWHM assuming a gaussian core                              [pixel]
#   7 FWHM_WORLD             FWHM assuming a gaussian core                              [deg]
#   8 MAG_BEST               Best of MAG_AUTO and MAG_ISOCOR                            [mag]
#   9 MAG_APER               Fixed aperture magnitude vector                            [mag]
#  10 MAGERR_APER            RMS error vector for fixed aperture mag.                   [mag]
#  11 FLUX_APER              Flux vector within fixed circular aperture(s)              [count]
#  12 FLUXERR_APER           RMS error vector for aperture flux(es)                     [count]
#  13 BACKGROUND             Background at centroid position                            [count]
#  14 ELLIPTICITY            1 - B_IMAGE/A_IMAGE                                       
#  15 FLAGS                  Extraction flags                                          
         1      9.729     81.542 237.9943090 +32.9328455    59.60  0.006386336 -13.1110 -12.2296   0.0081     77957.57     582.0709      442.262    0.612  24
         2    141.031     88.833 237.9774545 +32.9324287    34.32  0.003678123 -12.6119 -11.4936   0.0166     39576.45     605.2484     1038.171    0.634   0
         3    192.340     29.772 237.9709636 +32.9388664    29.21   0.00313063 -11.9402 -11.4128   0.0179      36739.4     604.1728     680.5164    0.228   1
         4    136.733     10.803 237.9781266 +32.9407370    84.25  0.009028523 -14.3179 -13.0747   0.0040     169778.8     629.9179     352.6378    0.740  24
         5    913.906     83.563 237.8783168 +32.9350671     6.88 0.0007375901 -11.9534 -11.7997   0.0126     52465.45      610.533     1034.369    0.148   0
         6    419.771     86.680 237.9417013 +32.9334161     6.42 0.0006880788 -11.4749 -11.5032   0.0165     39927.71     605.4097     1140.668    0.077   0
         7     63.661    110.565 237.9873455 +32.9298993    12.79  0.001371103  -9.9365  99.0000  99.0000    -6387.075     588.7076     790.4395    0.505   2
         8    550.923    134.782 237.9248056 +32.9286402     5.84 0.0006262464 -11.0228 -10.8401   0.0299     21678.35     597.8262     1196.102    0.069   0
         9    154.392    123.804 237.9756867 +32.9287364     3.30 0.0003535743  -7.9127  99.0000  99.0000    -12968.76      588.541     1192.624    0.417   0
        10    985.515    190.240 237.8689795 +32.9238807     6.20 0.0006645273 -14.8045 -14.8352   0.0011     859167.9     880.9998     1098.459    0.107   0
        11    978.308    173.813 237.8699272 +32.9256133     8.86 0.0009495125  -9.3534 -10.7223   0.0333     19450.41     596.9431     1101.298    0.092   1
        12     78.083    234.796 237.9853023 +32.9166924     5.86 0.0006283073 -10.5303 -11.2893   0.0200     32788.37     602.4055     1125.692    0.274   0
        13    179.660    251.218 237.9722492 +32.9152197     5.75 0.0006163889 -11.9401 -12.0092   0.0105     63630.84     615.1039     1226.078    0.053   0
        14     70.896    255.517 237.9861918 +32.9144633     7.37 0.0007900977 -10.8407 -11.3681   0.0186     35256.04     603.5099     1089.514    0.513   0
        15    249.527    265.090 237.9632672 +32.9139310     7.16 0.0007677418  -9.5496  -9.6203   0.0912     7049.169     591.7266      1225.28    0.094   0
        16     77.250    294.625 237.9853160 +32.9103108     6.20 0.0006641991 -10.3931 -11.2676   0.0203     32138.57     602.1683     1120.125    0.560   0
        17    565.935    406.172 237.9224783 +32.8997427    24.18  0.002591571 -17.0381 -17.0424   0.0003      6560926     1904.484     1203.116    0.210   4
        18    883.668    304.425 237.8818798 +32.9114371     7.08 0.0007589138  -9.3294  -9.4668   0.1049     6119.784     591.3504     1118.951    0.147   0
        19    780.054    336.233 237.8951223 +32.9077713     5.42 0.0005804226 -12.1923 -12.2596   0.0084      80138.2     621.8242     1151.132    0.039   0
        20    152.827    369.892 237.9755074 +32.9024924     5.38 0.0005760821 -12.8411 -12.8865   0.0049     142757.2     646.4794     1223.476    0.052   0
        21     78.407    356.201 237.9850720 +32.9037483     3.45 0.0003700528  -9.3280 -11.1862   0.0219     29819.22     601.0905      1122.44    0.418   0
        22    436.971    357.128 237.9390891 +32.9046253     8.02 0.0008593462  -9.2712  -9.6670   0.0873     7358.396     591.8076     1214.675    0.313   0
        23    784.478    368.489 237.8945083 +32.9043436     4.41 0.0004724258  -8.8262  -9.0858   0.1489     4308.288     590.6173     1143.693    0.550   0
        24    336.358    371.142 237.9519704 +32.9028588     7.03  0.000752937  -8.9679  -9.2069   0.1332     4816.701     590.7163     1217.324    0.289   0
        25    203.588    394.723 237.9689600 +32.8999833     5.28 0.0005656714 -11.8462 -11.9451   0.0111     59985.79     613.5887     1221.406    0.080   0
        26     78.797    389.400 237.9849703 +32.9002094     3.46 0.0003706569  -9.2798 -11.2259   0.0211     30927.32      601.486     1124.178    0.419   0
        27     78.672    437.171 237.9849121 +32.8951153     3.95  0.000423259  -9.5716 -11.1831   0.0220     29733.22     601.1525     1119.987    0.621   0
        28    370.066    453.289 237.9475237 +32.8941910     5.90 0.0006321165  -9.9785 -10.1659   0.0553     11651.14     593.6677     1211.924    0.057   0
        29    960.429    496.935 237.8717620 +32.8911123     5.38 0.0005763512 -12.6843 -12.7188   0.0057     122329.6     638.5617     1033.926    0.102   0
        30     77.000    548.293 237.9849536 +32.8832622    21.10  0.002261101 -12.3917 -11.3626   0.0187     35079.89     603.2744     1103.442    0.387   0
        31    228.824    525.822 237.9655231 +32.8860734     5.37 0.0005759906  -9.2027  -9.0564   0.1529     4193.232     590.3029     1213.141    0.072   0
        32    705.988    668.447 237.9041366 +32.8721510     5.01 0.0005365717  -8.8048  -8.6743   0.2172     2949.369     589.9089     1085.895    0.171   0
        33    750.945    941.808 237.8979772 +32.8431227     4.73 0.0005063936 -12.7147 -12.7493   0.0055     125815.2     639.8176     958.3103    0.128   0
        34     84.666    944.023 237.9833564 +32.8410877     6.45 0.0006906883 -10.6150 -11.2536   0.0206     31726.93     602.0463     1021.219    0.140   2
        35    611.409    539.377 237.9164509 +32.8856611     6.23 0.0006673796  -8.7863  -8.8631   0.1825     3509.584     589.9136     1162.466    0.100   0
        36     85.111    987.959 237.9832312 +32.8364041     6.85 0.0007335924 -11.1080 -11.0700   0.0243     26792.28     599.9609     1006.997    0.094   0
        37     98.159    550.408 237.9822376 +32.8830947     6.83 0.0007322506  -9.2301  -9.5127   0.1006     6383.917     591.2797      1211.26    0.184   0
        38     81.188    877.216 237.9839058 +32.8482016     3.46 0.0003707983  -9.3064 -11.2471   0.0207     31539.54     601.7241     1031.925    0.652   0
        39    775.668    830.403 237.8949699 +32.8550671     4.78 0.0005121296 -10.8324 -10.9138   0.0280     23201.47     598.4136     993.5118    0.175   0
        40     75.593    638.059 237.9849945 +32.8736868     6.77 0.0007258932 -10.6098 -11.3250   0.0193     33885.58     602.8444     1084.314    0.666   0
        41    747.753    646.192 237.8988149 +32.8746351     5.05 0.0005406843  -9.6229  -9.7842   0.0784     8197.238     592.0956      1075.47    0.042   0
        42    151.766    808.130 237.9749673 +32.8557613     4.46 0.0004777634 -11.8488 -11.8886   0.0117     56942.36     612.3954     1160.026    0.123   0
        43     77.804    837.797 237.9844007 +32.8523953     3.84 0.0004115045  -9.3995 -11.2355   0.0209     31203.56     601.6171     1033.431    0.530   0
        44    530.725    664.055 237.9266104 +32.8721507     5.41 0.0005794595  -9.2480  -9.2609   0.1267     5062.335     590.8369     1154.415    0.064   0
        45    400.409    779.823 237.9431418 +32.8594556     5.91 0.0006337044  -8.9576  -9.2776   0.1248     5141.027     590.6046     1146.902    0.213   0
        46     76.796    673.779 237.9847848 +32.8698814    11.07  0.001186183 -11.5448 -11.4123   0.0179     36721.23     603.7919     1081.253    0.426   2
        47    703.068    686.700 237.9044844 +32.8701970     4.37 0.0004687782  -8.5142  -8.9596   0.1671     3835.758     590.3508     1080.758    0.527   0
        48    685.577    689.575 237.9067223 +32.8698439     4.67 0.0005003859 -11.7598 -11.8171   0.0124     53315.73     610.8489     1086.798    0.070   0
        49     78.847    738.302 237.9844216 +32.8630071     4.37 0.0004684807  -9.7278 -11.2965   0.0198     33006.71     602.5286     1075.589    0.301   0
        50     84.144    700.278 237.9838017 +32.8670760     4.38 0.0004689591  -9.6984 -11.2554   0.0206     31780.28     602.1335     1110.899    0.315   0
        51    894.206    621.222 237.8800757 +32.8776854     6.28 0.0006734193  -8.7281  -8.9307   0.1716     3735.031     590.0091     1016.783    0.122   0
        52     77.128    653.459 237.9847737 +32.8720489     9.21 0.0009864637 -11.0696 -11.3623   0.0187     35068.94     603.3999     1086.116    0.671   0
        53    436.722    614.145 237.9387357 +32.8772195     4.82 0.0005168317 -12.6274 -12.6826   0.0058     118318.5     637.0356     1190.368    0.060   0
        54    311.073    575.744 237.9549021 +32.8809740     5.48 0.0005874686  -9.4782  -9.5181   0.1001     6415.862     591.4092     1206.236    0.078   0
        55    585.468    946.838 237.9191757 +32.8421450     4.74 0.0005078701  -9.9559 -10.0502   0.0615     10473.06     593.0723     1027.513    0.172   0
        56    487.052    569.961 237.9323493 +32.8820664    -6.76 -0.0007241791  -7.1038  -7.2113   0.8346     766.5125     589.0663     1189.867    0.013   0
        57    719.772    877.476 237.9020656 +32.8498993     4.64 0.0004977424 -11.8912 -11.9421   0.0111     59817.91     613.5522     1000.551    0.127   0
        58    649.843   1001.313 237.9108463 +32.8365085     4.57 0.0004897621 -12.5559 -12.6044   0.0063     110096.1     633.7696     980.1556    0.156   0
        59    576.101    562.707 237.9209434 +32.8830789     6.63 0.0007105029  -9.6390  -9.7231   0.0830     7748.567     592.0883     1166.803    0.214   0
        60     82.455    902.558 237.9837041 +32.8455028     5.09 0.0005451586 -10.0906 -11.2926   0.0199     32889.46      602.545     1024.532    0.629   0
