#   1 NUMBER                 Running object number                                     
#   2 X_IMAGE                Object position along x                                    [pixel]
#   3 Y_IMAGE                Object position along y                                    [pixel]
#   4 ALPHA_J2000            Right ascension of barycenter (J2000)                      [deg]
#   5 DELTA_J2000            Declination of barycenter (J2000)                          [deg]
#   6 FWHM_IMAGE             FWHM assuming a gaussian core                              [pixel]
#   7 FWHM_WORLD             FWHM assuming a gaussian core                              [deg]
#   8 MAG_BEST               Best of MAG_AUTO and MAG_ISOCOR                            [mag]
#   9 MAG_APER               Fixed aperture magnitude vector                            [mag]
#  10 MAGERR_APER            RMS error vector for fixed aperture mag.                   [mag]
#  11 FLUX_APER              Flux vector within fixed circular aperture(s)              [count]
#  12 FLUXERR_APER           RMS error vector for aperture flux(es)                     [count]
#  13 BACKGROUND             Background at centroid position                            [count]
#  14 ELLIPTICITY            1 - B_IMAGE/A_IMAGE                                       
#  15 FLAGS                  Extraction flags                                          
         1    833.879    191.154 200.9201531 +36.2166308   201.09   0.02172143 -16.2125 -12.6523   0.0083     115053.8     876.0319     1484.623    0.905  24
         2    519.356     57.193 200.9627039 +36.2300978     6.53 0.0007053969  -9.5720  -9.3061   0.1736     5277.745     843.8615     1576.331    0.291   0
         3    471.595     97.808 200.9690533 +36.2255893     6.76 0.0007300109 -10.3815 -10.5003   0.0580     15853.09      846.965     1605.248    0.177   0
         4    538.558    153.353 200.9599432 +36.2198191     5.96 0.0006440338  -9.5613  -9.4366   0.1541      5951.75     844.3228     1670.189    0.308   0
         5    607.037    173.550 200.9506955 +36.2178522     9.69   0.00104712 -10.8333 -10.8528   0.0420     21933.67     849.0181     1697.262    0.295   0
         6    261.015    293.986 200.9970068 +36.2038688     4.21   0.00045437  -8.8636  -9.7999   0.1103     8316.511     844.6424      1677.12    0.002   0
         7    188.592    338.728 201.0066604 +36.1988401     5.96 0.0006436354 -10.2804 -10.5068   0.0577      15948.3     847.1353      1676.09    0.193   0
         8    441.982    398.858 200.9724756 +36.1931415     7.06 0.0007628052 -10.0832 -10.5129   0.0574     16038.74     847.2094     1784.557    0.120   0
         9    443.501    511.239 200.9720622 +36.1810665     5.10 0.0005507483 -12.0825 -12.1085   0.0134     69723.89     862.8593     1804.146    0.073   0
        10    888.303    888.387 200.9115921 +36.1418462    56.27    0.0060786 -14.5846 -12.8823   0.0067     142209.2     883.6793     545.3964    0.143  17
        11    306.883    483.467 200.9904810 +36.1836407     5.53 0.0005978449 -10.1377 -10.0986   0.0839     10950.38     845.8727     1784.402    0.085   0
        12    841.384    830.428 200.9180003 +36.1479385    74.86  0.008085866 -14.2364 -13.2926   0.0047     207519.6     901.6775      1342.83    0.462  16
        13    884.155    456.999 200.9129173 +36.1882033     4.98 0.0005378742 -11.3837  99.0000  99.0000    -20211.95     842.2488     1389.015    0.109   0
        14    799.031    800.486 200.9237455 +36.1510323    21.04  0.002272533 -13.0370 -11.8703   0.0167     55991.11     858.8945     1729.247    0.360   2
        15    168.664    551.366 201.0089333 +36.1759238     5.41   0.00058397 -10.5183 -10.6359   0.0513     17961.46     847.8477     1743.377    0.057   0
        16    863.707    638.963 200.9153419 +36.1685843     5.30 0.0005726295 -12.1509 -11.9597   0.0154     60794.63     860.2916     1695.393    0.087   0
        17    430.727    551.706 200.9737040 +36.1766786     5.11  0.000552053 -12.0295 -12.0892   0.0137     68496.33     862.5733     1803.926    0.049   0
