#   1 NUMBER                 Running object number                                     
#   2 X_IMAGE                Object position along x                                    [pixel]
#   3 Y_IMAGE                Object position along y                                    [pixel]
#   4 ALPHA_J2000            Right ascension of barycenter (J2000)                      [deg]
#   5 DELTA_J2000            Declination of barycenter (J2000)                          [deg]
#   6 FWHM_IMAGE             FWHM assuming a gaussian core                              [pixel]
#   7 FWHM_WORLD             FWHM assuming a gaussian core                              [deg]
#   8 MAG_BEST               Best of MAG_AUTO and MAG_ISOCOR                            [mag]
#   9 MAG_APER               Fixed aperture magnitude vector                            [mag]
#  10 MAGERR_APER            RMS error vector for fixed aperture mag.                   [mag]
#  11 FLUX_APER              Flux vector within fixed circular aperture(s)              [count]
#  12 FLUXERR_APER           RMS error vector for aperture flux(es)                     [count]
#  13 BACKGROUND             Background at centroid position                            [count]
#  14 ELLIPTICITY            1 - B_IMAGE/A_IMAGE                                       
#  15 FLAGS                  Extraction flags                                          
         1    508.645     55.506 200.8299972 +36.2299431     3.93 0.0004241641  -8.4569  -9.4811   0.0543     6200.585     310.2005     606.4978    0.482   0
         2    494.151    132.548 200.8317833 +36.2216026     5.81  0.000627427  -9.2112  -9.5840   0.0495     6816.942     310.6969     605.7109    0.632   0
         3    484.010    187.481 200.8330306 +36.2156560     5.95 0.0006428139  -9.3263  -9.6606   0.0462     7315.383     311.0977     607.8364    0.737   2
         4    472.650    248.593 200.8344284 +36.2090402    12.83  0.001385829 -10.6291  -9.9501   0.0356     9550.659     312.8972     611.1937    0.841   2
         5    463.397    298.107 200.8355674 +36.2036799     9.14 0.0009865635 -10.1650  -9.8254   0.0398     8514.763     312.0094     612.1866    0.763   2
         6    456.982    333.678 200.8363543 +36.1998297    10.51  0.001134968 -10.1463  -9.7909   0.0411     8248.308     311.8549     612.1857    0.804   2
         7    330.468    350.443 200.8532805 +36.1976656     6.47 0.0006985848  -8.8305  -8.3789   0.1484     2246.806     306.9975     613.2175    0.256   0
         8    448.686    375.732 200.8373802 +36.1952758     4.94 0.0005328913  -8.7809  -9.0000   0.0841     3981.042     308.4664     612.1776    0.634   0
         9    444.623    396.194 200.8378827 +36.1930599     2.89 0.0003116243  -8.1375  -9.0801   0.0782     4285.938     308.5255     612.1767    0.419   0
        10    419.600    535.276 200.8409505 +36.1780056    12.41  0.001340013 -10.6204 -10.0033   0.0339     10030.47     313.2635     614.7833    0.793   2
        11    370.005    792.745 200.8470650 +36.1501278     6.35  0.000685897 -11.7723 -11.5937   0.0085     43399.07     338.8252     613.2977    0.639   0
        12    434.403    453.799 200.8391342 +36.1868252     3.15 0.0003403873  -8.1953  -9.3251   0.0626     5370.781     309.4289      612.928    0.411   0
        13    205.452    873.989 200.8689412 +36.1409072     4.02 0.0004339812 -11.3449 -11.2894   0.0110     32792.69     330.9546      587.304    0.095   0
        14    361.777    854.120 200.8480405 +36.1434924     7.75 0.0008373017  -9.6703  -9.5931   0.0491     6874.489     310.7517     609.9735    0.747   0
        15    158.117    827.666 200.8753799 +36.1457623     5.32 0.0005740056  -9.3168 -10.4378   0.0230     14966.24     317.2528     591.0881    0.446   0
        16     81.583    775.623 200.8857436 +36.1511493     3.47 0.0003742271  -8.5650 -10.5280   0.0212     16263.51     318.1161     587.5934    0.702   0
        17    430.398    481.198 200.8396146 +36.1838621     3.45 0.0003725099  -8.1386  -9.4137   0.0577     5827.353     309.8061     613.4839    0.420   0
        18    410.763    582.912 200.8420368 +36.1728488     7.42 0.0008016463  -9.5764  -9.7656   0.0420     8058.261     311.6772     614.9351    0.613   0
        19    132.058    599.628 200.8793526 +36.1702544     5.18 0.0005596653 -10.0657 -10.0767   0.0318     10731.91     313.8816     614.2391    0.147   0
        20    403.994    621.870 200.8428636 +36.1686326     5.59 0.0006031822  -9.0891  -9.6626   0.0461     7329.182     311.0834     614.4852    0.647   0
