#   1 NUMBER                 Running object number                                     
#   2 X_IMAGE                Object position along x                                    [pixel]
#   3 Y_IMAGE                Object position along y                                    [pixel]
#   4 ALPHA_J2000            Right ascension of barycenter (J2000)                      [deg]
#   5 DELTA_J2000            Declination of barycenter (J2000)                          [deg]
#   6 FWHM_IMAGE             FWHM assuming a gaussian core                              [pixel]
#   7 FWHM_WORLD             FWHM assuming a gaussian core                              [deg]
#   8 MAG_BEST               Best of MAG_AUTO and MAG_ISOCOR                            [mag]
#   9 MAG_APER               Fixed aperture magnitude vector                            [mag]
#  10 MAGERR_APER            RMS error vector for fixed aperture mag.                   [mag]
#  11 FLUX_APER              Flux vector within fixed circular aperture(s)              [count]
#  12 FLUXERR_APER           RMS error vector for aperture flux(es)                     [count]
#  13 BACKGROUND             Background at centroid position                            [count]
#  14 ELLIPTICITY            1 - B_IMAGE/A_IMAGE                                       
#  15 FLAGS                  Extraction flags                                          
         1    833.948    199.264 238.0216403 +33.0299123   228.19   0.02449538 -17.4674 -13.8770   0.0060     355466.4     1960.915     3619.083    0.896  24
         2    456.723    125.249 238.0702062 +33.0369204     7.41 0.0007959132 -14.0326 -14.0558   0.0051     419088.6     1969.325     4015.774    0.141   0
         3    174.235    274.411 238.1060867 +33.0202456     8.15 0.0008749483 -11.5143 -11.5344   0.0508     41092.17     1920.308     4023.224    0.235   0
         4    261.088    293.947 238.0948997 +33.0183697     0.00            0  -9.2099 -10.4879   0.1329     15673.54     1917.483     4210.667    0.165   0
         5    489.589    364.387 238.0654249 +33.0113904     6.68 0.0007168024 -12.0970 -12.0078   0.0329      63550.3     1922.906     4511.565    0.133   0
         6      2.514    435.398 238.1277200 +33.0025741     6.12 0.0006568849 -10.3072 -10.4117   0.1090     14611.44     1467.105     3878.019    0.210  24
         7    888.796    888.730 238.0130195 +32.9562043    53.97  0.005793146 -15.7955 -14.1593   0.0047     461033.8      1974.38     592.4523    0.146  17
         8    838.855    828.747 238.0195590 +32.9625082    76.48   0.00820936 -14.7847 -14.5407   0.0033     655047.9     1998.952     3262.118    0.238  16
         9     78.402    851.801 238.1169790 +32.9581701     3.46 0.0003713609 -10.6069 -12.4625   0.0217      96606.9     1927.145     3871.684    0.421   0
        10    154.443    850.321 238.1072360 +32.9585190     4.84 0.0005194015 -11.3142 -12.4341   0.0222     94109.65     1927.629     4057.194    0.310   0
        11    136.209    849.601 238.1095749 +32.9585504     3.45 0.0003706025 -10.6825 -12.4435   0.0220     94926.61     1927.035      4013.84    0.422   0
        12    706.108    788.283 238.0366691 +32.9665211     7.10 0.0007620633 -10.8573 -10.9908   0.0837     24907.57     1918.633     4688.372    0.211   0
        13     99.975    784.970 238.1143756 +32.9653815     9.97  0.001070175 -13.4822 -12.7618   0.0165     127271.9     1931.656      4106.97    0.120   0
        14    721.381    651.434 238.0350292 +32.9812142     6.92 0.0007432245 -11.0742 -10.9861   0.0840     24799.78      1918.24     4666.378    0.279   0
        15    265.479    853.475 238.0929963 +32.9584576     6.54 0.0007021836 -11.6934 -12.2664   0.0259      80643.2     1926.097     4218.484    0.154   0
        16    713.183    777.601 238.0357869 +32.9676822     3.43 0.0003682441  -9.8602 -10.4044   0.1434     14513.05     1916.249     4688.282    0.423   0
        17    711.615    686.149 238.0362007 +32.9774727     7.38 0.0007924263 -10.8878 -11.1636   0.0714     29203.58     1919.193     4687.138    0.187   0
