#   1 NUMBER                 Running object number                                     
#   2 X_IMAGE                Object position along x                                    [pixel]
#   3 Y_IMAGE                Object position along y                                    [pixel]
#   4 ALPHA_J2000            Right ascension of barycenter (J2000)                      [deg]
#   5 DELTA_J2000            Declination of barycenter (J2000)                          [deg]
#   6 FWHM_IMAGE             FWHM assuming a gaussian core                              [pixel]
#   7 FWHM_WORLD             FWHM assuming a gaussian core                              [deg]
#   8 MAG_BEST               Best of MAG_AUTO and MAG_ISOCOR                            [mag]
#   9 MAG_APER               Fixed aperture magnitude vector                            [mag]
#  10 MAGERR_APER            RMS error vector for fixed aperture mag.                   [mag]
#  11 FLUX_APER              Flux vector within fixed circular aperture(s)              [count]
#  12 FLUXERR_APER           RMS error vector for aperture flux(es)                     [count]
#  13 BACKGROUND             Background at centroid position                            [count]
#  14 ELLIPTICITY            1 - B_IMAGE/A_IMAGE                                       
#  15 FLAGS                  Extraction flags                                          
         1     10.583     80.745 237.9943619 +32.9327601    64.74  0.006936964 -13.5832 -12.7599   0.0065     127050.1     755.8312     407.7419    0.598  24
         2    143.362     86.439 237.9773246 +32.9325113    43.22  0.004631117 -13.1809 -11.9147   0.0144     58328.17     773.1904     1310.244    0.721   0
         3    191.709     30.354 237.9712155 +32.9386226    34.66  0.003714504 -12.7764 -11.9919   0.0134      62625.7     774.5787     772.2242    0.260  17
         4    135.914     10.989 237.9784029 +32.9405379    86.79  0.009299972 -14.7997 -13.5609   0.0033     265675.8     804.8005     261.8249    0.746  24
         5    915.383     81.875 237.8783228 +32.9350366     5.82   0.00062317 -11.8165 -11.3332   0.0243     34140.97      765.351     1313.317    0.161   0
         6     64.436    109.078 237.9874091 +32.9298841    20.79  0.002227423  -9.6899  99.0000  99.0000    -8116.619     754.0311     936.5836    0.552   0
         7    421.245     84.978 237.9416901 +32.9334098     5.43 0.0005820044 -11.3495 -11.2533   0.0262     31720.01     764.4545       1481.5    0.065   0
         8    438.846     77.187 237.9394451 +32.9342875     3.59 0.0003847537  -7.8568  99.0000  99.0000     -18100.6     753.9457     1408.255    0.204   0
         9    987.196    188.331 237.8689531 +32.9238687     5.53 0.0005922851 -14.8036 -14.8383   0.0013     861606.4     999.6508     1434.406    0.110   0
        10    552.312    132.920 237.9248060 +32.9286437     4.89 0.0005243567 -10.9360 -10.5030   0.0519      15893.1     759.3245     1582.009    0.047   0
        11     74.818    246.677 237.9858519 +32.9152375    38.13  0.004085882 -13.6319 -11.9189   0.0143     58555.93     773.2433     1449.328    0.517   2
        12    181.144    249.476 237.9722144 +32.9152253     5.00 0.0005354377 -11.9412 -12.0126   0.0132      63834.8     774.9274     1627.629    0.051   0
        13    251.081    263.358 237.9632247 +32.9139323     6.22 0.0006662235  -9.6182  -9.8318   0.0960     8564.915     756.9505     1627.624    0.112   0
        14     76.534    333.367 237.9854897 +32.9059968    14.85  0.001590815 -12.4571 -11.7001   0.0175     47868.86     769.7803     1462.049    0.451   2
        15    567.512    404.136 237.9224324 +32.8997589    24.09  0.002581523 -17.0404 -17.0453   0.0003      6578102     1964.122     1597.286    0.171   4
        16    885.460    302.399 237.8818262 +32.9114403     6.58 0.0007052529  -9.2913  -9.3769   0.1457     5633.372     755.7263     1469.339    0.220   0
        17     80.517    393.872 237.9848799 +32.8995548    20.60  0.002207092 -13.0751 -11.7444   0.0168     49859.71     770.4683     1486.052    0.700   2
        18    781.643    334.348 237.8950881 +32.9077629     4.99 0.0005345676 -12.1674 -12.2237   0.0109     77535.27     779.3967     1517.871    0.093   0
        19     77.619    655.152 237.9848230 +32.8716820    48.19   0.00516346 -14.5034 -11.8654   0.0150     55739.62     772.3322     1422.004    0.775   2
        20    154.401    368.124 237.9754501 +32.9024998     4.83 0.0005172468 -12.8229 -12.8638   0.0062     139798.6      798.998     1626.693    0.051   0
        21    438.192    356.395 237.9390865 +32.9045086     3.45 0.0003702015  -8.8963  -9.3677   0.1469     5585.587     755.7104     1612.371    0.422   0
        22     77.337    359.240 237.9853443 +32.9032396    13.50  0.001446425 -12.0268 -11.7216   0.0171     48823.23     770.0483     1459.702    0.454   2
        23    337.670    369.130 237.9519533 +32.9028832     5.29 0.0005671088  -8.9266  -9.3338   0.1516     5414.034     755.9091     1616.223    0.287   0
        24    205.103    392.891 237.9689101 +32.8999946     4.79 0.0005129038 -11.8586 -11.9721   0.0137     61497.41     774.3392     1623.674    0.071   0
        25     75.051    451.233 237.9854864 +32.8934226    18.92  0.002027362 -12.9262 -11.7541   0.0166     50306.06     770.6131     1430.436    0.300   2
        26     76.727    543.794 237.9851199 +32.8835556    30.00  0.003215208 -13.3458 -11.8565   0.0152     55283.34     772.0803     1438.521    0.494   0
        27    371.893    451.366 237.9474348 +32.8942039     5.01 0.0005371005  -9.9703 -10.2171   0.0674     12213.81     758.0485     1609.911    0.093   0
        28    962.131    495.059 237.8717061 +32.8910917     5.08 0.0005448405 -12.6787 -12.7301   0.0070     123607.8     793.9564     1337.679    0.145   0
        29     74.635    476.653 237.9854981 +32.8907105     6.29 0.0006738424 -10.9404 -11.6844   0.0177     47182.27     769.5573     1428.197    0.173   0
        30     76.171    483.949 237.9852893 +32.8899365     7.12 0.0007625019 -11.1260 -11.6757   0.0179      46801.7     769.4545     1435.755    0.296   2
        31    230.254    524.106 237.9654736 +32.8860681     5.23 0.0005599519  -9.0834  -8.9696   0.2119     3870.993     755.3986     1609.885    0.115   0
        32    721.377    875.796 237.9019811 +32.8498606     4.73 0.0005063603 -11.9017 -11.9503   0.0139     60269.89     773.4645     1290.718    0.153   0
        33     86.840    986.021 237.9830998 +32.8364203     7.18 0.0007697478 -11.2884 -11.3141   0.0248     33547.36     765.0098     1314.453    0.184   0
        34     80.441    781.198 237.9842548 +32.8582470    59.12  0.006334756 -15.0557 -11.8235   0.0156     53627.11     771.3979     1379.597    0.859   2
        35    532.382    662.274 237.9265309 +32.8721361     5.30 0.0005675532  -9.2675  -9.2378   0.1656     4955.853     755.7789      1527.53    0.083   0
        36    402.011    777.993 237.9430551 +32.8594497     4.13 0.0004420416  -8.6025  -8.3141   0.3871     2116.667     754.4767     1515.524    0.418   0
        37    707.033    666.802 237.9041410 +32.8721122     3.97 0.0004259173  -8.8872  -8.6726   0.2783     2944.795     754.7724     1420.312    0.182   0
        38    312.595    573.916 237.9548396 +32.8809761     4.68 0.0005015709  -9.4893  -9.8626   0.0933     8811.233     756.9255     1601.919    0.196   0
        39    612.968    537.686 237.9163971 +32.8856355     3.46 0.0003712513  -8.7070  -8.6748   0.2779     2950.562     755.0087     1536.958    0.109   0
        40    687.189    687.806 237.9066517 +32.8698202     4.58 0.0004907483 -11.6523 -11.7248   0.0171     48967.95     769.8447     1422.453    0.115   0
        41    438.290    612.321 237.9386686 +32.8772146     4.57 0.0004899204 -12.6290 -12.6889   0.0072       118999     792.5851     1577.962    0.065   0
        42    749.437    644.449 237.8987410 +32.8746069     4.63 0.0004956567  -9.7053  -9.9319   0.0876     9391.649     757.2022     1404.949    0.194   0
        43    587.079    945.084 237.9190800 +32.8421189     4.57 0.0004896548  -9.9064  -9.9537   0.0858     9582.249     757.2651     1333.729    0.176   0
        44    777.372    828.750 237.8948787 +32.8550242     4.66 0.0004995027 -10.8332 -10.8847   0.0366     22587.48      761.462     1279.578    0.128   0
        45    153.358    806.325 237.9748708 +32.8557636     4.37 0.0004680709 -11.8616 -11.9123   0.0144     58199.11     773.1071     1528.133    0.086   0
        46    577.327    560.754 237.9209295 +32.8830816     6.53 0.0006995301  -9.4865  -9.6631   0.1120     7332.195     756.4369     1544.963    0.129   0
        47     99.804    548.824 237.9821537 +32.8830814     5.41 0.0005797338  -8.7243  -8.3196   0.3851     2127.295     754.4163     1605.166    0.049   0
        48    651.443    999.688 237.9107495 +32.8364645     4.72 0.0005062327 -12.5488 -12.5968   0.0078     109327.5     789.5286     1260.207    0.170   0
        49    752.595    940.210 237.8978825 +32.8430726     4.90 0.0005246621 -12.7045 -12.7441   0.0069       125215     794.2193     1224.637    0.189   0
