#   1 NUMBER                 Running object number                                     
#   2 X_IMAGE                Object position along x                                    [pixel]
#   3 Y_IMAGE                Object position along y                                    [pixel]
#   4 ALPHA_J2000            Right ascension of barycenter (J2000)                      [deg]
#   5 DELTA_J2000            Declination of barycenter (J2000)                          [deg]
#   6 FWHM_IMAGE             FWHM assuming a gaussian core                              [pixel]
#   7 FWHM_WORLD             FWHM assuming a gaussian core                              [deg]
#   8 MAG_BEST               Best of MAG_AUTO and MAG_ISOCOR                            [mag]
#   9 MAG_APER               Fixed aperture magnitude vector                            [mag]
#  10 MAGERR_APER            RMS error vector for fixed aperture mag.                   [mag]
#  11 FLUX_APER              Flux vector within fixed circular aperture(s)              [count]
#  12 FLUXERR_APER           RMS error vector for aperture flux(es)                     [count]
#  13 BACKGROUND             Background at centroid position                            [count]
#  14 ELLIPTICITY            1 - B_IMAGE/A_IMAGE                                       
#  15 FLAGS                  Extraction flags                                          
         1    840.538     79.717 200.9198837 +36.1155895   133.59   0.01442459 -14.4975 -12.3594   0.0062     87851.95     500.8988     738.7958    0.609  16
         2    822.910      9.412 200.9223969 +36.1231121    81.72  0.008823747 -13.4677 -12.2662   0.0063     80630.55     466.0107     440.9162    0.793  24
         3    698.353    174.691 200.9387164 +36.1049422     5.12 0.0005530178 -15.5021 -15.5324   0.0007      1632848      1011.62     918.6924    0.126   4
         4    785.465    172.310 200.9270573 +36.1054537     4.75 0.0005131343 -15.0275 -15.0610   0.0009      1057806     857.8189     918.3441    0.102   0
         5    139.422    182.815 201.0135363 +36.1024037     4.25 0.0004585845 -13.2570 -13.3049   0.0029     209872.8     558.2899      869.872    0.067   0
         6    561.986    181.025 200.9569616 +36.1038582     6.09 0.0006578013  -8.5384  -9.1935   0.1044     4757.907     457.3075     913.7401    0.278   0
         7    754.418    193.258 200.9311689 +36.1031062     4.13 0.0004458429  -8.5285  -9.6211   0.0706     7053.902     458.7268     919.7707    0.534   0
         8    351.240    244.924 200.9850353 +36.0963485     5.62 0.0006066356  -8.5770  -8.6692   0.1689     2935.451      456.464     901.8833    0.221   0
         9    639.833    305.511 200.9462641 +36.0906769     4.55 0.0004908286 -10.9197 -11.0463   0.0194     26212.95     469.0022     914.1726    0.142   0
        10    279.821    351.589 200.9943551 +36.0846440     8.39 0.0009062639  -9.4507  -9.5298   0.0767     6485.051     458.2124     891.7753    0.344   0
        11    349.971    391.235 200.9848753 +36.0805827     3.94 0.0004253899  -7.4040  -8.5461   0.1891     2620.745     456.2788     897.6555    0.063   0
        12    216.724    413.510 201.0026603 +36.0777839     5.85 0.0006313252  -9.1430  -9.1087   0.1129     4400.431     457.3425     878.2276    0.259   0
        13     45.405    462.367 201.0254782 +36.0720036     4.66 0.0005032302  -9.1931  -9.1201   0.1117      4446.53       457.15      834.863    0.058   0
        14    158.930    503.193 201.0101906 +36.0679485     4.02 0.0004338969 -12.9974 -13.0468   0.0035       165477     538.1512     859.0877    0.075   0
        15    886.297    939.999 200.9119012 +36.0230439     4.25 0.0004591281  -9.4141 -10.9528   0.0211     24050.07     467.7978     786.1826    0.077   0
        16    129.463    853.996 201.0133298 +36.0300682     5.35 0.0005781903  -8.9458  -9.1420   0.1095     4537.161     457.2764     777.4437    0.277   0
        17    478.604    636.174 200.9671107 +36.0545783     3.46 0.0003733619  -7.9011  -7.9753   0.3193      1549.23     455.5114     887.4751    0.426   0
        18    428.587    903.715 200.9732048 +36.0256078     4.11 0.0004436773  -8.5015  -8.9578   0.1296     3829.258     456.9276      808.883    0.529   0
        19    912.583    872.048 200.9085312 +36.0304406     3.28 0.0003536536  -8.8365  99.0000  99.0000    -9568.497     454.8406     754.3641    0.090   0
        20    241.138    692.783 200.9987575 +36.0477715     4.05 0.0004373647 -10.3516 -10.4938   0.0319     15758.33     463.4464     844.7952    0.090   0
        21     66.988    745.769 201.0219362 +36.0415386     6.26 0.0006760248  -8.6437  -8.8625   0.1414      3507.53     456.6234      796.817    0.324   0
        22    550.671    698.326 200.9573294 +36.0480961     3.78 0.0004084859  -9.7933 -10.0056   0.0497     10051.53     460.4339     880.0432    0.185   0
        23    557.176    677.516 200.9565052 +36.0503572     5.25 0.0005667132 -10.1548 -10.2707   0.0391     12831.99     461.8778     885.4876    0.118   0
        24    784.862    569.999 200.9262730 +36.0626087     4.07  0.000439204 -10.3599 -10.5290   0.0309     16278.53     463.6259     904.3549    0.160   0
        25    505.442    644.465 200.9635010 +36.0537648     3.86 0.0004173277 -10.1726 -10.2424   0.0401     12501.45     461.6481     887.6001    0.174   0
        26    723.300    536.430 200.9345850 +36.0660450     5.55 0.0005988439  -8.6511  -8.8854   0.1385     3582.276     456.8566     905.1633    0.204   0
        27    882.671    659.704 200.9129901 +36.0532297     8.62 0.0009304197 -10.6931 -10.8136   0.0239     21156.42     466.3743     850.0213    0.415   0
        28    883.169    959.832 200.9122769 +36.0208982     3.95  0.000426617  -9.3155 -11.0076   0.0201      25295.2     468.5377     787.1046    0.262   0
