#   1 NUMBER                 Running object number                                     
#   2 X_IMAGE                Object position along x                                    [pixel]
#   3 Y_IMAGE                Object position along y                                    [pixel]
#   4 ALPHA_J2000            Right ascension of barycenter (J2000)                      [deg]
#   5 DELTA_J2000            Declination of barycenter (J2000)                          [deg]
#   6 FWHM_IMAGE             FWHM assuming a gaussian core                              [pixel]
#   7 FWHM_WORLD             FWHM assuming a gaussian core                              [deg]
#   8 MAG_BEST               Best of MAG_AUTO and MAG_ISOCOR                            [mag]
#   9 MAG_APER               Fixed aperture magnitude vector                            [mag]
#  10 MAGERR_APER            RMS error vector for fixed aperture mag.                   [mag]
#  11 FLUX_APER              Flux vector within fixed circular aperture(s)              [count]
#  12 FLUXERR_APER           RMS error vector for aperture flux(es)                     [count]
#  13 BACKGROUND             Background at centroid position                            [count]
#  14 ELLIPTICITY            1 - B_IMAGE/A_IMAGE                                       
#  15 FLAGS                  Extraction flags                                          
         1    841.298     80.185 238.0184731 +32.9328810   135.44   0.01452315 -14.5402 -12.3966   0.0060     90917.95      502.394     739.3203    0.611  16
         2    821.030      9.567 238.0211916 +32.9403629    78.22  0.008387214 -13.5332 -12.2884   0.0062     82293.75     468.0009     445.4927    0.772  24
         3    489.781     42.147 238.0636426 +32.9359738     8.97 0.0009617655  -9.5254  99.0000  99.0000     -2091.47     454.9074     766.1236    0.253   0
         4     62.654    113.606 238.1183217 +32.9271501     7.55 0.0008090597 -13.8432 -13.8718   0.0019     353758.9     619.4755     852.6903    0.035   0
         5    727.708    122.868 238.0329764 +32.9280147     7.77 0.0008326754 -10.2216  -9.8042   0.0598     8350.113     459.5244     920.0528    0.195   0
         6    749.412    127.665 238.0301836 +32.9275622     7.50 0.0008046647  -9.8954  -8.4231   0.2117     2340.188     456.1917     920.2321    0.176   0
         7    369.286    143.879 238.0789273 +32.9247807    10.29  0.001102862  -9.8624  -9.8761   0.0560     8921.724     459.8098     905.7935    0.184   0
         8    698.736    190.908 238.0365789 +32.9206732     8.38 0.0008982833 -11.8853 -11.9188   0.0090      58551.4     486.0692     921.4656    0.113   0
         9    320.256    185.960 238.0851443 +32.9201524     8.70 0.0009328056  -9.8548  -9.9381   0.0529     9445.624     460.1073      902.035    0.190   0
        10    475.212    183.065 238.0652694 +32.9208931     8.26 0.0008854521  -9.2021  -9.5162   0.0777     6404.347     458.4007     913.3785    0.204   0
        11    109.931    254.799 238.1120049 +32.9122142     7.58 0.0008126054 -13.8107 -13.8394   0.0019     343354.6     615.2719     865.8743    0.064   0
        12    759.982    275.636 238.0285792 +32.9117981     7.46  0.000800311 -12.2310 -12.2657   0.0067     80588.89     497.1569     921.2258    0.137   0
        13    232.248    274.918 238.0962786 +32.9104113    11.39  0.001221239 -10.2815 -10.2740   0.0390     12870.68     461.9899     892.6609    0.396   0
        14    579.053    326.371 238.0517026 +32.9058854     7.31 0.0007835521 -11.3775 -11.4496   0.0136     38003.31     475.3586     914.6003    0.123   0
        15      3.622    316.168 238.1255322 +32.9053635     5.56 0.0005964073  -8.3997  -8.3727   0.1765     2233.905     363.0508     839.0497    0.543  16
        16    285.294    340.269 238.0893595 +32.9035851     6.91 0.0007413032 -11.1620 -11.2023   0.0169     30264.66     471.2836     898.7511    0.121   0
        17     40.120    345.135 238.1207987 +32.9023753     7.25 0.0007771016  -9.0703  -9.0425   0.1199     4139.865     457.2281     847.8672    0.269   2
        18    448.559    381.110 238.0683471 +32.8996815     6.86 0.0007351003 -10.8876 -10.9598   0.0210     24205.96     468.0336     907.2031    0.126   0
        19    509.284    431.906 238.0604710 +32.8944286     6.78 0.0007271199 -12.1805 -12.2162   0.0070     76995.07     495.4291     907.4924    0.120   0
        20    156.221    449.114 238.1057228 +32.8916056     8.06 0.0008638611  -9.8983  -9.8345   0.0581     8586.154     459.6018     869.7009    0.240   0
        21    539.107    457.464 238.0566024 +32.8917834     5.43 0.0005824534  -8.8361  -9.1200   0.1117     4446.321     457.3956     907.6714    0.256   0
        22    267.964    491.162 238.0913179 +32.8874318     7.09 0.0007605511 -12.4724 -12.5132   0.0054     101225.4     507.5203     888.9576    0.118   0
        23     11.119    492.212 238.1242550 +32.8865956     8.35 0.0008952823 -10.4678 -10.3903   0.0335      14326.3      441.926     832.1918    0.238  16
        24    437.907    498.871 238.0695100 +32.8870832     6.76 0.0007248122  -9.6850  -9.5653   0.0743     6700.583     458.6006     902.6904    0.168   0
        25    626.625    696.746 238.0449718 +32.8664861     4.50 0.0004827806  -8.4026  -8.7275   0.1601     3097.323      456.632     888.3413    0.407   0
        26    510.525   1023.078 238.0592986 +32.8313358     7.23 0.0007750566  -8.7301  -8.5209   0.1693     2560.801     399.3136     789.2736    0.421  16
        27    798.594   1016.518 238.0223887 +32.8328283     6.39 0.0006849109  -9.9753  -9.9080   0.0536     9187.377     453.3385     820.2069    0.235  16
        28    356.166   1002.481 238.0791177 +32.8331051     6.76 0.0007252373  -8.6776  -8.4660   0.2035     2434.507     456.2434     771.3218    0.374   0
        29    718.622    707.303 238.0331584 +32.8656123    12.32  0.001320674 -10.1656 -10.1651   0.0430        11642     461.2864     891.4005    0.435   0
        30    299.839    754.627 238.0867698 +32.8594012     7.17 0.0007685644 -10.8770 -10.9193   0.0218     23318.51     467.5092     846.7498    0.229   0
        31    378.896    698.691 238.0767313 +32.8655921     6.82 0.0007310979 -12.8094 -12.8478   0.0041     137762.7     525.2546     870.5954    0.137   0
        32    906.895    621.854 238.0091600 +32.8752464     7.23 0.0007751784 -11.1653 -10.9818   0.0206     24701.27     468.3106      805.161    0.202   0
        33    882.389    671.188 238.0122206 +32.8699144     3.44 0.0003686885  -8.9402 -10.8153   0.0239     21189.31     466.2437     852.9862    0.431   0
        34     73.024    853.016 238.1156731 +32.8482624     3.47  0.000371899  -6.8404  -8.5835   0.1826     2712.772     456.2419     760.7905    0.020   0
        35    128.214    630.018 238.1089938 +32.8722187     9.38  0.001005983 -10.1059 -10.2116   0.0412     12151.49     461.3976     841.6441    0.267   0
        36    629.499    781.025 238.0444604 +32.8574989     5.58 0.0005985943  -8.5366  -8.7666   0.1545     3211.074     456.6943     869.6876    0.611   0
        37    808.772    864.631 238.0213373 +32.8490672     5.85 0.0006276443 -12.8275 -12.8649   0.0041     139944.3     526.1695     858.1803    0.124   0
        38    884.904    912.350 238.0114988 +32.8441816     5.33  0.000571752  -9.8656 -10.9630   0.0209     24276.33     468.0712     796.5411    0.630   0
        39    883.489    866.187 238.0117566 +32.8491048     5.28 0.0005664085  -9.8893 -10.9888   0.0205     24861.91     468.3839     811.1305    0.503   0
        40    857.735    789.207 238.0151858 +32.8572508     6.16 0.0006603403 -12.0107 -12.0834   0.0078     68131.98     490.9244     865.4437    0.174   0
