#   1 NUMBER                 Running object number                                     
#   2 X_IMAGE                Object position along x                                    [pixel]
#   3 Y_IMAGE                Object position along y                                    [pixel]
#   4 ALPHA_J2000            Right ascension of barycenter (J2000)                      [deg]
#   5 DELTA_J2000            Declination of barycenter (J2000)                          [deg]
#   6 FWHM_IMAGE             FWHM assuming a gaussian core                              [pixel]
#   7 FWHM_WORLD             FWHM assuming a gaussian core                              [deg]
#   8 MAG_BEST               Best of MAG_AUTO and MAG_ISOCOR                            [mag]
#   9 MAG_APER               Fixed aperture magnitude vector                            [mag]
#  10 MAGERR_APER            RMS error vector for fixed aperture mag.                   [mag]
#  11 FLUX_APER              Flux vector within fixed circular aperture(s)              [count]
#  12 FLUXERR_APER           RMS error vector for aperture flux(es)                     [count]
#  13 BACKGROUND             Background at centroid position                            [count]
#  14 ELLIPTICITY            1 - B_IMAGE/A_IMAGE                                       
#  15 FLAGS                  Extraction flags                                          
         1    833.618    188.455 238.0211557 +33.0300567   200.38   0.02148625 -16.1672 -12.5898   0.0086     108627.5      861.151     1436.942    0.906  24
         2    457.757    121.213 238.0695586 +33.0361984     8.36 0.0008960476 -14.2331 -14.2407   0.0021     496897.4     967.2035     1564.484    0.132   0
         3    434.950    195.486 238.0723606 +33.0282090    10.01  0.001073639 -10.1526 -10.2072   0.0747      12102.6     832.7042     1614.883    0.341   0
         4     59.598    250.091 238.1204833 +33.0213297    12.71  0.001362482 -10.6729 -10.7155   0.0469     19328.74     834.6846      1473.74    0.369   0
         5    174.980    270.315 238.1056261 +33.0194971     8.56 0.0009178751 -11.8067 -11.8359   0.0169      54243.5     845.2614     1568.358    0.215   0
         6    261.005    293.997 238.0945343 +33.0172113     4.20 0.0004504245  -8.8450  -9.5681   0.1343     6718.097     830.8053     1625.802    0.014   0
         7    490.789    360.559 238.0649038 +33.0107485     7.31 0.0007833638 -12.4284 -12.4583   0.0097      96230.8     857.3858     1716.571    0.083   0
         8    519.580    363.505 238.0612008 +33.0105138     3.68 0.0003946972  -7.9225  99.0000  99.0000    -2244.499     829.0393     1721.355    0.589   0
         9      3.268    431.836 238.1273937 +33.0017758     6.96 0.0007465247 -10.8434 -10.8931   0.0315     22762.78     659.7721      1530.52    0.339  24
        10    719.772    885.335 238.0346110 +32.9553785     4.73 0.0005069031  -9.5926  99.0000  99.0000    -48415.34     829.0627     1302.871    0.069   0
        11    888.237    888.141 238.0129815 +32.9555388    56.50   0.00605847 -14.5526 -12.8436   0.0069     137222.1      869.435     547.3597    0.149  17
        12    840.987    830.378 238.0191425 +32.9615743    75.01  0.008043554 -14.1870 -13.2394   0.0049     197596.4     886.2523     1312.821    0.467  16
        13    714.597    774.729 238.0354610 +32.9671675     7.08 0.0007588008 -10.4766 -10.5816   0.0530     17086.61     834.0593     1771.718    0.070   0
        14    799.611    800.588 238.0245038 +32.9646405    25.20  0.002702323 -12.3517 -11.8833   0.0162     56663.07     845.6318     1675.373    0.414   1
        15    100.467    780.684 238.1142912 +32.9648241     7.87 0.0008437129 -12.2563 -11.9057   0.0159     57847.53     846.3956     1602.905    0.087   0
        16    712.714    682.899 238.0358571 +32.9769620     7.39 0.0007922762 -10.9429 -10.9805   0.0368     24672.45     836.5625     1772.593    0.095   0
        17    405.678    699.019 238.0752506 +32.9743939     0.87 9.298155e-05  -9.3418  -9.8574   0.1030     8769.333     831.6795     1758.977    0.167   0
        18    722.464    647.877 238.0346640 +32.9807260     6.71 0.0007191346 -11.3749 -11.4178   0.0247     36907.34     840.0951     1765.039    0.048   0
        19    707.447    784.557 238.0363625 +32.9660992     6.96 0.0007462341 -11.2276 -11.2682   0.0283     32156.45     838.7265     1771.545    0.097   0
