#   1 NUMBER                 Running object number                                     
#   2 X_IMAGE                Object position along x                                    [pixel]
#   3 Y_IMAGE                Object position along y                                    [pixel]
#   4 ALPHA_J2000            Right ascension of barycenter (J2000)                      [deg]
#   5 DELTA_J2000            Declination of barycenter (J2000)                          [deg]
#   6 FWHM_IMAGE             FWHM assuming a gaussian core                              [pixel]
#   7 FWHM_WORLD             FWHM assuming a gaussian core                              [deg]
#   8 MAG_BEST               Best of MAG_AUTO and MAG_ISOCOR                            [mag]
#   9 MAG_APER               Fixed aperture magnitude vector                            [mag]
#  10 MAGERR_APER            RMS error vector for fixed aperture mag.                   [mag]
#  11 FLUX_APER              Flux vector within fixed circular aperture(s)              [count]
#  12 FLUXERR_APER           RMS error vector for aperture flux(es)                     [count]
#  13 BACKGROUND             Background at centroid position                            [count]
#  14 ELLIPTICITY            1 - B_IMAGE/A_IMAGE                                       
#  15 FLAGS                  Extraction flags                                          
         1    832.569    170.273 327.8176970 +28.9485058   209.94    0.0226787 -16.4511 -12.9545   0.0071       151980     999.4307     1669.657    0.902  18
         2    854.740     35.283 327.8152827 +28.9631109    10.01  0.001080816 -12.3585 -12.5223   0.0105     102074.2     987.0533     1334.119    0.277   3
         3    426.053     86.406 327.8681740 +28.9565303     7.86 0.0008486077 -13.0720 -13.0904   0.0063     172246.8     1004.383     1779.526    0.253   0
         4    444.804     99.756 327.8658220 +28.9551385     7.75 0.0008372462 -12.9396 -12.9710   0.0070     154315.4     999.8319     1803.893    0.256   0
         5     45.112     89.962 327.9152745 +28.9551784     7.45 0.0008052152 -11.2455 -11.3117   0.0314     33470.95     969.2795     1337.802    0.216   0
         6    198.255    128.379 327.8962397 +28.9514289     7.93 0.0008566753 -13.4420 -13.4702   0.0045     244391.5     1022.336     1680.786    0.268   0
         7    707.686    202.887 327.8330602 +28.9446804     6.91 0.0007459099 -11.8046 -11.8581   0.0191     55365.39     974.9102     1976.707    0.168   0
         8    173.346    197.066 327.8991474 +28.9439620     8.04 0.0008684115 -10.4012 -10.3177   0.0781     13399.58     964.0345     1728.141    0.276   0
         9    586.115    216.507 327.8480595 +28.9429089     7.06 0.0007627151 -11.8735 -11.9363   0.0178     59500.99     976.1039     1947.017    0.190   0
        10    437.600    236.365 327.8663743 +28.9403956     6.93 0.0007488629 -12.1645 -12.1859   0.0142     74881.73     979.6356     1911.549    0.227   0
        11    300.366    238.769 327.8833370 +28.9397898     4.78 0.0005159737  -9.4556  -8.7732   0.3232     3230.605     961.4482     1851.297    0.322   0
        12    603.415    299.843 327.8457156 +28.9339696     6.49 0.0007014733 -12.3990 -12.4240   0.0115     93235.32     984.5204     1996.666    0.152   0
        13    261.023    294.002 327.8880635 +28.9337366     0.00            0  -8.8802  -9.7298   0.1340     7796.805     962.3364     1886.235    0.001   0
        14    752.118    304.534 327.8273182 +28.9338344     7.22 0.0007803008  -9.6413  99.0000  99.0000    -631.1988     960.8252     2025.486    0.203   0
        15    568.260    333.167 327.8499801 +28.9302897     6.37 0.0006881184 -11.9806 -11.9889   0.0170     62451.97     976.8862     2013.991    0.165   0
        16    500.020    344.514 327.8583891 +28.9288956     6.64  0.000717212 -11.2019 -11.3113   0.0315      33458.6     969.3571     2006.014    0.161   0
        17    144.827    356.436 327.9022729 +28.9267112     5.60 0.0006048789  -9.9704 -10.9891   0.0422     24867.01     967.0578     1856.495    0.187   0
        18    494.810    368.294 327.8589746 +28.9263193     6.43 0.0006948071 -10.4089 -10.0262   0.1021      10243.8     963.3785     2021.714    0.195   0
        19    329.607    371.195 327.8793915 +28.9255900     3.46 0.0003739182  -9.5439 -10.6716   0.0565     18562.04     965.2372     1985.993    0.424   0
        20    551.755    386.485 327.8518895 +28.9245013     5.71 0.0006173154  -9.5304 -10.1690   0.0896     11684.42     963.8335     2047.614    0.349   0
        21    267.182    427.331 327.8869689 +28.9193810     6.31 0.0006820017 -12.5823 -12.6658   0.0092     116501.5     990.5953     1987.775    0.188   0
        22    860.981    422.896 327.8135714 +28.9213461     6.49 0.0007015833 -10.8067 -10.6061   0.0600     17475.42     965.2262     1762.081    0.121   0
        23     60.470    888.934 327.9113580 +28.8690993     3.92 0.0004237654 -10.4076  99.0000  99.0000    -90300.71     960.7437     1519.476    0.065   0
        24    888.309    888.275 327.8090677 +28.8712509    55.54  0.005999767 -14.7759 -13.0923   0.0063     172550.3     1004.589     553.6953    0.151  17
        25    584.224    908.342 327.8465932 +28.8683326     3.71 0.0004002438 -11.1540  99.0000  99.0000    -192926.7     960.7165     1349.863    0.045   0
        26    744.354    607.231 327.8275404 +28.9011879     5.56 0.0006005716 -11.7131 -11.5893   0.0244     43222.59     971.7914     2083.882    0.103   0
        27    847.251    589.757 327.8148644 +28.9033264     7.65  0.000826482 -10.8147 -10.9246   0.0448      23433.6     966.8222     1955.494    0.186   0
        28    811.745    565.435 327.8193121 +28.9058602     5.54  0.000597927 -11.2830 -11.3324   0.0309     34114.83     969.5264     2043.845    0.078   0
        29    301.737    565.368 327.8823528 +28.9045901     6.49 0.0007015442 -10.6316 -10.8178   0.0494     21239.15     966.2816     2041.847    0.202   0
        30    307.914    527.642 327.8816834 +28.9086721     5.98 0.0006464588 -10.3220 -10.0607   0.0989     10575.24     963.4916     2037.132    0.198   0
        31    858.716    514.045 327.8136306 +28.9115156     6.16 0.0006650417 -11.7409 -11.5678   0.0249     42375.85     971.7617     1877.098    0.130   0
        32    505.226    483.418 327.8574026 +28.9139364     6.18 0.0006674446 -11.2770 -11.3984   0.0291     36253.09     969.7814     2064.413    0.127   0
        33    224.184    453.582 327.8922186 +28.9164423     6.34  0.000685085 -11.2358 -11.3434   0.0305     34464.45     969.1855     1979.793    0.221   0
        34    748.713    498.385 327.8272668 +28.9129311     6.00 0.0006482286 -12.1623 -12.2211   0.0138     77346.73     980.6107     2078.043    0.099   0
        35     54.804    822.551 327.9122256 +28.8762401     5.65 0.0006102169 -10.8718 -11.1871   0.0352     29842.71     968.2354     1801.017    0.131   0
        36    449.257    851.859 327.8634097 +28.8740823     5.28 0.0005703577 -12.4832 -12.5589   0.0102     105572.5     987.6483     1948.132    0.112   0
        37    163.818    842.588 327.8987044 +28.8743588     6.91 0.0007460093 -11.6575 -11.6902   0.0223     47432.61     972.5786     1864.355    0.032   0
        38    572.309    820.490 327.8482813 +28.8777723     5.14 0.0005557116 -12.7048 -12.6753   0.0092     117518.4     990.8256     2047.698    0.074   0
        39    305.828    490.860 327.8820329 +28.9126314     5.88 0.0006348753 -13.5117 -13.5322   0.0043     258738.6     1025.915     2031.794    0.152   0
        40    672.716    798.561 327.8359272 +28.8803866     5.30 0.0005727158 -10.7003 -10.3969   0.0727     14413.11     964.4056      2104.95    0.099   0
        41    404.594    813.645 327.8690235 +28.8780888     4.93  0.000532734  -9.5761  -9.0584   0.2486     4201.174     961.5648     2035.485    0.173   0
        42    794.918    761.402 327.8209159 +28.8846955    10.29  0.001111931 -11.5922 -11.5596   0.0251     42056.07     971.4106     2062.559    0.155   0
        43    236.969    883.867 327.8895620 +28.8700955     4.47 0.0004832331 -12.6540 -11.4503   0.0277     38030.79     970.5087     1669.428    0.074   0
        44    600.620    645.126 327.8452132 +28.8967453     6.64 0.0007175247  -9.6873  -9.8619   0.1188     8805.619     962.9781     2089.376    0.208   0
        45    105.813    688.846 327.9062590 +28.8907822     6.09  0.000657996 -10.9095 -11.1159   0.0376     27949.67     967.7734     1923.887    0.178   0
        46    532.969    707.495 327.8534211 +28.8898533     5.40 0.0005835018 -13.1978 -13.2582   0.0055     201039.6     1011.602     2089.389    0.098   0
        47    797.411    685.440 327.8207924 +28.8928895     5.54 0.0005983583 -13.4170 -13.4720   0.0045     244788.3     1022.204     2084.175    0.074   0
        48    248.416    659.972 327.8887071 +28.8942576     4.28 0.0004623843  -9.5538 -10.5022   0.0660     15881.24     964.4343     2038.687    0.250   0
        49    652.410    645.509 327.8388112 +28.8968333     6.03 0.0006512561 -10.5450 -10.8208   0.0493     21297.55     966.1887     2092.497    0.166   0
        50    667.989    583.879 327.8370364 +28.9035151     6.06 0.0006549681 -10.9712 -10.9695   0.0430     24423.79     966.9432     2083.572    0.089   0
        51    839.029    828.739 327.8153014 +28.8775465    77.07   0.00832521 -14.1619 -13.4900   0.0045       248888     1023.461     1557.073    0.301  16
        52    696.829    555.859 327.8335401 +28.9066071     5.62 0.0006075043 -11.6084 -11.3968   0.0291     36201.27     970.2257     2084.143    0.137   0
        53    302.251    549.399 327.8823292 +28.9063126     5.72 0.0006177484 -12.3708 -12.4379   0.0113     94445.16     984.6155     2038.651    0.146   0
        54    798.507    538.531 327.8210138 +28.9087274     5.73 0.0006191042 -14.8564 -14.8876   0.0014     901643.9     1172.069     2075.814    0.111   0
