#   1 NUMBER                 Running object number                                     
#   2 X_IMAGE                Object position along x                                    [pixel]
#   3 Y_IMAGE                Object position along y                                    [pixel]
#   4 ALPHA_J2000            Right ascension of barycenter (J2000)                      [deg]
#   5 DELTA_J2000            Declination of barycenter (J2000)                          [deg]
#   6 FWHM_IMAGE             FWHM assuming a gaussian core                              [pixel]
#   7 FWHM_WORLD             FWHM assuming a gaussian core                              [deg]
#   8 MAG_BEST               Best of MAG_AUTO and MAG_ISOCOR                            [mag]
#   9 MAG_APER               Fixed aperture magnitude vector                            [mag]
#  10 MAGERR_APER            RMS error vector for fixed aperture mag.                   [mag]
#  11 FLUX_APER              Flux vector within fixed circular aperture(s)              [count]
#  12 FLUXERR_APER           RMS error vector for aperture flux(es)                     [count]
#  13 BACKGROUND             Background at centroid position                            [count]
#  14 ELLIPTICITY            1 - B_IMAGE/A_IMAGE                                       
#  15 FLAGS                  Extraction flags                                          
         1    841.539     80.115 200.9193085 +36.1181371   133.83   0.01444437 -14.5051 -12.3696   0.0061     88682.88     498.6145     729.4505    0.609  16
         2    821.742      9.401 200.9221014 +36.1256849    78.50  0.008471795 -13.5065 -12.2578   0.0063     80009.05     463.0557     439.1444    0.782  24
         3    248.178     61.372 200.9988734 +36.1184174     1.42 0.0001531056  -8.1591  -9.4964   0.0786     6288.519     455.3062     778.3814    0.176   0
         4     76.659     93.973 201.0217925 +36.1143999     0.56 6.013676e-05  -8.9938 -10.3905   0.0349     14327.97     459.8375     832.9925    0.199   0
         5    695.447    199.458 200.9386510 +36.1048802     4.90 0.0005293782 -15.4983 -15.5284   0.0007      1626855      1008.79     909.4164    0.079   4
         6    782.600    197.132 200.9269765 +36.1053827     4.80 0.0005178849 -15.0264 -15.0595   0.0009      1056378     855.7601     909.9625    0.072   0
         7    136.261    208.105 201.0135654 +36.1023041     4.36 0.0004710906 -13.2487 -13.2992   0.0029     208767.7     555.5499     860.9851    0.030   0
         8    484.504    199.958 200.9669173 +36.1042109    -0.29 -3.175862e-05  -7.2160  -8.3376   0.2275         2163      453.099     901.2094    0.316   0
         9    559.221    205.703 200.9568933 +36.1038119     4.55 0.0004909511  -8.7034  -9.1458   0.1084     4553.055     454.4413     904.5116    0.166   0
        10    347.919    269.865 200.9850763 +36.0962910     4.37 0.0004718159  -8.7134  -8.2582   0.2448     2010.402     453.0913     892.7857    0.094   0
        11    636.838    330.545 200.9462422 +36.0906123     4.49 0.0004841024 -10.8941 -11.0371   0.0195     25991.06     466.0981     903.9456    0.093   0
        12    786.991    334.002 200.9261175 +36.0906759     0.00            0  -8.3114  -8.8878   0.1373     3590.234     453.7458     906.7821    0.023   0
        13    276.859    376.781 200.9943762 +36.0845826     8.80  0.000949349  -9.3931  -9.5094   0.0777     6364.315     455.4112     882.1679    0.208   0
        14    213.535    439.327 201.0027294 +36.0776684     7.68 0.0008292635  -9.0835  -9.1088   0.1121     4400.568     454.3447     868.0778    0.144   0
        15     41.515    487.990 201.0256697 +36.0719214     4.98 0.0005373148  -9.1635  -9.2197   0.1013     4873.787     454.5541     824.3348    0.143   0
        16    155.404    528.900 201.0103291 +36.0678624     4.08 0.0004404966 -12.9866 -13.0357   0.0035     163780.2     534.8144     849.6801    0.065   0
        17    887.496    912.313 200.9115199 +36.0287717     4.31 0.0004648441  -9.4885 -10.9109   0.0218     23139.37     464.5785     783.6489    0.577   0
        18    125.426    880.766 201.0136069 +36.0299327     6.80  0.000733644  -8.9966  -9.2590   0.0977     5053.678     454.6531     756.2416    0.114   0
        19    553.983    703.288 200.9565908 +36.0502848     5.86 0.0006328974 -10.2509 -10.3640   0.0357     13983.03     459.6248     870.8345    0.107   0
        20    681.977    805.290 200.9392473 +36.0396880     0.92 9.915882e-05  -7.1997  -5.0662   4.6178      106.291     451.9628     856.6303    0.065   0
        21    547.462    724.092 200.9574220 +36.0480284     3.92 0.0004232185  -9.7261  -9.8910   0.0549      9044.52     456.9308      865.683    0.148   0
        22     63.027    772.246 201.0221891 +36.0414165     4.53 0.0004888104  -8.6783  -8.5807   0.1820     2705.662     453.3729     781.0771    0.211   0
        23    781.836    595.338 200.9262914 +36.0625561     4.25 0.0004591506 -10.3517 -10.4708   0.0324     15428.87     460.3855     894.9947    0.091   0
        24    237.498    718.887 200.9989390 +36.0476751     4.15 0.0004479047 -10.3071 -10.2939   0.0380     13108.82     459.1742     831.1012    0.113   0
        25    502.303    670.256 200.9635783 +36.0536859     4.04 0.0004362931 -10.2301 -10.3256   0.0370      13496.9     459.3226     874.5835    0.055   0
        26    880.106    685.516 200.9129532 +36.0531410     7.90 0.0008521765 -10.3240 -10.7763   0.0246     20441.59      463.087     845.4131    0.044   0
        27    909.613    898.062 200.9085868 +36.0303678     3.97 0.0004282459  -8.7858  99.0000  99.0000    -5924.161     451.8912     749.3162    0.043   0
        28    719.850    561.764 200.9346603 +36.0659873     5.36 0.0005790047  -8.6244  -8.7551   0.1551     3177.204      453.671     895.9717    0.063   0
        29    879.691    891.850 200.9126048 +36.0309500     4.63 0.0004993658  -9.4125 -10.9539   0.0210     24074.35     465.0689     800.5563    0.462   0
