#   1 NUMBER                 Running object number                                     
#   2 X_IMAGE                Object position along x                                    [pixel]
#   3 Y_IMAGE                Object position along y                                    [pixel]
#   4 ALPHA_J2000            Right ascension of barycenter (J2000)                      [deg]
#   5 DELTA_J2000            Declination of barycenter (J2000)                          [deg]
#   6 FWHM_IMAGE             FWHM assuming a gaussian core                              [pixel]
#   7 FWHM_WORLD             FWHM assuming a gaussian core                              [deg]
#   8 MAG_BEST               Best of MAG_AUTO and MAG_ISOCOR                            [mag]
#   9 MAG_APER               Fixed aperture magnitude vector                            [mag]
#  10 MAGERR_APER            RMS error vector for fixed aperture mag.                   [mag]
#  11 FLUX_APER              Flux vector within fixed circular aperture(s)              [count]
#  12 FLUXERR_APER           RMS error vector for aperture flux(es)                     [count]
#  13 BACKGROUND             Background at centroid position                            [count]
#  14 ELLIPTICITY            1 - B_IMAGE/A_IMAGE                                       
#  15 FLAGS                  Extraction flags                                          
         1      9.968     81.416 237.9938838 +32.9327534    60.89   0.00652892 -13.1379 -12.2677   0.0079     80741.99     585.3393      447.008    0.604  24
         2    192.245     29.723 237.9705720 +32.9387647    28.31   0.00303537 -11.9589 -11.3941   0.0182     36110.02      603.672     685.6528    0.127   1
         3    136.122     10.808 237.9778060 +32.9406306    84.72  0.009084345 -14.3205 -13.0734   0.0040       169582     629.7041     359.3426    0.744  24
         4    144.347     84.800 237.9766316 +32.9327584    26.79  0.002872998 -12.0944 -11.4089   0.0179     36605.47     603.7311     1018.726    0.440   2
         5    908.967     82.010 237.8784984 +32.9350937     6.02 0.0006454187 -11.6029 -11.4408   0.0174     37697.54     604.1183     1026.691    0.197   3
         6    416.321     85.237 237.9417241 +32.9334454     6.76 0.0007248314 -11.4193 -11.3656   0.0186     35174.62     603.2682     1133.524    0.026   0
         7    912.493     81.491 237.8780467 +32.9351583     3.74  0.000401382 -10.6132 -10.4309   0.0434     14871.49     594.8608     1020.415    0.060   3
         8     63.876    109.964 237.9869189 +32.9298547    16.29  0.001746542  -9.9526  99.0000  99.0000    -7376.653      588.511     791.3719    0.585   0
         9     86.154    123.526 237.9840379 +32.9284684     7.65 0.0008205862 -10.6475 -11.1436   0.0227     28670.66     600.5506     979.4425    0.593  16
        10    547.446    133.312 237.9248205 +32.9286662     5.80 0.0006215079 -11.0424 -10.8870   0.0287     22637.03     598.0828     1196.107    0.055   0
        11    981.926    188.712 237.8689768 +32.9238995     6.32 0.0006780594 -14.8195 -14.8504   0.0011     871304.3     884.3284     1103.546    0.126   0
        12    974.857    172.147 237.8699084 +32.9256486     8.81 0.0009450466 -10.4786 -10.6481   0.0356     18164.82     596.1447     1105.914    0.558   0
        13    946.820    198.040 237.8734683 +32.9228128     6.18 0.0006630691  -9.3391  -9.9547   0.0671     9591.098     592.4887     1117.009    0.464   0
        14    176.196    249.826 237.9722802 +32.9152376     5.60 0.0006006102 -11.9571 -12.0137   0.0104     63895.92     614.7846     1226.785    0.021   0
        15     73.743    241.894 237.9854396 +32.9158055     5.71 0.0006122979 -10.4432 -11.3879   0.0183     35905.74     603.6361     1107.052    0.459   0
        16     76.512    255.312 237.9850627 +32.9143815     7.44 0.0007976912 -10.9360 -11.3598   0.0187      34987.5      603.207     1122.413    0.205   0
        17    246.269    263.614 237.9632666 +32.9139562     6.94 0.0007442017  -9.6161  -9.6732   0.0868      7400.97     591.6632     1226.764    0.232   0
        18    562.487    404.666 237.9224728 +32.8997545    23.53  0.002523156 -17.0471 -17.0529   0.0003      6624858     1912.813     1206.459    0.199   4
        19    879.835    302.882 237.8819086 +32.9114516     7.03 0.0007533997  -9.4694  -9.7200   0.0832     7726.606     591.7842     1124.158    0.274   0
        20    776.511    334.687 237.8951189 +32.9077870     5.45 0.0005844808 -12.1911 -12.2454   0.0085     79098.98     621.2516     1156.403    0.080   0
        21    149.451    368.484 237.9755219 +32.9025051     5.31   0.00056894 -12.8467 -12.8734   0.0050     141048.5      645.715     1225.399    0.024   0
        22    429.392    345.174 237.9396413 +32.9057467     3.45 0.0003695148  -8.5422  -9.2374   0.1294     4954.163     590.3629     1217.031    0.424   0
        23    434.071    356.032 237.9390240 +32.9046007     6.41 0.0006869207  -9.3952  -9.6131   0.0917     7002.147     591.4781     1216.528    0.101   0
        24     75.341    359.522 237.9850449 +32.9032598     5.70 0.0006108862 -10.2551 -11.2659   0.0204     32087.94     602.0366     1107.928    0.722   0
        25    780.881    366.922 237.8945097 +32.9043592     4.65 0.0004983237  -9.1090  -9.3643   0.1153     5568.323     590.9547     1148.153    0.399   0
        26    332.976    369.533 237.9519737 +32.9028890     6.63 0.0007113428  -9.0265  -9.4060   0.1109     5786.401     591.0138     1218.923    0.273   0
        27     75.792    378.403 237.9849565 +32.9012465     4.08 0.0004376014  -9.6658 -11.3009   0.0197     33141.48     602.2787     1110.792    0.635   2
        28    200.208    393.275 237.9689703 +32.8999976     5.26 0.0005636121 -11.8591 -11.9555   0.0110     60563.48     613.6356      1223.56    0.003   0
        29     77.965    393.256 237.9846538 +32.8996677     4.27 0.0004576645  -9.7268 -11.2813   0.0201     32546.54     602.2107     1119.189    0.624   0
        30     77.974    413.620 237.9846198 +32.8974951     5.66 0.0006066943 -10.1146 -11.2410   0.0208     31360.57     601.5065     1116.473    0.717   0
        31    169.999    433.606 237.9727815 +32.8956128     2.61 0.0002796079  -8.4355  -9.2045   0.1334      4806.24     590.3999     1220.492    0.333   0
        32     79.003    438.227 237.9844481 +32.8948725     6.48 0.0006953088 -10.5838 -11.2687   0.0203     32172.11     601.7948     1120.331    0.335   0
        33    366.835    451.816 237.9475005 +32.8942009     5.62 0.0006026093  -9.7985  -9.9295   0.0686      9371.49     592.3795     1213.669    0.087   0
        34    956.850    495.334 237.8717421 +32.8911193     5.41 0.0005803168 -12.7020 -12.7419   0.0056     124952.8     639.2997     1040.567    0.132   0
        35     74.725    546.342 237.9848225 +32.8833257    23.18  0.002485609 -12.7068 -11.4518   0.0172     38081.54     604.4717     1093.904    0.521   0
        36    225.234    524.273 237.9655513 +32.8860887     6.47  0.000693217  -9.2072  -9.5015   0.1016     6318.346     591.2222     1212.679    0.106   0
        37     84.255    894.745 237.9830391 +32.8461794     6.44 0.0006904018 -10.7032 -11.3548   0.0188     34826.55     603.1077     1040.044    0.321   0
        38    581.955    945.314 237.9191459 +32.8421223     4.95 0.0005304971  -9.9506  -9.9910   0.0649     9917.743     592.7918     1035.086    0.141   0
        39    747.319    940.254 237.8979513 +32.8430997     4.96 0.0005313299 -12.7381 -12.7786   0.0054     129254.9     641.1327     965.4624    0.177   0
        40     83.290    886.424 237.9831763 +32.8470646     6.39 0.0006856552 -10.5658 -11.3327   0.0192     34125.82     602.8335     1039.529    0.683   0
        41     80.666    648.448 237.9838960 +32.8724479     5.43 0.0005824798 -10.1622 -11.3277   0.0193     33969.81     602.6712     1110.627    0.712   2
        42    744.314    644.622 237.8987824 +32.8746340     5.09 0.0005456842  -9.7154  -9.8071   0.0768     8371.856     592.0568     1082.427    0.115   0
        43    890.420    619.344 237.8800799 +32.8777146     5.53 0.0005927715  -8.8078  -9.0719   0.1507     4253.814     590.3319     1024.136    0.164   0
        44    433.299    612.662 237.9387234 +32.8772178     4.76 0.0005104475 -12.6378 -12.6836   0.0058       118427     636.8503     1193.698    0.039   0
        45    396.703    778.099 237.9431590 +32.8594688     5.74 0.0006154445  -8.8562  -8.9585   0.1673     3831.842     590.3856     1149.971    0.302   0
        46    784.555    898.026 237.8932403 +32.8477031     1.10 0.0001178455  -7.7814  -6.2885   1.9511     327.6323     588.6169     965.9866    0.106   0
        47     84.491    864.970 237.9830567 +32.8493569     3.74 0.0004009946  -9.5225 -11.2875   0.0200      32733.8     602.2559     1053.765    0.378   0
        48    716.168    875.879 237.9020427 +32.8498859     4.69 0.0005030104 -11.9168 -11.9732   0.0108     61557.32     614.1042     1008.265    0.153   0
        49     79.122    663.383 237.9840699 +32.8708502     8.15  0.000874262 -11.1668 -11.3807   0.0184     35667.67     603.4888     1096.601    0.380   2
        50    772.101    828.857 237.8949413 +32.8550503     4.85  0.000519629 -10.8106 -10.8533   0.0296      21945.2     597.7443     1001.458    0.164   0
        51    682.102    688.071 237.9066960 +32.8698339     4.69  0.000503201 -11.8475 -11.8925   0.0116     57146.91     612.3541     1093.732    0.093   0
        52     80.369    854.997 237.9836014 +32.8504097     4.20 0.0004508314  -9.7096 -11.2683   0.0203     32161.72     601.7905      1038.76    0.587   0
        53     77.096    689.789 237.9842872 +32.8680274     9.72  0.001042333 -11.2067 -11.3934   0.0182     36086.89     603.6299     1079.589    0.637   2
        54    148.341    806.687 237.9749630 +32.8557488     4.39 0.0004702022 -11.8601 -11.8921   0.0116     57127.12      612.346     1159.368    0.067   0
        55     83.868    827.012 237.9831977 +32.8534050     6.96 0.0007463037 -10.7845 -11.3028   0.0197     33199.49     602.4492     1068.972    0.393   0
        56     81.098    804.290 237.9835896 +32.8558217     6.41 0.0006877132 -10.6378 -11.3516   0.0189     34724.78     603.1956     1063.478    0.316   0
        57     79.147    776.563 237.9838844 +32.8587747     4.45 0.0004771186  -9.8133 -11.3222   0.0194     33797.85     602.7462     1063.384    0.316   0
        58     84.578    710.824 237.9832937 +32.8658034     5.92 0.0006348001 -10.1772 -11.2289   0.0211     31012.85     601.3945     1114.818    0.590   0
        59     78.992    739.215 237.9839644 +32.8627591     9.24 0.0009911332 -11.3267 -11.3142   0.0195      33548.2     602.3824     1076.918    0.433   0
        60    520.245    714.656 237.9274138 +32.8665679     1.20 0.0001288148  -9.6285  -9.7951   0.0777      8279.88     592.0676     1144.552    0.119   0
        61    497.184    735.750 237.9303389 +32.8642558     1.47 0.0001573726  -7.4501  -8.1572   0.3493     1831.846     589.2555     1145.665    0.208   0
        62     75.546    630.691 237.9845813 +32.8743285     6.01 0.0006440856 -10.4705 -11.3042   0.0197     33242.64     602.4508     1088.605    0.523   0
        63    702.177    667.090 237.9041530 +32.8721255     4.65 0.0004981668  -8.7921  -8.6371   0.2247     2849.915     589.7039     1093.079    0.243   0
        64    527.303    662.525 237.9265890 +32.8721488     5.83 0.0006250641  -9.3518  -9.3457   0.1172     5473.462     590.8648     1158.295    0.093   0
        65     80.800    906.576 237.9834630 +32.8449077     9.36  0.001003556 -11.2885 -11.3319   0.0192     34099.25     602.5948     1020.936    0.657   2
        66    608.005    538.115 237.9164286 +32.8856372     6.46 0.0006930249  -8.9926  -9.2803   0.1245     5153.765     590.6797     1165.625    0.316   0
        67    167.141    960.172 237.9723070 +32.8394239     0.84 8.995632e-05  -7.7016  -9.2766   0.1249     5136.284     590.7885     1097.852    0.130   0
        68    307.471    574.225 237.9549234 +32.8809810     5.41 0.0005797912  -9.6072  -9.5782   0.0947     6781.009     591.4178     1207.566    0.064   0
        69    646.174    999.754 237.9108292 +32.8364843     4.71 0.0005045548 -12.5720 -12.6105   0.0062     110714.7     633.8002     988.3788    0.168   0
        70    572.502    560.835 237.9209480 +32.8831188     8.73 0.0009358475  -9.6154  -9.6825   0.0861     7464.446     591.6238     1171.423    0.133   0
        71     81.845    986.588 237.9832002 +32.8363738     7.46 0.0008002559 -10.9268 -10.9926   0.0261     24947.51     598.9333     1000.569    0.261   0
        72     94.636    549.059 237.9822641 +32.8830900     5.26 0.0005634851  -9.7868 -10.3585   0.0464     13912.88     594.4084     1199.806    0.136   0
        73     82.887    941.911 237.9831386 +32.8411435     5.02 0.0005384808 -10.1130 -11.2398   0.0209     31327.45     601.7207     1016.689    0.281   0
