#   1 NUMBER                 Running object number                                     
#   2 X_IMAGE                Object position along x                                    [pixel]
#   3 Y_IMAGE                Object position along y                                    [pixel]
#   4 ALPHA_J2000            Right ascension of barycenter (J2000)                      [deg]
#   5 DELTA_J2000            Declination of barycenter (J2000)                          [deg]
#   6 FWHM_IMAGE             FWHM assuming a gaussian core                              [pixel]
#   7 FWHM_WORLD             FWHM assuming a gaussian core                              [deg]
#   8 MAG_BEST               Best of MAG_AUTO and MAG_ISOCOR                            [mag]
#   9 MAG_APER               Fixed aperture magnitude vector                            [mag]
#  10 MAGERR_APER            RMS error vector for fixed aperture mag.                   [mag]
#  11 FLUX_APER              Flux vector within fixed circular aperture(s)              [count]
#  12 FLUXERR_APER           RMS error vector for aperture flux(es)                     [count]
#  13 BACKGROUND             Background at centroid position                            [count]
#  14 ELLIPTICITY            1 - B_IMAGE/A_IMAGE                                       
#  15 FLAGS                  Extraction flags                                          
         1    844.289     79.146 327.8139221 +28.8486998   127.05   0.01372571 -14.5923 -11.9856   0.0078     62266.66     446.5745      673.195    0.625  19
         2    589.151     30.344 327.8455804 +28.8533274     5.85 0.0006320989 -12.9751 -12.9589   0.0035     152607.3     494.5504     682.2479    0.131   0
         3    819.962      8.941 327.8171030 +28.8562044    72.67  0.007850133 -13.1794 -11.9194   0.0077     58580.65     412.7491     463.1624    0.777  24
         4    476.528      9.877 327.8595533 +28.8552519     5.37 0.0005797526 -11.4913 -11.2394   0.0140     31315.22     402.6396      631.394    0.287  16
         5    792.155     60.028 327.8204135 +28.8506315    12.50  0.001349933 -11.3259 -11.5019   0.0118     39882.09     433.8404     668.3157    0.231   3
         6    750.294     57.658 327.8255937 +28.8507836     6.48 0.0007000898 -12.8534 -12.9064   0.0037     145394.9     490.9297      707.561    0.073   2
         7    811.654     70.187 327.8179781 +28.8495848    12.32  0.001330594 -11.2159 -11.3366   0.0137     34248.76     430.5819     685.9202    0.029   3
         8    765.219     55.518 327.8237542 +28.8510510     9.35  0.001009821 -10.0755 -11.0586   0.0175     26511.45     426.0994      684.863    0.165   3
         9    563.658     82.191 327.8486014 +28.8476776     5.82 0.0006286515 -12.8162 -12.8823   0.0037     142207.5     489.2357      776.775    0.095   0
        10    615.373     95.605 327.8421757 +28.8463607     5.77 0.0006234943 -13.1696 -13.2228   0.0029     194590.8     515.2072      805.376    0.089   0
        11    355.091     65.055 327.8744240 +28.8490023     8.65   0.00093393  -9.4745  -9.9331   0.0480     9402.146     415.9171      728.963    0.214   0
        12    733.521    107.083 327.8275439 +28.8454167     5.88 0.0006351083 -12.4358 -12.4588   0.0052     96280.44     465.2469     808.1608    0.102   0
        13     31.291    116.352 327.9143139 +28.8426557     5.83 0.0006302629  -9.8357  -9.6787   0.0606     7438.609     414.7811     755.5718    0.085   0
        14    510.172    135.336 327.8550785 +28.8418180     5.48 0.0005921383 -11.2041 -11.1533   0.0160     28928.04     427.5261     804.0122    0.121   0
        15      2.877    129.340 327.9177923 +28.8411837     5.10 0.0005504884  -8.7828  -7.5258   0.3380     1024.079     318.7472     752.6964    0.228  24
        16    585.082    191.936 327.8456780 +28.8359060     5.57 0.0006012855 -14.7264 -14.7563   0.0010       798986      753.549     808.7066    0.080   0
        17    169.823    140.529 327.8971303 +28.8404027     6.28 0.0006782998  -9.1572  -8.9323   0.1198     3740.585     412.5346      775.159    0.128   0
        18    414.407    141.483 327.8668989 +28.8409162     6.08 0.0006569932  -9.5250  -9.5249   0.0697     6456.021     414.1079     799.5402    0.122   0
        19    694.717    191.996 327.8321282 +28.8361714     5.66 0.0006116594 -14.4507 -14.4811   0.0012     620042.8      691.577     811.0544    0.077   0
        20    926.644    144.769 327.8035808 +28.8418310     4.35 0.0004694149  -8.0933  99.0000  99.0000    -4191.119     333.6955      662.736    0.367  16
        21    358.188    152.915 327.8738183 +28.8395434     5.62 0.0006074109 -10.1062 -10.2032   0.0376     12057.95      417.499     797.8234    0.092   0
        22    119.186    188.271 327.9032660 +28.8351302     5.32 0.0005750124 -12.2043 -12.2701   0.0061     80915.24     456.8951     770.5023    0.054   0
        23    348.823    178.952 327.8749096 +28.8367144     6.27 0.0006775146  -9.3917  -9.4774   0.0727     6179.801     413.9526     798.4553    0.105   0
        24    769.313    178.561 327.8229424 +28.8378033     7.16 0.0007735458  -9.3774  -9.6634   0.0614     7334.509     414.6494     810.0203    0.141   0
        25    494.192    188.700 327.8569191 +28.8360282     5.81 0.0006277814  -9.6843  -9.8521   0.0517     8726.362     415.4305     805.0845    0.113   0
        26    168.312    199.157 327.8971668 +28.8340819     5.74 0.0006206337  -9.9762 -10.2022   0.0376     12047.35     417.5382     778.1101    0.156   0
        27    385.863    217.399 327.8702344 +28.8326648     5.26 0.0005684022 -12.3587 -12.4206   0.0054     92951.78     463.3521      801.668    0.085   0
        28    173.842    217.613 327.8964361 +28.8321073     5.21 0.0005630234 -11.9254 -11.9914   0.0077     62595.24     446.6838     778.9046    0.061   0
        29    489.048    205.311 327.8575129 +28.8342256     5.92 0.0006393251  -9.1517  -9.3550   0.0814     5520.541     413.6118     804.8492    0.184   0
        30    439.350    206.016 327.8636531 +28.8340253     6.81 0.0007353875  -8.6659  -9.0772   0.1049     4274.496     412.8119     803.4766    0.210   0
        31     93.884    242.351 327.9062539 +28.8292389     5.25 0.0005666814 -12.8217 -12.8651   0.0038     139972.5     488.1898     766.7523    0.036   0
        32    767.004    215.696 327.8231354 +28.8337964     7.40 0.0007993951  -8.7526  -9.1572   0.0975     4601.313     412.9637     811.1276    0.290   0
        33    144.389    226.173 327.9000540 +28.8311103     5.85 0.0006323794  -8.2825  -8.4183   0.1918     2329.782     411.4705     774.5451    0.445   0
        34    796.770    240.879 327.8193943 +28.8311563     5.65 0.0006106411 -10.7240 -10.8176   0.0216     21233.67      422.969     810.2629    0.124   0
        35    758.444    262.512 327.8240770 +28.8287309     5.61 0.0006058044 -12.7120 -12.7602   0.0041     127083.1     481.5242      811.303    0.113   0
        36    724.007    229.814 327.8284141 +28.8321690     3.88 0.0004189644  -7.1634  -8.4748   0.1821      2454.16     411.5576     811.9376    0.043   0
        37    805.603    260.528 327.8182539 +28.8290608    10.78  0.001164146 -10.4669 -10.4782   0.0293      15533.7      419.541     809.4717    0.100   0
        38     71.371    267.407 327.9089714 +28.8264820     5.28 0.0005703627 -11.7370 -11.7968   0.0091     52326.37     440.8343     762.6797    0.039   0
        39    411.644    281.904 327.8668851 +28.8257792     5.25 0.0005670349 -11.4988 -11.5598   0.0112     42064.05     435.1287     802.9871    0.060   0
        40     97.447    264.641 327.9057562 +28.8268463     5.39 0.0005817556  -8.4601  -9.4238   0.0764     5882.053     413.8303      767.475    0.134   0
        41    774.597    274.870 327.8220501 +28.8274391     5.82 0.0006287439 -10.2216 -10.4254   0.0308      14796.8     419.1131     810.4554    0.077   0
        42    690.559    267.926 327.8324527 +28.8279799     6.98 0.0007537556  -8.7436  -8.5045   0.1773     2522.424     411.7726     810.9815    0.219   0
        43     64.541    283.039 327.9097752 +28.8247803     5.30 0.0005721884 -10.4446 -10.5167   0.0283     16093.89     419.9541     761.5807    0.042   0
        44    609.593    292.952 327.8423956 +28.8250826     5.51  0.000594808 -10.5378 -10.6385   0.0254     18004.62     421.0109     807.3549    0.113   0
        45    141.987    282.004 327.9002076 +28.8250886     3.51  0.000379714  -7.9825  -8.2442   0.2251     1984.598     411.2839     773.0455    0.010   0
        46    831.171    290.007 327.8150212 +28.8259474     6.88 0.0007428963  -8.8751  99.0000  99.0000    -29.66387     410.0874     807.9778    0.202   0
        47    436.759    290.262 327.8637604 +28.8249415     6.51 0.0007037729  -9.2642  -9.4643   0.0736     6105.208     413.9191     803.3893    0.154   0
        48    471.169    293.939 327.8594990 +28.8246314     5.72 0.0006179923  -9.1523  -9.2728   0.0877     5118.132     413.3916     803.8348    0.145   0
        49    554.830    294.685 327.8491587 +28.8247597     8.04 0.0008688934  -8.8256  -9.0944   0.1032      4342.84     412.8417     805.0555    0.245   0
        50    745.504    311.202 327.8255550 +28.8234527     5.69 0.0006147609 -10.3007 -10.3762   0.0322     14140.43     418.6759     810.4371    0.157   0
        51    597.553    308.668 327.8438441 +28.8233594     5.62 0.0006070322  -9.9337 -10.0795   0.0421     10759.88     416.6867     806.2515    0.156   0
        52     84.375    308.406 327.9072590 +28.8220976     0.77 8.300388e-05  -9.1423  -8.5293   0.1732     2580.603     411.5998     765.1022    0.477   0
        53    290.614    328.157 327.8817237 +28.8204914     5.03 0.0005438339 -11.8927 -11.9423   0.0081      59829.3     445.1544     793.7532    0.062   0
        54    250.285    312.328 327.8867475 +28.8220953     7.35 0.0007938385  -8.5648  -8.9705   0.1157     3874.401     412.6272     788.0172    0.335   0
        55    821.138    322.846 327.8161797 +28.8223844     5.69 0.0006151057  -9.6747  -9.3655   0.0806     5574.346     413.5983     807.8138    0.140   0
        56    217.896    317.995 327.8907353 +28.8214028     6.02 0.0006502292  -8.4220  -8.8779   0.1259     3557.736     412.3199     783.1634    0.326   0
        57    463.787    318.732 327.8603486 +28.8219415     5.08 0.0005487383  -8.8139  -9.1610   0.0971      4617.32     413.0425     803.0439    0.498   0
        58     87.546    352.507 327.9067539 +28.8173539     5.14 0.0005548864 -13.0016 -13.0416   0.0033     164685.2     500.6662      765.737    0.023   0
        59    389.937    345.642 327.8694062 +28.8188571     5.17 0.0005582736 -12.0780 -12.1376   0.0068     71623.93     451.7509     799.8298    0.069   0
        60    898.748    333.632 327.8065625 +28.8214128     5.56 0.0006010156  -9.3232  99.0000  99.0000    -1328.461     410.2615     742.9836    0.245   0
        61    148.116    338.409 327.8993057 +28.8190267     5.03 0.0005433646  -9.9143  -9.9978   0.0453     9979.505     416.2068     773.3279    0.034   0
        62    328.554    351.251 327.8769768 +28.8180986     5.17 0.0005582877  -9.6003  -9.6476   0.0623     7228.387     414.6199     796.6093    0.097   0
        63    118.475    382.044 327.9028562 +28.8142499     5.14 0.0005547848 -12.3739 -12.4356   0.0053     94243.06     464.1201       767.86    0.151   0
        64    757.054    382.812 327.8239497 +28.8157653     5.22 0.0005638244 -12.0361 -12.0836   0.0072     68146.84     449.8437     807.0319    0.109   3
        65    907.656    384.613 327.8053361 +28.8159415     5.15 0.0005567076  -9.7865  99.0000  99.0000    -3758.208     410.2383     726.8948    0.241   0
        66    755.159    395.312 327.8241528 +28.8144138     5.30 0.0005720754 -10.9694 -11.1030   0.0168     27618.61     426.7262     806.6257    0.115   3
        67    592.402    400.038 327.8442517 +28.8135015     5.27 0.0005697615  -9.8460  -9.9792   0.0460     9810.689     416.0024     803.8041    0.115   0
        68     39.523    395.982 327.9125757 +28.8125473     7.45 0.0008051003  -8.7253  -9.0277   0.1097      4084.08     412.7196     752.8085    0.114   0
        69    559.799    402.437 327.8482741 +28.8131620     5.32 0.0005752527  -9.7324  -9.6691   0.0611     7372.827     414.5577     802.5637    0.151   0
        70    617.156    422.974 327.8411356 +28.8110916     5.09 0.0005503563 -12.4801 -12.5358   0.0049     103349.3     468.9792     804.1317    0.079   0
        71    444.335    423.859 327.8624868 +28.8105657     5.31 0.0005731513  -9.9769 -10.0613   0.0428     10581.23     416.6138     799.3432    0.095   0
        72    480.515    430.125 327.8580007 +28.8099810     5.34 0.0005766115  -9.1642  -8.9760   0.1151     3894.167     412.6507     800.5556    0.184   0
        73    510.445    436.950 327.8542854 +28.8093203     5.00  0.000540226 -10.1758 -10.1265   0.0403     11235.32     417.0289     800.5694    0.078   0
        74    283.365    444.836 327.8823224 +28.8079013     4.85 0.0005235073 -11.1417 -11.2040   0.0153     30312.05     428.2901     788.4106    0.051   0
        75    314.515    441.527 327.8784821 +28.8083363     5.26 0.0005679557  -9.3831  -9.4062   0.0776     5787.515     413.7847     792.0121    0.165   0
        76    492.557    484.030 327.8563771 +28.8042029     4.89 0.0005279199 -12.3672 -12.4355   0.0053     94232.92     464.0839     798.7834    0.084   0
        77    177.363    455.179 327.8953928 +28.8065191     5.10 0.0005506677 -10.4820 -10.5581   0.0273     16720.91     420.2366     772.7773    0.006   0
        78    875.864    466.451 327.8090624 +28.8070455     5.21 0.0005623335 -11.7469 -11.8400   0.0088     54448.09     442.1005     783.8037    0.111   0
        79    831.023    448.225 327.8146478 +28.8088992     5.10 0.0005510338  -7.9949  99.0000  99.0000     -2588.95     410.1686     803.8352    0.218   0
        80    140.495    452.121 327.8999559 +28.8067551     4.69 0.0005069502  -8.5437  -8.5220   0.1745     2563.354     411.7859     767.3246    0.120   0
        81    548.045    494.475 327.8494953 +28.8032157     4.90 0.0005289679 -11.6305 -11.7009   0.0099     47901.38     438.4588       799.55    0.067   0
        82    328.875    482.621 327.8766035 +28.8039445     5.16 0.0005579479  -9.7332  -9.7768   0.0554     8142.072     415.1704     792.3968    0.099   0
        83     79.818    492.942 327.9073476 +28.8022028     5.45 0.0005890778  -9.3786  -9.3897   0.0788     5700.288     413.6745     755.9676    0.066   0
        84    234.161    497.205 327.8882682 +28.8021345     4.91 0.0005303282  -9.5627  -9.6431   0.0625     7198.551     414.4756     779.8003    0.067   0
        85    412.040    564.968 327.8661203 +28.7952806     4.75 0.0005127401 -14.5101 -14.5451   0.0012     657706.2     705.0809     793.4974    0.052   0
        86    653.509    526.497 327.8363853 +28.8000274     3.74 0.0004041384  -7.8906  -8.4768   0.1819     2458.773     411.8149     801.8044    0.573   0
        87    177.423    926.818 327.8941791 +28.7557014     5.31 0.0005736038 -10.1715 -10.1549   0.0393     11533.46     417.0706     698.9697    0.173   0
        88    845.841   1024.948 327.8113911 +28.7467943     4.90  0.000529131 -10.0299 -10.0905   0.0348      10869.4     348.7746     736.5283    0.223  24
        89    871.586   1003.945 327.8082638 +28.7491205     6.54  0.000706671  -9.3622 -10.1907   0.0380     11919.83     417.4276     726.7135    0.330   0
        90    780.510    978.383 327.8195738 +28.7516510     4.65 0.0005025631 -14.6489 -14.6829   0.0011     746700.1     735.9786     744.6908    0.108   0
        91    235.908    985.341 327.8868075 +28.7495435     5.27 0.0005692604 -10.3802 -10.3736   0.0322     14106.63     418.7694     691.7599    0.184   0
        92    364.502    981.045 327.8709389 +28.7503300     4.90 0.0005292852 -12.8378 -12.8846   0.0037     142513.8     489.4214     709.7295    0.122   0
        93    599.129    802.714 327.8424120 +28.7701306     4.59 0.0004961236 -10.3079 -10.3805   0.0320     14197.12     418.8348       767.92    0.069   0
        94    294.489    834.484 327.8799571 +28.7659457     4.47 0.0004832705  -8.4599  -8.5492   0.1701     2628.416     411.7907      738.348    0.241   0
        95    111.968    864.322 327.9024226 +28.7622693     5.36 0.0005789273 -11.1830 -11.2442   0.0148     31454.16     428.9674     705.8358    0.176   0
        96    286.708    879.393 327.8808038 +28.7610872     4.91 0.0005300854 -10.5903 -10.6713   0.0247     18557.73     421.3844     725.4899    0.093   0
        97     51.874    792.882 327.9100279 +28.7698140     5.59 0.0006039668 -10.2972 -10.3978   0.0315     14425.72     418.9712      710.941    0.126   0
        98    850.319    827.721 327.8113255 +28.7680563     4.58 0.0004942965 -11.2323 -11.3420   0.0136     34420.67      430.748     765.8615    0.126   0
        99    321.679    793.196 327.8767039 +28.7704627     4.65  0.000501858 -12.1836 -12.2445   0.0063     79028.68     455.7989     751.0816    0.094   0
       100    705.845    767.013 327.8293203 +28.7742416     4.59 0.0004954084 -10.6227 -10.6934   0.0242     18938.74     421.5426     780.9246    0.121   0
       101    646.532    782.999 327.8366065 +28.7723724     4.48 0.0004845083 -10.6114 -10.6383   0.0254      18001.7     420.9865     775.9131    0.098   0
       102    341.466    846.215 327.8741254 +28.7647998     4.68 0.0005052603 -10.5855 -10.6091   0.0261      17524.2     420.7595     740.8223    0.085   0
       103    910.651    883.019 327.8037377 +28.7622459     4.17 0.0004504531  -9.1678  99.0000  99.0000    -2353.874     410.2267     694.3455    0.196   0
       104    149.875    857.827 327.8977577 +28.7630653     6.23 0.0006730849  -8.7758  -9.0350   0.1090     4111.401     412.7477     714.1053    0.141   0
       105    659.443    746.742 327.8351022 +28.7763110     3.43 0.0003700276  -7.8940  -7.2275   0.5732     778.0338     410.6774     783.0931    0.390   0
       106    509.124    765.046 327.8536232 +28.7739652     5.81 0.0006281746  -8.9454  -9.2021   0.0936     4795.427     413.1503     768.9377    0.210   0
       107    634.236    879.800 327.8378833 +28.7619117     4.48 0.0004838209  -8.9619  -8.9761   0.1150     3894.407     412.4547     756.8869    0.122   0
       108    723.542    855.904 327.8269134 +28.7647075     4.71 0.0005088706  -8.6614  -8.6365   0.1571     2848.344     411.9935     766.9635    0.110   0
       109    627.814    737.809 327.8390314 +28.7771952     4.50 0.0004864368 -12.3746 -12.4270   0.0054     93493.36     463.5929     784.0321    0.088   0
       110    578.551    707.813 327.8451915 +28.7803048     4.65 0.0005028501  -9.2296  -9.2521   0.0894     5021.561     413.2756     784.2561    0.136   0
       111    763.092    906.484 327.8219032 +28.7593551     4.56  0.000492495  -8.7842  -8.9320   0.1198     3739.224     412.4991     757.6442    0.123   0
       112    493.879    730.112 327.8555941 +28.7776913     5.17 0.0005582477  -9.8256  -9.9095   0.0491      9199.99     415.8413     775.0215    0.141   0
       113     80.132    728.381 327.9067035 +28.7768356     5.32 0.0005748289 -10.6786 -10.7856   0.0223     20617.19     422.6495     729.3705    0.132   0
       114    776.981    697.240 327.8207070 +28.7819352     5.30 0.0005722752  -9.6471  -9.7105   0.0588     7659.527     414.7994     792.6123    0.103   0
       115    604.652    711.413 327.8419583 +28.7799818     4.89 0.0005284166  -8.0968  -7.9842   0.2859     1561.979     411.1775     786.1509    0.378   0
       116    579.736    912.493 327.8445322 +28.7582538     4.94 0.0005338058  -8.2908  -8.3378   0.2066      2163.37     411.6008     744.6086    0.275   0
       117    233.334    713.437 327.8878187 +28.7788340     4.78 0.0005163012 -11.1831 -11.2243   0.0151     30882.53      428.623     755.6576    0.083   0
       118    602.215    641.687 327.8424340 +28.7874886     5.31 0.0005739729  -9.5078  -9.6438   0.0625     7203.318     414.5818     793.5289    0.090   0
       119    302.964    639.328 327.8794064 +28.7869945     4.96 0.0005361862  -9.7122  -9.8583   0.0514     8776.771     415.5525     774.8322    0.077   0
       120    686.283    915.823 327.8313657 +28.7581592     4.54 0.0004901938 -11.3465 -11.4209   0.0127     37012.52     432.1836     751.1429    0.138   0
       121    408.213    683.815 327.8662925 +28.7824655     4.59 0.0004957689 -14.0529 -14.0877   0.0016     431606.1     619.6569     782.1714    0.049   0
       122    522.994    924.672 327.8515090 +28.7568003     4.31 0.0004659397  -8.5079  -8.5126   0.1760     2541.307     411.7494     737.2354    0.173   0
       123    547.069    616.430 327.8493096 +28.7900729     4.74 0.0005118538 -11.0753 -11.1912   0.0155     29956.11     428.1268     796.1035    0.105   0
       124     21.447    557.151 327.9143935 +28.7951358     5.32 0.0005746132 -10.4306 -10.5167   0.0283     16094.24     419.9203     740.2695    0.114   0
       125     86.123    647.733 327.9061708 +28.7855404     5.27 0.0005689503 -10.4891 -10.6053   0.0262     17462.52     420.7454     742.8163    0.065   0
       126    461.102    657.656 327.8598254 +28.7854163     5.02 0.0005424081  -9.5279  -9.5793   0.0663     6787.387     414.3424     788.3012    0.098   0
       127    388.736    669.965 327.8687335 +28.7839089     4.78 0.0005165309  -9.5328  -9.7232   0.0581     7749.745     414.9456     782.5883    0.061   0
       128    436.061    653.092 327.8629303 +28.7858455     4.61 0.0004984427 -12.9590 -12.9978   0.0034     158161.9     497.3982     788.2308    0.062   0
       129    783.651    655.708 327.8199861 +28.7864266     4.99 0.0005391555  -9.9264 -10.0549   0.0430      10518.3     416.6217     796.9703    0.194   0
       130    916.116    894.317 327.8030349 +28.7610419     2.84 0.0003065066  -7.6253  99.0000  99.0000    -11871.03     409.1924     686.0344    0.254  16
       131    113.577    839.681 327.9022870 +28.7649283     5.30 0.0005724855  -9.9532  -9.9404   0.0477     9466.006     415.9554     712.3085    0.135   0
       132    757.355    562.487 327.8234660 +28.7964062     6.24 0.0006741865  -8.5910  -8.3959   0.1959     2282.306     411.6615     802.4476    0.191   0
       133    522.811    587.491 327.8523791 +28.7931306     6.72 0.0007254452  -8.8856  -9.3723   0.0801     5609.304      413.631     796.7663    0.196   0
       134    536.051    600.394 327.8507110 +28.7917733     4.72 0.0005100517 -12.8948 -12.9512   0.0035     151520.5      493.991     796.9211    0.083   0
       135    653.239    846.618 327.8356192 +28.7655341     4.46   0.00048226 -13.3471 -13.3883   0.0025     226635.2     530.6094     765.5408    0.084   0
       136    899.478    958.002 327.8049328 +28.7541392     6.01 0.0006493789  -8.9330  -9.7969   0.0544     8294.107     415.1932     697.4406    0.221   0
       137    851.365   1006.789 327.8107538 +28.7487645     4.69 0.0005061844 -10.9177 -11.0100   0.0182     25351.12     425.3174     736.9739    0.170   0
       138    690.150    597.169 327.8316822 +28.7925033     4.87 0.0005264499 -10.6484 -10.7442   0.0231      19845.6     422.1478     799.8881    0.156   0
       139    455.858    990.041 327.8596351 +28.7495894     4.80 0.0005186733 -10.3901 -10.4958   0.0289     15787.33     419.7602     715.1789    0.149   0
       140    834.365    551.956 327.8139781 +28.7977305     5.12 0.0005528976  -9.1342  -8.0287   0.2744     1627.323     411.2172     801.3544    0.161   0
       141    789.826    825.171 327.8188031 +28.7681824     4.46 0.0004821028 -10.6020 -10.6607   0.0249     18377.94     421.2212     773.3725    0.094   0
       142    297.207    584.241 327.8802577 +28.7929156     4.71 0.0005093466 -12.4677 -12.5321   0.0049     103003.5     468.7441     781.1836    0.052   0
       143    448.471    540.780 327.8616807 +28.7979780     5.87 0.0006344185  -8.8600  -9.2623   0.0886     5069.149     413.3274     796.3661    0.299   0
       144    301.905    797.568 327.8791349 +28.7699419     4.74 0.0005121458 -10.6066 -10.7229   0.0235     19460.36     421.9083     748.2543    0.097   0
       145    466.322    889.335 327.8585966 +28.7604665     4.63 0.0005003228 -10.7574 -10.8274   0.0214     21427.32      423.106     740.7192    0.086   0
       146    267.552    971.004 327.8829364 +28.7511680     5.56 0.0006007645  -9.4376  -9.5375   0.0689     6531.356     414.1074     699.5173    0.162   0
       147    624.531    975.404 327.8388428 +28.7515865     4.69 0.0005070278 -11.1588 -11.2003   0.0154     30208.41     428.2185     734.1628    0.129   0
