#   1 NUMBER                 Running object number                                     
#   2 X_IMAGE                Object position along x                                    [pixel]
#   3 Y_IMAGE                Object position along y                                    [pixel]
#   4 ALPHA_J2000            Right ascension of barycenter (J2000)                      [deg]
#   5 DELTA_J2000            Declination of barycenter (J2000)                          [deg]
#   6 FWHM_IMAGE             FWHM assuming a gaussian core                              [pixel]
#   7 FWHM_WORLD             FWHM assuming a gaussian core                              [deg]
#   8 MAG_BEST               Best of MAG_AUTO and MAG_ISOCOR                            [mag]
#   9 MAG_APER               Fixed aperture magnitude vector                            [mag]
#  10 MAGERR_APER            RMS error vector for fixed aperture mag.                   [mag]
#  11 FLUX_APER              Flux vector within fixed circular aperture(s)              [count]
#  12 FLUXERR_APER           RMS error vector for aperture flux(es)                     [count]
#  13 BACKGROUND             Background at centroid position                            [count]
#  14 ELLIPTICITY            1 - B_IMAGE/A_IMAGE                                       
#  15 FLAGS                  Extraction flags                                          
         1    833.635    186.538 200.9199651 +36.2171710   199.75   0.02154813 -16.1731 -12.6661   0.0082     116529.5     875.4607     1475.072    0.906  24
         2    517.043     56.657 200.9627065 +36.2302243     7.49 0.0008077228  -9.6828  -9.4775   0.1482     6180.398      843.313     1566.873    0.420   0
         3    469.339     97.821 200.9690223 +36.2256629     7.28 0.0007855563 -10.4706 -10.5950   0.0532     17298.32     846.6262      1593.62    0.313   0
         4    535.834    152.652 200.9599877 +36.2199619     6.90 0.0007444497  -9.3776  -9.4143   0.1571     5830.432     843.3043     1661.246    0.430   0
         5    604.792    173.587 200.9506931 +36.2179102     8.54 0.0009207411 -10.8429 -10.8842   0.0408     22578.31     847.8531     1687.647    0.122   0
         6    261.005    294.012 200.9965616 +36.2039732     0.00            0  -8.8311  -9.8203   0.1081     8474.628     843.7079     1670.353    0.005   0
         7    186.289    338.389 201.0064895 +36.1989854     7.60 0.0008194883 -10.2565 -10.3559   0.0662     13879.23     845.6159     1666.272    0.251   0
         8    439.490    398.832 200.9724028 +36.1932270     7.29  0.000786358 -10.1628 -10.6980   0.0484     19019.42     847.0632      1774.29    0.182   0
         9    441.138    511.111 200.9719492 +36.1811652     5.48 0.0005906957 -12.1094 -12.1342   0.0131      71395.8     862.5455     1794.812    0.133   0
        10    888.327    888.282 200.9112308 +36.1419087    56.15  0.006056829 -14.5803 -12.8821   0.0067     142181.4     882.8464     553.1313    0.143  17
        11    304.582    483.147 200.9903195 +36.1837740     5.67 0.0006116913 -10.1417 -10.0347   0.0888     10324.73      844.517     1775.843    0.173   0
        12    841.187    830.670 200.9176642 +36.1479670    74.77  0.008065944 -14.1315 -13.2401   0.0049     197722.5     898.3474     1336.281    0.462  16
        13    881.813    456.752 200.9129629 +36.1882673     5.24 0.0005647832 -11.4026  99.0000  99.0000    -20224.17     841.4312     1412.366    0.067   0
        14    166.256    550.917 201.0087252 +36.1760865     6.22 0.0006715081 -10.5128 -10.6377   0.0511     17991.51     846.9491     1732.825    0.175   0
        15    800.760    800.560 200.9231435 +36.1510884    20.25   0.00218434 -12.0220 -11.8854   0.0164     56776.72     858.2745     1714.197    0.271   3
        16    861.416    638.796 200.9153353 +36.1686452     5.64 0.0006087821 -12.2317 -12.1646   0.0128     73422.38     862.6451     1691.603    0.039   0
        17    428.305    551.572 200.9735861 +36.1767796     5.43 0.0005854573 -12.0630 -12.1276   0.0132     70966.98     862.3283     1794.406    0.107   0
