#   1 NUMBER                 Running object number                                     
#   2 X_IMAGE                Object position along x                                    [pixel]
#   3 Y_IMAGE                Object position along y                                    [pixel]
#   4 ALPHA_J2000            Right ascension of barycenter (J2000)                      [deg]
#   5 DELTA_J2000            Declination of barycenter (J2000)                          [deg]
#   6 FWHM_IMAGE             FWHM assuming a gaussian core                              [pixel]
#   7 FWHM_WORLD             FWHM assuming a gaussian core                              [deg]
#   8 MAG_BEST               Best of MAG_AUTO and MAG_ISOCOR                            [mag]
#   9 MAG_APER               Fixed aperture magnitude vector                            [mag]
#  10 MAGERR_APER            RMS error vector for fixed aperture mag.                   [mag]
#  11 FLUX_APER              Flux vector within fixed circular aperture(s)              [count]
#  12 FLUXERR_APER           RMS error vector for aperture flux(es)                     [count]
#  13 BACKGROUND             Background at centroid position                            [count]
#  14 ELLIPTICITY            1 - B_IMAGE/A_IMAGE                                       
#  15 FLAGS                  Extraction flags                                          
         1    839.938     78.799 327.8146214 +28.8486669   142.64   0.01541091 -14.8218 -12.6842   0.0053     118491.8     581.1848     814.2844    0.621  18
         2    752.594     56.826 327.8254681 +28.8508168     7.53 0.0008133288 -12.9149 -12.9685   0.0042     153952.4     596.1508     851.4153    0.059   3
         3    591.498     29.237 327.8454436 +28.8533852     6.49 0.0007007497 -12.9162 -12.7524   0.0050     126176.4      584.535     825.4459    0.197   0
         4    820.878      9.957 327.8171408 +28.8560397    81.91  0.008849221 -13.8873 -12.6781   0.0051     117830.5     549.6763     403.6494    0.770  24
         5    479.063      9.624 327.8593867 +28.8552147     5.62 0.0006075306 -10.4369  99.0000  99.0000    -8007.503     490.0716     726.3997    0.403  16
         6    565.833     81.563 327.8484892 +28.8476803     7.10 0.0007675539 -12.8615 -12.9228   0.0044     147608.7     593.6572     1005.588    0.093   0
         7    617.519     94.879 327.8420697 +28.8463755     7.04 0.0007602022 -13.1791 -13.2291   0.0034     195730.7     613.6519     1055.626    0.129   0
         8    357.460     65.014 327.8742803 +28.8489349     7.13 0.0007702852  -9.8442 -10.5533   0.0349     16646.75     535.6752     910.4194    0.488   0
         9    735.645    106.411 327.8274442 +28.8454296     7.05  0.000761408 -12.4105 -12.3891   0.0068     90293.91     568.9676     1064.323    0.144   0
        10     33.780    115.733 327.9141550 +28.8426363     7.91 0.0008545211  -9.6836  -8.7108   0.1885     3050.036     529.3511      963.682    0.146   0
        11    512.362    134.707 327.8549686 +28.8418166     6.70 0.0007240011 -11.1840 -11.0314   0.0227     25856.91     539.9418     1055.737    0.153   0
        12      4.181    128.618 327.9177806 +28.8411708     7.95 0.0008591723  -8.8373  99.0000  99.0000    -2223.204     426.8638     958.4458    0.281  16
        13    416.614    140.771 327.8667858 +28.8409199     7.24 0.0007817252  -9.3870  -8.9599   0.1499      3836.74     529.4695      1049.91    0.209   0
        14    171.952    140.072 327.8970207 +28.8403693     6.85 0.0007405523  -9.1174  -8.6835   0.1932     2974.361      529.226     1000.808    0.260   0
        15    696.844    191.339 327.8320358 +28.8361779     6.80  0.000734872 -14.4547 -14.4856   0.0013     622669.9     768.0779     1066.749    0.109   0
        16    587.200    191.279 327.8455843 +28.8359081     6.60  0.000712624 -14.7287 -14.7568   0.0011     799290.5     823.5331     1063.859    0.109   0
        17    360.315    152.361 327.8737145 +28.8395272     6.62 0.0007149552 -10.1395 -10.2752   0.0450     12884.53     533.9164     1041.683    0.165   0
        18    121.378    187.557 327.9031529 +28.8351208     6.30 0.0006802123 -12.2388 -12.2983   0.0074     83048.13     565.7749     991.9047    0.045   0
        19    350.973    178.010 327.8748064 +28.8367387     8.89 0.0009605326  -9.5596  -9.7726   0.0712     8110.241     531.4686     1042.725    0.216   0
        20    770.988    179.012 327.8229034 +28.8376927     4.14 0.0004477026  -8.9955  -9.9978   0.0579     9980.062     532.3771     1067.118    0.421   0
        21    496.312    187.995 327.8568229 +28.8360322     8.48 0.0009165861  -9.8319 -10.1207   0.0518     11176.02     533.1158     1055.644    0.293   0
        22    170.540    198.437 327.8970514 +28.8340747     7.11 0.0007682979 -10.1110 -10.2485   0.0461     12571.66     533.7994     1006.456    0.125   0
        23    388.041    216.716 327.8701316 +28.8326612     6.34 0.0006847014 -12.3750 -12.4277   0.0066     93556.96     570.4825     1049.659    0.105   0
        24    176.019    216.861 327.8963291 +28.8321029     6.29 0.0006790725 -11.9335 -11.9842   0.0097     62186.82     556.5656     1007.821    0.072   0
        25    491.196    204.387 327.8574154 +28.8342523     9.47  0.001023225  -9.4667  -9.8000   0.0694     8317.531     531.6106     1055.277    0.232   0
        26    769.160    215.959 327.8230411 +28.8337056     6.12 0.0006612733  -8.9205  -9.4365   0.0968       5951.3     530.6898     1067.818    0.371   0
        27     96.088    241.627 327.9061442 +28.8292275     6.24 0.0006738357 -12.8261 -12.8647   0.0046     139923.9     590.4121     984.0573    0.028   0
        28    798.912    240.199 327.8193070 +28.8311673     6.98 0.0007544329 -10.6713 -10.6390   0.0323     18013.92     536.2687      1067.98    0.177   0
        29    760.543    261.922 327.8239961 +28.8287297     6.61 0.0007142663 -12.7041 -12.7479   0.0051     125645.9      584.416     1067.981    0.146   0
        30     73.585    266.681 327.9088626 +28.8264689     6.32 0.0006826943 -11.7366 -11.7861   0.0116     51812.22        551.8     975.9024    0.029   0
        31    807.933    260.012 327.8181452 +28.8290542    12.30  0.001328589 -10.0872  -9.8860   0.0642     9002.896     532.1403     1067.649    0.146   0
        32    413.854    281.177 327.8667855 +28.8257788     6.35 0.0006859437 -11.5322 -11.5853   0.0138     43066.18     547.8808     1052.745    0.137   0
        33    776.700    274.387 327.8219700 +28.8274266     7.18 0.0007756977 -10.0792 -10.3039   0.0438     13230.02     534.0486     1067.962    0.213   0
        34    691.874    268.111 327.8324659 +28.8278903     4.50 0.0004856723  -8.5883  -8.9508   0.1512     3804.692     529.6925      1066.58    0.212   0
        35     66.740    282.323 327.9096696 +28.8247653     6.53 0.0007056519 -10.4385 -10.5157   0.0362     16079.75     535.4547     973.2064    0.088   0
        36    611.746    292.253 327.8423082 +28.8250863     6.73 0.0007271231 -10.5462 -10.6833   0.0311     18763.92     536.6624     1061.724    0.124   0
        37    439.004    289.413 327.8636581 +28.8249550     7.92 0.0008554789  -9.3222  -9.4716   0.0937     6146.599     530.5441     1053.211    0.180   0
        38    833.035    290.219 327.8149718 +28.8258610     5.03  0.000543791  -8.2375  99.0000  99.0000    -10126.04     527.7593     1066.298    0.189   0
        39    473.138    293.218 327.8594315 +28.8246316     8.32 0.0008992743  -9.2271  -9.5828   0.0847     6809.597     531.0643     1053.231    0.278   0
        40    556.869    294.413 327.8490833 +28.8247149     5.34 0.0005770316  -8.5251  -8.7657   0.1792     3208.418     529.3961     1056.981    0.312   0
        41    223.751    295.082 327.8902393 +28.8237943     1.78 0.0001925266  -8.5694  -8.8913   0.1597     3601.871     529.6563     1020.454    0.169   0
        42    747.651    310.404 327.8254732 +28.8234716     6.80 0.0007344674 -10.3000 -10.3455   0.0422     13746.17      534.246     1066.588    0.130   0
        43    599.661    307.918 327.8437637 +28.8233673     7.37 0.0007958436 -10.0020 -10.1789   0.0491     11790.89     533.5223     1059.494    0.192   0
        44    292.785    327.502 327.8816306 +28.8204767     6.06 0.0006543283 -11.9152 -11.9710   0.0098     61432.26     556.1982     1033.963    0.091   0
        45    252.001    312.019 327.8867074 +28.8220411     4.15 0.0004486461  -8.5872  -9.0663   0.1359     4231.719     529.5964     1025.872    0.426   0
        46    823.150    322.175 327.8161171 +28.8223918     7.13 0.0007702815  -9.4800  99.0000  99.0000    -2003.013     527.8489     1064.128    0.172   0
        47    392.058    344.990 327.8693231 +28.8188451     6.07 0.0006556331 -12.0936 -12.1596   0.0083     73087.97     561.3846      1046.02    0.113   0
        48     89.758    351.768 327.9066540 +28.8173394     6.14 0.0006633519 -13.0102 -13.0437   0.0040     165003.3     600.9377       980.27    0.040   0
        49    150.323    337.789 327.8992060 +28.8190023     6.20  0.000669796 -10.0114  -9.9791   0.0589     9809.774     532.4304     998.8433    0.112   0
        50    901.309    333.326 327.8064340 +28.8213847     7.61 0.0008218106  -8.7629  99.0000  99.0000    -14996.41     527.9087     931.4195    0.348   0
        51    330.681    350.477 327.8768926 +28.8180971     7.07 0.0007640449  -9.5810  -9.6417   0.0803     7189.151      531.332     1040.457    0.177   0
        52    120.646    381.271 327.9027651 +28.8142391     6.12 0.0006612199 -12.3717 -12.4215   0.0067     93029.34     570.1821     987.3304    0.133   0
        53    759.122    382.192 327.8238846 +28.8157625     6.24 0.0006742319 -12.0305 -12.0960   0.0088     68929.05     559.5013     1060.702    0.154   3
        54    757.323    394.636 327.8240771 +28.8144166     6.54 0.0007068683 -10.9743 -11.1127   0.0211     27866.84     540.8862     1059.345    0.170   3
        55    909.797    383.730 327.8052660 +28.8159729     6.87 0.0007427047  -9.3447  99.0000  99.0000    -20864.66     527.8191     900.5685    0.318   0
        56    594.555    399.467 327.8441742 +28.8134866     6.61 0.0007142883  -9.8900 -10.0070   0.0575     10064.68     532.5648     1053.046    0.153   0
        57    562.066    401.438 327.8481831 +28.8131920     6.37 0.0006879712  -9.6716  -9.5886   0.0842     6846.223     531.0815     1052.291    0.182   0
        58    619.286    422.283 327.8410640 +28.8110896     6.11 0.0006602093 -12.5004 -12.5591   0.0059     105598.8     575.6669     1052.584    0.120   0
        59    446.380    423.200 327.8624221 +28.8105532     6.17  0.000667034 -10.0188 -10.0737   0.0541     10702.03     532.6716     1045.855    0.148   0
        60    512.531    436.142 327.8542187 +28.8093260     6.02 0.0006503203 -10.1982 -10.1260   0.0516     11230.15     533.1265     1048.102    0.180   0
        61    482.710    429.500 327.8579187 +28.8099663     7.92 0.0008558948  -9.1896  -8.8221   0.1702     3379.305     529.5661     1046.731    0.099   0
        62    285.507    444.169 327.8822444 +28.8078828     5.82 0.0006291608 -11.1249 -11.1682   0.0201     29328.87     541.5616     1028.081    0.111   0
        63    316.540    440.924 327.8784187 +28.8083119     7.94 0.0008579198  -9.3252  -9.2219   0.1179     4883.802     530.2015     1033.961    0.154   0
        64    878.031    465.842 327.8089958 +28.8070430     6.19 0.0006685887 -11.9237 -11.9837   0.0097     62153.18     556.5221     1009.004    0.158   0
        65    179.628    454.404 327.8952986 +28.8065081     5.89 0.0006367957 -10.4605 -10.5360   0.0355     16383.76     535.3757     998.1935    0.113   0
        66    494.672    483.327 327.8563108 +28.8041948     5.72  0.000617572 -12.3834 -12.4387   0.0066     94507.55     570.9542     1045.782    0.137   0
        67    550.136    493.796 327.8494341 +28.8032068     5.76 0.0006225174 -11.6552 -11.7227   0.0122     48876.41     550.4827     1046.926    0.129   0
        68    331.007    482.103 327.8765310 +28.8039103     6.19 0.0006689761  -9.7634  -9.8701   0.0651     8872.079     531.9454     1033.017    0.148   0
        69     82.069    492.026 327.9072571 +28.8022016     9.55   0.00103147  -9.4146  -9.4553   0.0952     6055.097     530.7833     962.3199    0.243   0
        70    236.599    496.372 327.8881580 +28.8021307     7.19 0.0007773046  -9.5610  -9.5603   0.0864     6669.962     530.8352     1011.713    0.159   0
        71    414.128    564.254 327.8660636 +28.7952673     5.65 0.0006100237 -14.5137 -14.5468   0.0013     658753.8     779.7242     1034.552    0.097   0
        72    885.729    953.356 327.8068900 +28.7545137     9.70   0.00104822 -11.3960 -11.3081   0.0177     33360.65     543.3906     881.8103    0.714   2
        73    847.889   1024.260 327.8113940 +28.7467767     5.86 0.0006330207  -9.9291  -9.8417   0.0568     8643.103      452.121      926.139    0.251  24
        74    853.477   1006.017 327.8107473 +28.7487570     5.55  0.000599424 -10.8865 -10.9502   0.0244     23992.46     539.1071     926.7188    0.218   0
        75    458.017    989.234 327.8596127 +28.7495712     5.94 0.0006416155 -10.3931 -10.4794   0.0374     15550.44     535.0601     886.3361    0.258   0
        76    782.552    977.699 327.8195715 +28.7516322     5.49 0.0005929075 -14.6522 -14.6847   0.0012     747930.8     807.8304     940.6306    0.151   0
        77    238.150    984.287 327.8867704 +28.7495437     6.74 0.0007279596 -10.3055 -10.2537   0.0459     12631.89     533.8572     839.9384    0.252   0
        78    366.621    980.109 327.8709190 +28.7503224     5.97  0.000644464 -12.8442 -12.8986   0.0045     144355.1     592.2988     873.2981    0.187   0
        79    890.086    962.077 327.8063314 +28.7535844     6.67  0.000720721 -10.4753 -11.2208   0.0191     30782.47     542.3194     869.8913    0.590   2
        80    725.638    855.540 327.8268902 +28.7646570     4.20 0.0004542847  -8.7027  -8.9487   0.1515     3797.271     529.7039     982.8032    0.121   0
        81    343.610    845.389 327.8740885 +28.7647848     5.90 0.0006369373 -10.5819 -10.6213   0.0328     17722.49     535.9417     935.1788    0.181   0
        82    880.627    843.102 327.8077811 +28.7663851     5.99 0.0006471408 -10.3482 -11.1895   0.0197     29908.37     541.8581     930.6616    0.528   0
        83    852.360    827.027 327.8113098 +28.7680473     5.41 0.0005844857 -11.3290 -11.4684   0.0153     38668.56     545.8271     979.5516    0.110   0
        84    791.914    824.426 327.8187803 +28.7681767     5.34 0.0005765955 -10.6162 -10.6583   0.0318     18335.87     536.4629     995.6287    0.160   0
        85    288.822    878.495 327.8807729 +28.7610765     5.92 0.0006399945 -10.5929 -10.6130   0.0331        17587     536.1579     910.0769    0.209   0
        86    912.661    882.244 327.8037329 +28.7622457     5.42 0.0005858736  -8.7434  99.0000  99.0000    -16238.08      527.834     841.3078    0.302   0
        87    114.202    863.399 327.9023715 +28.7622554     6.42 0.0006933304 -11.1377 -11.1466   0.0204     28750.39     541.1051      869.913    0.230   0
        88    655.301    845.901 327.8355988 +28.7655193     5.32 0.0005745172 -13.3503 -13.3953   0.0030     228102.5       626.89      979.346    0.141   0
        89    295.947    833.188 327.8800037 +28.7659782     5.44 0.0005879416  -8.5277  -8.4540   0.2386     2407.718     529.0029      931.723    0.398   0
        90    882.167    860.173 327.8075506 +28.7645488     3.96  0.000427662  -9.5238 -11.2125   0.0193     30548.76     542.1244     923.6526    0.267   0
        91     54.141    791.915 327.9099646 +28.7698054     6.91 0.0007467754 -10.3185 -10.3947   0.0404     14383.74     534.6917     880.8292    0.233   0
        92    116.030    838.659 327.9022068 +28.7649267     6.50 0.0007020252  -9.9137  -9.6230   0.0816     7066.508     531.2743     881.6446    0.267   0
        93    601.250    801.954 327.8423788 +28.7701201     5.34 0.0005773337 -10.2791 -10.3583   0.0417     13910.32      534.426     987.8794    0.145   0
        94    883.989    823.000 327.8074136 +28.7685602     3.12 0.0003371962  -9.5084 -11.1962   0.0195     30094.58     541.6967     928.4135    0.411   0
        95    765.182    905.861 327.8218873 +28.7593321     6.27 0.0006772738  -8.6974  -8.6643   0.1967     2922.235     529.2907     966.0405    0.334   0
        96    323.827    792.402 327.8766606 +28.7704456     5.59 0.0006034907 -12.2008 -12.2606   0.0076     80212.39     564.3948     954.2271    0.147   0
        97    880.984    802.620 327.8078329 +28.7707494     7.92 0.0008555907 -10.8947 -11.2400   0.0188     31333.94     542.2974     941.5125    0.462   2
        98    883.724    788.890 327.8075271 +28.7722362     7.14 0.0007709523 -10.7056 -11.2130   0.0193        30564     542.2187     937.4021    0.502   0
        99    303.963    796.774 327.8791029 +28.7699236     5.75 0.0006212969 -10.6400 -10.7859   0.0283     20623.23     537.4985     948.1613    0.153   0
       100    636.394    879.188 327.8378535 +28.7618838     6.73  0.000726738  -8.9658  -8.8931   0.1594     3607.679     529.3762     963.9968    0.145   0
       101    707.899    766.372 327.8292939 +28.7742237     5.33  0.000575782 -10.6470 -10.6777   0.0312     18667.02      536.676     1010.745    0.163   0
       102    688.333    915.083 327.8313543 +28.7581453     5.31 0.0005738715 -11.3287 -11.3782   0.0166     35586.42      544.515     955.6182    0.167   0
       103    648.566    782.365 327.8365828 +28.7723508     5.27  0.000569817 -10.6041 -10.6738   0.0313     18600.23     536.5861     1000.394    0.146   0
       104    524.712    923.880 327.8515360 +28.7567846     4.41 0.0004769578  -8.3652  -8.5288   0.2228     2579.419      529.099     927.9542    0.647   0
       105    179.579    925.827 327.8941454 +28.7556947     6.51 0.0007035722 -10.1589 -10.0862   0.0535     10826.24     532.8778     856.1879    0.248   0
       106    511.127    764.428 327.8535987 +28.7739372     5.85 0.0006325056  -8.9739  -8.8068   0.1725     3332.122     529.4247     990.8983    0.254   0
       107    410.305    683.099 327.8662470 +28.7824475     5.45  0.000588389 -14.0519 -14.0862   0.0018       431012       703.09     1010.699    0.107   0
       108    886.298    763.184 327.8072701 +28.7750135     7.57 0.0008178663 -10.6772 -11.1648   0.0201     29235.86     541.5623     939.0165    0.351   0
       109    496.122    729.325 327.8555365 +28.7776829     5.75 0.0006212273  -9.9076  -9.9219   0.0621     9306.079     532.3419     1001.923    0.138   0
       110    883.767    736.005 327.8076471 +28.7779367     5.17 0.0005590789  -9.9559 -11.1320   0.0207     28365.54     540.9564     951.9895    0.590   0
       111    880.712    722.433 327.8080564 +28.7793920     4.12 0.0004453735  -9.4720 -11.1290   0.0208     28286.64     541.0657     964.1974    0.536   0
       112     82.235    727.503 327.9066545 +28.7768207     6.61 0.0007145464 -10.6917 -10.8226   0.0274     21331.51     537.8278     914.0122    0.195   0
       113    629.911    737.149 327.8389951 +28.7771776     5.22 0.0005642761 -12.3719 -12.4159   0.0067     92549.95     570.0272     1015.599    0.129   0
       114    580.635    707.124 327.8451528 +28.7802897     5.98 0.0006463762  -9.2878  -9.2862   0.1111     5181.636     530.3123     1018.112    0.154   0
       115    235.537    712.540 327.8877591 +28.7788278     5.95 0.0006428167 -11.1944 -11.2511   0.0186     31653.77     542.6337     961.8019    0.181   0
       116    604.383    641.380 327.8423780 +28.7874360     5.96 0.0006443553  -9.4844  -9.5763   0.0852     6768.997      530.867     1036.305    0.250   0
       117    305.053    638.443 327.8793550 +28.7869926     6.27  0.000677565  -9.9125 -10.1063   0.0525     11028.21     533.1205     1000.106    0.150   0
       118    779.026    696.564 327.8206764 +28.7819265     5.84 0.0006311929  -9.6493  -9.7815   0.0706      8176.86     531.6927     1032.252    0.150   0
       119    581.981    912.011 327.8444934 +28.7582086     4.14 0.0004471738  -8.3378  -8.5440   0.2196     2615.816     528.9075      941.577    0.424   0
       120    873.857   1003.530 327.8082371 +28.7490759     7.91 0.0008548765 -10.2144 -10.7789   0.0285     20491.23     537.4077      902.113    0.445   0
       121     23.775    556.304 327.9142985 +28.7951226     6.58 0.0007109803 -10.4532 -10.4981   0.0367     15821.93     535.2901     933.8884    0.185   0
       122     88.451    646.904 327.9060859 +28.7855243     6.44  0.000696169 -10.5147 -10.6009   0.0335     17392.28     536.0524     939.1888    0.183   0
       123    463.385    657.040 327.8597546 +28.7853913     6.17 0.0006668065  -9.6017  -9.7451   0.0730     7907.846     531.4921     1022.113    0.234   0
       124    785.724    655.076 327.8199480 +28.7864153     5.56 0.0006002071  -9.8863 -10.0122   0.0572     10113.46     532.7209     1041.445    0.150   0
       125    438.152    652.383 327.8628823 +28.7858291     5.48 0.0005918448 -12.9609 -12.9997   0.0041     158452.6     598.1931     1021.925    0.124   0
       126    390.735    669.101 327.8686980 +28.7839065     6.45 0.0006963843  -9.5139  -9.8105   0.0688     8398.334      531.871     1011.639    0.139   0
       127    883.711    896.327 327.8072742 +28.7606557     5.84 0.0006309114 -10.2958 -11.2280   0.0190     30989.57     542.4003     905.2376    0.324   2
       128    299.338    583.515 327.8801951 +28.7928984     5.66 0.0006113799 -12.4971 -12.5658   0.0059     106251.8     576.0599     1010.998    0.099   0
       129    884.338    879.206 327.8072373 +28.7625027     6.09 0.0006584083 -10.4648 -11.1983   0.0195     30152.71     541.8981     911.9988    0.214   0
       130    475.755    606.263 327.8583498 +28.7908958     1.33 0.0001434347  -7.5236  -8.4671   0.2357     2436.907     529.0018     1034.757    0.234   0
       131    538.139    599.739 327.8506603 +28.7917570     5.60  0.000605061 -12.9018 -12.9546   0.0043     152000.6     595.4774     1042.085    0.126   0
       132    549.245    615.779 327.8492498 +28.7900562     5.56 0.0006004325 -11.0677 -11.1644   0.0201     29224.06     541.4986     1040.386    0.133   0
       133    692.162    596.530 327.8316438 +28.7924912     5.89 0.0006359621 -10.6934 -10.7949   0.0281     20794.34     537.5927      1047.47    0.152   0
       134    758.683    562.515 327.8235086 +28.7963245     3.94 0.0004254409  -8.4672  -8.8233   0.1699     3383.069     529.4041     1050.941    0.512   0
       135    886.607    927.288 327.8068434 +28.7573256     8.88 0.0009598107 -11.1226 -11.2199   0.0191     30756.95     542.2349      885.553    0.681   0
       136    450.487    540.530 327.8616301 +28.7979169     5.15 0.0005565882  -8.5847  -8.8355   0.1681     3421.462     529.5414     1040.651    0.285   0
       137    269.641    970.253 327.8829168 +28.7511371     7.46 0.0008063108  -9.4403  -9.4727   0.0937     6153.041     530.8294     856.0681    0.243   0
       138    836.108    551.473 327.8139712 +28.7977084     6.79 0.0007333754  -8.9472  99.0000  99.0000    -3550.415     527.8788     1050.416    0.175   0
       139    626.596    974.653 327.8388342 +28.7515691     5.57 0.0006016584 -11.1361 -11.1888   0.0197     29889.26     541.7474     920.4054    0.216   0
       140    468.391    888.555 327.8585756 +28.7604495     5.42 0.0005858826 -10.7571 -10.7376   0.0296     19726.76     537.0226      935.643    0.200   0
