#   1 NUMBER                 Running object number                                     
#   2 X_IMAGE                Object position along x                                    [pixel]
#   3 Y_IMAGE                Object position along y                                    [pixel]
#   4 ALPHA_J2000            Right ascension of barycenter (J2000)                      [deg]
#   5 DELTA_J2000            Declination of barycenter (J2000)                          [deg]
#   6 FWHM_IMAGE             FWHM assuming a gaussian core                              [pixel]
#   7 FWHM_WORLD             FWHM assuming a gaussian core                              [deg]
#   8 MAG_BEST               Best of MAG_AUTO and MAG_ISOCOR                            [mag]
#   9 MAG_APER               Fixed aperture magnitude vector                            [mag]
#  10 MAGERR_APER            RMS error vector for fixed aperture mag.                   [mag]
#  11 FLUX_APER              Flux vector within fixed circular aperture(s)              [count]
#  12 FLUXERR_APER           RMS error vector for aperture flux(es)                     [count]
#  13 BACKGROUND             Background at centroid position                            [count]
#  14 ELLIPTICITY            1 - B_IMAGE/A_IMAGE                                       
#  15 FLAGS                  Extraction flags                                          
         1     10.016     80.959 327.7911328 +28.8491496    61.11  0.006598107 -13.2436 -12.3866   0.0075     90081.09     621.7948     432.3831    0.610  24
         2    193.909     28.682 327.7685517 +28.8552310    35.61  0.003844498 -12.2630 -11.7239   0.0143     48929.45     644.2218      697.355    0.441  17
         3    135.899     10.858 327.7757583 +28.8570094    85.73  0.009255191 -14.4577 -13.1903   0.0038     188851.4     668.1978     333.0049    0.747  24
         4    460.261     28.729 327.7356603 +28.8558707     4.73 0.0005109552 -10.2177  99.0000  99.0000    -9937.581     624.9456     855.4621    0.164   0
         5    141.627     86.865 327.7748672 +28.8488358    31.48  0.003398375 -11.9113 -11.5837   0.0162     43002.99     641.9351     1083.637    0.267   2
         6    293.292     51.796 327.7562237 +28.8529826     4.61 0.0004976904 -10.3053  99.0000  99.0000    -23641.85     624.8749     1018.564    0.060   0
         7    717.886    139.154 327.7035876 +28.8445913     5.41 0.0005836284 -15.9328 -15.9519   0.0006      2403108     1261.824     1248.437    0.158   4
         8    274.273     68.907 327.7585311 +28.8510931     4.98 0.0005373727 -10.6621  99.0000  99.0000    -4238.982      624.928     1117.194    0.117   0
         9    974.033     69.735 327.6721198 +28.8526745     5.63 0.0006081803  -9.1720  99.0000  99.0000    -22569.92      624.981     973.7389    0.287   0
        10     64.261    110.439 327.7843631 +28.8461070    20.14  0.002174851  -9.9267  99.0000  99.0000    -987.9175     624.9633     818.4608    0.530   0
        11    733.654     83.025 327.7017721 +28.8506752     4.58 0.0004947979  -9.5631  99.0000  99.0000    -15131.08     624.9456     1146.509    0.084   0
        12    536.030     84.011 327.7261729 +28.8500974     1.13  0.000121896  -7.5680  99.0000  99.0000    -8466.949     624.6981     1168.373    0.084   0
        13    920.281    106.038 327.6786733 +28.8486374     5.51 0.0005950946 -10.6640 -10.8397   0.0317     21670.67     633.5554     1158.095    0.075   0
        14    189.589    112.524 327.7688830 +28.8461887     4.68 0.0005055043 -11.0834 -10.2621   0.0537     12730.91     629.9302      1285.45    0.037   0
        15    420.322    112.407 327.7403931 +28.8467604     1.10 0.0001185228  -8.7538  -9.0479   0.1635     4160.751     626.5021     1273.206    0.163   0
        16     86.893    120.420 327.7815444 +28.8450873     5.93  0.000640535 -10.4435 -11.2360   0.0222      31216.8     637.3111     1013.814    0.418   2
        17    428.762    126.755 327.7393167 +28.8452351     6.51 0.0007027753  -8.7022  99.0000  99.0000    -3020.781     625.0164     1277.674    0.232   0
        18     81.532    144.316 327.7821484 +28.8425000     7.65 0.0008263141 -11.7015 -11.3708   0.0196     35345.81     638.9979     1111.292    0.209   0
        19    740.786    140.519 327.7007569 +28.8444986     7.39 0.0007974561  -9.3880 -10.3971   0.0475     14416.21     630.5986     1242.084    0.192   1
        20    648.292    146.862 327.7121627 +28.8435953     5.17 0.0005581012  -8.9455  -9.2008   0.1421     4789.941     626.9117      1266.67    0.130   0
        21    913.584    149.296 327.6794000 +28.8439618     4.12 0.0004449882  -8.8293 -10.1986   0.0570      12007.2     629.7306     1178.527    0.532   0
        22    266.172    161.694 327.7593089 +28.8410781     4.73  0.000510832 -11.1155 -11.2404   0.0221     31344.17     637.3784      1300.44    0.065   0
        23    570.035    149.691 327.7218187 +28.8431036     4.22 0.0004559609  -8.1406  -4.3085  12.8303     52.89483     624.9138     1274.497    0.076   0
        24    403.094    169.768 327.7423837 +28.8405397     4.73 0.0005108091 -11.7123 -11.7884   0.0135     51924.47     645.3488      1292.32    0.080   0
        25    490.835    169.988 327.7315497 +28.8407272     3.93 0.0004242578  -9.1185 -10.3932   0.0477     14363.62     630.5252     1283.678    0.507   0
        26    582.217    182.329 327.7202376 +28.8396168     5.00 0.0005403141  -8.8235  -9.4629   0.1117     6097.688      627.433     1280.305    0.153   0
        27    525.240    282.397 327.7270357 +28.8287006     5.14 0.0005546302 -16.1777 -16.1919   0.0005      2997484     1374.429      1285.57    0.017   6
        28    747.396    187.208 327.6998315 +28.8394847     4.71  0.000508351  -9.7805 -10.2376   0.0549     12446.76     629.7297     1242.495    0.033   0
        29    899.879    236.635 327.6808897 +28.8345209     4.67 0.0005044359 -13.5303 -13.5783   0.0029     269981.9     724.9012     1188.784    0.051   0
        30     80.534    226.089 327.7820735 +28.8336888    10.78  0.001163346 -11.5001 -11.3216   0.0205     33777.86     638.3495     1211.432    0.111   2
        31    705.836    208.688 327.7049126 +28.8370722     6.41 0.0006924939  -9.2874  -9.9165   0.0737     9259.969     628.5687     1255.849    0.116   0
        32    465.026    291.048 327.7344490 +28.8276241     4.70 0.0005069341 -15.5913 -15.5787   0.0007      1704083     1114.699     1292.111    0.104   7
        33    511.289    259.035 327.7288133 +28.8311838     4.62 0.0004991425 -13.1450 -13.1802   0.0040     187108.8     695.7335     1287.641    0.073   3
        34    479.946    280.242 327.7326326 +28.8288241     4.60 0.0004963618 -14.3398 -14.3511   0.0016     550107.9     815.9041     1291.734    0.113   3
        35    270.811    258.749 327.7585032 +28.8306343     4.62 0.0004993196 -13.5084 -13.5562   0.0030     264525.5     723.0627     1304.055    0.043   0
        36     51.126    234.078 327.7856848 +28.8327561     6.51  0.000702788  -9.8703 -10.7301   0.0351     19589.74     632.7686      1043.65    0.194   0
        37     74.591    242.821 327.7827666 +28.8318717    12.22  0.001319306 -10.0297 -11.5416   0.0168     41365.85     641.0042     1178.227    0.301   3
        38   1026.363    239.063 327.6652677 +28.8345564     4.79 0.0005167846 -10.0818  -9.8532   0.0623     8735.175     501.3091     1142.309    0.062  24
        39    317.315    255.615 327.7527693 +28.8310846     4.66 0.0005031199 -11.8001 -11.8684   0.0126     55891.39     646.8325     1300.383    0.061   0
        40    656.529    255.570 327.7108901 +28.8319044     4.69 0.0005059257 -12.0337 -12.1030   0.0102     69375.84     652.0911     1269.315    0.072   2
        41    112.921    244.248 327.7780311 +28.8318117     4.88 0.0005268484  -8.9602  99.0000  99.0000    -5605.444     624.9987     1302.333    0.107   0
        42     72.824    255.528 327.7829540 +28.8304985    12.00  0.001295768 -11.1072 -11.5322   0.0170     41007.28     641.1746      1167.26    0.522   3
        43    764.900    268.858 327.6974795 +28.8307306     4.61  0.000497724 -11.9784 -12.0337   0.0109     65087.34      650.428     1234.602    0.023   0
        44    668.625    259.627 327.7093873 +28.8314962     4.89 0.0005283634 -10.6339 -10.8814   0.0306      22519.9     633.8032     1266.418    0.113   3
        45    209.160    272.128 327.7660822 +28.8290432     4.63 0.0005001688 -11.8164 -11.8954   0.0123     57299.87     647.4278     1305.988    0.061   0
        46    247.365    262.780 327.7613881 +28.8301431     5.43 0.0005867771  -9.7909 -10.0874   0.0630     10838.58     629.1611     1305.152    0.122   0
        47    573.941    271.471 327.7210489 +28.8299943     4.65 0.0005024202 -10.6359 -10.8034   0.0328     20958.72      633.222     1281.194    0.069   0
        48    186.509    295.002 327.7688236 +28.8265240     4.69  0.000506787 -11.9890 -12.0762   0.0105     67682.09     651.3736     1305.824    0.096   0
        49     75.608    287.026 327.7825339 +28.8271123     9.88  0.001067034 -11.5926 -11.4250   0.0187     37152.49     639.3761     1184.783    0.607  18
        50     77.593    347.983 327.7821411 +28.8205506     8.11 0.0008755766 -11.1013 -11.4180   0.0188     36914.47     639.2485     1192.695    0.522   0
        51   1004.403    283.206 327.6678772 +28.8297497     3.36  0.000362728  -8.1571  99.0000  99.0000    -4094.369     624.8042     1138.279    0.387   0
        52    201.861    334.731 327.7668327 +28.8222817     4.60 0.0004961861 -13.4170 -13.4805   0.0032     246720.1     716.8647     1304.337    0.047   0
        53    261.433    313.745 327.7595290 +28.8246872     4.73 0.0005103263 -10.8269 -10.9034   0.0300     22979.73     634.0891     1302.666    0.057   0
        54    101.161    310.551 327.7793224 +28.8246406     4.93 0.0005318357  -9.5747  -9.2941   0.1305     5219.803     627.0831     1302.862    0.100   0
        55    841.106    320.200 327.6879517 +28.8253801     4.90 0.0005284912 -10.0129 -10.0571   0.0648     10539.84     629.0073     1192.127    0.090   0
        56    811.320    339.893 327.6915830 +28.8231883     5.01 0.0005411556  -9.1877  -9.5436   0.1038     6568.387     627.5501     1200.296    0.104   0
        57    116.317    352.493 327.7773499 +28.8201596     4.39 0.0004743855  -9.3800  99.0000  99.0000    -4909.394     624.9456     1302.487    0.051   0
        58    210.636    364.348 327.7656781 +28.8191126     4.74 0.0005120647 -11.0545 -11.2491   0.0219     31595.28     637.4595     1302.581    0.080   0
        59    836.699    362.166 327.6883981 +28.8208490     4.58 0.0004946195  -8.3775  -8.8803   0.1908     3565.634     626.3351     1182.345    0.281   0
        60    983.067    373.821 327.6703023 +28.8199380     4.45 0.0004799092  -8.6271  -8.3491   0.3109     2186.047     625.8372     1114.045    0.209   0
        61     79.269    380.076 327.7818565 +28.8170976     6.60  0.000712443 -10.5126 -11.3674   0.0197     35235.34      638.851     1194.878    0.745   2
        62    543.893    391.496 327.7244750 +28.8169927     4.64 0.0005007482  -9.8345 -10.0292   0.0665     10272.15      629.217     1278.578    0.098   0
        63     81.174    391.904 327.7815927 +28.8158281     8.20 0.0008849846 -10.9357 -11.3267   0.0204     33936.53     638.3425     1204.909    0.570   0
        64    963.782    464.403 327.6724738 +28.8101349     4.82 0.0005202551 -15.6940 -15.7185   0.0007      1938194     1165.871     1093.944    0.050   4
        65    119.685    399.057 327.7768216 +28.8151518     4.39 0.0004743891  -8.6445  99.0000  99.0000    -8494.156     624.9456     1298.248    0.267   0
        66    342.740    441.706 327.7491858 +28.8110996     4.51 0.0004870305 -13.4967 -13.5512   0.0030     263311.3     722.6887     1291.332    0.056   0
        67    816.372    422.110 327.6907679 +28.8143435     4.48   0.00048326 -11.1678 -11.2319   0.0223     31098.67     637.2648      1178.38    0.045   0
        68    422.347    450.710 327.7393380 +28.8103219     5.94 0.0006410579  -9.3775  -9.8999   0.0749     9119.445     628.5656     1283.738    0.018   0
        69    116.626    420.444 327.7771475 +28.8128404     4.66 0.0005025817  -8.1340  99.0000  99.0000    -9931.979     624.8926     1295.909    0.139   0
        70     76.715    426.743 327.7820587 +28.8120643     7.20 0.0007778071 -10.9190 -11.4127   0.0189     36736.23     639.4899     1178.471    0.686   0
        71    804.177    448.683 327.6922112 +28.8114521     5.71 0.0006167224 -11.9819 -12.0314   0.0109     64945.09     650.3903     1175.379    0.205   0
        72    170.096    443.812 327.7704910 +28.8104537     4.64 0.0005007556 -11.6634 -11.7451   0.0140     49895.25     644.5794     1297.904    0.056   0
        73    269.389    487.013 327.7581312 +28.8060414     4.54  0.000490271 -14.9445 -14.9773   0.0010       979277     938.0107     1292.672    0.050   0
        74    719.532    442.767 327.7026735 +28.8118886     4.45 0.0004809391  -9.0070  -9.1709   0.1461     4659.708     626.7717     1213.157    0.273   0
        75     75.119    449.367 327.7822008 +28.8096233     8.06 0.0008701779 -11.1150 -11.4108   0.0189     36671.62     639.4127     1166.055    0.381   2
        76    665.146    450.763 327.7093679 +28.8108979     5.74 0.0006199442  -9.0522  -9.1667   0.1467     4641.835     626.8527     1232.415    0.056   0
        77   1012.441    463.771 327.6664689 +28.8103171     4.74 0.0005120159 -11.4291 -11.4619   0.0181     38438.17     640.1031     1072.688    0.112   0
        78    350.157    461.408 327.7482233 +28.8089952     6.16 0.0006653786  -8.9950  -9.7887   0.0829     8231.577     628.0892     1289.518    0.125   0
        79     36.992    479.066 327.7868349 +28.8063305     4.60 0.0004963549 -12.0364 -11.8426   0.0129     54579.88     646.3937     948.8796    0.088   0
        80    174.026    470.176 327.7699423 +28.8076232     5.03 0.0005426698  -8.9146  -9.5581   0.1024      6656.45     627.5148     1294.994    0.193   0
        81    947.327    507.600 327.6744051 +28.8054429     4.64 0.0005013021 -13.9169 -13.9613   0.0022     384161.8     763.1914     1085.092    0.060   0
        82    568.323    479.047 327.7212525 +28.8076198     4.68 0.0005050763  -9.0064  -8.9079   0.1860     3657.432      626.407     1259.612    0.108   0
        83     79.905    481.799 327.7815315 +28.8061413     5.98 0.0006454995 -10.2757 -11.3144   0.0207     33554.16     638.0888     1193.008    0.647   0
        84    462.222    481.840 327.7343422 +28.8070644     3.89 0.0004195536  -9.0420  -8.5070   0.2689      2528.16     625.8856     1277.408    0.150   0
        85     77.637    488.650 327.7817950 +28.8053977     5.07 0.0005474087 -10.1366 -11.3505   0.0200     34691.09     638.6725     1181.144    0.470   0
        86     94.486    506.701 327.7796716 +28.8034944     3.80 0.0004100582  -9.0082  -9.8530   0.0781     8734.104     628.5002     1272.141    0.031   0
        87    344.658    526.569 327.7487463 +28.8019626     4.59   0.00049541 -11.1313 -11.2253   0.0224     30912.56     637.2611     1283.378    0.051   0
        88     76.567    520.852 327.7818489 +28.8019262     3.42 0.0003688056 -10.0989 -11.3042   0.0208     33241.01     638.1393     1173.048    0.460   0
        89    428.539    550.051 327.7383375 +28.7996354     4.46 0.0004814128 -12.5096 -12.5737   0.0068     107019.7     666.2839     1273.425    0.035   0
        90    123.687    974.943 327.7749365 +28.7531252     4.47  0.000482233 -12.4383 -12.4820   0.0073     98353.55     663.1409     1146.106    0.068   0
        91    122.374   1013.624 327.7750050 +28.7489551     5.36 0.0005784066  -8.2233  99.0000  99.0000    -6670.974     624.8572     1136.092    0.150   0
        92    494.711    802.944 327.7295715 +28.7725519     4.81 0.0005187665  -9.7768  -9.8118   0.0812      8408.73     628.3356     1186.488    0.017   0
        93    784.154    777.706 327.6939156 +28.7759608     4.79 0.0005173057  -8.7570  -9.3249   0.1268     5369.586     627.1076     1062.387    0.280   0
        94     79.545    891.694 327.7805835 +28.7619852     8.52 0.0009194023 -11.2223 -11.4905   0.0176     39465.06      640.573     1084.392    0.431   0
        95    499.607    925.087 327.7286783 +28.7594058     3.78 0.0004085933  -9.1321  -9.0475   0.1636     4159.125     626.5543     1132.529    0.187   0
        96     86.197    909.824 327.7797190 +28.7600485     3.72 0.0004018165  -9.6172 -11.3734   0.0196     35427.46     638.7186     1106.318    0.713   0
        97    298.862    651.378 327.7540999 +28.7884068     4.56 0.0004921405  -9.7912  -9.8824   0.0761     8973.305     628.5074     1273.789    0.062   0
        98    880.540    831.748 327.6818969 +28.7703668     5.05 0.0005449277 -13.1748 -13.2063   0.0040     191655.2     697.3019     985.1569    0.121   0
        99    421.605    927.352 327.7382963 +28.7589744     6.19 0.0006681149  -9.2434  -9.3539   0.1235     5515.396     627.0071     1158.703    0.127   0
       100    998.722    894.434 327.6671701 +28.7638917     4.11   0.00044423  -8.9007  -9.6632   0.0930     7333.152     627.8547     655.2827    0.528   0
       101    271.486    907.612 327.7568643 +28.7607380     4.47 0.0004830531 -12.0350 -12.0954   0.0103      68887.7     651.8701     1189.491    0.049   0
       102    885.368    890.847 327.6811642 +28.7640118     5.27 0.0005684745  -9.8510 -10.0447   0.0656     10420.16     629.0827       921.12    0.255   0
       103    458.615    886.084 327.7338281 +28.7635089     4.44 0.0004794969 -12.4921 -12.5617   0.0068     105849.5     665.8613     1163.422    0.047   0
       104   1005.014    868.033 327.6664545 +28.7667505     3.68 0.0003973702  -8.3814  99.0000  99.0000     -8645.15     624.8042     711.5386    0.033   0
       105     79.245    875.379 327.7806600 +28.7637420     9.42  0.001016831 -11.3272 -11.4729   0.0179     38830.48      640.239     1086.106    0.543   0
       106    316.527    882.437 327.7513675 +28.7635591     4.80 0.0005180413  -9.3989  -9.7571   0.0853      7995.52     628.1184     1196.312    0.098   0
       107     85.956    868.948 327.7798476 +28.7644511     7.41 0.0007997765 -10.9691 -11.4133   0.0189      36756.7     639.5151      1125.04    0.252   0
       108    139.159    843.720 327.7733443 +28.7672987     4.39 0.0004738123 -11.6733 -11.6590   0.0152     46090.75     643.0849     1213.727    0.037   0
       109    410.494    843.627 327.7398662 +28.7679668     4.42  0.000477612 -11.0701 -11.1135   0.0248     27885.71     635.9857     1192.915    0.010   0
       110     83.721    851.560 327.7801655 +28.7663187     7.00 0.0007561771 -10.9434 -11.4740   0.0179     38870.21     640.2891      1122.42    0.287   0
       111    712.868    839.511 327.7025674 +28.7691338     4.70 0.0005074186 -11.6443 -11.7113   0.0145     48361.67     644.0701      1070.93    0.111   0
       112    736.411    748.233 327.6998758 +28.7790225     3.45 0.0003729979  -8.4256  -9.0605   0.1616     4209.032     626.4332     1098.688    0.417   0
       113     77.672    812.335 327.7810067 +28.7705294    12.03  0.001298469 -11.7041 -11.4881   0.0177     39375.02     640.4861     1108.554    0.505   2
       114    258.492    791.292 327.7587463 +28.7732369     4.53 0.0004895294  -9.6547  -9.8294   0.0799     8546.175     628.4254     1237.864    0.093   0
       115    462.424    814.982 327.7335269 +28.7711775     4.42 0.0004767711 -13.6755 -13.7167   0.0026     306673.1     737.2817     1190.823    0.045   0
       116     69.092    792.657 327.7821130 +28.7726281     5.75 0.0006209548 -10.1317 -11.1910   0.0231     29949.23     636.8484     1067.032    0.194   0
       117    144.285    797.631 327.7728230 +28.7722761     4.51 0.0004868257 -11.0194 -11.0113   0.0272     25381.76     634.9833      1237.35    0.016   0
       118    439.171    671.814 327.7367361 +28.7865442     4.93 0.0005326526  -9.0679  -9.6904   0.0907     7518.854     627.6998     1247.147    0.118   0
       119    671.200    715.834 327.7079988 +28.7823577     4.62 0.0004986019  -9.8022  -9.8625   0.0774     8810.191     628.2139     1143.384    0.028   0
       120    793.588    675.978 327.6929886 +28.7869417     5.38 0.0005808666  -9.0122  -9.1123   0.1541     4414.696     626.4271     1098.317    0.043   0
       121    568.496    704.911 327.7206983 +28.7832892     5.00  0.000539606  -9.1834  -9.4622   0.1118     6093.488     627.4313     1195.316    0.213   0
       122    844.886    761.337 327.6864597 +28.7778676     4.90 0.0005293239 -10.8091 -10.8520   0.0314     21917.64     633.7225     1039.614    0.108   0
       123    881.448    756.232 327.6819599 +28.7785038     4.92 0.0005315217 -10.7938 -10.8163   0.0324     21208.53      633.373      1023.27    0.182   0
       124    272.785    748.271 327.7570858 +28.7779059     5.60 0.0006044275  -8.9757  -9.3807   0.1205     5653.057     627.2382     1249.591    0.114   0
       125    264.068    744.375 327.7581709 +28.7783045     4.70 0.0005073552 -10.3620 -10.4823   0.0440      15592.1     631.1872     1251.379    0.050   0
       126    378.612    743.597 327.7440384 +28.7786655     4.45 0.0004799978 -12.2526 -12.3165   0.0085     84449.03     657.6094     1238.408    0.064   0
       127    570.461    652.735 327.7205789 +28.7889145     4.69 0.0005058276 -10.1572 -10.1408   0.0600     11384.44     629.4658     1212.789    0.098   0
       128     81.574    709.738 327.7807736 +28.7815910     6.16 0.0006649308 -10.7047 -11.4529   0.0182     38121.07     640.0656     1168.211    0.345   2
       129    606.075    744.075 327.7159687 +28.7791601     5.71 0.0006161418 -10.0816 -10.5130   0.0428     16040.47     631.4348     1163.194    0.112   0
       130    823.765    743.649 327.6891071 +28.7797232     4.56 0.0004919472  -9.3874  -9.1165   0.1536     4431.942     626.6984      1057.27    0.067   0
       131     79.883    728.765 327.7809362 +28.7795372     8.20 0.0008857696 -11.2504 -11.4729   0.0179     38830.98      640.291     1150.437    0.195   0
       132    941.937    724.598 327.6745688 +28.7820540     5.05 0.0005449336 -10.8745 -10.9109   0.0298     23140.12     633.9781     1002.095    0.110   0
       133    124.498    708.732 327.7754792 +28.7818043     4.40 0.0004750714 -10.0706  -9.1854   0.1442     4722.271     626.8848     1261.278    0.027   0
       134    248.452    667.302 327.7602827 +28.7865691     4.99 0.0005389484  -9.8492  -9.7665   0.0846     8065.116     628.1285     1276.242    0.140   0
       135     72.753    713.542 327.7818530 +28.7811596     4.74 0.0005122827 -10.0394 -11.4233   0.0187      37094.4     639.6125     1115.505    0.629   0
       136     77.770    693.329 327.7812827 +28.7833494     7.09  0.000765206  -9.0862 -11.4798   0.0178     39076.02     640.3694     1150.936    0.682   3
       137    581.592    710.012 327.7190702 +28.7827710     4.71  0.000508527  -9.1824  -9.7429   0.0864     7891.821     627.8308     1187.122    0.185   0
       138     77.681    685.878 327.7813119 +28.7841518    21.13  0.002281755 -12.9523 -11.5547   0.0166      41867.9     641.5618     1153.237    0.507   2
       139    280.346    725.651 327.7562070 +28.7803610     4.37 0.0004718178  -8.9529  -9.0254   0.1670     4075.351     626.5209     1255.936    0.130   0
       140    866.777    681.015 327.6839448 +28.7865721     4.86 0.0005247282 -10.6820 -10.7304   0.0351     19595.32     632.5263     1058.765    0.053   0
       141     76.129    667.089 327.7815489 +28.7861720    10.40  0.001123032 -11.8074 -11.5684   0.0164     42398.57     641.7169     1147.153    0.420   2
       142    524.284    676.148 327.7262222 +28.7862818     4.46 0.0004810194  -9.6593  -9.8581   0.0778      8774.62     628.5163     1222.926    0.028   0
       143    256.099    640.824 327.7594025 +28.7894400     4.71 0.0005082893 -10.0922 -10.1396   0.0601     11371.96     629.5135     1279.125    0.055   0
       144    961.050    657.898 327.6723641 +28.7892842     4.99 0.0005388934  -9.6107  -9.7685   0.0844     8079.475     628.1694     1015.312    0.111   0
       145    941.002    969.508 327.6741183 +28.7556689     3.72 0.0004016459  -8.9123 -10.4368   0.0458     14953.14     630.7589     610.8263    0.372   0
       146    641.186    535.301 327.7121267 +28.8017339     1.29 0.0001395063  -8.3286  -8.4344   0.2874     2364.701     625.8556     1217.035    0.179   0
       147    155.496    621.850 327.7718637 +28.7912392     4.42 0.0004776562 -11.1355 -11.2337   0.0222     31151.36     637.2855     1286.091    0.097   0
       148    385.411    955.812 327.7426940 +28.7558213     4.81 0.0005196129 -10.6168 -10.7096   0.0357     19223.25     632.3443     1152.463    0.092   0
       149     80.356    627.667 327.7811226 +28.7904290     6.38 0.0006889993 -10.5018 -11.4109   0.0189      36675.7     639.3798     1178.844    0.703   2
       150    848.650    619.394 327.6863249 +28.7931674     6.15 0.0006637292  -9.4963  -9.7531   0.0856      7965.87     628.0714     1089.935    0.176   0
       151    724.522    627.742 327.7016247 +28.7919741     4.57 0.0004931113 -10.6938 -10.7205   0.0354     19418.52     632.7359      1149.42    0.070   0
       152    149.324    609.356 327.7726555 +28.7925700     4.53 0.0004887587 -11.6076 -11.6428   0.0154     45405.96      642.853     1287.067    0.061   0
       153    312.874    870.982 327.7518456 +28.7647842     5.12 0.0005522803  -9.8765 -10.1459   0.0598     11438.05     629.5573     1201.843    0.105   0
       154     92.670    769.720 327.7792593 +28.7751567     6.39 0.0006896281 -12.6593 -12.3067   0.0085     83693.72     657.6247      1207.85    0.487   0
       155     58.732    989.957 327.7829133 +28.7513490     4.50 0.0004863724 -12.8817 -12.9191   0.0050     147112.9     681.2263     953.6354    0.060   0
       156     85.891    583.155 327.7805473 +28.7952375     5.87  0.000633588 -12.0381 -11.7971   0.0134     52341.27     645.5616     1220.745    0.137   0
       157     58.019    964.625 327.7830627 +28.7540761     4.55 0.0004915757 -11.7285 -11.7830   0.0136      51664.7     645.0941     955.8704    0.044   0
       158    624.745    585.910 327.7140370 +28.7962429     4.43 0.0004778979 -11.3711 -11.4359   0.0185     37526.98     639.7989     1209.511    0.026   0
       159    166.049    998.882 327.7696527 +28.7506497     4.44 0.0004796027 -12.0998 -12.1363   0.0099     71537.59     653.0209     1146.957    0.037   0
       160    171.898    566.953 327.7699718 +28.7971929     5.11 0.0005512008  -9.2512  -9.8567   0.0779     8763.601      628.424     1289.051    0.070   0
       161     81.693    648.470 327.7809073 +28.7881913     6.82 0.0007366912 -10.8636 -11.4208   0.0188     37008.75     639.5791     1186.211    0.257   0
       162     73.834    642.200 327.7818923 +28.7888475     7.06 0.0007618938 -10.9970 -11.4806   0.0178     39104.22     640.1906     1140.723    0.499   2
       163    311.157   1010.975 327.7517227 +28.7496995     4.67  0.000504307 -10.6894 -10.8015   0.0329     20921.77     633.2074     1135.154    0.044   0
       164     77.704    537.566 327.7816681 +28.8001284     4.15  0.000448054  -9.7300 -11.3267   0.0204     33938.46     638.3086     1177.652    0.537   0
       165     79.546    824.464 327.7807462 +28.7692274    10.77  0.001162819 -11.7029 -11.4784   0.0178     39025.37     640.2979     1113.948    0.155   2
       166     83.011    955.308 327.7800020 +28.7551410     7.38 0.0007971811 -10.9799 -11.3330   0.0203     34134.45     638.4546     1076.471    0.639   0
