#   1 NUMBER                 Running object number                                     
#   2 X_IMAGE                Object position along x                                    [pixel]
#   3 Y_IMAGE                Object position along y                                    [pixel]
#   4 ALPHA_J2000            Right ascension of barycenter (J2000)                      [deg]
#   5 DELTA_J2000            Declination of barycenter (J2000)                          [deg]
#   6 FWHM_IMAGE             FWHM assuming a gaussian core                              [pixel]
#   7 FWHM_WORLD             FWHM assuming a gaussian core                              [deg]
#   8 MAG_BEST               Best of MAG_AUTO and MAG_ISOCOR                            [mag]
#   9 MAG_APER               Fixed aperture magnitude vector                            [mag]
#  10 MAGERR_APER            RMS error vector for fixed aperture mag.                   [mag]
#  11 FLUX_APER              Flux vector within fixed circular aperture(s)              [count]
#  12 FLUXERR_APER           RMS error vector for aperture flux(es)                     [count]
#  13 BACKGROUND             Background at centroid position                            [count]
#  14 ELLIPTICITY            1 - B_IMAGE/A_IMAGE                                       
#  15 FLAGS                  Extraction flags                                          
         1    150.835     79.049 237.9763612 +32.9341382    68.49  0.007324641 -14.6327 -12.7848   0.0124     129991.6     1482.979     2541.485    0.809  19
         2    192.318     31.184 237.9711514 +32.9393585    31.30   0.00334662 -13.4652 -12.9719   0.0105     154446.3     1486.974     1227.085    0.285  19
         3     11.434     79.999 237.9941554 +32.9336536    68.64  0.007340365 -14.5869 -13.8744   0.0045     354618.1     1461.944     176.7613    0.584  24
         4    135.024     11.276 237.9785019 +32.9413256    89.89  0.009612417 -15.8897 -14.6822   0.0022     746244.6     1524.677    -240.9136    0.748  24
         5     76.540    116.142 237.9857786 +32.9299766    56.98  0.006093203  99.0000 -12.6740   0.0137     117380.9     1480.729     2110.891    0.435   2
         6    917.420     89.996 237.8784781 +32.9350324     5.60 0.0005986862 -11.2119  99.0000  99.0000    -6189.586     1460.198     2913.436    0.120   0
         7    423.457     92.603 237.9415341 +32.9334341     6.27 0.0006700417 -11.0588 -10.7453   0.0800     19865.92     1464.008     3393.394    0.100   0
         8     77.749    164.935 237.9855357 +32.9247741    21.64  0.002314439 -12.9820 -12.4905   0.0162     99132.63     1477.523     3102.782    0.125   2
         9    554.430    140.639 237.9247304 +32.9286621     5.65 0.0006039219  -9.9581  99.0000  99.0000    -18620.62     1460.901     3487.454    0.167   0
        10    989.075    196.062 237.8691529 +32.9239046     5.86 0.0006266598 -14.3054 -14.3520   0.0031     550538.1     1552.218     3044.608    0.038   0
        11    183.069    256.957 237.9719268 +32.9152449     6.14 0.0006564274 -11.4876 -11.6163   0.0360     44312.16     1468.382      3579.36    0.148   0
        12    783.549    342.055 237.8951393 +32.9077846     6.02  0.000643621 -11.7393 -11.8127   0.0301     53100.09     1469.837     3270.213    0.134   0
        13    569.351    411.198 237.9223560 +32.8998354     6.71 0.0007178817 -16.5909 -16.6071   0.0005      4393936     2080.892     3476.324    0.120   4
        14    156.375    375.654 237.9751203 +32.9025077     5.89 0.0006299262 -12.3084 -12.3257   0.0188     85167.54     1475.485     3566.574    0.177   0
        15    206.932    400.528 237.9686239 +32.8999921     6.15 0.0006574155 -11.6546 -11.7974   0.0305     52354.73     1469.997     3562.835    0.184   0
        16     77.493    406.490 237.9851309 +32.8990014   113.70   0.01215845 -16.3479  99.0000  99.0000            0            0     3076.858    0.916  51
        17     79.759    716.951 237.9842799 +32.8658837   138.78   0.01484057 -16.2963 -12.9387   0.0108     149783.2     1486.515     2969.967    0.936  50
        18    964.092    502.904 237.8718281 +32.8911007     5.68 0.0006071341 -12.1366 -12.1469   0.0222     72237.98     1473.416     2748.966    0.103   0
        19    779.496    836.798 237.8948144 +32.8549880     7.00 0.0007482287 -10.2358 -10.0986   0.1450     10950.48     1462.485     2567.725    0.190   0
        20    653.584   1007.747 237.9105802 +32.8364133     5.71 0.0006109852 -11.9637 -11.8984   0.0278     57460.08      1470.66      2510.72    0.206   0
        21     87.733    994.228 237.9827615 +32.8363223    11.31  0.001209872 -12.5495 -12.2322   0.0205     78141.52     1474.172     2707.757    0.315   0
        22    723.390    883.641 237.9018905 +32.8498408     5.86 0.0006267455 -11.4303 -11.4585   0.0416     38318.85     1467.197     2597.829    0.204   0
        23    155.254    814.113 237.9744749 +32.8557244     5.85 0.0006258712 -11.3522 -11.3011   0.0480     33147.39     1466.604     3287.871    0.180   0
        24    754.616    948.195 237.8977978 +32.8430365     5.80 0.0006202968 -12.0864 -11.9761   0.0259     61724.78      1470.81     2410.029    0.201   0
        25    440.235    619.966 237.9384665 +32.8772135     5.78 0.0006185488 -12.1008 -12.1436   0.0222     72015.59     1473.132     3420.493    0.195   0
        26    689.073    695.630 237.9065898 +32.8698088     5.75 0.0006153797 -11.5426 -11.5962   0.0367     43497.59     1468.285     2974.122    0.136   0
