#   1 NUMBER                 Running object number                                     
#   2 X_IMAGE                Object position along x                                    [pixel]
#   3 Y_IMAGE                Object position along y                                    [pixel]
#   4 ALPHA_J2000            Right ascension of barycenter (J2000)                      [deg]
#   5 DELTA_J2000            Declination of barycenter (J2000)                          [deg]
#   6 FWHM_IMAGE             FWHM assuming a gaussian core                              [pixel]
#   7 FWHM_WORLD             FWHM assuming a gaussian core                              [deg]
#   8 MAG_BEST               Best of MAG_AUTO and MAG_ISOCOR                            [mag]
#   9 MAG_APER               Fixed aperture magnitude vector                            [mag]
#  10 MAGERR_APER            RMS error vector for fixed aperture mag.                   [mag]
#  11 FLUX_APER              Flux vector within fixed circular aperture(s)              [count]
#  12 FLUXERR_APER           RMS error vector for aperture flux(es)                     [count]
#  13 BACKGROUND             Background at centroid position                            [count]
#  14 ELLIPTICITY            1 - B_IMAGE/A_IMAGE                                       
#  15 FLAGS                  Extraction flags                                          
         1    852.642     88.957 238.0172738 +32.9326864   109.95    0.0118001 -15.9659 -13.8582   0.0030     349350.8     972.5594      1307.23    0.483  19
         2    816.969     46.393 238.0219299 +32.9371360    78.73  0.008449812 -14.6955 -13.3165   0.0048     212120.5     936.2471     830.3872    0.792  19
         3    828.650     10.576 238.0204870 +32.9409883    97.23    0.0104349 -14.6456 -13.7016   0.0033     302436.9     916.3001     220.5869    0.811  24
         4    236.217     84.451 238.0965296 +32.9315484    41.22  0.004423249 -14.4056 -12.0061   0.0153     63453.28     895.9623      1662.02    0.740   2
         5    494.002     51.533 238.0634445 +32.9357441     4.96 0.0005326412  -8.5149  99.0000  99.0000    -28908.46     877.9791     1470.395    0.365   0
         6    129.944     82.735 238.1101949 +32.9314474    16.10   0.00172805 -12.8753 -11.9403   0.0163     59717.55      894.895     1585.696    0.159   2
         7    366.768     80.917 238.0797521 +32.9322725     9.54   0.00102395 -11.7937 -11.8339   0.0179        54144     893.3854     1698.595    0.384   2
         8     73.340     81.513 238.1174740 +32.9314258     9.46  0.001015485 -11.7565 -11.8148   0.0182     53203.35     893.1954     1546.687    0.461   0
         9    395.584     75.414 238.0760569 +32.9329360     4.20 0.0004511409 -10.0268 -11.7223   0.0198      48856.4      891.611     1652.176    0.661   0
        10     99.788     84.664 238.1140683 +32.9311606    17.53   0.00188083 -10.9084 -11.9155   0.0166     58372.02     894.5922     1580.194    0.620   3
        11    388.071     84.199 238.0770078 +32.9319787     5.46 0.0005860288 -10.7088 -11.7661   0.0190     50867.95     892.2726     1737.849    0.574   0
        12     95.824     79.846 238.1145864 +32.9316641    12.19  0.001308626 -11.6525 -11.8853   0.0171     56772.16     894.0961     1535.195    0.430   3
        13     83.189     83.664 238.1162040 +32.9312227    11.02  0.001182206 -12.0626 -11.8550   0.0176     55206.82     893.7316     1566.058    0.403   0
        14     67.135    121.340 238.1182017 +32.9271593     5.83 0.0006260814 -13.7122 -13.7417   0.0033     313821.7      963.338     1681.578    0.094   0
        15    731.553    130.334 238.0327728 +32.9279571     4.89 0.0005244674  -9.7114  99.0000  99.0000    -18130.47     877.9791     1935.772    0.061   0
        16    753.120    134.905 238.0299927 +32.9275254     5.13 0.0005501729  -9.1500  99.0000  99.0000    -32130.45     878.1033     1936.063    0.101   0
        17    702.415    198.160 238.0364061 +32.9206437     6.23 0.0006688529 -11.8460 -11.9045   0.0168     57785.08     894.2574     1936.381    0.031   0
        18    324.607    193.695 238.0849785 +32.9201265     4.66 0.0004996625  -9.9059 -10.3678   0.0683     14031.89     882.0398     1866.582    0.068   0
        19    114.255    262.527 238.1118970 +32.9122203     5.82 0.0006250216 -13.7005 -13.7375   0.0033       312615     962.9568     1725.955    0.085   0
        20    763.528    282.922 238.0284104 +32.9117578     5.51 0.0005918667 -12.1599 -12.2218   0.0126     77395.57     899.9412     1936.338    0.068   0
        21    582.593    333.798 238.0515809 +32.9058570     5.86  0.000628985 -11.2518 -11.3173   0.0286     33644.77     887.4584     1911.205    0.072   0
        22    289.287    347.774 238.0892531 +32.9035913     5.85 0.0006273269 -11.0118 -11.0101   0.0379     25352.56     885.2919     1851.318    0.059   0
        23    452.196    388.493 238.0682470 +32.8996777     5.77 0.0006188932 -10.7065 -10.8067   0.0457     21022.86     883.9203     1885.271    0.095   0
        24    512.847    439.373 238.0603665 +32.8944081     5.45 0.0005847123 -11.9964 -11.9453   0.0162      59994.8     895.0212      1886.89    0.061   0
        25    160.616    456.871 238.1055995 +32.8916066     6.39  0.000685263  -9.6826  -9.6064   0.1374     6958.949     880.1567     1735.721    0.173   0
        26    880.000    463.344 238.0131454 +32.8928069     6.18 0.0006631583 -10.8148 -11.5050   0.0241     39995.91     889.1722     1775.674    0.753   0
        27    271.787    498.697 238.0912416 +32.8874402     5.64 0.0006048779 -12.3569 -12.4048   0.0107     91605.16     903.8076      1808.73    0.093   0
        28     15.319    500.132 238.1241937 +32.8866002     6.32 0.0006782006 -10.3031 -10.0593   0.0906     10561.58     880.7832     1588.901    0.101   0
        29    880.806    503.588 238.0129762 +32.8885146     3.70 0.0003976071  -9.9809 -11.5153   0.0239     40374.24      889.205     1764.927    0.622   0
        30    441.357    506.217 238.0694399 +32.8870870     6.72 0.0007211151  -9.5084  -9.2832   0.1848     5167.603     879.4493     1866.717    0.026   0
        31    880.773    537.777 238.0129247 +32.8848663     6.00 0.0006437637 -10.9023 -11.6292   0.0216     44842.03     890.6561     1762.268    0.324   0
        32    883.643    837.163 238.0120680 +32.8529267   153.68    0.0164932 -15.5504 -12.3062   0.0117     83649.84     901.6769     1560.706    0.951  18
        33    861.420    796.676 238.0149886 +32.8571896     6.26  0.000672074 -12.1330 -12.3310   0.0114     85585.59     902.1893     1728.541    0.115   3
        34    888.001   1025.504 238.0112014 +32.8328404     3.05 0.0003277471  -8.4556 -11.0614   0.0297     26579.53     726.4476     1405.259    0.378  17
        35    801.961   1024.200 238.0222527 +32.8327571     5.21 0.0005594316  -9.5383  -8.2648   0.4003     2022.655     745.6403     1564.874    0.016  16
        36      3.596   1008.705 238.1248019 +32.8323006    18.42  0.001976442 -12.1985 -11.4626   0.0201     38461.39     710.8807     449.4372    0.868  16
        37    132.543    637.800 238.1088908 +32.8722250     5.51 0.0005911136 -10.0861 -10.3537   0.0691     13850.77     881.7411     1628.084    0.216   0
        38    303.548    762.121 238.0867074 +32.8594154     5.91 0.0006345119 -10.7451 -10.7461   0.0483     19880.67     883.8194       1647.8    0.087   0
        39    909.694    629.259 238.0090598 +32.8751789     4.91  0.000526675 -10.4924  99.0000  99.0000    -20735.78     878.1779     1497.753    0.086   0
        40    812.007    872.083 238.0212122 +32.8490152     5.46 0.0005863688 -12.6813 -12.6895   0.0083     119068.7     911.3007     1700.803    0.053   0
        41    382.496    706.256 238.0766616 +32.8655858     5.62 0.0006033321 -12.7020 -12.7498   0.0079     125871.9     913.2845     1736.113    0.056   0
