#   1 NUMBER                 Running object number                                     
#   2 X_IMAGE                Object position along x                                    [pixel]
#   3 Y_IMAGE                Object position along y                                    [pixel]
#   4 ALPHA_J2000            Right ascension of barycenter (J2000)                      [deg]
#   5 DELTA_J2000            Declination of barycenter (J2000)                          [deg]
#   6 FWHM_IMAGE             FWHM assuming a gaussian core                              [pixel]
#   7 FWHM_WORLD             FWHM assuming a gaussian core                              [deg]
#   8 MAG_BEST               Best of MAG_AUTO and MAG_ISOCOR                            [mag]
#   9 MAG_APER               Fixed aperture magnitude vector                            [mag]
#  10 MAGERR_APER            RMS error vector for fixed aperture mag.                   [mag]
#  11 FLUX_APER              Flux vector within fixed circular aperture(s)              [count]
#  12 FLUXERR_APER           RMS error vector for aperture flux(es)                     [count]
#  13 BACKGROUND             Background at centroid position                            [count]
#  14 ELLIPTICITY            1 - B_IMAGE/A_IMAGE                                       
#  15 FLAGS                  Extraction flags                                          
         1      9.664     81.479 200.8919738 +36.1188192    59.65  0.006438494 -13.0784 -12.1968   0.0082     75633.72     569.6299     449.9454    0.618  24
         2    192.234     29.884 200.8675780 +36.1248852    29.50  0.003184121 -11.9727 -11.4298   0.0172      37317.2     592.2294     674.9333    0.223   1
         3    136.494     10.746 200.8750932 +36.1267835    84.53  0.009124997 -14.2844 -13.0229   0.0041       161861     615.8261     364.3374    0.746  24
         4    288.942     29.756 200.8546026 +36.1251728     3.92 0.0004232865 -10.0457  99.0000  99.0000    -33223.26     576.2612     848.5352    0.187   0
         5    142.769     87.609 200.8741046 +36.1185405    31.83  0.003435985 -12.3608 -11.3976   0.0177     36226.09     591.5622     1021.069    0.597   2
         6    376.351     85.446 200.8427708 +36.1194337     4.38 0.0004731438 -11.3506 -11.3729   0.0181     35412.48     591.4248     1114.269    0.078   0
         7     63.781    109.705 200.8846592 +36.1159405     9.96  0.001075409  -9.5652  99.0000  99.0000    -10187.68     576.2939     780.5615    0.449   2
         8    537.946     92.925 200.8210767 +36.1190822     7.02 0.0007575972  -9.9391  -9.9742   0.0646      9765.28     580.4661     1137.698    0.032   0
         9    511.200    119.331 200.8246164 +36.1161696     4.15  0.000447744  -8.5787  -8.6731   0.2129     2946.021     577.4403     1169.605    0.110   0
        10    728.482    201.556 200.7953178 +36.1079352    10.45  0.001127847 -10.3310 -10.4279   0.0427     14830.94     582.7083     1156.564    0.238   0
        11     72.411    247.358 200.8832369 +36.1011708     8.68 0.0009365937 -11.1156 -11.3632   0.0183     35098.73     591.1809     1074.919    0.554   2
        12    307.585    260.589 200.8516676 +36.1004164     4.07 0.0004396524 -12.7579 -12.8185   0.0051     134089.2     631.5823     1199.369    0.071   0
        13     77.256    267.022 200.8825493 +36.0990712     4.27  0.000460456  -9.6547 -11.2627   0.0200     31994.09     590.0099     1099.706    0.626   0
        14    687.933    424.657 200.8003541 +36.0838451     3.88  0.000419048 -10.0292 -10.1812   0.0534     11816.24     581.3164     1145.312    0.131   0
        15   1023.264    441.391 200.7553550 +36.0829649     3.82  0.000412836 -10.3341 -10.1587   0.0476     11574.11     506.9249     1018.133    0.042  16
        16    329.094    438.311 200.8484498 +36.0813762     4.85  0.000523685  -8.8280  -9.2772   0.1223     5139.163     578.5352      1192.55    0.273   0
        17     79.343    458.001 200.8819029 +36.0785517     4.31  0.000465618  -9.6896 -11.1534   0.0221     28931.72     588.5353     1098.197    0.405   0
        18    718.240    489.992 200.7961721 +36.0769068     3.57 0.0003848396 -11.3383 -11.4396   0.0171      37657.6     592.2462     1118.704    0.071   0
        19     80.805    486.389 200.8816524 +36.0755048     3.45 0.0003725408  -9.2352 -11.0828   0.0235     27108.38     587.6803     1106.313    0.417   0
        20     75.596    520.992 200.8822845 +36.0717710     3.87  0.000417512 -11.9049 -12.0112   0.0103     63752.03      603.145     1079.092    0.091   0
        21    184.172    798.217 200.8672002 +36.0422852     4.84 0.0005223489  -8.9928  -9.6021   0.0907     6931.657      579.066     1146.493    0.213   0
        22    354.024   1007.534 200.8440440 +36.0202686     3.81 0.0004109999  -8.6480  -8.0898   0.3640     1721.487     577.0565     1060.588    0.142   0
        23     81.029    762.130 200.8810937 +36.0458701     4.45 0.0004803729  -9.8168 -11.2566   0.0201     31815.99     589.9662     1059.692    0.650   0
        24     79.979    652.823 200.8814440 +36.0576150     6.18 0.0006670974 -10.5129 -11.2666   0.0199     32110.21     589.8521     1084.705    0.482   0
        25    644.840    671.832 200.8056845 +36.0571603     3.88 0.0004183438  -8.1617  -8.6315   0.2212     2835.259       577.49     1095.438    0.247   0
        26     83.459    718.968 200.8808507 +36.0505159     7.31 0.0007891264 -10.8739 -11.2472   0.0203     31540.19     589.8334     1082.767    0.407   0
        27     77.500    678.082 200.8817278 +36.0548931     7.54 0.0008140387 -10.8685 -11.3357   0.0188     34218.84     590.9836     1068.956    0.205   0
        28     80.496    747.494 200.8811932 +36.0474416     4.39 0.0004738861  -9.7695 -11.2362   0.0205     31222.95     589.7946     1059.681    0.544   0
        29    672.775    771.602 200.8017592 +36.0465147     3.42 0.0003693297  -8.1440  -7.9323   0.4206     1489.067     576.7114      1051.93    0.397   0
        30     84.139    571.215 200.8810428 +36.0663976     7.91 0.0008534192 -10.6508 -10.9452   0.0267      23882.7     586.5308     1117.545    0.404   0
        31    210.286    978.437 200.8633591 +36.0229900     4.28 0.0004625223  -8.2228  -8.3090   0.2975     2106.748     577.1745     1069.845    0.429   0
        32     79.347    902.347 200.8810504 +36.0307954     4.07 0.0004397988  -9.6209 -11.2468   0.0203     31529.49     589.7971       997.59    0.414   0
        33    595.276    858.782 200.8119883 +36.0369302     3.35 0.0003619849 -10.3372 -10.4702   0.0411     15420.01     582.9609     1048.621    0.023   0
        34    654.190    974.697 200.8038825 +36.0246354     3.62 0.0003912977 -10.6322 -10.6846   0.0338     18785.47     584.3541     980.4367    0.121   0
        35    634.962    878.993 200.8066328 +36.0348680     3.39 0.0003654138  -9.1454  -9.1982   0.1314     4778.513     578.2169         1026    0.096   0
