#   1 NUMBER                 Running object number                                     
#   2 X_IMAGE                Object position along x                                    [pixel]
#   3 Y_IMAGE                Object position along y                                    [pixel]
#   4 ALPHA_J2000            Right ascension of barycenter (J2000)                      [deg]
#   5 DELTA_J2000            Declination of barycenter (J2000)                          [deg]
#   6 FWHM_IMAGE             FWHM assuming a gaussian core                              [pixel]
#   7 FWHM_WORLD             FWHM assuming a gaussian core                              [deg]
#   8 MAG_BEST               Best of MAG_AUTO and MAG_ISOCOR                            [mag]
#   9 MAG_APER               Fixed aperture magnitude vector                            [mag]
#  10 MAGERR_APER            RMS error vector for fixed aperture mag.                   [mag]
#  11 FLUX_APER              Flux vector within fixed circular aperture(s)              [count]
#  12 FLUXERR_APER           RMS error vector for aperture flux(es)                     [count]
#  13 BACKGROUND             Background at centroid position                            [count]
#  14 ELLIPTICITY            1 - B_IMAGE/A_IMAGE                                       
#  15 FLAGS                  Extraction flags                                          
         1    853.100     89.118 238.0168099 +32.9318960   122.02    0.0130951 -14.8830 -12.6455   0.0052     114345.7     550.4583     791.4357    0.502  19
         2    816.433     46.006 238.0215962 +32.9364070    68.33  0.007332948 -13.4504 -12.0203   0.0089     64286.84      527.009     638.0466    0.808  19
         3    821.344      9.819 238.0210323 +32.9402871    80.98  0.008691227 -13.7407 -12.5332   0.0054     103101.9     514.8156      420.812    0.771  24
         4    488.285     42.335 238.0637303 +32.9359316     7.55 0.0008100411  -9.2129  99.0000  99.0000    -3633.479     495.8139     812.0254    0.256   0
         5     61.696    112.739 238.1183564 +32.9272589     7.18  0.000770505 -13.8084 -13.8266   0.0021     339328.5     644.5572     917.6939    0.083   0
         6    726.696    121.892 238.0329761 +32.9280616     7.00 0.0007514274  -9.9471  -9.2223   0.1108     4885.667     498.2852      1003.54    0.106   0
         7    748.360    126.336 238.0301869 +32.9276437     7.19 0.0007718742  -9.6238  99.0000  99.0000    -2234.138     495.7298     1003.889    0.169   0
         8    367.754    141.596 238.0790144 +32.9250019     5.70 0.0006118526  -9.3576  -9.6276   0.0764     7096.457     499.1704     984.4254    0.239   0
         9    697.722    189.893 238.0365692 +32.9207183     7.55 0.0008099196 -11.9338 -11.9215   0.0097     58692.68     524.5341     1003.793    0.107   0
        10    319.128    184.683 238.0851736 +32.9202669     9.38  0.001006353  -9.7825  -9.8764   0.0609     8924.188     500.2795     979.6259    0.257   0
        11    108.955    253.992 238.1120151 +32.9122926     6.84 0.0007343342 -13.7735 -13.7922   0.0021     328767.9     640.3612     935.9761    0.068   0
        12    758.963    274.688 238.0285520 +32.9118180     6.90 0.0007404263 -12.1994 -12.2314   0.0074     78086.72     533.6454     1004.828    0.051   0
        13    228.567    274.284 238.0966247 +32.9104479     4.91 0.0005267185  -9.4406 -10.2313   0.0441     12374.58     501.9593     966.6141    0.432   0
        14    577.951    325.516 238.0516884 +32.9059081     6.88 0.0007378617 -11.3101 -11.3461   0.0161     34550.86     512.9666     996.7587    0.063   0
        15    284.292    339.399 238.0893480 +32.9036396     6.98 0.0007490456 -11.1355 -11.1737   0.0188     29477.86     510.3111     974.7645    0.014   0
        16     40.439    342.396 238.1206356 +32.9026591     6.18 0.0006632436  -9.1371  -9.2372   0.1092     4953.156     498.0958     911.6786    0.251   0
        17    447.292    380.074 238.0683531 +32.8997300     7.07 0.0007587214 -10.9017 -10.9492   0.0230     23969.99     507.7289     987.3286    0.037   0
        18    508.201    431.040 238.0604409 +32.8944459     6.43 0.0006905891 -12.1652 -12.2023   0.0076     76021.48     532.5596     986.9513    0.044   0
        19    155.323    448.235 238.1056875 +32.8916608     7.58 0.0008135439  -9.9713 -10.0811   0.0505     10775.24     501.1621     937.2072    0.123   0
        20    266.877    490.302 238.0912930 +32.8874667     6.54 0.0007022092 -12.4492 -12.4803   0.0060     98199.04     542.9987     963.0196    0.042   0
        21     10.037    491.570 238.1242445 +32.8866349     7.32 0.0007859733 -10.3600 -10.3629   0.0366     13968.72     471.3882     890.7934    0.113  16
        22    436.997    497.524 238.0694517 +32.8871513     6.19  0.000664309  -9.6402  -9.7342   0.0693     7828.698     499.6066     982.2562    0.143   0
        23    326.064    505.974 238.0836689 +32.8859511     3.43 0.0003682374  -6.9663  -7.5705   0.5051     1067.054     496.3236     971.8674    0.029   0
        24    882.533    952.535 238.0114554 +32.8397038     7.03 0.0007549722 -10.5970 -11.1905   0.0185     29935.98     510.6853     846.3043    0.512   0
        25    797.569   1015.221 238.0222360 +32.8327825     7.87 0.0008444641  -9.8431  -9.7589   0.0676     8008.344     498.1634     881.4528    0.167  16
        26    377.918    697.872 238.0766506 +32.8655832     6.32 0.0006780655 -12.7721 -12.8073   0.0046     132719.8     558.7533     942.1614    0.008   0
        27    885.291    826.135 238.0113321 +32.8532187     4.46  0.000478169  -9.5373 -11.1016   0.0201     27581.73     509.5315     876.9888    0.522   0
        28    856.891    788.282 238.0150439 +32.8571897     6.81 0.0007309243 -12.0990 -12.0592   0.0086     66633.46     528.2921     938.4569    0.068   0
        29    883.184    709.395 238.0118154 +32.8656886     3.44 0.0003693817  -8.9862 -10.9248   0.0235     23437.19     507.2061     912.5739    0.425   0
        30    298.652    753.703 238.0867115 +32.8594041     6.52 0.0006992581 -10.8073 -10.8459   0.0252     21794.76      506.643     913.0546    0.047   0
        31    881.161    682.827 238.0121233 +32.8685226     2.63  0.000282587  -9.3182 -10.9508   0.0230     24006.57     507.6784     922.9071    0.261   0
        32    905.495    621.207 238.0091139 +32.8751711     6.35 0.0006813408 -11.0558 -10.9209   0.0236     23354.85       507.33     867.3269    0.021   0
        33    717.655    707.676 238.0330521 +32.8654381     4.25 0.0004557518  -9.3566  -9.8977   0.0597     9100.561     500.3399     970.0021    0.114   2
        34    883.995    870.250 238.0114179 +32.8485010     6.93 0.0007440246 -10.6068 -11.1602   0.0190     29113.21     510.1733     866.8478    0.268   0
        35    882.460    940.739 238.0114862 +32.8409642     4.71 0.0005053859  -9.8542 -11.1743   0.0188     29491.79      510.386     850.8599    0.544   0
        36    127.154    629.280 238.1089504 +32.8722374     7.36 0.0007896092  -9.9804 -10.1191   0.0488     11159.23     501.3813     906.5186    0.103   0
        37    883.540    850.094 238.0115130 +32.8506538     5.50 0.0005905583 -10.1220 -11.1472   0.0193     28764.81      510.098     872.5649    0.661   0
        38    807.789    863.565 238.0212038 +32.8490159     6.26 0.0006719971 -12.7849 -12.8205   0.0045     134339.5     559.3159     929.9872    0.062   0
        39    882.356    898.455 238.0115766 +32.8454826     9.12 0.0009792587 -11.2357 -11.2080   0.0182     30421.51     510.8957     862.7623    0.502   0
        40    888.034    972.635 238.0107133 +32.8375701     9.03  0.000968767 -10.8619 -11.1008   0.0201     27561.88     509.4535     831.4981    0.399   0
