#   1 NUMBER                 Running object number                                     
#   2 X_IMAGE                Object position along x                                    [pixel]
#   3 Y_IMAGE                Object position along y                                    [pixel]
#   4 ALPHA_J2000            Right ascension of barycenter (J2000)                      [deg]
#   5 DELTA_J2000            Declination of barycenter (J2000)                          [deg]
#   6 FWHM_IMAGE             FWHM assuming a gaussian core                              [pixel]
#   7 FWHM_WORLD             FWHM assuming a gaussian core                              [deg]
#   8 MAG_BEST               Best of MAG_AUTO and MAG_ISOCOR                            [mag]
#   9 MAG_APER               Fixed aperture magnitude vector                            [mag]
#  10 MAGERR_APER            RMS error vector for fixed aperture mag.                   [mag]
#  11 FLUX_APER              Flux vector within fixed circular aperture(s)              [count]
#  12 FLUXERR_APER           RMS error vector for aperture flux(es)                     [count]
#  13 BACKGROUND             Background at centroid position                            [count]
#  14 ELLIPTICITY            1 - B_IMAGE/A_IMAGE                                       
#  15 FLAGS                  Extraction flags                                          
         1    840.553     79.499 200.9191928 +36.1182870   134.06   0.01446015 -14.5062 -12.3671   0.0061     88476.98     498.7862     729.5501    0.614  16
         2    822.495      9.509 200.9217484 +36.1257613    80.14  0.008643692 -13.5144 -12.2674   0.0063     80716.43     464.6889     442.1956    0.783  24
         3    695.167    199.779 200.9384175 +36.1049333     5.59 0.0006031806 -15.4990 -15.5275   0.0007      1625537     1008.599     912.7017    0.084   4
         4    782.323    197.405 200.9267556 +36.1054404     4.64 0.0005002988 -15.0281 -15.0613   0.0009      1058092     856.4678     912.7023    0.071   0
         5    135.943    208.356 201.0132542 +36.1023680     4.30 0.0004641143 -13.2553 -13.3007   0.0029     209067.3     555.9626     862.4896    0.018   0
         6    558.440    206.177 200.9567065 +36.1038479     4.60 0.0004957372  -8.5905  -9.1874   0.1044     4730.894     454.8405     907.0806    0.215   0
         7    751.108    219.341 200.9308905 +36.1029915     4.79 0.0005166232  -8.6273  -9.3111   0.0932     5302.124     455.2561     913.0023    0.264   0
         8    347.633    270.266 200.9847919 +36.0963381     4.64 0.0004999828  -8.6245  -8.9277   0.1325     3724.667     454.3763     894.7355    0.223   0
         9    636.568    330.847 200.9459990 +36.0906690     4.41 0.0004752228 -10.8936 -11.0032   0.0201     25192.49     466.0011     907.6677    0.067   0
        10    276.215    376.793 200.9941302 +36.0846721     8.93 0.0009636598  -9.2938  -9.4682   0.0807     6127.291     455.4931     884.4103    0.422   0
        11    213.036    439.204 201.0024551 +36.0777736     7.63 0.0008232265  -9.0792  -9.1043   0.1126     4382.402     454.5471     870.3978    0.289   0
        12     28.304    441.962 201.0271678 +36.0769264     0.77 8.254445e-05  -7.2078  -7.3794   0.5494     894.8933     452.7528     827.2903    0.068   0
        13     41.356    488.376 201.0253234 +36.0719744     4.97 0.0005357598  -9.0742  -8.8932   0.1367     3608.195     454.2231     827.3461    0.140   0
        14    155.087    529.184 201.0100212 +36.0679257     4.28 0.0004621121 -12.9958 -13.0436   0.0035     164989.8     535.7758     850.8052    0.077   0
        15    880.595    894.214 200.9122378 +36.0307922     3.44 0.0003712929  -9.0564 -10.9982   0.0202      25078.3     465.7535     799.6201    0.420   0
        16    887.509    870.354 200.9113597 +36.0333777     4.19 0.0004519156  -9.3476 -10.9156   0.0217     23239.83     464.9772     792.7422    0.596   0
        17     62.960    772.339 201.0218350 +36.0415040     7.33 0.0007908551  -8.6624  -8.8291   0.1450     3401.342     454.1347     782.5844    0.306   0
        18    547.058    724.398 200.9571842 +36.0480886     3.85 0.0004156687  -9.7093  -9.9283   0.0531     9360.545     457.3148     868.7376    0.038   0
        19    237.115    719.214 200.9986524 +36.0477348     4.37 0.0004718847 -10.2615 -10.2873   0.0383     13029.85      459.392     832.9927    0.142   0
        20    124.930    881.818 201.0133175 +36.0299164     5.87 0.0006327695  -8.9171  -9.3111   0.0933      5301.79     455.2432     756.8956    0.324   0
        21    909.127    898.467 200.9084138 +36.0304166     3.50 0.0003775871  -8.9417  99.0000  99.0000    -2913.836     452.3095     750.5225    0.067   0
        22    155.903    782.100 201.0093837 +36.0407315     0.00            0  -7.4580  -8.1683   0.2662      1850.58     453.5355      802.184    0.135   0
        23    881.222    798.542 200.9123410 +36.0410820     5.84 0.0006300324 -10.0199 -10.8566   0.0229     22011.23     464.3162     823.8128    0.563   0
        24    881.207    741.405 200.9124546 +36.0472261     3.27 0.0003528668  -9.0106 -10.8375   0.0233      21627.5     463.9724      833.744    0.411   0
        25    553.537    703.479 200.9563597 +36.0503570     6.01 0.0006485981 -10.2647 -10.3576   0.0359     13900.81     459.9286     873.4623    0.045   0
        26    781.446    595.655 200.9260864 +36.0626125     3.85 0.0004157299 -10.3251 -10.3848   0.0351     14253.77     460.0953     898.7391    0.078   0
        27    501.915    670.510 200.9633316 +36.0537515     3.66 0.0003948658 -10.1604 -10.1624   0.0429     11613.31     458.6709      877.575    0.068   0
        28    719.731    562.143 200.9344094 +36.0660379     4.57 0.0004934527  -8.4429  -8.7013   0.1630     3023.475     453.9138     898.7936    0.123   0
        29    879.953    685.952 200.9127308 +36.0531857     8.58 0.0009256096 -10.6595 -10.8033   0.0240     20956.29     463.7354     846.5873    0.282   0
        30    885.794    951.811 200.9114300 +36.0246134     3.44 0.0003708985  -8.9753 -10.9800   0.0205     24661.48     465.5421     779.2132    0.651   0
