#   1 NUMBER                 Running object number                                     
#   2 X_IMAGE                Object position along x                                    [pixel]
#   3 Y_IMAGE                Object position along y                                    [pixel]
#   4 ALPHA_J2000            Right ascension of barycenter (J2000)                      [deg]
#   5 DELTA_J2000            Declination of barycenter (J2000)                          [deg]
#   6 FWHM_IMAGE             FWHM assuming a gaussian core                              [pixel]
#   7 FWHM_WORLD             FWHM assuming a gaussian core                              [deg]
#   8 MAG_BEST               Best of MAG_AUTO and MAG_ISOCOR                            [mag]
#   9 MAG_APER               Fixed aperture magnitude vector                            [mag]
#  10 MAGERR_APER            RMS error vector for fixed aperture mag.                   [mag]
#  11 FLUX_APER              Flux vector within fixed circular aperture(s)              [count]
#  12 FLUXERR_APER           RMS error vector for aperture flux(es)                     [count]
#  13 BACKGROUND             Background at centroid position                            [count]
#  14 ELLIPTICITY            1 - B_IMAGE/A_IMAGE                                       
#  15 FLAGS                  Extraction flags                                          
         1    853.280     89.713 200.9160939 +36.1170023   112.57   0.01216682 -14.5538 -12.3929   0.0060     90606.95     498.4322     748.6692    0.490  19
         2    816.876     46.527 200.9210727 +36.1215511    76.63  0.008282376 -13.5095 -11.9280   0.0089     59047.86     482.4029     626.7278    0.743  19
         3    821.221      9.431 200.9205701 +36.1255591    78.00  0.008430483 -13.5012 -12.2583   0.0063     80045.36     462.3231     445.4628    0.778  24
         4    682.403    196.362 200.9387895 +36.1050308     6.93  0.000749209 -15.5034 -15.5327   0.0007      1633424     1009.799     914.4507    0.106   4
         5    769.615    193.930 200.9270936 +36.1055404     4.35 0.0004703135 -15.0304 -15.0651   0.0009      1061811     856.7728     915.3713    0.060   0
         6    122.679    204.929 201.0138653 +36.1024916     4.07 0.0004399938 -13.2502 -13.2987   0.0029     208676.9     554.5201     861.7614    0.041   0
         7    214.590    192.801 201.0015621 +36.1040666     3.44 0.0003712593  -7.8229  -8.9085   0.1343      3659.29     452.5482     878.9978    0.421   0
         8    545.658    202.801 200.9571219 +36.1039466     5.92 0.0006401836  -8.5730  -9.2593   0.0974     5055.074     453.3693     907.1234    0.309   0
         9    738.708    215.396 200.9311935 +36.1031406     3.27 0.0003529433  -8.3353  -8.9481   0.1296     3795.184     452.7502     916.1202    0.409   0
        10    334.874    266.853 200.9852571 +36.0964401     4.16 0.0004497471  -8.5778  -8.4582   0.2031     2417.052     452.0013     895.0421    0.090   0
        11    623.760    327.423 200.9463683 +36.0907469     4.13 0.0004466274 -10.8797 -10.9851   0.0203     24777.37     464.1792      907.721    0.117   0
        12    369.935    366.939 200.9803280 +36.0857613     1.06 0.0001149101  -8.1174  -8.4365   0.2072     2369.167     452.0002     895.4702    0.003   0
        13    263.669    373.662 200.9945666 +36.0847289     7.98 0.0008628709  -9.4253  -9.6307   0.0694      7116.63     454.6185     884.0027    0.339   0
        14    199.738    435.930 201.0029996 +36.0778359     8.20 0.0008857473  -8.9634  -9.1608   0.1066     4616.556     453.2542     869.9125    0.482   0
        15     28.073    485.177 201.0259091 +36.0720284     4.55 0.0004915071  -9.0956  -9.1409   0.1086       4532.8     453.2334     826.7825    0.141   0
        16    141.810    525.931 201.0105624 +36.0679726     4.04  0.000436254 -12.9925 -13.0374   0.0035     164036.9     533.9832     850.4838    0.064   0
        17    707.227    558.803 200.9346652 +36.0660624     5.44 0.0005875318  -8.4816  -8.7013   0.1624     3023.696     452.1842     900.2156    0.235   0
        18    411.275    926.989 200.9735270 +36.0255575     4.52  0.000488789  -8.6752  -8.8976   0.1357     3622.742      452.655     797.8726    0.657   0
        19    111.755    878.200 201.0137836 +36.0299418     5.43  0.000586743  -9.0610  -9.2281   0.1002     4911.644     453.2395     759.8044    0.110   0
        20    886.742    946.089 200.9097572 +36.0248548     7.15 0.0007722669 -10.3485 -10.9529   0.0209     24052.23     463.8876     781.3138    0.497   0
        21    223.953    715.922 200.9991142 +36.0477485     4.22 0.0004559168 -10.2992 -10.3714   0.0354     14079.21     458.4689     832.5911    0.146   0
        22     49.152    769.278 201.0224261 +36.0414901     5.93 0.0006413012  -8.6402  -8.6928   0.1638     3000.113     452.3872     783.4983    0.294   0
        23    534.287    720.991 200.9574965 +36.0480993     3.62  0.000391048  -9.6657  -9.8250   0.0581     8511.649     455.3723     870.5886    0.105   0
        24    540.674    700.088 200.9566866 +36.0503692     5.45 0.0005894846 -10.2208 -10.3214   0.0370     13445.55     458.1232      875.094    0.099   0
        25    768.743    592.203 200.9263430 +36.0626394     3.79 0.0004095201 -10.3286 -10.4258   0.0337     14801.52     458.7499     899.6492    0.104   0
        26    488.891    667.050 200.9637030 +36.0537791     3.73  0.000403353 -10.1845 -10.2660   0.0389     12775.91     457.7577      878.982    0.120   0
        27    314.487    634.020 200.9871616 +36.0568334     3.72 0.0004019367  -7.7676  -8.4572   0.2033     2414.772     452.0382     866.2161    0.372   0
        28    461.811    658.605 200.9673527 +36.0546109     3.28 0.0003548555  -8.0965  -8.6025   0.1778     2760.474     452.0387     877.8484    0.406   0
        29    866.583    682.074 200.9130289 +36.0532355     6.27 0.0006780681  -9.2917 -10.3808   0.0351     14200.61     458.5351     874.5159    0.248   0
        30    887.008    957.602 200.9096967 +36.0236154     3.92 0.0004234551  -9.1245 -10.9367   0.0212     23696.86     463.5225     779.6822    0.747   0
        31    896.154    894.781 200.9086060 +36.0304077     3.84 0.0004146881 -10.2988 -10.7175   0.0259     19363.84     461.2793     776.7529    0.131   0
