#   1 NUMBER                 Running object number                                     
#   2 X_IMAGE                Object position along x                                    [pixel]
#   3 Y_IMAGE                Object position along y                                    [pixel]
#   4 ALPHA_J2000            Right ascension of barycenter (J2000)                      [deg]
#   5 DELTA_J2000            Declination of barycenter (J2000)                          [deg]
#   6 FWHM_IMAGE             FWHM assuming a gaussian core                              [pixel]
#   7 FWHM_WORLD             FWHM assuming a gaussian core                              [deg]
#   8 MAG_BEST               Best of MAG_AUTO and MAG_ISOCOR                            [mag]
#   9 MAG_APER               Fixed aperture magnitude vector                            [mag]
#  10 MAGERR_APER            RMS error vector for fixed aperture mag.                   [mag]
#  11 FLUX_APER              Flux vector within fixed circular aperture(s)              [count]
#  12 FLUXERR_APER           RMS error vector for aperture flux(es)                     [count]
#  13 BACKGROUND             Background at centroid position                            [count]
#  14 ELLIPTICITY            1 - B_IMAGE/A_IMAGE                                       
#  15 FLAGS                  Extraction flags                                          
         1     10.267     80.866 237.9942095 +32.9332370    62.90  0.006750232 -13.3646 -12.5145   0.0071     101346.7     665.7006     422.0096    0.602  24
         2    142.779     87.019 237.9771870 +32.9329222    42.15  0.004524006 -12.9390 -11.7496   0.0148     50098.41     684.9147     1167.564    0.695   0
         3    192.039     30.492 237.9709637 +32.9390897    33.45  0.003589884 -12.5832 -11.7476   0.0149     50010.13     685.1028     722.2805    0.191  17
         4    136.537     10.902 237.9781243 +32.9410403    85.63  0.009190195 -14.5708 -13.3324   0.0036     215267.5     713.4384     307.6412    0.743  24
         5    913.857     85.724 237.8781990 +32.9350088     7.58 0.0008131578 -11.7866 -11.6258   0.0166     44702.48     683.2184     1194.128    0.168   0
         6    419.668     88.680 237.9416380 +32.9334532     7.49 0.0008034155 -11.4344 -11.4451   0.0195     37847.89     680.7241     1325.432    0.062   0
         7     64.327    108.885 237.9872191 +32.9303828    18.53  0.001988323 -10.1722  99.0000  99.0000    -6610.546      666.717     852.4207    0.501   0
         8   1010.812    103.250 237.8657227 +32.9333754     4.90 0.0005260453  -9.0459 -10.1505   0.0634     11486.71     670.9542     1215.026    0.513   0
         9    985.604    191.902 237.8688124 +32.9238393     7.39 0.0007933603 -14.8045 -14.8027   0.0012     833819.5     927.9789     1260.507    0.082   0
        10    550.888    136.501 237.9247098 +32.9286751     6.89  0.000739079 -10.8314 -10.6927   0.0387      18927.8     673.8331     1380.547    0.131   0
        11     75.051    241.608 237.9856044 +32.9162270    12.41   0.00133144 -12.1341 -11.6570   0.0161     46004.77     683.6765     1271.483    0.086   2
        12    179.622    253.052 237.9721621 +32.9152738     7.13 0.0007654056 -11.9432 -11.9704   0.0122     61397.88     689.2457     1417.703    0.061   0
        13     66.255    256.212 237.9867071 +32.9146436    10.47  0.001123495 -11.8544 -11.5765   0.0174     42715.71     682.4542     1212.887    0.486   0
        14     78.314    267.910 237.9851384 +32.9134247    10.89  0.001168385 -11.7139 -11.5551   0.0177     41882.89     682.2412     1290.592    0.586   2
        15    249.176    266.503 237.9632110 +32.9140149     5.95 0.0006387603  -9.3424  -9.7014   0.0957     7595.632     669.4841     1417.281    0.308   0
        16    566.082    407.328 237.9222941 +32.8997711     7.90 0.0008480021 -17.1177 -17.0979   0.0003      6905212     1974.118     1391.405    0.043   4
        17     76.408    301.953 237.9853219 +32.9097818     6.19  0.000664299 -10.7434 -11.4740   0.0190     38868.17     680.9879     1276.877    0.459   0
        18    780.149    337.935 237.8949396 +32.9077236     7.10  0.000762039 -12.2184 -12.2327   0.0097     78178.33     695.2333     1327.031    0.096   0
        19     78.595    321.790 237.9850056 +32.9076675     3.45 0.0003702222  -9.5439 -11.4304   0.0198     37339.25     680.2601     1295.986    0.425   0
        20     76.744    327.106 237.9852337 +32.9070946     5.55 0.0005959939 -10.3289 -11.4732   0.0190     38840.93     681.1256     1282.671    0.793   0
        21    152.965    371.772 237.9753720 +32.9025180     6.78 0.0007276877 -12.8010 -12.8307   0.0057     135601.7     715.6722     1414.609    0.058   0
        22     77.007    351.733 237.9851558 +32.9044635     4.63 0.0004967576 -10.2013 -11.4845   0.0189     39244.68        681.2     1281.914    0.380   2
        23     76.678    370.972 237.9851636 +32.9024067     8.95 0.0009602543 -11.4421 -11.4907   0.0187     39470.95      681.283     1279.738    0.365   0
        24    203.594    396.493 237.9688308 +32.9000064     6.93  0.000743287 -11.9562 -11.9503   0.0124      60274.2     688.8016      1412.73    0.056   0
        25     67.584    382.213 237.9863103 +32.9011818     3.12 0.0003344975  -9.3268 -11.3463   0.0213        34555     679.2546      1218.88    0.420   0
        26     79.350    403.509 237.9847623 +32.8989365     3.93 0.0004217483  -9.7515 -11.4279   0.0198     37251.95     680.5422     1289.019    0.485   0
        27     73.008    425.000 237.9855376 +32.8966235     3.54 0.0003797724  -9.7436 -11.4500   0.0194     38017.93     680.5649     1246.842    0.286   2
        28     74.544    439.206 237.9853150 +32.8951092     7.84 0.0008412647 -11.1959 -11.5091   0.0184     40145.91     681.4199     1258.312    0.547   0
        29    369.940    455.072 237.9473815 +32.8941718     8.99 0.0009643645  -9.9583 -10.0713   0.0682     10679.15     670.6533     1401.728    0.153   0
        30     79.324    457.589 237.9846686 +32.8931572     7.62 0.0008183232 -11.0669 -11.4488   0.0195     37977.23     680.6608     1282.456    0.264   0
        31    960.643    498.713 237.8715084 +32.8909897     7.29 0.0007819011 -12.6483 -12.6795   0.0065     117980.1     709.5608     1180.724    0.137   0
        32     79.986    470.722 237.9845602 +32.8917554     6.74  0.000723385 -10.8869 -11.4224   0.0199      37064.2     680.3623     1287.505    0.439   0
        33     77.386    553.004 237.9847464 +32.8829555    21.13  0.002268182 -12.5426 -11.6275   0.0166      44769.8     682.9302     1261.866    0.422   2
        34     73.000    482.182 237.9854360 +32.8905127     5.77 0.0006190054 -10.5903 -11.4977   0.0186      39725.1      681.044     1239.731    0.176   0
        35     80.950    487.673 237.9844062 +32.8899464     5.74 0.0006159796 -10.5044 -11.4194   0.0200     36961.45     680.3061     1292.602    0.200   0
        36    227.985    527.486 237.9654691 +32.8860703     4.57 0.0004901558  -9.0712  -9.4303   0.1227     5917.484     668.8383     1401.914    0.192   0
        37    585.416    948.651 237.9188857 +32.8419706     9.05 0.0009712133 -10.0331 -10.1018   0.0663     10982.81     670.7477     1173.542    0.140   0
        38     85.056    989.914 237.9829801 +32.8362847    11.03  0.001183528 -11.2632 -11.2113   0.0241     30515.46     678.0259     1147.477    0.333   0
        39    151.828    810.017 237.9747376 +32.8556818     6.52 0.0006997038 -11.8343 -11.8611   0.0134     55517.11     686.9264     1334.202    0.048   0
        40    775.706    832.324 237.8946774 +32.8548788     7.79  0.000836101 -10.8044 -10.8460   0.0336     21796.88     674.8221     1130.198    0.174   0
        41     81.826    832.745 237.9836757 +32.8530724     7.97 0.0008551058 -11.1968 -11.5583   0.0176     42006.07     682.2679     1203.244    0.397   2
        42     79.651    804.884 237.9840045 +32.8560441     6.35  0.000681791 -10.8451 -11.5693   0.0175     42434.44     682.4433     1203.503    0.560   0
        43     84.011    817.265 237.9834231 +32.8547323     7.70 0.0008260801 -11.1401 -11.5584   0.0176     42012.14     682.2333     1222.969    0.573   2
        44    747.975    648.467 237.8985445 +32.8744578     5.65 0.0006066904  -9.5012  -9.6363   0.1016     7153.353      669.394     1234.696    0.357   0
        45     79.899    764.573 237.9840449 +32.8603526    16.15  0.001733236 -12.6189 -11.6019   0.0170     43728.18     682.8987     1222.692    0.415   2
        46    685.705    691.372 237.9064606 +32.8697169     6.92 0.0007429977 -11.3988 -11.4327   0.0198     37418.77     680.5295     1250.055    0.063   0
        47     76.531    645.598 237.9846901 +32.8730582    18.82  0.002020208 -12.3975 -11.6261   0.0166     44714.18     683.0939     1245.874    0.417   2
        48    531.006    665.202 237.9263514 +32.8721246     3.81 0.0004091437  -8.8455  -9.3714   0.1296     5604.729     668.6086     1332.404    0.380   0
        49     79.925    692.169 237.9841712 +32.8680902    24.13  0.002589288 -13.2175 -11.6455   0.0163     45521.16     683.4811     1252.064    0.479   2
        50     78.792    726.072 237.9842559 +32.8644642    15.54   0.00166762 -12.3907 -11.6182   0.0167     44388.14     683.0298      1233.57    0.216   2
        51    311.026    577.794 237.9547257 +32.8809067     7.31 0.0007849515  -9.4932  -9.6604   0.0993      7314.27     669.0972     1393.525    0.096   0
        52    751.037    943.872 237.8976534 +32.8428965     7.36 0.0007896152 -12.6884 -12.7129   0.0063     121662.4      710.804     1084.012    0.134   0
        53     83.369    947.680 237.9832721 +32.8407937    11.87  0.001273988 -11.7557 -11.5327   0.0180     41027.18     681.8538     1150.066    0.434   2
        54     82.094    890.914 237.9835372 +32.8468568    11.42   0.00122576 -11.8873 -11.6111   0.0168     44098.82     683.0159     1173.237    0.326   2
        55     80.892    587.066 237.9842355 +32.8793246    12.55   0.00134707 -11.9922 -11.4300   0.0198     37323.64      680.587     1284.988    0.510   0
        56    436.816    615.975 237.9385203 +32.8771467     6.70 0.0007187348 -12.6093 -12.6395   0.0068       113711     707.8064     1376.169    0.050   0
        57    649.895   1003.425 237.9105233 +32.8362791     7.13 0.0007655894 -12.5033 -12.5425   0.0074     103988.4     704.5247     1116.606    0.134   0
        58    719.749    879.378 237.9017750 +32.8497105     7.08 0.0007603181 -11.8224 -11.8606   0.0134     55495.35     687.1198     1140.951    0.128   0
        59     80.017    857.603 237.9838632 +32.8504112     6.33 0.0006792048 -10.8787 -11.5335   0.0180     41059.37     681.5521     1179.658    0.565   2
