#   1 NUMBER                 Running object number                                     
#   2 X_IMAGE                Object position along x                                    [pixel]
#   3 Y_IMAGE                Object position along y                                    [pixel]
#   4 ALPHA_J2000            Right ascension of barycenter (J2000)                      [deg]
#   5 DELTA_J2000            Declination of barycenter (J2000)                          [deg]
#   6 FWHM_IMAGE             FWHM assuming a gaussian core                              [pixel]
#   7 FWHM_WORLD             FWHM assuming a gaussian core                              [deg]
#   8 MAG_BEST               Best of MAG_AUTO and MAG_ISOCOR                            [mag]
#   9 MAG_APER               Fixed aperture magnitude vector                            [mag]
#  10 MAGERR_APER            RMS error vector for fixed aperture mag.                   [mag]
#  11 FLUX_APER              Flux vector within fixed circular aperture(s)              [count]
#  12 FLUXERR_APER           RMS error vector for aperture flux(es)                     [count]
#  13 BACKGROUND             Background at centroid position                            [count]
#  14 ELLIPTICITY            1 - B_IMAGE/A_IMAGE                                       
#  15 FLAGS                  Extraction flags                                          
         1    833.869    191.770 200.9198432 +36.2164271   205.82     0.022206 -16.3093 -12.7378   0.0082     124490.6     939.4189     1595.477    0.906  24
         2    517.126     55.770 200.9626358 +36.2301414     5.38 0.0005804704  -9.6228  -9.3361   0.1816     5425.684     907.0776     1688.959    0.220   0
         3    469.237     96.138 200.9689932 +36.2256707     6.04 0.0006516294 -10.3634 -10.3975   0.0685      14421.5     909.6301     1719.961    0.278   0
         4    535.887    151.821 200.9599374 +36.2198802     7.02 0.0007573998  -9.5284  -9.1846   0.2087     4718.836     906.9083     1796.705    0.189   0
         5    604.633    172.356 200.9506663 +36.2178693     8.95 0.0009659653 -10.6338 -10.7214   0.0509     19434.74     910.8541     1827.318    0.271   0
         6    261.009    294.005 200.9965848 +36.2038283     0.00            0  -8.9254  -9.8557   0.1126     8755.848      907.765     1807.446    0.006   0
         7    186.493    337.228 201.0065078 +36.1989725     5.19 0.0005602711 -10.1866 -10.3841   0.0693     14244.88      909.556     1802.088    0.219   0
         8    439.186    397.371 200.9724654 +36.1932377     5.23 0.0005643684 -10.0695 -10.5729   0.0583     16949.64     909.9167     1925.734    0.129   0
         9    841.575    830.805 200.9176592 +36.1478259    74.53  0.008040752 -14.2318 -13.3729   0.0047     223435.6     964.9345     1425.437    0.467  16
        10    888.517    888.347 200.9112572 +36.1417772    55.73   0.00601215 -14.7031 -13.0139   0.0064     160533.9     949.0112     551.0344    0.138  17
        11    156.415    796.245 201.0096636 +36.1495950     3.43 0.0003696556  -9.2079 -11.1948   0.0330     30055.33      913.739     1814.243    0.391   0
        12    304.620    481.899 200.9903722 +36.1837767     4.62 0.0004985178 -10.1380 -10.1557   0.0855     11541.61     908.8638     1925.949    0.194   0
        13    166.313    549.800 201.0088089 +36.1760876     5.17  0.000558105 -10.4252 -10.5801   0.0579     17063.13     910.1774     1881.391    0.242   0
        14    861.572    637.222 200.9153229 +36.1686695     4.27 0.0004604792 -12.1906 -12.0765   0.0148     67701.11     923.9564     1830.753    0.037   0
        15    428.488    550.128 200.9736154 +36.1768036     4.24 0.0004575903 -11.9715 -12.0405   0.0153     65495.07     923.5854     1949.467    0.049   0
        16    801.474    800.954 200.9230942 +36.1509197    18.45  0.001990509 -12.2489 -11.9742   0.0163     61614.68     922.3836     1865.851    0.457   3
        17    298.241    546.371 200.9911062 +36.1768351     4.48 0.0004833823  -8.8354  -8.9914   0.2493     3949.624     906.6707     1935.839    0.712   0
        18    441.249    509.595 200.9719783 +36.1811926     4.30 0.0004636553 -12.0516 -12.0281   0.0155     64749.84     923.2329     1949.582    0.055   0
        19    881.992    455.249 200.9129079 +36.1882673     4.19 0.0004523494 -11.6067  99.0000  99.0000    -28602.37     905.6066     1512.069    0.056   0
