#   1 NUMBER                 Running object number                                     
#   2 X_IMAGE                Object position along x                                    [pixel]
#   3 Y_IMAGE                Object position along y                                    [pixel]
#   4 ALPHA_J2000            Right ascension of barycenter (J2000)                      [deg]
#   5 DELTA_J2000            Declination of barycenter (J2000)                          [deg]
#   6 FWHM_IMAGE             FWHM assuming a gaussian core                              [pixel]
#   7 FWHM_WORLD             FWHM assuming a gaussian core                              [deg]
#   8 MAG_BEST               Best of MAG_AUTO and MAG_ISOCOR                            [mag]
#   9 MAG_APER               Fixed aperture magnitude vector                            [mag]
#  10 MAGERR_APER            RMS error vector for fixed aperture mag.                   [mag]
#  11 FLUX_APER              Flux vector within fixed circular aperture(s)              [count]
#  12 FLUXERR_APER           RMS error vector for aperture flux(es)                     [count]
#  13 BACKGROUND             Background at centroid position                            [count]
#  14 ELLIPTICITY            1 - B_IMAGE/A_IMAGE                                       
#  15 FLAGS                  Extraction flags                                          
         1    835.435    283.252 238.0215672 +33.0199789   137.48   0.01477052 -15.6933 -13.0823   0.0074     170972.5     1158.739      2049.72    0.822  19
         2    830.921    138.701 238.0224907 +33.0354685   211.39   0.02271031 -16.5879 -13.1965   0.0066     189939.6     1162.762     1930.562    0.884  19
         3    457.955    116.138 238.0704016 +33.0368140     6.92  0.000742944 -14.2140 -14.2617   0.0026     506634.3     1228.911     2169.097    0.165   0
         4    435.247    190.448 238.0731337 +33.0287787     7.37  0.000791382 -10.3655 -10.4189   0.0830     14708.16     1124.456     2249.211    0.236   0
         5    497.042    193.069 238.0651989 +33.0286770     0.00            0  -8.9945 -10.1739   0.1040     11736.96     1123.668      2273.36    0.017   0
         6     59.756    244.933 238.1211727 +33.0218345     8.66  0.000930639 -10.7847 -10.8944   0.0537     22791.62     1126.125     2023.032    0.313   0
         7    175.044    265.011 238.1063325 +33.0200213     6.15 0.0006602139 -11.8726 -11.9469   0.0205     60084.45      1134.28     2172.108    0.197   0
         8    298.347    280.904 238.0904750 +33.0186785     4.82 0.0005183145  -9.4091  -9.7984   0.1469     8305.019     1123.031     2277.306    0.274   0
         9    260.991    293.994 238.0952349 +33.0171653     4.20 0.0004513378  -8.8058  -9.9817   0.1240     9832.984     1122.991     2273.106    0.011   0
        10    490.975    355.460 238.0655819 +33.0112438     5.51 0.0005918296 -12.4585 -12.4881   0.0126     98912.14     1143.117     2409.736    0.137   0
        11      2.609    426.276 238.1280488 +33.0022174     5.70 0.0006120164 -10.9572 -11.0679   0.0353     26740.57     868.3641     2114.952    0.380  24
        12    719.782    880.114 238.0349733 +32.9556370     3.73 0.0004004063  -9.6031  99.0000  99.0000    -103446.4     1121.181     1892.859    0.092   0
        13    888.581    888.488 238.0133138 +32.9552213    54.93  0.005901507 -15.0087 -13.3394   0.0059     216647.4     1168.521     559.9742    0.144  17
        14    838.831    828.928 238.0198332 +32.9614671    78.47  0.008429979 -14.2830 -13.7211   0.0042     307933.4     1187.831     1819.165    0.264  16
        15    665.426    778.725 238.0421854 +32.9663545     4.14  0.000444614  -9.7892 -10.8224   0.0573     21327.91      1125.99     2500.479    0.532   0
        16    100.753    775.676 238.1145895 +32.9650366     5.43 0.0005837798 -11.9897 -12.0443   0.0188     65725.41     1135.742     2240.831    0.046   0
        17    714.853    769.412 238.0358705 +32.9674952     5.36 0.0005756774 -10.4978 -10.5867   0.0712     17167.19     1124.939     2500.045    0.100   0
        18    707.520    779.719 238.0367861 +32.9663688     5.11 0.0005486893 -11.1676 -11.2362   0.0392     31224.48     1128.248     2499.801    0.107   0
        19    264.121    851.478 238.0934573 +32.9573874     4.71  0.000506377 -10.4304 -11.5505   0.0294     41705.24     1130.631     2279.714    0.259   0
        20    712.840    677.891 238.0363481 +32.9773047     5.37 0.0005765633 -10.9308 -11.1007   0.0444      27561.2     1127.215     2499.423    0.182   0
        21    722.536    642.804 238.0351889 +32.9810954     5.32 0.0005719567 -11.4213 -11.5251   0.0301     40742.89     1130.103     2485.299    0.116   0
