#   1 NUMBER                 Running object number                                     
#   2 X_IMAGE                Object position along x                                    [pixel]
#   3 Y_IMAGE                Object position along y                                    [pixel]
#   4 ALPHA_J2000            Right ascension of barycenter (J2000)                      [deg]
#   5 DELTA_J2000            Declination of barycenter (J2000)                          [deg]
#   6 FWHM_IMAGE             FWHM assuming a gaussian core                              [pixel]
#   7 FWHM_WORLD             FWHM assuming a gaussian core                              [deg]
#   8 MAG_BEST               Best of MAG_AUTO and MAG_ISOCOR                            [mag]
#   9 MAG_APER               Fixed aperture magnitude vector                            [mag]
#  10 MAGERR_APER            RMS error vector for fixed aperture mag.                   [mag]
#  11 FLUX_APER              Flux vector within fixed circular aperture(s)              [count]
#  12 FLUXERR_APER           RMS error vector for aperture flux(es)                     [count]
#  13 BACKGROUND             Background at centroid position                            [count]
#  14 ELLIPTICITY            1 - B_IMAGE/A_IMAGE                                       
#  15 FLAGS                  Extraction flags                                          
         1    833.824    190.467 238.0210143 +33.0300184   202.50   0.02173885 -16.1929 -12.6235   0.0083     112049.4     859.4296     1434.346    0.904  16
         2    457.787    120.004 238.0694623 +33.0365536     8.67 0.0009306835 -14.2353 -14.2367   0.0021     495078.1      964.114     1563.516    0.122   0
         3    435.261    194.227 238.0722261 +33.0285565    10.20  0.001095213 -10.1843 -10.2702   0.0703      12825.2     830.0878     1612.752    0.223   0
         4     59.509    248.682 238.1204124 +33.0217153    13.22  0.001419258 -10.8400 -10.8618   0.0409     22116.55     832.7654      1471.82    0.335   0
         5    175.036    269.050 238.1055311 +33.0198523     8.88  0.000953002 -11.7911 -11.8193   0.0171     53422.75     842.1572      1569.08    0.191   0
         6    261.022    294.002 238.0944379 +33.0174176     0.00            0  -8.8709  -9.6269   0.1268     7091.573     827.9628     1626.195    0.008   0
         7    490.855    359.344 238.0647919 +33.0110494     7.61 0.0008167602 -12.4380 -12.4713   0.0095     97390.69     855.0646     1716.792    0.092   0
         8    698.057    408.746 238.0380852 +33.0063188     1.25 0.0001346511  -8.7424  99.0000  99.0000    -2914.309     826.0526     1748.218    0.118   0
         9      3.423    430.539 238.1272860 +33.0021157     7.20 0.0007733292 -10.7821 -10.8408   0.0331      21692.2     660.5516     1532.518    0.353  24
        10    719.733    884.310 238.0344826 +32.9555235     4.90 0.0005260471  -9.4723  99.0000  99.0000    -48013.93     826.1928      1316.59    0.096   0
        11    888.230    888.155 238.0128409 +32.9555564    56.21  0.006034707 -14.5422 -12.8415   0.0069     136959.8     866.5341     547.1753    0.151  17
        12    707.465    783.565 238.0362312 +32.9662639     7.27 0.0007800991 -11.2446 -11.3010   0.0274     33143.79     836.1617     1771.558    0.076   2
        13    714.737    773.604 238.0353145 +32.9673483     8.11 0.0008710275 -10.3286 -10.5693   0.0534     16892.97     831.0797     1771.604    0.158   3
        14    840.822    830.350 238.0190264 +32.9616130    75.33  0.008086932 -14.1651 -13.2272   0.0049     195372.8     883.2258     1313.614    0.459  16
        15    100.570    779.851 238.1141716 +32.9650295     8.71  0.000934912 -12.3355 -11.9139   0.0157     58283.65     843.5989     1604.739    0.061   0
        16    712.902    681.544 238.0357085 +32.9771874     7.59 0.0008150267 -10.9420 -11.0223   0.0353     25640.41     833.8227     1772.239    0.072   0
        17    722.572    646.741 238.0345263 +32.9809346     7.40 0.0007946726 -11.3763 -11.4233   0.0245     37095.66     837.4116     1764.339    0.069   0
        18    800.856    801.031 238.0242084 +32.9646429    23.82  0.002557514 -12.2714 -11.9160   0.0157     58398.73     843.6559     1674.372    0.114   3
