#   1 NUMBER                 Running object number                                     
#   2 X_IMAGE                Object position along x                                    [pixel]
#   3 Y_IMAGE                Object position along y                                    [pixel]
#   4 ALPHA_J2000            Right ascension of barycenter (J2000)                      [deg]
#   5 DELTA_J2000            Declination of barycenter (J2000)                          [deg]
#   6 FWHM_IMAGE             FWHM assuming a gaussian core                              [pixel]
#   7 FWHM_WORLD             FWHM assuming a gaussian core                              [deg]
#   8 MAG_BEST               Best of MAG_AUTO and MAG_ISOCOR                            [mag]
#   9 MAG_APER               Fixed aperture magnitude vector                            [mag]
#  10 MAGERR_APER            RMS error vector for fixed aperture mag.                   [mag]
#  11 FLUX_APER              Flux vector within fixed circular aperture(s)              [count]
#  12 FLUXERR_APER           RMS error vector for aperture flux(es)                     [count]
#  13 BACKGROUND             Background at centroid position                            [count]
#  14 ELLIPTICITY            1 - B_IMAGE/A_IMAGE                                       
#  15 FLAGS                  Extraction flags                                          
         1     77.953    456.741 200.8823036 +36.0792277    60.87  0.006581486 -14.6322 -12.2215   0.0147     77371.66     1047.698     2057.779    0.844  18
         2     75.209    259.750 200.8829644 +36.1003986    66.11  0.007147615 -14.2292 -12.3902   0.0126     90381.07     1050.798     2047.641    0.781   0
         3     11.081     80.074 200.8918612 +36.1195535    67.49  0.007296998 -14.0508 -13.2843   0.0054     205930.4     1032.014     317.3113    0.587  24
         4    142.119     87.822 200.8742145 +36.1190497    54.62   0.00590536 -13.6460 -12.3808   0.0127     89603.21      1050.67     1854.108    0.765   2
         5    192.735     30.856 200.8674857 +36.1253005    33.67   0.00364096 -13.2796 -12.3981   0.0125     91039.13     1050.954      950.282    0.222  17
         6    136.169     11.150 200.8751281 +36.1272775    88.28   0.00954541 -15.3320 -14.1200   0.0027     444623.5     1089.182     62.74051    0.745  24
         7    289.554     34.289 200.8544498 +36.1251722     3.64  0.000393812  -8.9266  99.0000  99.0000    -95251.34     1029.158     1441.417    0.033   0
         8     66.524    110.907 200.8843539 +36.1163783    27.67  0.002991345  99.0000  -9.4143   0.1919     5830.765     1030.544     1248.139    0.506   0
         9    376.758     89.447 200.8426340 +36.1194582     4.98 0.0005382902 -11.2126 -10.9913   0.0451     24917.73     1035.193       2181.2    0.006   0
        10     85.406    121.779 200.8817968 +36.1152570    27.30  0.002951244 -12.5361 -12.1576   0.0156      72955.3     1046.186     1648.154    0.462   2
        11    482.769    189.875 200.8282255 +36.1089222     0.00            0 -10.2346 -11.0602   0.0424     26549.93       1035.5     2312.863    0.330   0
        12    307.989    264.450 200.8516373 +36.1004742     4.93 0.0005331292 -12.5489 -12.6093   0.0104     110587.5     1055.651     2346.456    0.057   0
        13    687.979    428.209 200.8002849 +36.0837995     6.12 0.0006621076  -9.7768  -9.9497   0.1173     9547.603      1030.98     2193.098    0.089   0
        14   1022.528    444.698 200.7552585 +36.0828281     5.00 0.0005404952 -10.0492  -9.4455   0.1653     6000.716     913.2542     1830.805    0.112  16
        15     83.579    900.971 200.8808899 +36.0314844    89.70  0.009698059 -15.0212 -12.3588   0.0130     87808.77       1050.1      1857.85    0.920  19
        16     77.044    528.155 200.8823200 +36.0715480    28.83  0.003116751 -13.1967 -12.5425   0.0110     103988.5     1054.115     2035.129    0.777  19
        17     79.122    675.692 200.8818223 +36.0556921    89.31  0.009655835 -15.4197 -12.4727   0.0117     97512.55     1052.465     2004.949    0.890  19
        18    717.933    493.420 200.7961665 +36.0768613     4.91 0.0005306521 -11.1708 -11.3322   0.0330      34110.4     1037.439     2115.513    0.074   0
        19    594.910    862.319 200.8122037 +36.0369038     5.08 0.0005494438 -10.2876 -10.5685   0.0665     16880.89     1033.163     1921.235    0.097   0
        20    653.747    978.066 200.8041346 +36.0246031     4.82 0.0005212053 -10.4765 -10.6921   0.0593     18916.53      1033.54     1732.562    0.051   0
