#   1 NUMBER                 Running object number                                     
#   2 X_IMAGE                Object position along x                                    [pixel]
#   3 Y_IMAGE                Object position along y                                    [pixel]
#   4 ALPHA_J2000            Right ascension of barycenter (J2000)                      [deg]
#   5 DELTA_J2000            Declination of barycenter (J2000)                          [deg]
#   6 FWHM_IMAGE             FWHM assuming a gaussian core                              [pixel]
#   7 FWHM_WORLD             FWHM assuming a gaussian core                              [deg]
#   8 MAG_BEST               Best of MAG_AUTO and MAG_ISOCOR                            [mag]
#   9 MAG_APER               Fixed aperture magnitude vector                            [mag]
#  10 MAGERR_APER            RMS error vector for fixed aperture mag.                   [mag]
#  11 FLUX_APER              Flux vector within fixed circular aperture(s)              [count]
#  12 FLUXERR_APER           RMS error vector for aperture flux(es)                     [count]
#  13 BACKGROUND             Background at centroid position                            [count]
#  14 ELLIPTICITY            1 - B_IMAGE/A_IMAGE                                       
#  15 FLAGS                  Extraction flags                                          
         1     10.929     80.512 237.9943082 +32.9341162    66.91  0.007187331 -13.8978 -13.1086   0.0057     175167.4     923.0588     346.8964    0.591  24
         2    144.672     85.638 237.9771128 +32.9339101    49.15  0.005279703 -13.3550 -12.1985   0.0135     75752.12     939.8791     1632.662    0.763   2
         3    192.625     31.049 237.9710438 +32.9398713    34.05   0.00365799 -13.1477 -12.2253   0.0132     77646.02     940.3573     889.7407    0.234  17
         4    135.727     11.111 237.9783902 +32.9418589    87.89  0.009441746 -15.1406 -13.9304   0.0028     373390.8     977.5227     139.2223    0.745  24
         5     77.834    448.087 237.9850768 +32.8949709    51.94  0.005579857 -14.4111 -12.0792   0.0150     67871.66     937.7551     1808.645    0.789  18
         6     75.010    262.139 237.9857601 +32.9148532    64.24  0.006900992 -14.3212 -12.2206   0.0132     77313.77     940.2435     1802.504    0.784   0
         7     65.408    109.750 237.9872569 +32.9311284    23.26  0.002498559  -8.0575  99.0000  99.0000    -10917.36      919.509     1107.772    0.537   0
         8    916.234     93.947 237.8779485 +32.9349499     4.02 0.0004321922 -11.9941 -11.9156   0.0174     58375.47     935.2968      1771.05    0.041   0
         9    422.178     96.515 237.9414337 +32.9334493     4.13 0.0004439561 -11.5208 -11.6135   0.0229     44199.09     931.4485     2003.383    0.071   0
        10     84.913    120.477 237.9847320 +32.9300310    14.47  0.001554303 -12.1264 -11.7574   0.0201     50459.91     933.2811     1464.331    0.321   0
        11    987.966    200.310 237.8685619 +32.9237482     4.16 0.0004469024 -14.6864 -14.7340   0.0015     782724.8     1112.077     1790.206    0.033   0
        12    553.051    144.723 237.9245363 +32.9286207     3.86 0.0004151387 -10.8651 -10.3067   0.0756     13263.59     923.1858      2013.85    0.056   0
        13    182.037    261.055 237.9720116 +32.9152423     4.03 0.0004330137 -11.8424 -11.9689   0.0166     61312.38     936.1071     2058.497    0.051   0
        14    252.000    275.195 237.9629989 +32.9139076     5.29 0.0005687206  -9.4224  -9.4938   0.1594      6273.53     920.9014     2058.028    0.108   0
        15    886.024    314.513 237.8814780 +32.9112833     4.34 0.0004659628  -9.3805  -9.5029   0.1581     6326.171     921.2273     1831.095    0.151   0
        16    568.272    415.998 237.9221333 +32.8996423    22.40  0.002406296 -16.9161 -16.9263   0.0004      5895580     1947.563     2013.356    0.317   4
        17    782.465    346.245 237.8947314 +32.9076344     4.02 0.0004318462 -12.0751 -12.1636   0.0139     73358.73     939.1659      1902.81    0.067   0
        18    155.251    379.777 237.9752497 +32.9024753     3.94 0.0004235531 -12.7219 -12.7659   0.0081     127744.2     953.5582     2051.496    0.060   0
        19    338.601    380.790 237.9516949 +32.9028319     3.44 0.0003698191  -8.6992  -9.7047   0.1313     7618.717     921.2405     2043.645    0.406   0
        20    205.952    404.620 237.9686944 +32.8999470     4.05 0.0004347533 -11.7845 -11.9655   0.0166     61120.05     936.0046     2049.802    0.096   0
        21    372.489    463.138 237.9472036 +32.8941093     4.22 0.0004530741  -9.8604 -10.2101   0.0826      12134.9      922.906     2030.618    0.052   0
        22     79.118    678.117 237.9845156 +32.8703697    86.16  0.009255587 -15.3630 -12.2610   0.0127     80241.55     941.0725     1758.147    0.893  18
        23    962.990    507.175 237.8712843 +32.8908638     4.02  0.000432337 -12.5525 -12.5894   0.0095     108583.4     948.1934     1641.403    0.041   0
        24     83.477    902.857 237.9835689 +32.8463422    70.41   0.00756339 -14.8992 -12.1942   0.0135     75453.73     939.8506     1620.177    0.882  18
        25    608.558    499.576 237.9168211 +32.8908029     5.49 0.0005901756  -8.7450  -6.8071   1.8904       528.27     919.5745      1953.21    0.470   0
        26    630.990    506.989 237.9139278 +32.8900657     3.42 0.0003668597  -7.7570  -7.2123   1.3013     767.2134     919.3273     1933.201    0.009   0
        27    708.503    678.992 237.9036923 +32.8718600     3.74 0.0004012295  -8.5570  99.0000  99.0000    -41.16605     919.4049     1755.917    0.377   0
        28    652.488   1012.327 237.9103412 +32.8360666     3.98 0.0004278049 -12.4084 -12.3984   0.0113     91065.17     944.0449      1523.06    0.029   0
        29     87.722    998.998 237.9828587 +32.8360696     7.56 0.0008118041 -10.9787 -11.2017   0.0333     30247.66     927.5674     1617.385    0.196   0
        30    154.063    818.321 237.9746519 +32.8555645     4.15 0.0004454277 -11.7559 -11.8294   0.0188     53922.87     934.1571     1898.429    0.062   0
        31    542.052    792.980 237.9248790 +32.8592536     0.00            0  -8.7091  -7.8324   0.7355     1358.198     919.8781       1803.2    0.026   0
        32    231.189    536.196 237.9652289 +32.8859374     4.43 0.0004755434  -9.2409  -9.6531   0.1377     7264.943     921.1185     2027.618    0.108   0
        33    588.131    957.622 237.9186921 +32.8417580     4.12 0.0004429534  -9.9508 -10.0764   0.0934     10728.81      922.551     1620.935    0.066   0
        34    688.017    699.902 237.9062890 +32.8695727     3.96 0.0004257065 -11.8903 -11.9530   0.0168        60420     935.8943     1756.484    0.029   0
        35    439.117    624.231 237.9383767 +32.8770458     4.01 0.0004307509 -12.5099 -12.5700   0.0097     106664.3     948.0911     1979.828    0.077   0
        36    753.605    952.767 237.8974576 +32.8426876     4.04 0.0004338129 -12.5575 -12.5662   0.0097     106288.7     947.6639     1465.454    0.036   0
        37    313.335    585.844 237.9545948 +32.8808349     4.31 0.0004629974  -9.6117  -9.7221   0.1293     7741.797     921.5076     2014.113    0.121   0
        38    722.345    888.187 237.9015754 +32.8495181     3.96 0.0004249077 -11.7863 -11.8489   0.0185     54899.98     934.3162     1563.251    0.043   0
        39    613.978    549.499 237.9160430 +32.8854764     3.74  0.000401261  -8.6479  -8.8352   0.2923     3420.324     920.4904     1921.447    0.378   0
        40    778.258    841.121 237.8944729 +32.8546904     4.09 0.0004394568 -10.6717 -10.7503   0.0503      19957.7     925.1002     1548.608    0.064   0
        41    533.464    674.560 237.9261773 +32.8718988     3.92 0.0004215541  -9.3664  -9.6537   0.1377     7268.769     921.4312      1903.16    0.238   0
        42    578.501    572.971 237.9205609 +32.8828774     3.74   0.00040156  -9.3357  -9.9524   0.1046     9571.473     922.1595     1931.253    0.377   0
        43    750.383    656.582 237.8983505 +32.8743605     4.10 0.0004409592  -9.4929  -9.3491   0.1821      5490.65     920.5589     1734.438    0.195   0
