#   1 NUMBER                 Running object number                                     
#   2 X_IMAGE                Object position along x                                    [pixel]
#   3 Y_IMAGE                Object position along y                                    [pixel]
#   4 ALPHA_J2000            Right ascension of barycenter (J2000)                      [deg]
#   5 DELTA_J2000            Declination of barycenter (J2000)                          [deg]
#   6 FWHM_IMAGE             FWHM assuming a gaussian core                              [pixel]
#   7 FWHM_WORLD             FWHM assuming a gaussian core                              [deg]
#   8 MAG_BEST               Best of MAG_AUTO and MAG_ISOCOR                            [mag]
#   9 MAG_APER               Fixed aperture magnitude vector                            [mag]
#  10 MAGERR_APER            RMS error vector for fixed aperture mag.                   [mag]
#  11 FLUX_APER              Flux vector within fixed circular aperture(s)              [count]
#  12 FLUXERR_APER           RMS error vector for aperture flux(es)                     [count]
#  13 BACKGROUND             Background at centroid position                            [count]
#  14 ELLIPTICITY            1 - B_IMAGE/A_IMAGE                                       
#  15 FLAGS                  Extraction flags                                          
         1    840.509     80.255 238.0189040 +32.9329215   137.39   0.01473282 -14.6896 -12.6087   0.0054     110533.7     551.3491     782.8863    0.606  16
         2    824.209      9.722 238.0211088 +32.9404008    85.46   0.00916439 -13.6987 -12.5250   0.0055     102329.3     515.9652     415.5108    0.795  24
         3    492.478     44.336 238.0636485 +32.9357941     5.62 0.0006025254  -9.5227  99.0000  99.0000     -3788.56     498.7456      817.664    0.082   0
         4    249.113     69.806 238.0948535 +32.9323972     5.73 0.0006148822  -9.6113 -10.6277   0.0309     17827.04     507.5474     870.7529    0.587   0
         5     65.486    114.612 238.1183536 +32.9270995     4.97 0.0005332875 -13.8038 -13.8462   0.0020     345538.3     649.1995     921.4474    0.087   0
         6    730.345    123.971 238.0329787 +32.9279565     5.08 0.0005443617 -10.2068  -9.1864   0.1151     4726.831     501.1234     1004.146    0.108   0
         7    752.071    128.612 238.0301819 +32.9275212     4.97 0.0005325648  -9.9204  99.0000  99.0000    -3199.785     498.7173     1004.375    0.138   0
         8    625.022    133.703 238.0464853 +32.9266284     3.56 0.0003822368  -7.9000  99.0000  99.0000    -4902.459     498.7456     1002.979    0.059   0
         9    371.692    144.694 238.0789911 +32.9247524     7.88 0.0008452595  -9.7179  -9.8128   0.0649      8416.16     503.0025     986.4482    0.346   0
        10    701.247    191.887 238.0366056 +32.9206319     5.53 0.0005925496 -11.8635 -11.9363   0.0096     59497.82     527.7539     1004.684    0.099   0
        11    323.021    186.917 238.0851694 +32.9201123     5.12 0.0005487507  -9.8596  -9.9878   0.0553     9888.264     503.6638     981.8856    0.092   0
        12    478.392    183.808 238.0652284 +32.9208775     6.14 0.0006586731  -9.2939  -9.6054   0.0784     6952.788     502.0364     996.5349    0.134   0
        13    112.714    255.848 238.1120508 +32.9121678     4.80  0.000514833 -13.7788 -13.8173   0.0021     336436.9     645.7505     937.5871    0.119   0
        14    762.428    276.724 238.0286160 +32.9117504     4.88 0.0005230663 -12.1906 -12.2574   0.0073     79973.55     537.3004     1005.285    0.127   0
        15    234.965    275.867 238.0963246 +32.9103771    10.11  0.001084161 -10.3844 -10.3616   0.0394     13952.38     505.6492     968.4413    0.489   0
        16    581.482    327.558 238.0517607 +32.9058296     4.74 0.0005087726 -11.3050 -11.4146   0.0153      36798.1     516.8619       997.57    0.124   0
        17      6.624    317.327 238.1255636 +32.9053092     5.61 0.0006013922  -8.8385  -8.4325   0.1997     2360.375     434.0327      904.657    0.190  16
        18    287.932    341.294 238.0894165 +32.9035468     4.57 0.0004900045 -11.1222 -11.1872   0.0187     29844.47     513.5149     977.4318    0.127   0
        19     43.900    344.716 238.1207324 +32.9024934     6.08 0.0006516874  -9.1229  -9.2472   0.1089      4998.82     501.2871     914.2656    0.269   0
        20    451.145    382.102 238.0684007 +32.8996498     4.66 0.0004992375 -10.8768 -11.0099   0.0219     25348.58     511.2526     988.0869    0.136   0
        21    511.700    433.041 238.0605455 +32.8943844     4.50 0.0004824989 -12.1507 -12.1927   0.0077     75351.09     535.1584     988.4132    0.121   0
        22    159.231    450.271 238.1057516 +32.8915603     4.96 0.0005315142  -9.9382 -10.0496   0.0523     10467.02      503.951     940.0983    0.101   0
        23    542.338    457.953 238.0565728 +32.8918120     5.36 0.0005747111  -8.9101  -9.1613   0.1178     4618.723     500.9571     988.5582    0.290   0
        24    270.549    492.159 238.0913958 +32.8874053     4.62 0.0004956837 -12.4353 -12.4918   0.0060     99247.84     546.2722     964.6851    0.152   0
        25     14.049    493.263 238.1243098 +32.8865634     5.33 0.0005715349 -10.4295 -10.3292   0.0402     13542.49     500.9998     894.0682    0.185  16
        26    440.669    499.825 238.0695517 +32.8870632     4.72 0.0005056618  -9.7049  -9.6937   0.0724     7541.764     502.5537     982.8943    0.105   0
        27    779.397    513.210 238.0260614 +32.8865710     5.88 0.0006308752  -8.6052  -9.0757   0.1274      4268.71     500.7121     993.4407    0.107   0
        28    886.337    948.537 238.0116528 +32.8404268     8.94 0.0009587692 -11.2009 -11.1770   0.0189     29567.37     513.3389     840.3931    0.365   0
        29    513.367   1023.175 238.0593689 +32.8314397     6.52 0.0006990916  -8.6284  -7.6010   0.4310     1097.495       435.54     843.3652    0.218  16
        30    800.939   1017.512 238.0224968 +32.8328360     4.56 0.0004895097  -9.9382  -9.8319   0.0621     8565.258     489.9101      878.699    0.134  16
        31    883.378    860.157 238.0121714 +32.8498462     7.14 0.0007657931 -10.0164 -11.1831   0.0187     29734.21     513.3516     871.5446    0.793   1
        32    381.412    699.692 238.0768259 +32.8655782     4.46 0.0004778423 -12.7745 -12.8248   0.0045       134867      562.312     941.9476    0.138   0
        33    884.496    676.564 238.0123169 +32.8694332     5.41 0.0005806222 -10.2379 -10.9889   0.0223      24863.1     511.0014     916.9954    0.282   0
        34    881.592    816.494 238.0124691 +32.8544989     6.70  0.000718459 -10.4991 -11.1552   0.0192     28979.59     513.0114      887.692    0.318   2
        35    860.039    790.336 238.0152753 +32.8572304     4.78 0.0005129355 -11.9750 -12.0962   0.0084     68939.91     532.1285     936.4728    0.190   0
        36    632.394    781.417 238.0444936 +32.8575572     4.24 0.0004546844  -8.5704  -8.6007   0.1970     2755.948     499.8718     942.9589    0.120   0
        37    302.442    755.584 238.0868646 +32.8593955     4.73 0.0005072469 -10.8449 -10.8919   0.0244     22738.16     509.9055     912.5402    0.183   0
        38    882.832    759.694 238.0123995 +32.8605611     6.29 0.0006745778 -10.3875 -11.0854   0.0205     27173.45     512.1442     900.1071    0.673   0
        39    721.223    708.275 238.0332148 +32.8656038    11.74   0.00125855 -10.1615 -10.1755   0.0466     11754.01     504.5751     968.1086    0.356   0
        40    887.396    654.193 238.0119800 +32.8718274     3.45 0.0003694546  -8.9550 -10.8563   0.0251     22004.88     509.5182     913.4399    0.421   0
        41    909.040    622.997 238.0092518 +32.8752140     4.35 0.0004663925 -11.0685 -10.4556   0.0361     15213.65     506.1473     859.5023    0.106   0
        42    595.690    717.016 238.0493064 +32.8643255     4.22 0.0004526742  -8.1697  -8.0071   0.3401     1595.227     499.5446        959.2    0.080   0
        43    131.143    631.090 238.1090505 +32.8721932     5.08 0.0005450258  -9.9396 -10.0668   0.0515     10634.89     504.0761     908.2316    0.214   0
        44    811.101    865.664 238.0214341 +32.8490614     4.15 0.0004446534 -12.7984 -12.8394   0.0045     136694.2     563.1237     926.7012    0.087   0
        45    883.039    841.581 238.0122441 +32.8518268     6.68 0.0007157979 -10.5256 -11.1493   0.0193     28821.63     512.8521     877.2072    0.620   0
        46    883.809    897.275 238.0120576 +32.8458880     5.68 0.0006089548 -10.1745 -11.1807   0.0188     29666.58     513.3049     857.9999    0.662   0
        47    885.871    922.697 238.0117532 +32.8431819     7.50 0.0008041802 -10.6531 -11.1634   0.0191      29199.8     513.1735     846.0126    0.471   0
        48    881.321    892.762 238.0123839 +32.8463626     6.16  0.000660188 -10.3372 -11.1859   0.0187     29810.24      513.416     865.6162    0.667   0
        49    882.807    878.423 238.0122158 +32.8478963     6.34 0.0006799756 -10.5217 -11.1935   0.0186     30018.35     513.3254     865.9691    0.525   0
        50    359.402   1003.555 238.0791470 +32.8331039     5.36 0.0005742789  -8.6872  -8.6115   0.1951     2783.525     499.9841     818.8877    0.281   0
