#   1 NUMBER                 Running object number                                     
#   2 X_IMAGE                Object position along x                                    [pixel]
#   3 Y_IMAGE                Object position along y                                    [pixel]
#   4 ALPHA_J2000            Right ascension of barycenter (J2000)                      [deg]
#   5 DELTA_J2000            Declination of barycenter (J2000)                          [deg]
#   6 FWHM_IMAGE             FWHM assuming a gaussian core                              [pixel]
#   7 FWHM_WORLD             FWHM assuming a gaussian core                              [deg]
#   8 MAG_BEST               Best of MAG_AUTO and MAG_ISOCOR                            [mag]
#   9 MAG_APER               Fixed aperture magnitude vector                            [mag]
#  10 MAGERR_APER            RMS error vector for fixed aperture mag.                   [mag]
#  11 FLUX_APER              Flux vector within fixed circular aperture(s)              [count]
#  12 FLUXERR_APER           RMS error vector for aperture flux(es)                     [count]
#  13 BACKGROUND             Background at centroid position                            [count]
#  14 ELLIPTICITY            1 - B_IMAGE/A_IMAGE                                       
#  15 FLAGS                  Extraction flags                                          
         1    833.855    192.510 200.9193066 +36.2157079   203.93   0.02201135 -16.3172 -12.7448   0.0081     125287.8     933.4434     1609.875    0.903  24
         2    514.669     48.847 200.9624194 +36.2302553     7.78 0.0008395424  -9.6803  -9.5589   0.1469     6661.147     901.0107     1703.337    0.357   0
         3    467.044     89.940 200.9687529 +36.2257059     6.32 0.0006824044 -10.3217 -10.1960   0.0818     11978.17     902.5862     1731.888    0.195   0
         4    533.675    145.222 200.9597116 +36.2199532     7.76  0.000837653  -9.7347  -9.8731   0.1101     8896.825     901.7323     1804.549    0.266   0
         5    602.478    165.691 200.9504349 +36.2179466     8.69 0.0009374691 -10.8600 -10.9732   0.0402     24506.35     906.1001     1840.514    0.156   0
         6    261.009    293.999 200.9961010 +36.2031964     0.00            0  -8.9148  -9.8275   0.1147     8530.783      901.377     1817.286    0.005   0
         7    183.636    330.655 201.0064333 +36.1990370     6.32 0.0006818622 -10.1675 -10.2526   0.0777     12619.58     902.8145     1803.173    0.197   0
         8    437.352    391.285 200.9722561 +36.1932428     7.20 0.0007768564 -10.1873 -10.5509   0.0591     16609.85       904.02     1929.984    0.158   0
         9    840.679    829.787 200.9174091 +36.1472509    74.17  0.008005854 -14.3174 -13.3942   0.0046     227869.2     960.4531     1444.215    0.442  16
        10    888.280    888.205 200.9109300 +36.1411049    56.04  0.006048482 -14.6724 -12.9789   0.0066     155445.2     941.3642     566.7405    0.148  17
        11    438.934    503.688 200.9718622 +36.1811695     4.86 0.0005241695 -12.1685 -12.1944   0.0132     75466.82     920.1028     1955.855    0.080   0
        12    879.709    449.470 200.9127523 +36.1882238     4.69  0.000506149 -11.6718  99.0000  99.0000    -10899.95     899.3387     1533.536    0.046   0
        13    164.057    543.823 201.0087086 +36.1760762     5.39  0.000581526 -10.5362 -10.6833   0.0524     18764.09     904.5144     1881.083    0.112   0
        14    859.444    631.582 200.9151943 +36.1685998     5.03 0.0005432598 -12.3409 -12.3416   0.0116     86426.02     922.8774     1834.867    0.012   0
        15    801.057    801.440 200.9227715 +36.1501872    28.13  0.003036232 -12.4296 -12.0364   0.0153     65248.97     917.2974      1865.82    0.495   1
        16    426.199    544.194 200.9735071 +36.1767813     4.90 0.0005286263 -12.1175 -12.1956   0.0132     75554.27     919.8281     1954.595    0.046   0
        17    302.050    475.686 200.9902903 +36.1837909     5.35 0.0005775623 -10.5432 -10.6728   0.0529     18582.98     904.4896       1929.7    0.151   0
