#   1 NUMBER                 Running object number                                     
#   2 X_IMAGE                Object position along x                                    [pixel]
#   3 Y_IMAGE                Object position along y                                    [pixel]
#   4 ALPHA_J2000            Right ascension of barycenter (J2000)                      [deg]
#   5 DELTA_J2000            Declination of barycenter (J2000)                          [deg]
#   6 FWHM_IMAGE             FWHM assuming a gaussian core                              [pixel]
#   7 FWHM_WORLD             FWHM assuming a gaussian core                              [deg]
#   8 MAG_BEST               Best of MAG_AUTO and MAG_ISOCOR                            [mag]
#   9 MAG_APER               Fixed aperture magnitude vector                            [mag]
#  10 MAGERR_APER            RMS error vector for fixed aperture mag.                   [mag]
#  11 FLUX_APER              Flux vector within fixed circular aperture(s)              [count]
#  12 FLUXERR_APER           RMS error vector for aperture flux(es)                     [count]
#  13 BACKGROUND             Background at centroid position                            [count]
#  14 ELLIPTICITY            1 - B_IMAGE/A_IMAGE                                       
#  15 FLAGS                  Extraction flags                                          
         1    834.045    203.204 327.8173421 +28.9452519   233.55   0.02523546 -17.5563 -13.9228   0.0060     370787.6     2032.635     3688.551    0.898  24
         2    425.056     89.492 327.8682196 +28.9564616     7.30   0.00078846 -12.8136 -12.8277   0.0161     135226.4     2004.122     3904.617    0.266   0
         3    443.825    102.864 327.8658644 +28.9550687     7.31 0.0007896231 -12.7830 -12.8550   0.0157       138670     2004.496     3971.295    0.258   0
         4     44.189     93.500 327.9153318 +28.9550364     6.92 0.0007475331 -11.1552 -11.3304   0.0635     34053.69     1991.237     2750.129    0.115   0
         5    197.235    131.316 327.8963023 +28.9513609     7.46 0.0008058965 -13.2369 -13.2721   0.0107       203623     2012.525     3659.249    0.260   0
         6    706.645    205.887 327.8330967 +28.9446381     6.45 0.0006965401 -11.6356 -11.7092   0.0448     48270.21     1993.301     4450.067    0.152   0
         7    172.486    200.507 327.8991912 +28.9438378     4.38 0.0004732849 -10.0884 -10.3721   0.1533     14088.14     1988.897     3793.272    0.542   0
         8    585.190    219.359 327.8480892 +28.9428749     6.66 0.0007193022 -11.7652 -11.8928   0.0379     57162.27     1993.744     4368.194    0.167   0
         9    436.638    239.371 327.8664170 +28.9403350     6.38 0.0006889911 -11.9818 -12.0607   0.0325     66723.43     1995.278      4276.42    0.163   0
        10    602.401    302.736 327.8457563 +28.9339312     5.91 0.0006386821 -12.2365 -12.2868   0.0264     82167.72     1997.045      4505.71    0.133   0
        11    261.178    294.009 327.8879865 +28.9339899     0.00            0  -9.0087 -10.5128   0.1346     16037.45     1988.131     4214.361    0.024   0
        12    567.237    336.067 327.8500244 +28.9302479     5.73 0.0006193174 -11.7210 -11.6927   0.0455     47542.09     1992.874      4557.64    0.128   0
        13    499.152    347.574 327.8584179 +28.9288322     5.94 0.0006423497 -10.9519 -11.1659   0.0739     29264.99     1990.635      4539.37    0.220   0
        14    493.934    371.672 327.8590041 +28.9262211     5.29 0.0005719718  -9.7995  99.0000  99.0000    -3548.972     1986.957     4585.706    0.291   0
        15    266.161    430.190 327.8870315 +28.9193229     6.00 0.0006483395 -12.5715 -12.7068   0.0180     120979.7      2001.73     4491.162    0.159   0
        16    859.569    425.767 327.8136480 +28.9213247     6.49 0.0007017471 -11.1490  99.0000  99.0000     -7449.93     1986.901     3873.874    0.126   0
        17    695.870    558.953 327.8335714 +28.9065507     4.99 0.0005392095 -11.2003  -7.8637   1.5436     1397.893     1986.964     4738.236    0.088   0
        18    888.630    888.741 327.8089401 +28.8714902    53.89  0.005822797 -15.8102 -14.1767   0.0047     468465.2     2045.378     628.0298    0.150  17
        19    836.899    827.399 327.8154833 +28.8779717    77.67  0.008392527 -14.8395 -14.5226   0.0035     644237.3     2065.993     3466.242    0.196  16
        20    162.727    847.690 327.8987814 +28.8740478    11.14  0.001203477 -12.7153 -12.6252   0.0194     112223.4      2001.25      4146.61    0.453   0
        21    135.798    851.407 327.9021011 +28.8735767     4.43 0.0004788292 -11.1215 -12.4925   0.0219     99310.77     1999.078     4072.318    0.593   0
        22     53.780    825.702 327.9123052 +28.8761326     6.78 0.0007323431 -10.9959 -11.8271   0.0402     53808.04      1993.94     3979.303    0.337   0
        23    111.034    794.528 327.9053050 +28.8796432     5.36 0.0005795471 -11.7417 -12.7982   0.0165     131605.3      2003.67     4150.402    0.711   0
        24    666.905    586.836 327.8370855 +28.9034709     5.54 0.0005984795 -10.7812 -10.5971   0.1246     17331.33     1989.024     4743.683    0.148   0
        25    301.207    552.262 327.8823942 +28.9062551     5.30 0.0005723945 -12.2294 -12.3622   0.0246     88080.95     1997.841     4633.083    0.116   0
        26    797.555    541.414 327.8210386 +28.9087005     5.12 0.0005532867 -14.6010 -14.6358   0.0032     715030.2     2074.758     4713.708    0.092   0
        27    306.905    530.871 327.8817426 +28.9085758     5.09 0.0005504414  -9.8262  99.0000  99.0000    -1202.895     1987.125     4626.403    0.366   0
        28    857.585    517.058 327.8136734 +28.9114785     5.49 0.0005927088 -11.4619 -11.2249   0.0700     30898.76     1990.897     4182.906    0.077   0
        29    747.790    501.332 327.8272902 +28.9128946     5.26  0.000568851 -12.0108 -12.1298   0.0305      71111.4      1995.94     4715.565    0.078   0
        30    304.816    493.769 327.8820929 +28.9125699     5.31 0.0005733789 -13.2590 -13.2398   0.0111     197656.2     2011.172     4605.033    0.124   0
        31    504.262    486.324 327.8574451 +28.9138885     5.62 0.0006069303 -11.1094 -11.4441   0.0572     37812.28     1991.821     4699.691    0.120   0
        32    223.356    456.736 327.8922596 +28.9163499     6.41 0.0006920896 -10.9114 -11.1662   0.0738     29273.22     1990.524      4469.48    0.142   0
        33    235.891    886.821 327.8896389 +28.8700205     3.70 0.0004003217 -11.8924  99.0000  99.0000    -226881.4     1987.013     3544.337    0.041   0
        34    583.034    911.036 327.8466649 +28.8683078     2.53 0.0002738039  -9.8770  99.0000  99.0000    -761286.4     1987.013     2727.113    0.017   0
        35    448.247    854.572 327.8634662 +28.8740477     5.26  0.000568004 -12.8318 -12.8048   0.0164     132409.5     2003.547      4374.86    0.054   0
        36    571.268    823.417 327.8483336 +28.8777228     4.65 0.0005022532 -12.3812 -11.9918   0.0346     62619.84     1994.988     4649.427    0.082   0
        37    671.793    801.717 327.8359582 +28.8803196     4.24 0.0004577853 -10.2073  99.0000  99.0000    -9840.149     1986.844     4797.581    0.035   0
        38    264.090    853.414 327.8862359 +28.8736951     7.72 0.0008336478 -11.9533 -12.2668   0.0269     80669.32     1997.249      4302.91    0.113   0
        39    743.349    610.184 327.8275755 +28.9011493     4.90 0.0005295863 -11.4273 -11.1764   0.0732     29549.75     1990.784     4727.495    0.033   0
        40    531.946    710.395 327.8534720 +28.8898054     4.89 0.0005279079 -12.9846 -13.0825   0.0128     171007.5     2008.135     4769.942    0.080   0
        41    104.737    691.954 327.9063405 +28.8906839     5.20 0.0005616739 -11.0384 -11.5916   0.0500     43314.41     1992.343     4323.667    0.063   0
        42    651.576    648.408 327.8388311 +28.8967944     5.15 0.0005566385 -10.3375 -10.8870   0.0954     22635.02      1988.96      4771.06    0.132   0
        43    796.442    688.305 327.8208213 +28.8928631     4.96 0.0005363412 -13.1999 -13.2703   0.0108     203299.8     2012.429     4747.954    0.079   0
        44    845.998    593.033 327.8149232 +28.9032591     4.79  0.000517631 -10.5159 -11.4474   0.0570     37927.16     1991.106     4413.592    0.011   0
        45    810.600    568.404 327.8193602 +28.9058243     4.98 0.0005386169 -10.8547  99.0000  99.0000    -3050.923     1986.338     4639.134    0.100   0
        46    300.373    568.342 327.8824574 +28.9045195     5.79 0.0006253829 -10.2742 -11.0365   0.0832     25977.68     1990.503     4641.525    0.154   0
