#   1 NUMBER                 Running object number                                     
#   2 X_IMAGE                Object position along x                                    [pixel]
#   3 Y_IMAGE                Object position along y                                    [pixel]
#   4 ALPHA_J2000            Right ascension of barycenter (J2000)                      [deg]
#   5 DELTA_J2000            Declination of barycenter (J2000)                          [deg]
#   6 FWHM_IMAGE             FWHM assuming a gaussian core                              [pixel]
#   7 FWHM_WORLD             FWHM assuming a gaussian core                              [deg]
#   8 MAG_BEST               Best of MAG_AUTO and MAG_ISOCOR                            [mag]
#   9 MAG_APER               Fixed aperture magnitude vector                            [mag]
#  10 MAGERR_APER            RMS error vector for fixed aperture mag.                   [mag]
#  11 FLUX_APER              Flux vector within fixed circular aperture(s)              [count]
#  12 FLUXERR_APER           RMS error vector for aperture flux(es)                     [count]
#  13 BACKGROUND             Background at centroid position                            [count]
#  14 ELLIPTICITY            1 - B_IMAGE/A_IMAGE                                       
#  15 FLAGS                  Extraction flags                                          
         1    853.442     89.170 238.0171771 +32.9323748   115.07    0.0123441 -14.6297 -12.4436   0.0058     94935.93     504.5272     742.0743    0.478  19
         2    817.920     46.534 238.0218025 +32.9368279    72.45  0.007771567 -13.4115 -11.9238   0.0090     58818.49     486.3615     617.1323    0.771  19
         3    821.846      9.531 238.0213511 +32.9407858    79.98  0.008579383 -13.5420 -12.3006   0.0061     83220.29     468.3837     434.6363    0.781  24
         4    493.574     48.312 238.0634748 +32.9357607     5.13 0.0005503529  -9.5633  -6.2918   1.5043     328.6529     455.2278     773.2067    0.097   0
         5     66.824    117.921 238.1181981 +32.9271595     5.30 0.0005681631 -13.7591 -13.7950   0.0020     329597.8     609.8474      847.902    0.082   0
         6    249.812     72.528 238.0947581 +32.9325089     5.11  0.000548407  -9.3338 -10.5580   0.0301     16719.36     464.1671     813.5341    0.248   0
         7    731.365    126.985 238.0328072 +32.9280127     4.98 0.0005340839 -10.1057  -9.2756   0.0969     5131.579     457.8322     915.1282    0.107   0
         8    753.172    131.669 238.0299987 +32.9275719     5.00 0.0005360437  -9.8113  99.0000  99.0000    -530.9904     455.1116     915.3206    0.071   0
         9    372.632    147.713 238.0788646 +32.9248262     9.29  0.000996088  -9.8364  -9.8818   0.0557     8968.812      459.961     900.5402    0.344   0
        10    702.287    195.021 238.0364440 +32.9206765     5.55 0.0005951216 -11.8160 -11.8549   0.0095      55202.3     484.4508     915.6918    0.079   0
        11    479.465    186.740 238.0650815 +32.9209551     4.94 0.0005299366  -8.9982  -9.3589   0.0898      5540.42     458.1194      908.889    0.266   0
        12    324.416    190.102 238.0849948 +32.9201719     5.40 0.0005790351  -9.7110  -9.8608   0.0568     8796.521     459.9183     897.1417    0.122   0
        13    113.978    259.179 238.1119218 +32.9122217     5.24 0.0005617271 -13.7349 -13.7693   0.0020     321893.2     606.5455     861.8686    0.103   0
        14    763.311    279.825 238.0284818 +32.9117942     5.15 0.0005520753 -12.1413 -12.1997   0.0071     75838.23     494.9854     916.6662    0.098   0
        15    235.984    278.708 238.0962199 +32.9104761     8.36 0.0008967775 -10.0871 -10.2499   0.0399     12587.62     461.9618     886.5417    0.195   0
        16    582.477    330.719 238.0516357 +32.9058762     5.24 0.0005623518 -11.2837 -11.3683   0.0146     35262.86     474.0988     909.2331    0.126   0
        17      8.554    320.462 238.1253679 +32.9053909     5.34  0.000572824  -8.7830  -8.7437   0.1434     3143.913     415.1358     834.7633    0.184  16
        18    289.083    344.461 238.0892995 +32.9036082     5.29 0.0005677906 -11.0599 -11.1207   0.0182     28071.86      470.329      894.707    0.113   0
        19     45.062    348.076 238.1206358 +32.9025469     6.35 0.0006808591  -9.0579  -9.1402   0.1097     4529.985     457.5804     843.2356    0.125   0
        20    452.134    385.341 238.0682960 +32.8996944     5.29 0.0005676681 -10.8098 -10.8677   0.0228     22236.42     467.1292     901.9097    0.081   0
        21    512.761    436.182 238.0604339 +32.8944361     5.02 0.0005389606 -12.0829 -12.1361   0.0075     71521.61     492.7291     902.5073    0.093   0
        22    160.357    453.681 238.1056651 +32.8916016     5.58 0.0005986241  -9.9816 -10.0240   0.0489     10223.74     460.6807     862.7142    0.133   0
        23    543.597    461.219 238.0564367 +32.8918492     3.44 0.0003690991  -8.3634  -9.2336   0.1007     4936.734     457.5722     902.8874    0.404   0
        24    271.590    495.476 238.0913167 +32.8874502     5.18 0.0005552432 -12.3903 -12.4399   0.0058     94618.67     504.3351     883.3582    0.121   0
        25     15.204    496.789 238.1242386 +32.8865995     5.70 0.0006110151 -10.3635 -10.3007   0.0380     13190.54      461.768     827.0166    0.176   0
        26    441.662    502.905 238.0694653 +32.8871243     5.64 0.0006051964  -9.6156  -9.6795   0.0670     7443.846     459.1952      897.229    0.065   0
        27    780.826    516.010 238.0258914 +32.8866456     4.15  0.000445283  -8.5021  -8.6589   0.1705     2907.742     456.4751     906.3446    0.206   0
        28    860.989    793.365 238.0152007 +32.8572730     5.62 0.0006030633 -11.9878 -12.0331   0.0082     65047.43     489.4092     859.4144    0.058   0
        29    514.618   1026.655 238.0593202 +32.8314512     5.80 0.0006218386  -8.2328  -5.4326   2.6129     148.9469     358.3591     785.3958    0.135  16
        30    801.971   1020.781 238.0224503 +32.8328546     5.50 0.0005897685  -9.7700  -9.6453   0.0637     7213.358     423.2651     814.1685    0.058  16
        31    360.382   1007.520 238.0791431 +32.8330711     6.55 0.0007031341  -8.6921  -8.7283   0.1600     3099.706     456.7855     763.1835    0.205   0
        32    303.376    758.968 238.0868355 +32.8594292     5.47 0.0005865407 -10.8056 -10.8573   0.0230     22025.53     466.9661     839.4783    0.123   0
        33    630.713    699.995 238.0448991 +32.8666135     3.38 0.0003624607  -8.2503  -8.1530   0.2714     1824.708     456.0615     883.3227    0.084   0
        34    909.339    626.096 238.0092314 +32.8752463     5.11 0.0005482994 -10.9508 -10.5721   0.0298     16937.88       464.31     797.4537    0.083   0
        35      3.080    754.827 238.1253926 +32.8590391     6.57 0.0007044317  -9.4443  -9.8986   0.0431     9108.762     361.4734     800.6263    0.585  18
        36    721.638    711.652 238.0332084 +32.8656157    10.00  0.001073057  -9.8248  -9.8921   0.0552     9054.003     460.0582     886.3682    0.362   0
        37    131.997    634.425 238.1090283 +32.8722418     5.63 0.0006041754  -9.9260 -10.0858   0.0462     10821.91     460.8273      836.227    0.118   0
        38    633.274    784.856 238.0444461 +32.8575677     4.51 0.0004843116  -8.3192  -8.8303   0.1457     3404.948     456.9141     863.5219    0.536   0
        39    382.339    702.945 238.0767827 +32.8656223     5.23 0.0005607135 -12.7264 -12.7785   0.0044     129240.2     521.2371     863.8368    0.090   0
        40    880.608    949.211 238.0124600 +32.8407003     3.46 0.0003706285  -8.8914 -10.9475   0.0212     23933.76     467.8488     791.6793    0.418   0
        41    811.918    868.767 238.0213919 +32.8490978     5.20 0.0005574242 -12.7513 -12.7928   0.0043     130956.8     522.0934     852.1266    0.062   0
        42    886.395    849.808 238.0118588 +32.8513198     3.43 0.0003682433  -9.0372 -10.9172   0.0218      23273.6     467.5586     805.3498    0.410   0
        43    887.005    868.283 238.0117542 +32.8493505     4.23 0.0004533771  -9.4324 -10.9534   0.0211     24063.21     468.0682     799.4496    0.083   0
        44      3.239    741.979 238.1253921 +32.8604102     4.38 0.0004693949  -9.3111 -10.2464   0.0317        12548     365.7395     808.7916    0.644  18
