#   1 NUMBER                 Running object number                                     
#   2 X_IMAGE                Object position along x                                    [pixel]
#   3 Y_IMAGE                Object position along y                                    [pixel]
#   4 ALPHA_J2000            Right ascension of barycenter (J2000)                      [deg]
#   5 DELTA_J2000            Declination of barycenter (J2000)                          [deg]
#   6 FWHM_IMAGE             FWHM assuming a gaussian core                              [pixel]
#   7 FWHM_WORLD             FWHM assuming a gaussian core                              [deg]
#   8 MAG_BEST               Best of MAG_AUTO and MAG_ISOCOR                            [mag]
#   9 MAG_APER               Fixed aperture magnitude vector                            [mag]
#  10 MAGERR_APER            RMS error vector for fixed aperture mag.                   [mag]
#  11 FLUX_APER              Flux vector within fixed circular aperture(s)              [count]
#  12 FLUXERR_APER           RMS error vector for aperture flux(es)                     [count]
#  13 BACKGROUND             Background at centroid position                            [count]
#  14 ELLIPTICITY            1 - B_IMAGE/A_IMAGE                                       
#  15 FLAGS                  Extraction flags                                          
         1     10.920     80.581 237.9942225 +32.9340930    66.97  0.007178218 -13.9199 -13.1305   0.0057     178739.1     936.9659     347.6802    0.594  24
         2    144.717     85.471 237.9770430 +32.9339404    50.99  0.005465087 -13.4050 -12.1869   0.0138     74947.23     954.1821     1640.063    0.785   2
         3    192.169     31.046 237.9710317 +32.9398738    32.91  0.003527255 -13.1168 -12.2707   0.0128     80962.31     955.6276     887.0461    0.256  17
         4    135.847     11.111 237.9782900 +32.9418448    87.83  0.009414109 -15.1676 -13.9547   0.0028       381842     992.2418     135.2056    0.745  24
         5     75.312    250.444 237.9857087 +32.9161587    51.53  0.005523565 -14.1207 -12.2888   0.0126     82324.84     956.1389      1837.28    0.644   2
         6     65.623    108.740 237.9871603 +32.9312415    22.78  0.002442051  -7.5449  99.0000  99.0000    -13002.84     934.2864     1124.639    0.577   0
         7     77.634    384.446 237.9852142 +32.9018768    52.11  0.005585443 -14.7907 -12.1391   0.0144     71721.73     953.2589     1858.308    0.787   2
         8    913.777     94.621 237.8783226 +32.9350391     4.63 0.0004958696 -11.9983 -11.9415   0.0173     59784.43     949.8372     1804.882    0.092   0
         9    419.866     97.164 237.9417119 +32.9334446     4.63 0.0004967303 -11.5002 -11.5691   0.0242     42427.98     945.5452     2033.231    0.042   0
        10    550.754    145.421 237.9248455 +32.9286530     4.55  0.000487705 -10.8493 -10.2700   0.0794     12822.75     937.6586     2041.687    0.073   0
        11    985.465    200.982 237.8689802 +32.9238874     4.64 0.0004978526 -14.6738 -14.7174   0.0016     770859.1     1121.749     1810.594    0.055   0
        12    179.644    261.779 237.9723043 +32.9152370     4.53 0.0004859773 -11.8550 -11.9650   0.0169      61096.6     950.4163     2097.481    0.025   0
        13    250.310    275.580 237.9632167 +32.9139589     4.23 0.0004537637  -9.3249  -9.4262   0.1724     5895.049     935.8361     2096.049    0.030   0
        14    883.553    315.511 237.8819052 +32.9114058     5.55 0.0005948485  -9.1895  -9.5588   0.1526     6660.942     936.0934     1855.998    0.008   0
        15    565.834    416.420 237.9225330 +32.8997974    18.08  0.001938087 -16.9079 -16.9190   0.0004      5856114     1949.513     2046.443    0.217   4
        16    780.038    346.880 237.8951453 +32.9077860     4.51 0.0004837561 -12.0294 -12.0919   0.0151     68667.84     952.4836     1932.362    0.029   0
        17    152.877    380.461 237.9755664 +32.9025087     4.47 0.0004788671 -12.6835 -12.6923   0.0088     119381.6     965.7283     2093.931    0.020   0
        18     76.914    475.878 237.9851724 +32.8921257    40.92  0.004385822 -13.2458 -12.0936   0.0150     68779.14     952.5906     1829.798    0.675   3
        19    336.842    381.571 237.9519618 +32.9028933     4.32 0.0004632948  -8.9941 -10.0668   0.0957     10634.35     937.0486     2077.042    0.539   0
        20    203.591    405.298 237.9690237 +32.8999995     4.58 0.0004910946 -11.8509 -12.0189   0.0161     64201.68     951.2068     2088.963    0.046   0
        21    370.371    463.961 237.9475429 +32.8941995     4.40  0.000471673  -9.8222 -10.1885   0.0856      11896.2     937.3852       2065.3    0.035   0
        22     78.946    672.404 237.9846238 +32.8711762    89.23  0.009563944 -15.3686 -12.2707   0.0128     80963.19     955.5503     1804.266    0.905  18
        23    960.523    507.818 237.8717729 +32.8911041     4.52 0.0004846236 -12.5324 -12.5495   0.0100       104660     961.8842     1663.419    0.020   0
        24    531.163    675.007 237.9266202 +32.8721314     4.04 0.0004335525  -9.2503 -10.0207   0.0998      10192.5     936.7198     1937.441    0.190   0
        25    650.074   1012.985 237.9109036 +32.8364130     4.56  0.000488949 -12.4027 -12.4065   0.0113     91748.13     958.5482     1549.743    0.045   0
        26     85.301    999.036 237.9833305 +32.8363658     9.67  0.001035987 -11.8660 -11.6794   0.0219     46961.68     946.6649     1613.446    0.076   0
        27    151.653    818.991 237.9750856 +32.8557460     4.63 0.0004968118 -11.7072 -11.7054   0.0214     48103.43     947.0446     1943.544    0.013   0
        28    719.905    888.868 237.9021202 +32.8498343     4.39 0.0004709295 -11.7604 -11.8031   0.0196     52628.42     948.3165     1591.213    0.019   0
        29    775.821    841.806 237.8950141 +32.8550016     4.68 0.0005019823 -10.6107 -10.6966   0.0537     18994.37     938.8819      1574.66    0.033   0
        30    781.625    693.405 237.8944712 +32.8708408     2.99 0.0003209963  -8.9972  -9.1038   0.2318     4380.342     935.0089     1699.598    0.530   0
        31    638.848    702.624 237.9127706 +32.8694761     2.36 0.0002526494  -7.8287  -8.8050   0.3053     3326.476     935.0969     1828.309    0.399   0
        32    685.633    700.564 237.9067730 +32.8698212     4.41 0.0004729355 -11.8671 -11.9237   0.0175     58812.73     949.8414     1786.699    0.014   0
        33    310.923    586.636 237.9549939 +32.8809571     5.21  0.000558104  -9.7436 -10.0618   0.0961     10585.67      937.062     2052.719    0.112   0
        34    436.722    624.877 237.9388037 +32.8772214     4.46 0.0004785089 -12.4985 -12.5655   0.0098     106214.7     962.4164     2017.693    0.031   0
        35    751.100    953.401 237.8980324 +32.8430364     4.57 0.0004898925 -12.5466 -12.5360   0.0101     103370.1      961.292     1494.964    0.029   0
        36    228.696    536.553 237.9656135 +32.8860729     3.31 0.0003543535  -9.1990  -9.7895   0.1235     8237.629     936.5408     2067.424    0.102   0
        37    585.566    958.129 237.9192499 +32.8420891     4.76 0.0005096826  -9.9652 -10.2034   0.0844     12060.16     937.5606     1653.359    0.148   0
        38     83.867    908.459 237.9836469 +32.8460198    68.21  0.007311201 -14.9145 -12.1809   0.0139     74536.34     953.9968     1665.027    0.867  18
        39    576.206    573.197 237.9209845 +32.8831084     3.46 0.0003708265  -8.9514  -9.8635   0.1153     8818.664     936.4323     1963.834    0.652   0
        40    748.086    657.156 237.8988222 +32.8746165     4.37 0.0004684169  -9.4669  -9.3185   0.1904      5338.15     935.8456     1760.172    0.024   0
