#   1 NUMBER                 Running object number                                     
#   2 X_IMAGE                Object position along x                                    [pixel]
#   3 Y_IMAGE                Object position along y                                    [pixel]
#   4 ALPHA_J2000            Right ascension of barycenter (J2000)                      [deg]
#   5 DELTA_J2000            Declination of barycenter (J2000)                          [deg]
#   6 FWHM_IMAGE             FWHM assuming a gaussian core                              [pixel]
#   7 FWHM_WORLD             FWHM assuming a gaussian core                              [deg]
#   8 MAG_BEST               Best of MAG_AUTO and MAG_ISOCOR                            [mag]
#   9 MAG_APER               Fixed aperture magnitude vector                            [mag]
#  10 MAGERR_APER            RMS error vector for fixed aperture mag.                   [mag]
#  11 FLUX_APER              Flux vector within fixed circular aperture(s)              [count]
#  12 FLUXERR_APER           RMS error vector for aperture flux(es)                     [count]
#  13 BACKGROUND             Background at centroid position                            [count]
#  14 ELLIPTICITY            1 - B_IMAGE/A_IMAGE                                       
#  15 FLAGS                  Extraction flags                                          
         1    838.572     81.228 238.0188893 +32.9333726   150.38   0.01611313 -16.4802 -14.5535   0.0025     662798.4       1525.5     2103.203    0.588  16
         2    829.498     10.879 238.0201919 +32.9408592    99.99   0.01071358 -16.1287 -14.4872   0.0025     623558.4     1453.509     -144.742    0.811  25
         3    101.291     82.386 238.1133452 +32.9314420    62.28  0.006673637 -14.9226 -12.7676   0.0122     127950.3     1435.411     2602.716    0.741  18
         4    239.413     82.465 238.0956496 +32.9317776    73.46  0.007871415 -15.7451 -12.7190   0.0127     122352.7     1434.396     2794.882    0.853  18
         5     67.449    120.907 238.1175996 +32.9272461     5.25 0.0005620272 -13.0268 -13.0339   0.0096     163519.3     1441.592      2871.43    0.025   0
         6    702.314    197.593 238.0361126 +32.9206244     5.90 0.0006316592 -11.4464 -11.6191   0.0347      44428.3     1420.511     3389.603    0.053   0
         7    114.486    262.170 238.1112769 +32.9122869     5.20 0.0005570824 -13.0625 -13.1149   0.0089     176174.6     1443.629     2965.984    0.020   0
         8    763.345    282.142 238.0281252 +32.9117480     5.27  0.000564715 -11.6379 -11.8010   0.0294     52529.96     1422.056     3388.389    0.024   0
         9    582.567    333.269 238.0511769 +32.9058529     5.69 0.0006098488 -10.5438 -10.6206   0.0868     17711.55     1416.001     3343.956    0.156   0
        10    879.304    361.008 238.0131157 +32.9036094     7.38 0.0007907776 -11.6983 -12.1288   0.0218     71042.62     1425.188     3096.269    0.682   0
        11    289.407    347.013 238.0886958 +32.9036664     5.53 0.0005924014 -10.4875 -10.5236   0.0949     16197.63     1415.215      3218.43    0.140   0
        12    879.094    384.184 238.0130966 +32.9011352    10.63  0.001138502 -12.3713 -12.2062   0.0203     76290.59     1426.345     3093.505    0.506   2
        13    452.536    387.855 238.0677192 +32.8997091     5.52 0.0005917369 -10.1734 -10.5757   0.0905      16993.1     1415.834     3290.307    0.133   0
        14    881.291    465.090 238.0126549 +32.8925054    15.02  0.001609543 -13.2064 -12.2892   0.0188     82349.77     1427.486     3047.777    0.653   2
        15    879.152    414.090 238.0130299 +32.8979435     6.76 0.0007240041 -11.6380 -12.1498   0.0214     72431.76     1425.788     3089.899    0.389   0
        16    512.779    438.656 238.0599003 +32.8944347     5.05 0.0005414793 -11.2203 -10.7610   0.0763     20156.55     1416.473     3296.375    0.037   0
        17    881.007    490.766 238.0126404 +32.8897643    18.97  0.002032295 -13.5070 -12.3062   0.0185     83652.54       1427.2      3045.32    0.610   2
        18    271.806    498.225 238.0906360 +32.8874841     5.15 0.0005516128 -11.7096 -11.7546   0.0307     50330.43     1421.113     3141.789    0.036   0
        19    811.427    870.985 238.0207933 +32.8490163     5.24 0.0005611891 -11.9632 -11.9030   0.0268     57704.06     1422.528     2911.162    0.053   0
        20    883.057    818.643 238.0117284 +32.8547747   178.92   0.01917125 -16.3642 -13.0933   0.0091     172703.7     1443.067     2672.564    0.944  26
        21      5.678   1007.279 238.1236368 +32.8324900    35.00  0.003749954 -13.7289 -12.3288   0.0154        85416      1212.75      386.557    0.795  24
        22    861.154    795.617 238.0145778 +32.8571798     9.06 0.0009704348 -11.7872 -12.2510   0.0195     79505.03      1426.75     2974.617    0.110   3
        23    382.312    705.580 238.0760588 +32.8656260     5.42 0.0005805157 -12.1047 -12.1846   0.0207     74792.38     1426.083     2989.898    0.021   0
        24    303.634    761.536 238.0860152 +32.8594598     4.74 0.0005075144  -9.9559  -9.6072   0.2205     6964.519     1414.182     2812.504    0.273   0
