#   1 NUMBER                 Running object number                                     
#   2 X_IMAGE                Object position along x                                    [pixel]
#   3 Y_IMAGE                Object position along y                                    [pixel]
#   4 ALPHA_J2000            Right ascension of barycenter (J2000)                      [deg]
#   5 DELTA_J2000            Declination of barycenter (J2000)                          [deg]
#   6 FWHM_IMAGE             FWHM assuming a gaussian core                              [pixel]
#   7 FWHM_WORLD             FWHM assuming a gaussian core                              [deg]
#   8 MAG_BEST               Best of MAG_AUTO and MAG_ISOCOR                            [mag]
#   9 MAG_APER               Fixed aperture magnitude vector                            [mag]
#  10 MAGERR_APER            RMS error vector for fixed aperture mag.                   [mag]
#  11 FLUX_APER              Flux vector within fixed circular aperture(s)              [count]
#  12 FLUXERR_APER           RMS error vector for aperture flux(es)                     [count]
#  13 BACKGROUND             Background at centroid position                            [count]
#  14 ELLIPTICITY            1 - B_IMAGE/A_IMAGE                                       
#  15 FLAGS                  Extraction flags                                          
         1    852.466     89.103 200.9158324 +36.1179844   108.41   0.01166479 -16.1181 -14.0252   0.0029     407439.4     1084.797     1477.581    0.485  19
         2    816.807     46.369 200.9206800 +36.1224475    80.16  0.008625318 -14.8983 -13.5309   0.0044     258431.8     1049.476     890.3735    0.787  19
         3    829.067     10.671 200.9190741 +36.1262820    97.84   0.01052798 -14.8388 -13.8972   0.0031     362133.7     1025.948     161.9815    0.810  24
         4    123.476     82.873 201.0138819 +36.1167686    53.52   0.00575908 -14.6810 -12.1871   0.0146     74963.91      1005.26     1768.593    0.788  18
         5    245.594     82.026 200.9974597 +36.1171792    37.23  0.004006249 -14.1258 -12.1181   0.0155     70344.95     1003.589     1856.804    0.540   2
         6    229.219     82.575 200.9996612 +36.1170780    57.42  0.006178582 -13.1542 -12.1783   0.0147     74355.92     1004.753     1855.307    0.868  19
         7    381.999     81.928 200.9791149 +36.1175450    13.75  0.001479325 -12.6528 -12.0626   0.0163      66842.9     1002.936     1933.619    0.500   2
         8    408.879     79.668 200.9755026 +36.1178555    15.60  0.001678084 -12.9100 -12.0260   0.0168     64625.48     1002.658     1923.967    0.396   2
         9    364.852     78.682 200.9814252 +36.1178464    11.45  0.001231657 -12.4337 -12.0585   0.0164     66588.49      1003.23     1889.533    0.493   2
        10    769.968    206.769 200.9267843 +36.1052388     4.14 0.0004454288 -14.8819 -14.9293   0.0014     936937.3     1200.501      2210.81    0.051   0
        11    682.981    209.281 200.9384782 +36.1047501     4.45 0.0004788559 -15.3480 -15.3862   0.0010      1427152     1298.665     2206.244    0.059   4
        12    124.288    218.819 201.0135909 +36.1022864     4.06 0.0004371291 -13.0936 -13.1564   0.0061     183046.5     1031.709     1962.338    0.072   0
        13    624.300    340.454 200.9462056 +36.0906242     4.06 0.0004373799 -10.7811 -10.9184   0.0462      23300.2     992.1618      2181.96    0.025   0
        14    882.367    576.877 200.9112264 +36.0660892    16.92   0.00182089 -12.5735 -11.9984   0.0173     63002.62     1002.143     1985.106    0.214   2
        15    881.800    457.599 200.9114455 +36.0787964     3.45 0.0003709646  -9.9025 -11.6357   0.0240     45108.75     997.2003     1998.889    0.413   0
        16    880.978    475.992 200.9115339 +36.0768346     4.95 0.0005330329 -10.6171 -11.6902   0.0228     47434.91     997.8385     2009.611    0.293   0
        17    879.201    508.402 200.9117340 +36.0733770     3.45  0.000371054  -9.8188 -11.5721   0.0254        42543     996.6674     2029.213    0.419   0
        18    142.958    539.718 201.0106528 +36.0681452     3.92 0.0004214154 -12.8234 -12.8821   0.0078       142179     1021.812     1907.123    0.058   0
        19    541.259    713.139 200.9569005 +36.0507033     6.11 0.0006579073  -9.9420 -10.0741   0.1003     10705.87     988.8997     2025.383    0.309   0
        20    883.403    826.639 200.9107881 +36.0394805   158.64   0.01707026 -15.7578 -12.4977   0.0110     99789.87     1010.979      1786.29    0.945  16
        21    534.529    734.250 200.9577782 +36.0484367     4.37 0.0004706858  -9.6024  -9.8873   0.1191     9013.731     988.4719     2002.476    0.186   0
        22      3.795   1007.275 201.0287223 +36.0179619    20.46  0.002201212 -12.5130 -11.6426   0.0192      45399.9     802.4369     434.6854    0.818  16
        23    489.412    680.560 200.9639088 +36.0540410     3.99 0.0004298521  -9.9637  -9.6569   0.1472     7290.385     988.0081     2038.086    0.156   0
        24    768.712    605.105 200.9264676 +36.0627944     3.99 0.0004296067 -10.0933 -10.2466   0.0856     12549.97     989.6161      2154.79    0.124   0
        25    224.974    729.619 200.9993794 +36.0481273     4.01 0.0004311694 -10.1710 -10.2014   0.0892     12037.97     989.0973     1829.783    0.051   0
