#   1 NUMBER                 Running object number                                     
#   2 X_IMAGE                Object position along x                                    [pixel]
#   3 Y_IMAGE                Object position along y                                    [pixel]
#   4 ALPHA_J2000            Right ascension of barycenter (J2000)                      [deg]
#   5 DELTA_J2000            Declination of barycenter (J2000)                          [deg]
#   6 FWHM_IMAGE             FWHM assuming a gaussian core                              [pixel]
#   7 FWHM_WORLD             FWHM assuming a gaussian core                              [deg]
#   8 MAG_BEST               Best of MAG_AUTO and MAG_ISOCOR                            [mag]
#   9 MAG_APER               Fixed aperture magnitude vector                            [mag]
#  10 MAGERR_APER            RMS error vector for fixed aperture mag.                   [mag]
#  11 FLUX_APER              Flux vector within fixed circular aperture(s)              [count]
#  12 FLUXERR_APER           RMS error vector for aperture flux(es)                     [count]
#  13 BACKGROUND             Background at centroid position                            [count]
#  14 ELLIPTICITY            1 - B_IMAGE/A_IMAGE                                       
#  15 FLAGS                  Extraction flags                                          
         1     65.486    196.010 327.7864839 +28.9467369     3.56 0.0003844278  -9.0069 -10.8842   0.0220     22578.23     457.5409     757.5741    0.382   0
         2    217.609    206.935 327.7676431 +28.9459391     9.34  0.001008592  -9.6712  -9.8479   0.0562     8692.508     449.9396     808.5831    0.234   0
         3     61.345    267.806 327.7868236 +28.9389890     5.29 0.0005710662  -9.7201 -10.8495   0.0227     21867.85     457.1281     754.9209    0.558   0
         4     78.992    275.499 327.7846227 +28.9382040     3.75 0.0004053932  -9.2272 -10.8649   0.0224     22180.61     457.2623     777.3895    0.382   0
         5    156.677    302.293 327.7749513 +28.9355106     6.16 0.0006651823  -9.1550  -9.3616   0.0876     5554.209     448.1924     811.0805    0.194   0
         6    219.666    641.240 327.7663548 +28.8991386     6.30 0.0006801437 -10.9020 -10.9092   0.0215     23103.78     457.8524     812.3896    0.106   0
         7    160.460    829.096 327.7732258 +28.8787458    72.02  0.007780236 -13.3882 -11.7069   0.0106     48166.21     471.3743     741.7451    0.668   0
         8    714.634    849.197 327.7046824 +28.8779431     1.65 0.0001782504 -10.0276 -10.6760   0.0265     18637.57     455.2841     787.6807    0.033   0
         9    743.426    829.765 327.7011686 +28.8801073     6.60 0.0007133812 -10.3918 -10.3640   0.0352     13983.41     452.8327     784.8942    0.113   0
        10      5.563    809.766 327.7924175 +28.8804415    32.35  0.003494252 -11.8301 -11.0550   0.0161     26425.26     392.3748     546.8387    0.706  24
        11     78.718    771.046 327.7834683 +28.8847978    68.48  0.007397925 -13.3792 -11.7389   0.0103     49607.44     472.1617     739.6594    0.625  16
        12     68.518    555.610 327.7852458 +28.9079900    10.17  0.001098599 -11.0626 -11.0216   0.0195     25622.99     459.2015     778.0372    0.557   0
        13    896.177    507.119 327.6830277 +28.9152491     7.18 0.0007757685 -10.3942 -10.4722   0.0319      15448.4     453.6655     745.0465    0.140   0
        14     18.016    467.990 327.7917004 +28.9173064     8.69 0.0009383919  -9.0914  99.0000  99.0000    -1825.054     444.8947     719.6421    0.447   0
        15    517.493    566.335 327.7297112 +28.9079467     8.14 0.0008798342  -9.6715 -10.1540   0.0426     11524.12     451.5722     811.0788    0.186   0
        16    269.685    719.363 327.7599859 +28.8908433     7.43 0.0008026491  -8.9242  -9.2479   0.0972     5002.065     447.8719     813.8444    0.293   0
        17    557.114    741.920 327.7244024 +28.8891206     7.62  0.000822742  -9.1698  -9.5305   0.0751     6489.189     448.7137      799.931    0.100   0
        18    293.290    687.346 327.7571438 +28.8943524     6.52 0.0007047922 -10.3816 -10.3463   0.0357     13757.11     452.7201     811.8083    0.071   0
