#   1 NUMBER                 Running object number                                     
#   2 X_IMAGE                Object position along x                                    [pixel]
#   3 Y_IMAGE                Object position along y                                    [pixel]
#   4 ALPHA_J2000            Right ascension of barycenter (J2000)                      [deg]
#   5 DELTA_J2000            Declination of barycenter (J2000)                          [deg]
#   6 FWHM_IMAGE             FWHM assuming a gaussian core                              [pixel]
#   7 FWHM_WORLD             FWHM assuming a gaussian core                              [deg]
#   8 MAG_BEST               Best of MAG_AUTO and MAG_ISOCOR                            [mag]
#   9 MAG_APER               Fixed aperture magnitude vector                            [mag]
#  10 MAGERR_APER            RMS error vector for fixed aperture mag.                   [mag]
#  11 FLUX_APER              Flux vector within fixed circular aperture(s)              [count]
#  12 FLUXERR_APER           RMS error vector for aperture flux(es)                     [count]
#  13 BACKGROUND             Background at centroid position                            [count]
#  14 ELLIPTICITY            1 - B_IMAGE/A_IMAGE                                       
#  15 FLAGS                  Extraction flags                                          
         1    833.574    186.746 200.9201825 +36.2165846   182.32   0.01972917 -15.7822 -12.2142   0.0099      76857.5      698.181      1175.19    0.912  16
         2    517.310     49.647 200.9630225 +36.2303808     7.52 0.0008135524  -9.8472  -9.8343   0.0852     8584.304     673.3093     1233.899    0.339   0
         3    469.632     90.554 200.9693637 +36.2258236     5.85 0.0006331378 -10.3841 -10.2916   0.0560     13080.98      674.864     1253.604    0.306   0
         4    536.449    146.008 200.9602615 +36.2200560     5.81 0.0006282714  -9.7033  -9.7661   0.0907      8061.93     673.0021     1298.006    0.313   0
         5    605.098    166.345 200.9509804 +36.2180778     8.49 0.0009191865 -10.8753 -10.8959   0.0323     22823.14     678.5007     1318.798    0.277   0
         6    261.011    293.999 200.9970541 +36.2032438     0.00            0  -8.8445  -9.6748   0.0985     7411.814     672.5151     1308.731    0.005   0
         7    186.587    331.393 201.0069979 +36.1989788     5.43 0.0005873965 -10.2275 -10.3088   0.0551     13289.89     674.7531     1302.751    0.255   0
         8    440.057    391.888 200.9727653 +36.1932574     4.62 0.0005002186  -9.7527 -10.2260   0.0595     12314.25      674.674      1377.74    0.176   0
         9    823.338    488.109 200.9210016 +36.1840761     5.07 0.0005491217  -9.7867 -10.6389   0.0408     18011.23     676.8193     1345.637    0.130   0
        10    888.011    888.077 200.9115617 +36.1411707    58.66  0.006348012 -13.8000 -12.4534   0.0080     95801.95     704.8417     546.0411    0.141  16
        11    865.808    720.457 200.9148573 +36.1591667     5.04 0.0005456862  -8.1571  99.0000  99.0000    -14810.84     669.9817     1327.661    0.242   0
        12    861.275    702.383 200.9155006 +36.1611007     3.93 0.0004250609  -8.2628  99.0000  99.0000    -5590.678     670.1144     1337.828    0.394   0
        13    304.952    476.476 200.9907835 +36.1837176     4.32 0.0004676632 -10.3861 -10.5254   0.0453     16223.69     676.0836     1379.731    0.114   0
        14    882.550    450.064 200.9131034 +36.1883577     3.98 0.0004302444 -11.8530 -10.4510   0.0484     15149.64     675.5546     1115.476    0.026   0
        15    441.648    504.208 200.9723349 +36.1811580     4.12 0.0004458453 -12.2120 -12.2306   0.0097     78026.77     698.5086     1393.545    0.095   0
        16     95.993    725.515 201.0184076 +36.1562183     5.61  0.000606723  -8.6222  -7.1734   0.9833     740.2205     670.2389     1317.222    0.132   0
        17    156.977    791.501 201.0100735 +36.1493009     4.99  0.000540512  -9.2670 -10.5504   0.0442     16601.75     676.2797     1318.125    0.386   0
        18    862.396    631.985 200.9154797 +36.1686907     4.10 0.0004435622 -12.2656 -12.0723   0.0112     67439.31     694.4529     1330.068    0.052   0
        19    166.723    544.251 201.0092509 +36.1759770     4.50 0.0004869091 -10.4797 -10.6634   0.0399     18423.77     676.9529     1352.736    0.125   0
        20    428.851    544.649 200.9739790 +36.1767598     4.15 0.0004489927 -12.1054 -12.1777   0.0102     74318.95     697.2167     1393.011    0.083   0
        21    840.904    830.219 200.9180047 +36.1472615    78.90  0.008538104 -13.8831 -12.8555   0.0056     138740.2     719.9986      1083.21    0.466  16
