#   1 NUMBER                 Running object number                                     
#   2 X_IMAGE                Object position along x                                    [pixel]
#   3 Y_IMAGE                Object position along y                                    [pixel]
#   4 ALPHA_J2000            Right ascension of barycenter (J2000)                      [deg]
#   5 DELTA_J2000            Declination of barycenter (J2000)                          [deg]
#   6 FWHM_IMAGE             FWHM assuming a gaussian core                              [pixel]
#   7 FWHM_WORLD             FWHM assuming a gaussian core                              [deg]
#   8 MAG_BEST               Best of MAG_AUTO and MAG_ISOCOR                            [mag]
#   9 MAG_APER               Fixed aperture magnitude vector                            [mag]
#  10 MAGERR_APER            RMS error vector for fixed aperture mag.                   [mag]
#  11 FLUX_APER              Flux vector within fixed circular aperture(s)              [count]
#  12 FLUXERR_APER           RMS error vector for aperture flux(es)                     [count]
#  13 BACKGROUND             Background at centroid position                            [count]
#  14 ELLIPTICITY            1 - B_IMAGE/A_IMAGE                                       
#  15 FLAGS                  Extraction flags                                          
         1     10.297     81.314 200.8922750 +36.1194781    63.30  0.006837202 -13.3944 -12.5547   0.0069     105170.5      671.234     410.7399    0.607  24
         2    143.104     87.371 200.8744238 +36.1192121    40.02  0.004322982 -12.7998 -11.6952   0.0157     47652.96     688.4678     1180.009    0.687   0
         3    192.356     30.218 200.8679057 +36.1254974    31.13  0.003362872 -12.1848 -11.6426   0.0164     45400.39     687.5753       721.74    0.218   1
         4    136.093     10.936 200.8754977 +36.1274077    86.02    0.0092916 -14.5966 -13.3614   0.0035       221083     719.4652     295.7802    0.743  24
         5    292.544     36.712 200.8544347 +36.1250874     4.21 0.0004547602  -9.9517  99.0000  99.0000    -35049.04     670.9786     1002.915    0.098   0
         6    379.691     91.784 200.8426342 +36.1194170     5.20 0.0005613328 -11.4749 -11.5348   0.0181     41108.72     686.1058     1366.233    0.126   0
         7     64.731    109.704 200.8849132 +36.1165846    17.91  0.001934211  -9.9675  99.0000  99.0000    -10151.77     670.9976     869.3038    0.549   0
         8    541.260     99.363 200.8209167 +36.1190614     8.35 0.0009016352 -10.0768 -10.1594   0.0633      11581.7     675.2612     1380.501    0.285   0
         9     71.853    258.735 200.8836972 +36.1005861    20.36  0.002199382 -12.4352 -11.6534   0.0163     45853.09     687.7213     1264.322    0.492   2
        10    731.883    208.253 200.7951327 +36.1078934     6.65 0.0007187665 -10.0064 -10.4758   0.0474     15499.36     676.7665     1374.092    0.116   0
        11     76.039    239.597 200.8831683 +36.1026554    21.97  0.002373442 -12.7128 -11.6220   0.0168        44544     687.1155     1291.693    0.477   2
        12    310.918    266.843 200.8515760 +36.1004034     4.97 0.0005364205 -12.7026 -12.7590   0.0061     126943.6     716.7354      1432.24    0.079   0
        13     80.125    377.339 200.8823802 +36.0878614     9.98  0.001078551 -11.5806 -11.4579   0.0194     38296.06     685.0988     1312.127    0.180   0
        14     74.792    290.248 200.8832477 +36.0972073     7.69 0.0008306503 -10.9226 -11.4978   0.0187     39730.88     685.5293     1284.281    0.611   0
        15     80.540    315.108 200.8824325 +36.0945518     4.89 0.0005283551 -10.0906 -11.3745   0.0209     35465.82     684.0839     1324.095    0.501   0
        16     79.794    332.592 200.8825024 +36.0926703     4.42 0.0004773375 -10.0309 -11.3979   0.0205     36237.08     684.1237     1316.353    0.595   0
        17     75.803    430.083 200.8828690 +36.0821796     8.41 0.0009085805 -11.3480 -11.4873   0.0189     39349.21     685.3529     1277.863    0.702   2
        18     78.646    527.481 200.8823181 +36.0717186     5.50  0.000593621 -12.5372 -12.1439   0.0105     72040.83     697.3039     1292.444    0.159   0
        19     78.939    656.906 200.8820540 +36.0578076    29.12  0.003145808 -13.4215 -11.6544   0.0163     45895.16     687.9033     1270.495    0.472   2
        20    691.425    431.126 200.8002048 +36.0838233     4.91 0.0005309142  -9.8651  -9.9832   0.0744     9846.887     674.6187     1358.778    0.109   0
        21   1026.434    448.133 200.7551935 +36.0829269     4.92 0.0005314811 -10.0513  -9.9567   0.0606      9609.47     536.6555     1177.108    0.155  24
        22    332.834    445.146 200.8483311 +36.0813004     2.66 0.0002878571  -8.7407  -9.3321   0.1352     5405.488     672.9707     1422.666    0.177   0
        23     78.210    467.321 200.8824811 +36.0781838     5.59 0.0006039038 -10.5688 -11.4811   0.0190     39125.38     685.3456     1288.814    0.678   0
        24    721.696    496.432 200.7960343 +36.0768885     5.10 0.0005507832 -11.2943 -11.3738   0.0210      35442.3     684.0008     1321.565    0.104   0
        25     83.853    946.676 200.8808918 +36.0266748     6.82 0.0007365726 -10.7332 -11.4608   0.0194     38397.95     685.1174     1170.008    0.645   0
        26    358.002   1014.198 200.8439933 +36.0202052     3.82 0.0004122708  -8.3814  99.0000  99.0000    -753.1378     670.7128     1245.722    0.382   0
        27    657.817    981.365 200.8038210 +36.0245837     4.90 0.0005287844 -10.5918 -10.7449   0.0371     19858.52     678.2059     1132.653    0.108   0
        28     77.875    721.497 200.8820847 +36.0508618    12.42  0.001341438 -12.0229 -11.6023   0.0171     43742.64     687.0834     1241.375    0.295   2
        29    638.326    885.924 200.8065919 +36.0347879     5.88 0.0006354086  -9.2450  -9.2802   0.1418     5153.089     672.9716     1194.917    0.160   0
        30     84.993    960.807 200.8807144 +36.0251592     3.84 0.0004143592  -9.6947 -11.3311   0.0218     34074.42     683.3143     1171.878    0.381   0
        31     83.685    900.376 200.8809946 +36.0316510    13.57   0.00146579 -12.2826 -11.5505   0.0179     41706.84     686.3052     1194.166    0.397   0
        32     79.888    773.660 200.8817239 +36.0452607    19.07   0.00205983 -12.8453 -11.6127   0.0169     44163.32      687.255     1232.411    0.349   2
        33    107.482    756.634 200.8780500 +36.0471706     5.11 0.0005524575  -8.4053  -9.1101   0.1658      4406.08     672.5804      1358.11    0.523   0
        34     84.423    867.447 200.8809527 +36.0351927     8.90 0.0009610123 -11.4199 -11.4965   0.0188     39681.88       685.53     1215.508    0.200   2
        35    598.753    865.525 200.8119358 +36.0368691     4.87 0.0005264222 -10.3218 -10.4821   0.0471     15589.42     676.7433     1226.093    0.084   0
        36     83.442    825.102 200.8811578 +36.0397414     8.04 0.0008681236 -11.2517 -11.5108   0.0185     40207.83     685.7404     1229.016    0.198   2
