#   1 NUMBER                 Running object number                                     
#   2 X_IMAGE                Object position along x                                    [pixel]
#   3 Y_IMAGE                Object position along y                                    [pixel]
#   4 ALPHA_J2000            Right ascension of barycenter (J2000)                      [deg]
#   5 DELTA_J2000            Declination of barycenter (J2000)                          [deg]
#   6 FWHM_IMAGE             FWHM assuming a gaussian core                              [pixel]
#   7 FWHM_WORLD             FWHM assuming a gaussian core                              [deg]
#   8 MAG_BEST               Best of MAG_AUTO and MAG_ISOCOR                            [mag]
#   9 MAG_APER               Fixed aperture magnitude vector                            [mag]
#  10 MAGERR_APER            RMS error vector for fixed aperture mag.                   [mag]
#  11 FLUX_APER              Flux vector within fixed circular aperture(s)              [count]
#  12 FLUXERR_APER           RMS error vector for aperture flux(es)                     [count]
#  13 BACKGROUND             Background at centroid position                            [count]
#  14 ELLIPTICITY            1 - B_IMAGE/A_IMAGE                                       
#  15 FLAGS                  Extraction flags                                          
         1    852.822     89.148 238.0170069 +32.9324821   119.14   0.01280556 -14.7301 -12.4921   0.0056     99271.89     515.7416     757.5733    0.503  19
         2    815.623     45.600 238.0218684 +32.9370473    69.92    0.0075153 -13.3787 -11.8945   0.0094     57254.47     494.8068     621.4128    0.792  19
         3    822.979      9.600 238.0209889 +32.9409203    81.82  0.008794196 -13.5981 -12.3535   0.0060     87379.45     479.4405     434.0939    0.786  24
         4    488.959     46.565 238.0638580 +32.9360867     6.93 0.0007447806  -9.6947  99.0000  99.0000    -288.4451     465.2039     787.7762    0.112   0
         5    245.175     72.419 238.0951452 +32.9326700     8.17 0.0008782533 -10.1284 -10.5475   0.0311      16558.3     473.8509     830.4908    0.329   0
         6     61.651    117.169 238.1186476 +32.9273858     5.78 0.0006208395 -13.8311 -13.8679   0.0019     352503.8     626.6214     866.6381    0.013   0
         7    726.753    126.507 238.0331428 +32.9281542     6.17 0.0006636974 -10.2835  -9.5808   0.0749     6797.067     468.8033     938.8591    0.153   0
         8    748.596    131.230 238.0303265 +32.9277056     5.95 0.0006395555 -10.0356  -7.8203   0.3765     1343.162     465.7018     938.9799    0.164   0
         9    621.430    137.487 238.0466598 +32.9267026     5.10 0.0005477474  -7.8693  99.0000  99.0000     -2207.95     465.1513     937.4108    0.433   0
        10    368.700    147.144 238.0791250 +32.9250004    10.70  0.001149812  -9.9713  -9.9443   0.0538     9499.504     470.2031     923.4901    0.402   0
        11    745.645    148.485 238.0306740 +32.9258508     4.52 0.0004863718  -7.8037  99.0000  99.0000    -3070.142     465.2302     939.5762    0.534   0
        12    697.683    194.423 238.0367535 +32.9208076     6.97 0.0007491334 -11.8462 -11.9213   0.0092     58686.53     495.6904     940.1612    0.123   0
        13    474.775    186.289 238.0654175 +32.9210915     8.50 0.0009141464  -9.3447  -9.5920   0.0741     6867.521     468.8278     931.5166    0.309   0
        14    319.359    189.621 238.0853855 +32.9203217     5.41 0.0005810489  -9.7804  -9.8979   0.0561     9102.537      469.992     919.7418    0.120   0
        15    108.894    258.414 238.1123008 +32.9123929     5.61 0.0006033032 -13.7992 -13.8335   0.0020     341494.4     622.2233     881.8976    0.052   0
        16    758.918    279.226 238.0287270 +32.9118893     5.67  0.000609308 -12.2156 -12.2743   0.0068     81230.99      506.909     940.5607    0.135   0
        17    231.091    278.357 238.0965590 +32.9105864    11.22  0.001206113 -10.3809 -10.3521   0.0371     13831.02     472.5394     908.3271    0.144   0
        18    577.952    330.094 238.0518877 +32.9059693     5.48 0.0005891221 -11.3073 -11.4074   0.0144     36556.16     484.4384     933.5945    0.137   0
        19      3.323    319.864 238.1257470 +32.9055293     6.24 0.0006712336  -8.5743  -7.8372   0.2921     1364.257     366.9297     853.3813    0.285  16
        20    284.284    343.828 238.0895979 +32.9037199     5.30  0.000569695 -11.1694 -11.2121   0.0171     30538.04     481.2972     915.8415    0.105   0
        21     39.885    347.129 238.1209956 +32.9027095     7.05 0.0007575794  -9.0870  -9.2362   0.1027      4948.78     467.8689     862.2257    0.169   0
        22    447.480    384.714 238.0685502 +32.8997773     5.24 0.0005633075 -10.8328 -10.8720   0.0232      22325.4     477.0251     925.9065    0.143   0
        23    508.140    435.623 238.0606601 +32.8944880     5.04 0.0005419687 -12.1737 -12.1920   0.0073     75302.98     504.0376     926.2822    0.113   0
        24    155.335    452.979 238.1059560 +32.8916895     5.37  0.000577683 -10.0190 -10.0801   0.0475      10765.4     470.9277      882.606    0.147   0
        25    538.720    460.802 238.0566838 +32.8918732     7.91 0.0008500829  -9.1310  -9.1964   0.1065     4770.642     467.6428     926.3376    0.209   0
        26    266.857    494.799 238.0915474 +32.8875117     5.15 0.0005531517 -12.4726 -12.5267   0.0055     102486.7     517.2029     903.1758    0.109   0
        27     10.031    495.952 238.1245402 +32.8866972     6.24 0.0006712396 -10.5219 -10.5172   0.0300      16102.2     444.3473     841.4044    0.148  16
        28    436.961    502.480 238.0696791 +32.8871424     5.20 0.0005590221  -9.6963  -9.6427   0.0708     7195.573     469.0157     920.8666    0.187   0
        29    775.936    515.937 238.0261045 +32.8865932     5.79 0.0006220037  -8.7191  -9.0731   0.1192     4258.364     467.4737     928.1624    0.253   0
        30    377.727    702.386 238.0769090 +32.8655848     4.92 0.0005284705 -12.8046 -12.8443   0.0042     137321.8     533.9017     885.2197    0.135   0
        31    509.794   1026.279 238.0593374 +32.8312615     5.59 0.0006012238  -8.6935  -7.8200   0.3006     1342.724     371.6067     800.3117    0.277  24
        32    797.445   1020.246 238.0224158 +32.8326616     4.71 0.0005059567  -9.9810  -9.9746   0.0487     9768.854     438.4999     830.8375    0.235  16
        33    355.729   1006.629 238.0791555 +32.8329566     6.76 0.0007270467  -8.6736  -8.3579   0.2298     2203.839     466.3474     779.0797    0.356   0
        34    628.514    784.254 238.0445448 +32.8574834     4.79 0.0005146873  -8.8067  -8.5525   0.1922     2636.229     466.6185     884.7461    0.324   0
        35    882.724    727.006 238.0120003 +32.8642753     4.25 0.0004573399  -9.2525 -10.8820   0.0230     22532.02     477.0563     856.2278    0.635   0
        36    298.670    758.315 238.0869562 +32.8593869     5.18 0.0005570434 -10.9031 -10.9854   0.0210     24784.03     478.3502     857.8381    0.203   0
        37    716.980    711.383 238.0333176 +32.8655163    11.34  0.001218495 -10.0832 -10.0941   0.0469     10905.33      470.794     907.0648    0.286   0
        38    515.032    658.709 238.0593553 +32.8706245     3.16 0.0003394775  -7.6866  -8.4580   0.2096     2416.587      466.422      906.061    0.072   0
        39    375.124    723.715 238.0772028 +32.8632946     4.79 0.0005146223  -8.3656  -8.8697   0.1437     3530.998     467.0976     878.5355    0.281   0
        40    591.969    720.051 238.0493581 +32.8642604     3.65  0.000392234  -8.2288  -8.7089   0.1665     3044.871     466.8242     898.2713    0.038   0
        41    254.707    851.838 238.0924230 +32.8492577     4.37 0.0004699594  -8.1774  -8.6687   0.1727     2934.161     466.7125     820.6406    0.303   0
        42    127.091    633.890 238.1092337 +32.8722468     5.82 0.0006258173 -10.1125 -10.2967   0.0390     13142.66      472.214     854.5318    0.250   0
        43    625.954    699.839 238.0450307 +32.8665135     3.71 0.0003982646  -8.3137  -8.7604   0.1588     3192.738     466.9559     904.9681    0.178   0
        44    886.012    959.555 238.0111546 +32.8393888     6.55 0.0007036903 -10.3066 -11.0185   0.0203     25551.32      478.636     796.4005    0.180   0
        45    807.559    868.351 238.0213956 +32.8489487     4.35 0.0004675087 -12.8295 -12.8765   0.0041     141448.5     535.8763      872.144    0.160   0
        46    887.498    865.496 238.0111349 +32.8494620     3.77 0.0004047684  -8.9974 -10.9381   0.0219     23727.54     477.9002     817.8564    0.584   2
        47    540.408    566.216 238.0562692 +32.8805929     3.45 0.0003711877  -8.0864  -8.6519   0.1754     2889.107      466.544     920.0272    0.402   0
        48    905.727    625.585 238.0092302 +32.8751923     4.69  0.000504056 -11.2868 -11.0861   0.0192     27191.26     479.5811     820.3909    0.182   0
        49    884.806    849.399 238.0115100 +32.8511782     3.37 0.0003619365  -9.0331 -10.9540   0.0216     24077.82     477.8145     825.1832    0.425   0
        50    856.523    792.990 238.0152452 +32.8571435     4.73  0.000508236 -11.9370 -12.0645   0.0081     66956.55     499.8195     879.9725    0.203   0
