#   1 NUMBER                 Running object number                                     
#   2 X_IMAGE                Object position along x                                    [pixel]
#   3 Y_IMAGE                Object position along y                                    [pixel]
#   4 ALPHA_J2000            Right ascension of barycenter (J2000)                      [deg]
#   5 DELTA_J2000            Declination of barycenter (J2000)                          [deg]
#   6 FWHM_IMAGE             FWHM assuming a gaussian core                              [pixel]
#   7 FWHM_WORLD             FWHM assuming a gaussian core                              [deg]
#   8 MAG_BEST               Best of MAG_AUTO and MAG_ISOCOR                            [mag]
#   9 MAG_APER               Fixed aperture magnitude vector                            [mag]
#  10 MAGERR_APER            RMS error vector for fixed aperture mag.                   [mag]
#  11 FLUX_APER              Flux vector within fixed circular aperture(s)              [count]
#  12 FLUXERR_APER           RMS error vector for aperture flux(es)                     [count]
#  13 BACKGROUND             Background at centroid position                            [count]
#  14 ELLIPTICITY            1 - B_IMAGE/A_IMAGE                                       
#  15 FLAGS                  Extraction flags                                          
         1      9.694     81.519 200.8928456 +36.1159024    59.88   0.00646553 -13.1084 -12.2256   0.0081     77667.64     576.5306     444.6033    0.619  24
         2    192.236     30.163 200.8685010 +36.1219451    28.88  0.003118512 -11.9208 -11.4086   0.0178     36597.71     598.3638     679.7408    0.096   1
         3    136.924     10.779 200.8759531 +36.1238777    84.05  0.009075777 -14.3060 -13.0578   0.0041     167157.2     623.7379     357.4097    0.741  24
         4    140.774     88.624 200.8752703 +36.1155057    30.06  0.003245404 -12.5808 -11.3799   0.0182     35641.06     597.8514     1034.232    0.659   2
         5    382.419     56.993 200.8429647 +36.1195844     4.34 0.0004688054 -10.5733  99.0000  99.0000    -15798.13     582.5592     983.8176    0.022   0
         6    517.367     91.902 200.8248129 +36.1161969     5.85  0.000631935  -9.2398  -9.5106   0.0998     6371.215     585.5496     1148.652    0.474   0
         7     63.916    107.446 200.8855259 +36.1132631    11.20  0.001208949  -9.7873  99.0000  99.0000    -13898.67     582.9055      769.856    0.506   2
         8    589.813    163.989 200.8149589 +36.1086325     4.34 0.0004682917  -8.4903  -8.6381   0.2223     2852.523     583.8314     1197.648    0.349   0
         9    734.525    173.632 200.7955543 +36.1079881     8.85 0.0009560084 -10.1117 -10.3921   0.0446     14349.19     588.9459     1168.963    0.185   0
        10    313.657    232.799 200.8518055 +36.1004619     4.19 0.0004523475 -12.7404 -12.8006   0.0052     131904.5     636.7438     1214.877    0.085   0
        11     75.268    247.568 200.8837031 +36.0982057     6.86 0.0007403982 -10.7870 -11.3872   0.0181     35881.17      597.984     1103.661    0.304   2
        12     81.208    332.405 200.8827249 +36.0890867     3.45 0.0003720621  -9.1274 -11.0876   0.0237     27228.77     594.2425      1133.21    0.415   0
        13    693.919    396.593 200.8005386 +36.0838676     4.00 0.0004314248  -9.9793 -10.1774   0.0542      11774.5     587.7703     1162.874    0.093   0
        14    335.240    410.300 200.8485408 +36.0814071     5.00 0.0005403584  -8.9527  -9.3980   0.1106     5744.052     585.2325     1210.078    0.145   0
        15   1027.895    413.018 200.7557818 +36.0829982     4.22 0.0004552458  -9.7506  -9.4535   0.0795     6044.841      442.627     1031.952    0.385  24
        16    724.073    461.695 200.7963680 +36.0769388     3.70 0.0003998079 -11.3267 -11.3920   0.0180     36040.93      598.099     1137.907    0.054   0
        17     81.353    492.829 200.8823601 +36.0718115     4.02 0.0004345961 -11.8529 -12.0029   0.0105     63264.27     609.3403     1121.707    0.090   0
        18    413.872    479.906 200.8378658 +36.0741289     6.12 0.0006604065  -9.5475  -9.2441   0.1275     4984.634     585.0066     1203.512    0.685   0
        19    189.792    769.660 200.8672510 +36.0423042     4.41 0.0004762161  -8.8942  -9.6807   0.0854     7452.442      585.929     1168.685    0.185   0
        20    359.671    977.981 200.8440770 +36.0203428     4.01 0.0004331833  -9.0994  -9.2461   0.1272     4993.797     585.0105     1082.778    0.173   0
        21     84.415    770.189 200.8813535 +36.0419522     4.28 0.0004621645  -9.7180 -11.1957   0.0215     30078.99     595.4081     1085.974    0.402   0
        22    678.487    742.490 200.8018985 +36.0465767     4.32 0.0004661297  -8.3436  -8.5331   0.2449     2589.715     583.9822     1071.261    0.529   0
        23     79.767    667.451 200.8821965 +36.0530026     8.04 0.0008680704 -11.0905 -11.3827   0.0182     35733.55     598.0026     1094.056    0.272   2
        24    650.596    643.781 200.8058338 +36.0571306     3.41 0.0003686061  -7.9877  -8.6336   0.2232      2840.79     583.7606      1113.88    0.384   0
        25     78.990    808.020 200.8819981 +36.0378630     5.10 0.0005503749 -10.0746 -11.2582   0.0203     31863.67     596.0764     1047.311    0.698   0
        26     82.721    724.268 200.8816789 +36.0468925     4.28 0.0004623384  -9.6727 -11.2119   0.0212     30532.73     595.8244     1095.842    0.607   0
        27     78.805    685.746 200.8822859 +36.0510297     8.45 0.0009128316 -11.2975 -11.3933   0.0180     36085.25     598.0211     1084.212    0.474   0
        28    244.571    662.927 200.8601457 +36.0539506     0.77 8.295569e-05  -9.4505  -8.8762   0.1787     3551.917     584.3282     1196.563    0.143   0
        29     79.878    650.854 200.8822174 +36.0547902     6.86 0.0007407393 -10.7639 -11.3301   0.0191     34045.14     597.3124     1098.587    0.330   0
        30    168.677    950.886 200.8696902 +36.0227296     0.96 0.0001039113  -9.4207  -9.8662   0.0721     8840.434     586.7012     1099.373    0.076   0
        31    640.453    849.770 200.8067696 +36.0349205     3.57 0.0003857793  -9.3209  -9.6834   0.0852     7470.428     586.0679     1044.642    0.054   0
        32    600.867    829.652 200.8121087 +36.0369789     3.61 0.0003897414 -10.3108 -10.4052   0.0440     14523.27     588.9382     1068.912    0.076   0
        33     79.659    555.483 200.8824520 +36.0650598     3.94 0.0004256434  -9.5007 -11.1261   0.0229     28213.54     594.8828     1112.749    0.495   0
        34     81.755    890.643 200.8814504 +36.0289735     6.64  0.000717296 -10.6714 -11.2855   0.0198     32672.46     596.7216     1028.475    0.325   0
        35    659.636    944.923 200.8040078 +36.0247258     3.74 0.0004037356 -10.6220 -10.7041   0.0336      19126.2      590.954     1000.169    0.103   0
