#   1 NUMBER                 Running object number                                     
#   2 X_IMAGE                Object position along x                                    [pixel]
#   3 Y_IMAGE                Object position along y                                    [pixel]
#   4 ALPHA_J2000            Right ascension of barycenter (J2000)                      [deg]
#   5 DELTA_J2000            Declination of barycenter (J2000)                          [deg]
#   6 FWHM_IMAGE             FWHM assuming a gaussian core                              [pixel]
#   7 FWHM_WORLD             FWHM assuming a gaussian core                              [deg]
#   8 MAG_BEST               Best of MAG_AUTO and MAG_ISOCOR                            [mag]
#   9 MAG_APER               Fixed aperture magnitude vector                            [mag]
#  10 MAGERR_APER            RMS error vector for fixed aperture mag.                   [mag]
#  11 FLUX_APER              Flux vector within fixed circular aperture(s)              [count]
#  12 FLUXERR_APER           RMS error vector for aperture flux(es)                     [count]
#  13 BACKGROUND             Background at centroid position                            [count]
#  14 ELLIPTICITY            1 - B_IMAGE/A_IMAGE                                       
#  15 FLAGS                  Extraction flags                                          
         1      9.092     81.957 327.7910140 +28.8487702    55.64  0.006011224 -12.8023 -11.9017   0.0094     57631.83     499.0764     460.5359    0.623  24
         2    192.007     28.557 327.7685405 +28.8549698    27.26  0.002944364 -11.5574 -11.2210   0.0185     30789.61     525.7281      627.762    0.320   0
         3    137.609     10.484 327.7753074 +28.8567857    82.15  0.008874151 -14.0043 -12.7136   0.0048     121745.8     541.4979     393.5232    0.746  24
         4    457.816     25.290 327.7356987 +28.8559615     5.65 0.0006108932 -10.2578  99.0000  99.0000     -787.942     511.0071     722.2499    0.276   0
         5    715.390    136.231 327.7036029 +28.8446175     5.84 0.0006310537 -15.9844 -15.9991   0.0005      2509694     1231.166     988.2693    0.109   4
         6    290.923     48.454 327.7562678 +28.8530645     5.62 0.0006070481 -10.4723  99.0000  99.0000    -7244.465      511.036     827.7766    0.165   0
         7    142.681     85.420 327.7744973 +28.8487222    28.75  0.003105884 -11.7547 -11.0986   0.0207     27505.97     524.2911     873.7325    0.480   2
         8    271.875     65.712 327.7585799 +28.8511587     5.88 0.0006348763 -10.6585  99.0000  99.0000    -68.08196      511.036     896.9666    0.073   0
         9    971.454     66.501 327.6721236 +28.8527334     6.17 0.0006660315  -9.2332  99.0000  99.0000    -17387.25     510.9637     808.5557    0.254   0
        10    147.342     80.811 327.7739325 +28.8492302     9.56   0.00103263  -9.2360 -10.9588   0.0235     24183.57     522.6621     857.5622    0.552   3
        11    133.025     94.039 327.7756693 +28.8477699    12.72  0.001373974 -10.4396 -10.9759   0.0231     24567.56     522.8317     901.0753    0.168   3
        12    731.233     79.914 327.7017786 +28.8507242     5.60 0.0006048834  -9.7400  99.0000  99.0000    -8167.471     510.9782     911.8047    0.117   0
        13    338.571     82.937 327.7502959 +28.8494629     1.74 0.0001880858  -8.4962  -6.0425   2.1250     261.2274     511.1493      955.518    0.227   0
        14     63.389    109.668 327.7842362 +28.8459162    10.44   0.00112743  -9.7585  99.0000  99.0000    -3803.854     510.9926     709.3536    0.657   0
        15    917.817    103.174 327.6786661 +28.8486558     6.02 0.0006499564 -10.3451 -10.3577   0.0404     13902.07     517.5925     937.7167    0.100   0
        16    187.268    109.639 327.7689283 +28.8462202     5.43 0.0005871279 -11.1511 -10.6502   0.0310     18201.08     519.7785     1018.585    0.073   0
        17    426.704    123.968 327.7393059 +28.8452524     7.73 0.0008352448  -8.8147  -5.2916   4.2429     130.8039     511.0422     1008.662    0.160   0
        18     79.327    141.309 327.7821891 +28.8425451     7.22 0.0007803401 -11.0004 -10.9243   0.0242     23426.91     522.3708      883.343    0.067   0
        19    767.215    142.604 327.6971837 +28.8440528     3.45 0.0003722001  -8.3473  -8.5583   0.2098     2650.433     512.0425     979.2684    0.413   0
        20    645.886    143.993 327.7121733 +28.8436165     7.86 0.0008491064  -9.2044  -9.5169   0.0871     6408.448     514.0465     998.7657    0.206   0
        21    263.729    158.727 327.7593605 +28.8411148     5.50 0.0005943492 -11.0965 -11.1642   0.0195     29219.47     525.1779     1026.764    0.063   0
        22    568.104    147.140 327.7217772 +28.8430927     4.48 0.0004844801  -8.3492  -6.8742   0.9881     561.9336     511.2964     1006.806    0.232   0
        23    912.231    147.570 327.6792521 +28.8438581     4.13    0.0004465  -8.5844  -9.6494   0.0772     7240.327     514.4653     945.7711    0.532   0
        24    400.637    166.851 327.7424235 +28.8405685     5.46 0.0005894732 -11.7188 -11.7656   0.0114     50842.41     535.3307     1020.804    0.080   0
        25    488.597    167.851 327.7315522 +28.8406712     6.81 0.0007357358  -9.6858 -10.1134   0.0505     11100.53     516.2805     1015.221    0.316   0
        26    522.765    279.427 327.7270628 +28.8287281     5.78 0.0006248288 -16.2106 -16.2225   0.0005      3083313     1342.656     1016.729    0.033   6
        27    579.496    180.126 327.7202907 +28.8395648     4.74 0.0005115953  -8.4838  -8.5562   0.2103     2645.451     512.3141      1012.47    0.263   0
        28    744.730    184.295 327.6998635 +28.8395067     6.36 0.0006870006  -9.7985 -10.1689   0.0480     11683.34     516.7342     985.2661    0.108   0
        29    897.287    233.716 327.6808965 +28.8345391     5.42 0.0005850174 -13.5652 -13.6021   0.0025     275965.4     631.6938     951.9506    0.109   0
        30    703.338    205.889 327.7049269 +28.8370819     8.17 0.0008822009  -9.3399  -9.7632   0.0696     8040.393     514.9687     994.8178    0.059   0
        31    462.524    288.158 327.7344847 +28.8276433     5.21 0.0005627985 -15.6167 -15.6044   0.0007      1744854     1064.672     1020.249    0.124   3
        32    477.492    277.362 327.7326614 +28.8288425     5.22 0.0005635976 -14.3829 -14.3819   0.0014     565901.4      737.587     1020.526    0.160   3
        33    508.805    256.132 327.7288435 +28.8312053     5.26 0.0005686409 -13.1891 -13.2051   0.0034       191438     597.3298     1018.308    0.037   3
        34     78.525    223.735 327.7820859 +28.8336601    10.75  0.001161729 -11.1424 -10.9784   0.0231     24623.93     522.9293     958.6535    0.159   0
        35    268.373    255.846 327.7585507 +28.8306594     5.26 0.0005682525 -13.5450 -13.5879   0.0025       272383     630.2979     1026.876    0.072   0
        36   1023.994    236.110 327.6652349 +28.8345768     5.70 0.0006155354 -10.3036 -10.2007   0.0400     12030.69     442.9729      921.722    0.126  16
        37     48.401    230.726 327.7857909 +28.8328334     6.83 0.0007383598  -9.3562 -10.1000   0.0511     10965.23     516.2865     846.9553    0.301   0
        38    654.024    252.644 327.7109091 +28.8319264     5.31  0.000574009 -12.0544 -12.1121   0.0084     69957.32     544.0892     1004.948    0.117   2
        39    314.892    252.704 327.7528107 +28.8311101     5.32 0.0005743764 -11.8501 -11.9066   0.0101     57892.39     538.6542     1024.361    0.075   0
        40    110.518    241.452 327.7780896 +28.8318285     5.57 0.0006016342  -9.2079  -6.9578   0.9150     606.9089     511.3617     1024.512    0.095   0
        41    666.192    256.696 327.7093959 +28.8315185     5.43 0.0005870561 -10.5984 -10.7686   0.0279     20297.25     520.7573     1002.838    0.124   3
        42    762.387    265.950 327.6974886 +28.8307484     5.19 0.0005611404 -12.0339 -12.0862   0.0086     68307.62      543.385     980.5059    0.098   0
        43    206.685    269.262 327.7661399 +28.8290646     5.26 0.0005685441 -11.8712 -11.9341   0.0099     59380.58     539.3307     1027.879    0.080   0
        44    245.046    260.136 327.7614225 +28.8301409     5.73 0.0006189684  -9.7553 -10.0793   0.0521     10757.29     516.1858     1027.503    0.140   0
        45    571.495    268.516 327.7210681 +28.8300200     5.36 0.0005790627 -10.6977 -10.8390   0.0262     21656.31      521.551     1013.473    0.083   0
        46    184.078    292.090 327.7688773 +28.8265497     5.25 0.0005671387 -11.9989 -12.0630   0.0088     66868.01     542.7359     1027.679    0.051   0
        47   1002.063    280.318 327.6678415 +28.8297615     6.06 0.0006544442  -8.3883  99.0000  99.0000    -1213.585     511.0938     919.8357    0.158   0
        48    258.958    310.873 327.7595803 +28.8247065     5.33 0.0005754116 -10.8686 -10.9227   0.0242     23391.99     522.2975     1026.166    0.089   0
        49    199.375    331.825 327.7668906 +28.8223045     5.18 0.0005600916 -13.4505 -13.4982   0.0027     250763.2     621.6398     1026.793    0.078   0
        50     98.739    307.602 327.7793829 +28.8246710     5.86 0.0006328354  -9.8505 -10.0284   0.0546     10264.83     515.8757     1024.732    0.057   0
        51    838.521    317.243 327.6879609 +28.8253995     5.43 0.0005866053 -10.0367 -10.0259   0.0547     10241.72     515.9933     954.0779    0.092   0
        52    809.011    336.969 327.6915603 +28.8232043     6.90  0.000745895  -9.1273  -9.0820   0.1297     4293.395     512.9016     960.4387    0.172   0
        53    113.993    349.672 327.7773953 +28.8201742     5.04 0.0005441277  -9.6489  -7.6666   0.4765     1165.801     511.4904      1024.35    0.063   0
        54    208.285    361.522 327.7657175 +28.8191256     5.40 0.0005832666 -11.0313 -11.1526   0.0197     28908.34     524.9876     1025.602    0.107   0
        55    834.495    360.038 327.6883574 +28.8207780     3.75 0.0004048508  -8.3984  -8.7153   0.1817     3062.695       512.46     948.6302    0.380   0
        56    980.346    370.681 327.6703135 +28.8199723     7.47 0.0008071113  -8.9493  -9.0610   0.1323     4211.112     513.1207     904.5762    0.311   0
        57    541.464    388.516 327.7244914 +28.8170160     5.44 0.0005875222  -9.8935 -10.0118   0.0554        10109      515.972     1009.932    0.124   0
        58    961.092    461.411 327.6724800 +28.8101493     5.38 0.0005809922 -15.7243 -15.7469   0.0006      1989637     1120.684     892.9379    0.086   4
        59    117.556    396.252 327.7768411 +28.8151629     4.67 0.0005040825  -9.0022  99.0000  99.0000    -2387.368      511.036     1021.282    0.078   0
        60    340.262    438.805 327.7492260 +28.8111150     5.00 0.0005404375 -13.5275 -13.5724   0.0025     268505.7     628.7463     1018.459    0.082   0
        61    813.841    419.129 327.6907698 +28.8143612     5.01  0.000541512 -11.2080 -11.2582   0.0179     31863.84      526.337     945.3027    0.104   0
        62    420.187    447.961 327.7393306 +28.8103200     5.25 0.0005670839  -9.2693  -9.6805   0.0750     7450.613     514.5388     1013.948    0.105   0
        63    114.375    417.764 327.7771814 +28.8128368     5.76 0.0006218789  -8.4183  99.0000  99.0000    -4107.427     510.9492     1019.356    0.350   0
        64    167.603    441.005 327.7705492 +28.8104613     4.98 0.0005381376 -11.6891 -11.7535   0.0116      50280.8     534.8889     1021.918    0.065   0
        65    801.635    445.668 327.6922151 +28.8114723     6.07 0.0006559452 -12.0279 -12.0683   0.0088     67193.25     542.8448     942.9998    0.196   0
        66    266.895    484.083 327.7581792 +28.8060588     4.97 0.0005373614 -14.9745 -15.0040   0.0009      1003647      873.471     1019.315    0.074   0
        67    717.010    439.571 327.7026835 +28.8119300     6.00 0.0006478617  -9.1281  -9.3800   0.0987     5649.244     513.5477     968.2986    0.153   0
        68   1009.755    460.735 327.6664701 +28.8103355     5.40 0.0005833403 -11.4921 -11.5412   0.0139     41351.68     530.7827     878.2211    0.166   0
        69    662.797    447.706 327.7093613 +28.8109251     5.39 0.0005825836  -9.1289  -9.2507   0.1112     5015.246     513.3541     980.6768    0.107   0
        70    347.740    458.073 327.7482556 +28.8090565     6.35 0.0006861457  -9.2901  -9.8867   0.0621     9008.718     515.3956      1016.77    0.204   0
        71     34.038    476.116 327.7869622 +28.8063527     5.04 0.0005447909 -12.0403 -11.6947   0.0122     47628.82      533.814     785.8724    0.125   0
        72    944.648    504.567 327.6744103 +28.8054598     5.15 0.0005565937 -13.9505 -13.9875   0.0019     393551.9     676.6643     887.2706    0.112   0
        73    171.882    466.930 327.7699574 +28.8076777     6.46 0.0006980122  -8.9313  -9.3512   0.1014     5501.535     513.7347     1020.477    0.177   0
        74    565.939    476.285 327.7212580 +28.8076153     5.42 0.0005850636  -9.2821  -9.5102   0.0877     6368.974      514.171     996.6836    0.218   0
        75    459.771    479.020 327.7343661 +28.8070675     4.91 0.0005305576  -9.0241  -8.7180   0.1812     3070.349     512.3917     1010.711    0.193   0
        76     92.427    503.897 327.7796817 +28.8035010     5.36  0.000578651  -9.4327 -10.0716   0.0525      10681.9     516.2065     997.4957    0.102   0
        77    342.228    523.650 327.7487779 +28.8019760     4.99 0.0005385532 -11.1859 -11.2459   0.0181     31504.85     526.1664     1013.639    0.102   0
        78    426.016    547.060 327.7383720 +28.7996540     4.81 0.0005198396 -12.5534 -12.6021   0.0056     109858.9     562.1769     1006.297    0.085   0
        79    993.216    523.618 327.6683664 +28.8035200     4.77 0.0005149489  -8.3872  99.0000  99.0000    -6.005149     510.7757     867.4144    0.320   0
        80    261.511    741.411 327.7582194 +28.7783135     4.95 0.0005346196 -10.3907 -10.4743   0.0364     15477.93     518.4955      994.654    0.131   0
        81    118.230   1024.459 327.7752215 +28.7474630     5.63 0.0006083442  -8.1058  99.0000  99.0000    -2555.991     430.5215     916.1354    0.243  16
        82    121.153    971.799 327.7749893 +28.7531451     4.71 0.0005088083 -12.4440 -12.4888   0.0061     98971.55     557.1552      925.061    0.112   0
        83    456.006    882.922 327.7338607 +28.7635298     4.80 0.0005190747 -12.5299 -12.5919   0.0056     108828.9      561.653     936.6411    0.121   0
        84    995.567    891.052 327.6672185 +28.7639266     8.04 0.0008689542  -9.6437  -9.9433   0.0590     9491.287     515.6583     616.3318    0.234   0
        85    141.763    794.563 327.7728775 +28.7722958     4.74 0.0005125538 -11.0656 -11.0952   0.0208     27421.37      524.279     983.1546    0.111   0
        86    417.398    929.535 327.7385157 +28.7584140     6.34 0.0006852161  -8.6064  -9.2647   0.1097     5080.305     513.4002     933.2488    0.241   3
        87    418.795    923.778 327.7383571 +28.7590378     6.90  0.000745256  -9.2909  -9.2689   0.1093     5100.084     513.2515     934.2709    0.233   2
        88    882.490    887.541 327.6811891 +28.7640410     6.18 0.0006674796  -9.8077  -9.7266   0.0719     7773.712     514.8392     787.7276    0.297   0
        89    268.943    904.456 327.7569061 +28.7607602     4.79 0.0005174273 -12.0773 -12.1303   0.0083     71141.07     544.6599     954.2231    0.118   0
        90    313.953    879.466 327.7514091 +28.7635617     5.28 0.0005702188  -9.3489  -9.5250   0.0865     6456.326     514.0698     958.2552    0.178   0
        91    310.431    867.998 327.7518717 +28.7647891     5.14 0.0005556309  -9.8960 -10.0222   0.0549     10206.65     515.7902     961.5215    0.110   0
        92    407.910    840.567 327.7399014 +28.7679793     4.78 0.0005169054 -11.1435 -11.2162   0.0186     30652.14     525.7471     954.6039    0.124   0
        93    710.237    836.270 327.7025798 +28.7691614     5.04 0.0005440629 -11.6752 -11.7284   0.0118     49130.69     534.4617      878.038    0.182   0
        94    136.640    840.607 327.7733976 +28.7673212     4.72 0.0005099726 -11.7279 -11.7447   0.0116     49876.46     534.7275     968.4179    0.095   0
        95    877.810    828.502 327.6819057 +28.7703926     5.43 0.0005871293 -13.2140 -13.2488   0.0033     199304.9     600.6133     824.7092    0.175   0
        96     91.552    767.576 327.7791439 +28.7750823     5.37 0.0005796892 -12.2152 -12.2159   0.0077      76980.3     547.3471     960.8188    0.295   0
        97    459.824    811.865 327.7335599 +28.7711968     4.80 0.0005184545 -13.7084 -13.7470   0.0022     315364.8     647.1672     954.2571    0.108   0
        98    492.201    799.779 327.7295908 +28.7725766     5.02 0.0005418962  -9.7752  -9.6767   0.0752     7424.958      514.397     952.6107    0.201   0
        99    256.166    788.162 327.7587660 +28.7732623     4.79 0.0005174128  -9.6550  -9.5670   0.0832     6711.078     514.2655     986.3954    0.068   0
       100    781.921    774.672 327.6938735 +28.7759688     5.93 0.0006407524  -8.6131  -8.7728   0.1724     3229.487     512.6135     872.4177    0.330   0
       101    436.941    668.782 327.7367298 +28.7865622     4.64 0.0005008244  -8.9449  -8.9726   0.1435     3882.017     512.8596     991.8405    0.141   0
       102    579.348    707.055 327.7190507 +28.7827770     5.43 0.0005870698  -9.2345  -9.5648   0.0834     6697.755     514.2015     953.1579    0.236   0
       103    521.833    673.033 327.7262352 +28.7863067     4.89 0.0005279539  -9.5866  -9.6173   0.0795     7029.742     514.3917     976.0032    0.139   0
       104    566.150    701.777 327.7206932 +28.7833144     4.88 0.0005273539  -9.2133  -9.3760   0.0991     5628.647     513.7103     958.1259    0.039   0
       105    842.189    758.163 327.6864697 +28.7778897     5.02 0.0005420567 -10.8096 -10.8436   0.0260     21748.88     521.4254      858.076    0.181   0
       106    878.745    753.094 327.6819673 +28.7785217     5.39 0.0005827872 -10.8352 -10.8789   0.0252     22467.62     521.9115     846.9777    0.218   0
       107    821.060    740.471 327.6891207 +28.7797467     5.40 0.0005829727  -9.4571  -9.3558   0.1010     5525.064     513.6886     869.4833    0.244   0
       108    290.984    750.990 327.7545565 +28.7773523     4.28 0.0004628598  -7.9858  99.0000  99.0000    -71.89575     510.7902     991.3357    0.037   0
       109    253.691    637.871 327.7594365 +28.7894532     5.04 0.0005444458 -10.1015 -10.1318   0.0497     11290.45     516.5155     1010.857    0.165   0
       110     81.392    655.794 327.7806725 +28.7871043     3.46 0.0003742962  -9.1474 -11.0040   0.0225     25210.74     523.0402     945.4728    0.420   0
       111    733.852    745.849 327.6998778 +28.7789619     4.26 0.0004600528  -8.2772  -8.7188   0.1811      3072.78     512.4794     896.0095    0.160   0
       112    301.005    737.230 327.7533523 +28.7788593     4.27 0.0004615208  -8.4416  -8.1065   0.3178     1748.245      511.674     993.6999    0.185   0
       113    939.170    721.458 327.6745792 +28.7820724     5.47 0.0005912828 -10.9229 -10.9797   0.0230     24653.05     522.9996     833.4897    0.222   0
       114    277.861    722.696 327.7562458 +28.7803699     5.74 0.0006196392  -8.9023  -8.8059   0.1672       3329.2     512.6476     997.4703    0.177   0
       115    568.001    649.861 327.7205886 +28.7889139     4.81 0.0005200004 -10.0947 -10.2377   0.0451     12446.95     516.9321     969.0513    0.146   0
       116    864.132    677.918 327.6839486 +28.7865892     5.17 0.0005583282 -10.7605 -10.8132   0.0268     21148.68     521.2793     868.9514    0.173   0
       117    668.664    712.726 327.7080068 +28.7823776     5.43 0.0005863141  -9.9003  -9.9212   0.0602     9299.593     515.5366     923.9827    0.134   0
       118     78.617    722.494 327.7808517 +28.7799092     1.63 0.0001762093  -9.9883 -11.1227   0.0203     28123.41     524.5996     925.2338    0.023   0
       119    122.144    705.718 327.7755174 +28.7818230     4.68 0.0005050572 -10.2020  -9.8064   0.0669     8367.186     515.1417     999.6168    0.117   0
       120    282.424    694.754 327.7557500 +28.7833922     2.41 0.0002605618  -8.2948  -8.6086   0.2004     2776.189     512.3347     1002.467    0.375   0
       121    790.880    673.140 327.6930068 +28.7869321     5.54 0.0005986265  -8.9725  -9.0320   0.1359     4099.995      513.081     895.2652    0.276   0
       122    245.925    664.373 327.7603313 +28.7865783     4.91 0.0005301002  -9.8873  -9.8411   0.0648     8638.185     515.2302     1009.845    0.159   0
       123    296.342    648.344 327.7541435 +28.7884273     5.05 0.0005458114  -9.9000  -9.9827   0.0569     9841.669     515.7565     1007.523    0.123   0
       124    958.481    654.775 327.6723502 +28.7893041     5.47 0.0005911993  -9.6688  -9.7172   0.0725     7706.651     514.7349     842.1353    0.217   0
       125    846.602    616.095 327.6862590 +28.7932109     6.68 0.0007220472  -9.4241  -9.3929   0.0976     5716.697     513.6812     891.4533    0.265   0
       126    163.485    995.756 327.7697045 +28.7506659     4.80  0.000518735 -12.1629 -12.2195   0.0077     77229.59     547.5554     925.6378    0.124   0
       127    376.049    740.545 327.7440769 +28.7786824     4.78 0.0005165915 -12.2771 -12.3324   0.0070     85692.17     551.3387     986.9196    0.112   0
       128    497.044    921.614 327.7287009 +28.7594580     5.29  0.000571362  -9.1579  -9.2848   0.1077     5174.927     513.4319     916.8873    0.167   0
       129     76.657    636.014 327.7813057 +28.7892244     5.21 0.0005633463  -9.8384 -11.0412   0.0218     26089.27     523.6152     932.8576    0.601   0
       130    153.096    618.862 327.7719070 +28.7912585     4.83 0.0005223004 -11.1753 -11.2611   0.0179     31946.34     526.4042       1014.7    0.083   0
       131    722.015    624.822 327.7016263 +28.7919771     5.01 0.0005408443 -10.7125 -10.7607   0.0281     20149.48     520.5729     927.6663    0.131   0
       132    146.821    606.436 327.7727123 +28.7925825     4.84 0.0005232707 -11.6396 -11.6712   0.0124     46611.82     533.2267     1015.218    0.123   0
       133     55.786    986.776 327.7830229 +28.7513722     4.88 0.0005266733 -12.8818 -12.9142   0.0043       146451     578.0544      791.825    0.112   0
       134    467.148    936.448 327.7323566 +28.7577879     4.42 0.0004770255  -8.3730  -8.6673   0.1899     2930.357     512.4099     920.5446    0.322   0
       135    622.133    582.898 327.7140625 +28.7962590     4.78 0.0005160201 -11.3851 -11.4585   0.0150     38317.71     529.4773     965.8149    0.104   0
       136     84.232    580.107 327.7805072 +28.7952679     5.24 0.0005658339 -11.6105 -11.6351   0.0128     45087.48      532.567     964.5503    0.132   0
       137    823.048    537.516 327.6893533 +28.8016241     3.04 0.0003280577  -8.2908  -8.2133   0.2883     1928.907      512.022     916.0676    0.384   0
       138    169.618    564.094 327.7700000 +28.7972009     6.24 0.0006744722  -9.1725  -9.5386   0.0854     6537.878     514.1957      1016.98    0.065   0
       139   1002.373    864.987 327.6664389 +28.7667516     4.54 0.0004906094  -8.8048  99.0000  99.0000    -2157.411     510.7902     653.8395    0.226   0
       140    603.378    741.020 327.7160021 +28.7791736    10.67  0.001153045 -10.4366 -10.5013   0.0355      15867.2     518.5266     937.1666    0.168   0
       141    937.900    966.250 327.6741631 +28.7556879     5.16 0.0005574105  -9.3491 -10.0849   0.0519     10812.87       516.27     590.2338    0.112   0
       142     55.055    961.531 327.7831751 +28.7540911     4.77 0.0005154266 -11.7272 -11.7607   0.0115      50616.8     535.1149      793.419    0.119   0
       143    308.617   1007.724 327.7517575 +28.7497265     4.91 0.0005301951 -10.6634 -10.7377   0.0287     19728.33     520.5693     920.0594    0.174   0
       144    119.871   1010.382 327.7750533 +28.7489839     5.22 0.0005637905  -8.5946  99.0000  99.0000    -1547.713      511.036     918.0424    0.128   0
       145    270.756    745.247 327.7570684 +28.7779225     4.47 0.0004826069  -8.8892  -9.0818   0.1298     4292.629     513.1172     993.5294    0.168   0
       146    382.861    952.661 327.7427243 +28.7558390     4.93 0.0005327692 -10.6237 -10.6806   0.0302     18717.75     520.0269     931.4529    0.106   0
