#   1 NUMBER                 Running object number                                     
#   2 X_IMAGE                Object position along x                                    [pixel]
#   3 Y_IMAGE                Object position along y                                    [pixel]
#   4 ALPHA_J2000            Right ascension of barycenter (J2000)                      [deg]
#   5 DELTA_J2000            Declination of barycenter (J2000)                          [deg]
#   6 FWHM_IMAGE             FWHM assuming a gaussian core                              [pixel]
#   7 FWHM_WORLD             FWHM assuming a gaussian core                              [deg]
#   8 MAG_BEST               Best of MAG_AUTO and MAG_ISOCOR                            [mag]
#   9 MAG_APER               Fixed aperture magnitude vector                            [mag]
#  10 MAGERR_APER            RMS error vector for fixed aperture mag.                   [mag]
#  11 FLUX_APER              Flux vector within fixed circular aperture(s)              [count]
#  12 FLUXERR_APER           RMS error vector for aperture flux(es)                     [count]
#  13 BACKGROUND             Background at centroid position                            [count]
#  14 ELLIPTICITY            1 - B_IMAGE/A_IMAGE                                       
#  15 FLAGS                  Extraction flags                                          
         1    219.569    203.988 327.7674625 +28.9460985     9.71  0.001048575  -9.4738  -9.5440   0.0470     6570.739     284.2805     586.4826    0.295   0
         2    573.201    270.793 327.7235792 +28.9397417     1.28 0.0001381641  -9.8277 -10.0101   0.0309     10093.44      287.377     581.2266    0.204   0
         3    158.015    301.240 327.7748336 +28.9354705    10.94  0.001181026  -9.1033  -9.2095   0.0636     4828.548     282.7908     586.0569    0.237   0
         4    133.331    358.877 327.7777431 +28.9292000     1.30 0.0001408397  -7.8153  99.0000  99.0000    -91.80766     278.5288     584.7376    0.095   0
         5    687.847    672.061 327.7084458 +28.8967700     0.94 0.0001013663  -6.9287  -7.9286   0.2048     1483.955     279.8419     579.5472    0.154   0
         6    726.383    817.406 327.7033368 +28.8811977     6.38 0.0006894532  -8.7152  -8.8892   0.0851     3594.781       281.62     578.7517    0.111   0
         7    295.034    685.214 327.7569571 +28.8944218     6.25 0.0006754637 -10.5634 -10.6045   0.0183     17450.81     293.7301     582.8456    0.085   0
         8    221.382    639.226 327.7661714 +28.8992010     6.28 0.0006783137 -11.1322 -11.1725   0.0112     29443.54     303.7515     582.9977    0.085   0
         9    161.548    575.902 327.7737214 +28.9058811     1.04 0.0001119759  -6.7264  -8.2651   0.1505     2023.175     280.3467     585.0464    0.323   0
        10    519.051    564.322 327.7295654 +28.9079824     8.66 0.0009355933  -9.2932  -9.4956   0.0491     6283.806     284.1439     582.5766    0.146   0
        11    205.019    567.485 327.7683695 +28.9068926     3.73 0.0004031739  -7.9043  -8.7195   0.0994     3074.709     281.3141     584.3091    0.376   0
        12    611.855    543.134 327.7181463 +28.9104848     1.03  0.000110827  -6.5481  -7.7948   0.2315     1311.964     279.6961     581.5018    0.209   0
        13    522.599    539.510 327.7291867 +28.9106645     8.74 0.0009435434  -8.8230  -9.0019   0.0768     3988.064     282.0623     582.4929    0.220   0
        14    897.881    505.152 327.6828842 +28.9152473     6.87 0.0007414533 -10.3763 -10.4311   0.0213     14874.72     291.6196     572.2526    0.082   0
        15     19.596    466.233 327.7915367 +28.9173562     7.00 0.0007556741  -9.5630  -9.5533   0.0466     6627.268     284.3224     567.0052    0.284   0
        16    745.153    827.661 327.7009932 +28.8801366     6.47  0.000699126 -10.6366 -10.6625   0.0174     18407.42     294.5506     578.2194    0.075   0
        17    271.086    717.143 327.7598385 +28.8909238     7.13 0.0007696886  -9.0173  -9.1501   0.0671     4571.319     282.6176     583.0557    0.112   0
        18    558.884    739.881 327.7242198 +28.8891579     6.98 0.0007543088  -9.0340  -9.1078   0.0698     4396.544     282.4708     580.8275    0.080   0
