#   1 NUMBER                 Running object number                                     
#   2 X_IMAGE                Object position along x                                    [pixel]
#   3 Y_IMAGE                Object position along y                                    [pixel]
#   4 ALPHA_J2000            Right ascension of barycenter (J2000)                      [deg]
#   5 DELTA_J2000            Declination of barycenter (J2000)                          [deg]
#   6 FWHM_IMAGE             FWHM assuming a gaussian core                              [pixel]
#   7 FWHM_WORLD             FWHM assuming a gaussian core                              [deg]
#   8 MAG_BEST               Best of MAG_AUTO and MAG_ISOCOR                            [mag]
#   9 MAG_APER               Fixed aperture magnitude vector                            [mag]
#  10 MAGERR_APER            RMS error vector for fixed aperture mag.                   [mag]
#  11 FLUX_APER              Flux vector within fixed circular aperture(s)              [count]
#  12 FLUXERR_APER           RMS error vector for aperture flux(es)                     [count]
#  13 BACKGROUND             Background at centroid position                            [count]
#  14 ELLIPTICITY            1 - B_IMAGE/A_IMAGE                                       
#  15 FLAGS                  Extraction flags                                          
         1     10.808     80.688 200.8919852 +36.1192571    66.20  0.007146297 -13.8082 -13.0010   0.0060     158629.9     871.4627     378.3895    0.596  24
         2    143.410     86.954 200.8741952 +36.1189554    45.85  0.004949459 -13.4160 -12.0904   0.0141     68575.56     888.6536     1547.688    0.743   2
         3    192.445     30.644 200.8677223 +36.1251489    32.98   0.00356053 -13.0564 -12.1290   0.0136     71058.17       889.52     859.9344    0.222  17
         4    136.085     11.074 200.8753149 +36.1270963    87.36  0.009429994 -15.0388 -13.8270   0.0030     339484.2      925.173     190.5695    0.744  24
         5    291.267     32.670 200.8544679 +36.1252060     3.90 0.0004212081  -9.7400  99.0000  99.0000    -72642.88     869.2952     1236.065    0.218   0
         6     63.725    110.957 200.8848350 +36.1161503    16.35  0.001764733 -10.4342  99.0000  99.0000    -20308.91     869.2214     1067.251    0.362   2
         7    378.599     88.155 200.8426598 +36.1194801     4.19 0.0004521965 -11.3587 -11.2195   0.0310     30745.77     877.7762     1791.375    0.109   0
         8    540.242     95.600 200.8209741 +36.1191239     6.14 0.0006633065  -9.6435  -9.6222   0.1339     7061.267     870.8818     1840.682    0.146   0
         9     76.388    243.475 200.8828957 +36.1019327    40.76  0.004399913 -13.5574 -12.1738   0.0131     74047.12     890.2396     1714.216    0.265   2
        10     77.724    500.053 200.8822490 +36.0743398    58.33  0.006296317 -13.5844 -11.8834   0.0170     56668.97     885.4184     1710.515    0.914  17
        11    730.173    203.967 200.7953238 +36.1079855     6.38 0.0006883114 -10.1956 -10.8131   0.0449     21145.87     875.2332     1836.963    0.356   0
        12    309.806    263.340 200.8515713 +36.1004472     3.99 0.0004308769 -12.7144 -12.7879   0.0075     130359.5     905.8447     1930.808    0.036   0
        13     77.935    393.378 200.8824150 +36.0858140    30.72  0.003316087 -13.7334 -11.9659   0.0157     61143.61     886.6328     1725.938    0.516   0
        14     76.836    303.991 200.8827253 +36.0954250    16.34  0.001763382 -12.7362 -11.9091   0.0166     58025.94     885.5118     1725.417    0.375   2
        15     79.140    669.235 200.8817512 +36.0561471    71.20  0.007686495 -14.9232 -12.1305   0.0136     71151.44     889.4982     1681.459    0.847  18
        16     75.799    341.355 200.8827961 +36.0914034    18.84  0.002033754 -12.9726 -11.9133   0.0165     58255.43     885.5525     1712.098    0.415   2
        17     78.431    327.310 200.8824689 +36.0929214    14.43  0.001557456 -12.4541 -11.8836   0.0170     56683.23     885.3741     1734.239    0.170   2
        18    690.255    427.410 200.8002930 +36.0838442     4.00 0.0004314385  -9.9651 -10.1583   0.0819     11569.51     872.5181      1818.28    0.094   0
        19    331.660    441.454 200.8483256 +36.0813504     3.77 0.0004073655  -8.9742  -9.5576   0.1422     6653.588     871.0593     1920.554    0.121   0
        20   1025.274    444.326 200.7553661 +36.0829261     4.09 0.0004413751 -10.2580 -10.0437   0.0750     10410.24     718.9851     1540.215    0.091  16
        21    720.472    492.737 200.7961320 +36.0768997     3.78 0.0004082005 -11.3193 -11.4069   0.0261     36540.98     879.7169     1761.048    0.092   0
        22     84.211    844.430 200.8807530 +36.0373180    16.93  0.001827867 -13.0238 -11.8911   0.0168     57076.71     885.1714     1623.091    0.345   2
        23    356.436   1010.526 200.8439982 +36.0202112     4.60  0.000497085  -8.4842  99.0000  99.0000    -827.3747     869.2214      1652.93    0.414   0
        24    656.360    977.570 200.8038921 +36.0245782     3.71  0.000400336 -10.6278 -10.7521   0.0475     19990.84     874.9521     1480.186    0.111   0
        25     83.847    896.331 200.8807074 +36.0317347    30.26  0.003266335 -13.7737 -12.0319   0.0148     64974.31     887.6158      1576.13    0.460   2
        26     82.401    814.744 200.8810495 +36.0405058    25.51  0.002753506 -13.3540 -12.0179   0.0150     64146.55     887.2623     1624.043    0.371   2
        27     85.249    940.705 200.8804389 +36.0269659    40.20  0.004339091 -14.1768 -11.9663   0.0157     61166.83     886.6875     1545.146    0.762  18
        28    597.380    861.683 200.8119903 +36.0368820     3.72  0.000402101 -10.3418 -10.5135   0.0591     16047.66     873.8981     1620.947    0.107   0
        29    186.489    801.329 200.8671319 +36.0422399     4.70 0.0005069633  -8.9917 -10.1142   0.0853     11109.39     872.5087     1831.184    0.236   0
        30    637.183    881.939 200.8066244 +36.0348119     4.22  0.000455164  -9.2322  -9.2122   0.1953     4840.367     870.6615     1573.154    0.171   0
        31    944.589    806.915 200.7655766 +36.0437112     2.29 0.0002467866  -9.2991  99.0000  99.0000     -102.702     869.1722     1327.293    0.338   0
