#   1 NUMBER                 Running object number                                     
#   2 X_IMAGE                Object position along x                                    [pixel]
#   3 Y_IMAGE                Object position along y                                    [pixel]
#   4 ALPHA_J2000            Right ascension of barycenter (J2000)                      [deg]
#   5 DELTA_J2000            Declination of barycenter (J2000)                          [deg]
#   6 FWHM_IMAGE             FWHM assuming a gaussian core                              [pixel]
#   7 FWHM_WORLD             FWHM assuming a gaussian core                              [deg]
#   8 MAG_BEST               Best of MAG_AUTO and MAG_ISOCOR                            [mag]
#   9 MAG_APER               Fixed aperture magnitude vector                            [mag]
#  10 MAGERR_APER            RMS error vector for fixed aperture mag.                   [mag]
#  11 FLUX_APER              Flux vector within fixed circular aperture(s)              [count]
#  12 FLUXERR_APER           RMS error vector for aperture flux(es)                     [count]
#  13 BACKGROUND             Background at centroid position                            [count]
#  14 ELLIPTICITY            1 - B_IMAGE/A_IMAGE                                       
#  15 FLAGS                  Extraction flags                                          
         1     11.056     80.215 237.9944108 +32.9335426    67.49  0.007236937 -14.0490 -13.2849   0.0054     206050.6     1026.351     322.5857    0.588  24
         2    147.816     81.942 237.9768507 +32.9337259    64.82  0.006951211 -13.8351 -12.2981   0.0136     83032.83     1043.289     1766.804    0.813  16
         3    192.571     30.852 237.9711717 +32.9392967    32.89  0.003527246 -12.8308 -12.3963   0.0125     90888.28     1045.255     953.4023    0.261  17
         4    135.735     11.139 237.9784950 +32.9412479    88.60  0.009501301 -15.3242 -14.1107   0.0027     440844.4     1083.181     70.06845    0.747  24
         5     75.767    264.559 237.9858587 +32.9140478    73.89  0.007923278 -14.6557 -12.3541   0.0130     87428.32     1044.371     2055.085    0.837   2
         6     77.450    382.205 237.9854869 +32.9014997    63.55  0.006815106 -15.0724 -12.3123   0.0135     84121.81     1043.465     2051.529    0.831  19
         7     66.011    111.032 237.9873147 +32.9304025    27.99   0.00300117  99.0000  99.0000  99.0000    -1495.777     1022.852      1236.88    0.519   2
         8    917.295     88.434 237.8780521 +32.9350551     4.74 0.0005083117 -11.9183 -11.3365   0.0327     34245.31     1031.504     1902.889    0.126   0
         9    423.169     91.334 237.9414876 +32.9334562     4.59 0.0004921026 -11.4854 -11.4899   0.0284      39443.5     1032.849       2186.8    0.142   0
        10     85.528    121.617 237.9847950 +32.9293255    27.43  0.002941376 -12.3925 -12.1219   0.0160     70591.54     1040.418     1662.818    0.632   2
        11    554.166    139.440 237.9246095 +32.9286684     4.05 0.0004340053 -10.8769  -9.2791   0.2161     5148.142     1024.543     2273.946    0.106   0
        12    988.998    194.874 237.8687202 +32.9238825     4.30 0.0004616488 -14.7501 -14.7969   0.0016     829368.4     1208.877     2011.604    0.055   0
        13    183.073    255.783 237.9720968 +32.9152718     4.34 0.0004655586 -11.9221 -12.0179   0.0176      64146.3     1038.868     2343.801    0.081   0
        14    253.043    269.830 237.9630975 +32.9139597     4.85 0.0005201492  -9.5418  -9.7927   0.1347     8262.138     1025.158     2342.568    0.173   0
        15    886.888    309.310 237.8816911 +32.9114095     4.49 0.0004819474  -9.4399  -9.6922   0.1478     7531.725     1025.153     2067.096    0.083   0
        16    569.267    410.661 237.9223323 +32.8997692    22.30  0.002391102 -16.9592 -16.9694   0.0004      6134158     2028.318     2287.896    0.397   4
        17    783.473    340.860 237.8949265 +32.9077756     4.04 0.0004333071 -12.1430 -12.2489   0.0143     79352.25     1042.436     2151.522    0.049   0
        18    156.238    374.392 237.9753858 +32.9025446     4.20  0.000450423 -12.7839 -12.8239   0.0085     134753.8     1055.442     2339.638    0.097   0
        19    339.598    375.785 237.9518516 +32.9028846     3.44 0.0003684501  -8.6799  -9.7766   0.1367     8140.216     1024.724     2324.389    0.397   0
        20    206.991    399.171 237.9688398 +32.9000364     4.18 0.0004482991 -11.8486 -12.0077   0.0177     63545.71     1038.267     2335.885    0.103   0
        21    373.577    458.014 237.9473856 +32.8942010     4.50 0.0004827066  -9.9176 -10.4240   0.0754     14776.98     1026.428     2311.252    0.084   0
        22     80.312    725.243 237.9846657 +32.8649060   131.84   0.01413804 -15.7148 -12.3746   0.0127     89092.43     1044.882     1975.561    0.953  18
        23    963.949    501.698 237.8715716 +32.8910805     3.92 0.0004202913 -12.6327 -12.6847   0.0096     118540.7     1051.792     1845.336    0.023   0
        24    232.001    530.547 237.9654594 +32.8860856     4.93 0.0005282083  -9.1660  -9.4788   0.1798     6187.452     1024.507     2311.542    0.144   0
        25    751.230    650.927 237.8986866 +32.8746082     3.82 0.0004097575  -9.6296  -9.6905   0.1480     7519.532     1025.064     1959.948    0.076   0
        26     88.129    992.813 237.9833094 +32.8363780     8.28 0.0008878679 -11.8025 -11.7359   0.0227     49470.43     1035.273     1822.227    0.140   0
        27    723.217    882.434 237.9019975 +32.8498339     3.80 0.0004072767 -11.8409 -11.8914   0.0197     57091.64     1036.883      1768.96    0.099   0
        28    688.984    694.357 237.9066195 +32.8698123     3.72 0.0003987207 -11.4802 -11.4816   0.0287     39140.77     1032.604     1992.625    0.063   0
        29    155.131    812.791 237.9749528 +32.8557655     3.76 0.0004026955 -11.8221 -11.8477   0.0205      54837.4     1036.511     2174.178    0.074   0
        30    709.106    673.639 237.9040633 +32.8720753     4.79 0.0005133093  -8.7982  -8.4357   0.4696     2367.346      1023.72      1986.29    0.258   0
        31    440.066    618.761 237.9386495 +32.8772253     3.79 0.0004069567 -12.5727 -12.6172   0.0102     111399.9     1050.037     2255.647    0.075   0
        32    534.433    668.980 237.9264789 +32.8721156     5.42 0.0005810138  -9.1384  -9.1199   0.2502     4445.991     1024.169     2167.203    0.238   0
        33    897.611    625.801 237.8799358 +32.8776681     3.44 0.0003692135  -8.7043  -9.2028   0.2317     4798.536     1023.908     1805.491    0.406   0
        34    314.214    580.403 237.9548460 +32.8809849     4.37 0.0004685989  -9.6699  -9.7958   0.1343     8285.279     1024.817     2297.114    0.114   0
        35    653.364   1006.433 237.9108042 +32.8364214     3.98 0.0004265649 -12.4778 -12.4793   0.0116     98107.13     1046.895     1719.307    0.121   0
        36    754.450    946.893 237.8979130 +32.8430375     4.01 0.0004296728 -12.6302 -12.6213   0.0102     111816.5     1050.305     1657.575    0.134   0
        37    764.996    907.944 237.8966078 +32.8472207     3.40 0.0003649167  -7.7323  99.0000  99.0000    -2088.016     1023.112     1692.392    0.006   0
        38    579.952    567.305 237.9207657 +32.8830835     2.80 0.0003007703  -9.4233  -9.2974   0.2125     5235.689     1024.564     2197.268    0.084   0
        39    588.976    951.902 237.9191295 +32.8420713     4.04 0.0004330716  -9.9889 -10.2602   0.0877     12707.76     1026.357     1837.674    0.203   0
        40    779.174    835.441 237.8948773 +32.8549934     3.76 0.0004037081 -10.7692 -10.8366   0.0517      21609.2     1028.379     1749.099    0.130   0
