#   1 NUMBER                 Running object number                                     
#   2 X_IMAGE                Object position along x                                    [pixel]
#   3 Y_IMAGE                Object position along y                                    [pixel]
#   4 ALPHA_J2000            Right ascension of barycenter (J2000)                      [deg]
#   5 DELTA_J2000            Declination of barycenter (J2000)                          [deg]
#   6 FWHM_IMAGE             FWHM assuming a gaussian core                              [pixel]
#   7 FWHM_WORLD             FWHM assuming a gaussian core                              [deg]
#   8 MAG_BEST               Best of MAG_AUTO and MAG_ISOCOR                            [mag]
#   9 MAG_APER               Fixed aperture magnitude vector                            [mag]
#  10 MAGERR_APER            RMS error vector for fixed aperture mag.                   [mag]
#  11 FLUX_APER              Flux vector within fixed circular aperture(s)              [count]
#  12 FLUXERR_APER           RMS error vector for aperture flux(es)                     [count]
#  13 BACKGROUND             Background at centroid position                            [count]
#  14 ELLIPTICITY            1 - B_IMAGE/A_IMAGE                                       
#  15 FLAGS                  Extraction flags                                          
         1    841.291     80.373 200.9179533 +36.1154946   135.19   0.01459745 -14.5371 -12.4088   0.0059     91939.88     502.1508     737.2652    0.605  16
         2    821.497      9.455 200.9207614 +36.1230750    79.21  0.008553144 -13.4992 -12.2783   0.0062     81534.06     466.1124     437.5003    0.780  24
         3    684.859    173.948 200.9387005 +36.1049705     5.77 0.0006235376 -15.5009 -15.5305   0.0007      1630110     1010.536     920.6321    0.103   4
         4    772.029    171.591 200.9270297 +36.1054740     4.69 0.0005058676 -15.0239 -15.0578   0.0009      1054655     856.3651      921.024    0.090   0
         5    125.347    182.181 201.0136227 +36.1024539     4.23 0.0004563059 -13.2508 -13.3054   0.0029     209965.3     557.8245     866.9863    0.029   0
         6    548.018    180.077 200.9570155 +36.1039161     7.00 0.0007553879  -8.7612  -9.2500   0.0990     5012.074     456.8276     914.2246    0.191   0
         7    741.385    193.173 200.9310864 +36.1030623     3.45 0.0003720527  -8.3870  -9.3339   0.0916      5414.33     456.8818     922.0814    0.430   0
         8    337.455    243.975 200.9850717 +36.0964231     5.31 0.0005731976  -8.6524  -8.8934   0.1373     3608.748     456.0846     900.4492    0.118   0
         9    626.289    304.884 200.9462520 +36.0907022     4.30 0.0004646025 -10.8702 -10.9623   0.0209     24261.17     467.2056     916.3936    0.116   0
        10    265.993    350.992 200.9943955 +36.0846897     9.96  0.001075709  -9.3027  -9.2945   0.0950     5221.709     456.7891     892.6179    0.328   0
        11    202.714    413.296 201.0027246 +36.0777947     7.88  0.000851293  -9.0822  -9.1600   0.1075     4613.244     456.6604     877.2924    0.468   0
        12     30.938    461.691 201.0256107 +36.0720757     4.64 0.0005004781  -9.0849  -9.2404   0.0999     4967.646     456.8544     832.4661    0.163   0
        13    144.779    502.741 201.0102735 +36.0679921     4.03  0.000434817 -12.9821 -13.0274   0.0036     162546.2     536.1733     858.3196    0.072   0
        14    380.013    945.083 200.9777707 +36.0210488     4.25 0.0004593809  -7.5815  -8.1209   0.2789     1771.602     454.9995     789.6724    0.019   0
        15    882.593    958.216 200.9104958 +36.0210807     3.45 0.0003729613  -9.0538 -11.0062   0.0201     25262.41     467.6038      788.484    0.421   0
        16    889.801    955.198 200.9095381 +36.0214262     3.47 0.0003748937  -9.0204 -10.9090   0.0219     23098.46     466.4579     776.9562    0.656   0
        17    882.634    937.256 200.9105363 +36.0233379     5.10 0.0005509797  -9.8149 -11.0033   0.0202     25195.18      467.755     791.5549    0.412   0
        18    669.222    932.667 200.9391021 +36.0232226     2.31 0.0002491432  -7.6606  -7.3169   0.5844      844.782      454.567     829.3627    0.227   0
        19    115.262    853.928 201.0134062 +36.0300878     6.54  0.000706037  -8.9327  -8.7618   0.1549     3196.912     455.8588      775.013    0.262   0
        20    227.066    692.371 200.9988186 +36.0478143     4.17 0.0004498884 -10.3668 -10.4649   0.0327     15344.72     462.4476     843.3051    0.115   0
        21    317.393    610.816 200.9869162 +36.0568613     3.44 0.0003717175  -7.8025  -8.4598   0.2042     2420.546     455.2407     876.3611    0.417   0
        22    898.577    871.268 200.9085473 +36.0304891     4.02 0.0004338692 -10.2048 -10.5518   0.0303     16622.71     463.2136     779.6791    0.090   0
        23     52.654    745.549 201.0220379 +36.0415732     6.61 0.0007134553  -8.7396  -8.9315   0.1325     3737.727     456.1041     794.4824    0.179   0
        24    881.997    776.820 200.9109729 +36.0406128     4.57  0.000493695  -9.6372 -10.9243   0.0216     23427.78     466.5969     830.8124    0.696   0
        25    536.987    697.737 200.9573250 +36.0481400     3.74 0.0004038753  -9.6895  -9.8009   0.0598     8324.422     458.6367     882.1663    0.085   0
        26    543.372    676.862 200.9565175 +36.0504064     5.40 0.0005826328 -10.0733 -10.0885   0.0461     10848.84     460.0615      888.955    0.095   0
        27    771.250    569.341 200.9262536 +36.0626398     3.94 0.0004251561 -10.3173 -10.3962   0.0348     14403.72     461.9008     907.4127    0.119   0
        28    491.713    643.950 200.9635065 +36.0538009     3.90 0.0004208655 -10.1798 -10.2642   0.0393     12754.58     461.0706     888.5121    0.126   0
        29    709.468    535.656 200.9345994 +36.0660903     5.23 0.0005645402  -8.4724  -8.6629   0.1695      2918.62     455.6293     908.1865    0.110   0
        30    869.472    659.458 200.9129066 +36.0532154     5.98  0.000645265  -9.4257 -10.4887   0.0320     15684.59     462.6187     880.9074    0.259   0
        31    888.197    966.598 200.9097276 +36.0201939     3.46 0.0003740398  -9.0122 -10.9397   0.0213     23761.22     466.8255     778.5555    0.420   0
