#   1 NUMBER                 Running object number                                     
#   2 X_IMAGE                Object position along x                                    [pixel]
#   3 Y_IMAGE                Object position along y                                    [pixel]
#   4 ALPHA_J2000            Right ascension of barycenter (J2000)                      [deg]
#   5 DELTA_J2000            Declination of barycenter (J2000)                          [deg]
#   6 FWHM_IMAGE             FWHM assuming a gaussian core                              [pixel]
#   7 FWHM_WORLD             FWHM assuming a gaussian core                              [deg]
#   8 MAG_BEST               Best of MAG_AUTO and MAG_ISOCOR                            [mag]
#   9 MAG_APER               Fixed aperture magnitude vector                            [mag]
#  10 MAGERR_APER            RMS error vector for fixed aperture mag.                   [mag]
#  11 FLUX_APER              Flux vector within fixed circular aperture(s)              [count]
#  12 FLUXERR_APER           RMS error vector for aperture flux(es)                     [count]
#  13 BACKGROUND             Background at centroid position                            [count]
#  14 ELLIPTICITY            1 - B_IMAGE/A_IMAGE                                       
#  15 FLAGS                  Extraction flags                                          
         1    841.018     79.974 238.0179798 +32.9326883   135.05   0.01450905 -14.5367 -12.3893   0.0061     90303.09     505.3907     749.7745    0.612  16
         2    821.746      9.647 238.0205892 +32.9401653    79.26  0.008515241 -13.5697 -12.3207   0.0061     84776.53     473.1649     447.7134    0.774  24
         3    485.687     40.201 238.0636971 +32.9360233     7.25 0.0007786768  -9.6051  99.0000  99.0000    -1816.401     458.6279      768.925    0.251   0
         4    241.593     65.487 238.0949995 +32.9326746     5.61 0.0006030631  -9.1877 -10.1675   0.0433     11667.74     464.9318     807.5969    0.516   0
         5     58.420    110.724 238.1184345 +32.9273459     6.05 0.0006494415 -13.8370 -13.8765   0.0019     355290.2     622.9319     864.1708    0.117   0
         6    723.771    119.974 238.0329624 +32.9281052     6.11 0.0006560732 -10.3058  -9.8273   0.0590     8529.285     463.2283     932.7661    0.042   0
         7    745.556    124.549 238.0301557 +32.9276718     6.14 0.0006591185 -10.0381  -8.4059   0.2169     2303.341     459.9594     932.9819    0.069   0
         8    618.355    129.777 238.0464826 +32.9267828     6.27 0.0006739997  -8.2802  99.0000  99.0000    -3245.609     458.6279     932.1547    0.184   0
         9    365.443    140.452 238.0789437 +32.9249788    10.35  0.001112398  -9.7834  -9.8041   0.0603     8349.116     463.2081     916.6723    0.221   0
        10    694.753    188.015 238.0365584 +32.9207482     5.98 0.0006425462 -11.8702 -11.9448   0.0089     59966.33     490.2151      934.589    0.046   0
        11    316.262    183.071 238.0851754 +32.9202880     5.68 0.0006097798  -9.8443 -10.0260   0.0492     10242.32     464.2288     913.2874    0.086   0
        12    471.520    179.590 238.0652435 +32.9210686     7.51 0.0008063503  -9.0920  -9.3543   0.0909     5517.088     461.6513     927.9381    0.020   0
        13    105.735    251.997 238.1120728 +32.9123530     5.67 0.0006092035 -13.8035 -13.8423   0.0020     344273.1     618.4273     877.9464    0.104   0
        14    755.965    272.761 238.0285348 +32.9118366     5.70 0.0006119923 -12.2349 -12.2930   0.0066     82638.95     501.7038     934.9661    0.044   0
        15    227.858    272.772 238.0963493 +32.9104543    11.98  0.001286831 -10.3755 -10.3256   0.0375      13496.6     466.0419     903.3909    0.276   0
        16      1.648    312.810 238.1253150 +32.9055665     3.40 0.0003653032  -7.2625  99.0000  99.0000     -413.423     339.7336     851.8611    0.405  24
        17    574.964    323.587 238.0516788 +32.9059279     5.40 0.0005806185 -11.3178 -11.4506   0.0137     38038.22     478.8644     928.2467    0.068   0
        18    281.188    337.422 238.0893727 +32.9036764     5.24 0.0005630115 -11.1667 -11.2418   0.0164     31383.65     475.2774     910.0618    0.083   0
        19     36.889    340.582 238.1207338 +32.9026887     6.43 0.0006902736  -9.3012  -9.3229   0.0935     5359.931     461.6049     858.3546    0.157   0
        20    444.511    378.266 238.0683219 +32.8997351     5.05 0.0005424261 -10.8753 -10.9785   0.0208     24625.78     471.9237     921.0112    0.055   0
        21    505.172    429.127 238.0604340 +32.8944506     4.96 0.0005326691 -12.1905 -12.2320   0.0069     78123.26     499.4128     921.0066    0.061   0
        22    152.269    446.379 238.1057068 +32.8916739     5.32 0.0005718242  -9.9545 -10.0060   0.0501     10055.54     464.1667     879.8255    0.105   0
        23    535.984    454.012 238.0564297 +32.8918679     6.67 0.0007161956  -8.7696  -8.9395   0.1328     3765.191     460.5595     921.2118    0.295   0
        24    207.600    465.171 238.0985658 +32.8898097     1.55 0.0001669715  -7.0126  -8.0440   0.3023     1650.432     459.3842     889.5774    0.331   0
        25    263.760    488.363 238.0913098 +32.8874764     4.98 0.0005347045 -12.4712 -12.5296   0.0054     102767.6     511.6472     900.1292    0.056   0
        26      6.985    489.510 238.1242708 +32.8866702     5.84 0.0006269899 -10.4591 -10.3635   0.0319     13976.95     410.1815     840.6403    0.184  16
        27    434.041    495.869 238.0694351 +32.8871216     4.81 0.0005162752  -9.6557  -9.6674   0.0683     7361.379      462.649      915.941    0.058   0
        28    773.044    509.191 238.0258894 +32.8865773     7.34   0.00078818  -8.6938  -8.9155   0.1358     3682.941     460.5795     924.6276    0.172   0
        29    589.053    712.688 238.0491146 +32.8643221     5.65 0.0006073804  -8.3693  -8.5986   0.1817     2750.705     460.1896     896.1338    0.207   0
        30    506.945   1019.526 238.0590538 +32.8312697     5.10 0.0005479173  -8.7694  -8.4831   0.1906     2473.113     434.0638     800.9617    0.089  16
        31    794.546   1013.389 238.0221674 +32.8326721     4.25 0.0004563534  -9.9857  -9.9330   0.0536     9401.567     463.7373     831.8863    0.112   0
        32    853.702    786.327 238.0150086 +32.8571250     4.73 0.0005084433 -11.9288 -12.0337   0.0082     65087.61     492.8803      880.321    0.090   0
        33    372.411    717.193 238.0769100 +32.8632732     5.35 0.0005748688  -8.2562  -8.8354   0.1461     3421.111     460.3468     878.2082    0.330   0
        34    295.740    751.656 238.0866816 +32.8593829     4.66 0.0005000944 -10.8815 -10.9243   0.0218     23426.27     471.2121     858.9338    0.028   0
        35    714.728    704.479 238.0330008 +32.8655266    12.89  0.001384281 -10.2046 -10.1960   0.0422     11978.83     465.1886     904.5363    0.409   0
        36    511.848    651.584 238.0591426 +32.8706604     4.42 0.0004749469  -7.9576  -8.0581   0.2985     1671.938     459.5384     904.1248    0.314   0
        37    902.757    619.061 238.0090295 +32.8751520     4.58  0.000492472 -11.3439 -11.2633   0.0161     32011.13     475.7574     826.0729    0.081   0
        38    251.126    844.845 238.0922216 +32.8492918     4.51 0.0004848341  -8.1223  -8.5527   0.1895     2636.785     460.1018     822.0806    0.190   0
        39    124.111    627.277 238.1089577 +32.8722391     5.28 0.0005671076 -10.0334 -10.2020   0.0420     12044.99     465.2753     853.5663    0.143   0
        40    625.742    777.530 238.0442804 +32.8574779     6.05 0.0006496022  -8.6205  -8.8266   0.1474     3393.378      460.474     883.1059    0.190   0
        41    804.717    861.649 238.0211516 +32.8489380     4.11 0.0004419899 -12.8404 -12.8972   0.0040     144172.2     531.5382      873.023    0.077   0
        42    885.833    865.289 238.0107357 +32.8487567     4.24 0.0004557271  -9.4241 -10.9685   0.0210        24400     471.7284     816.2447    0.300   0
        43    623.372    693.118 238.0447479 +32.8665057     6.32 0.0006788699  -8.4184  -8.8460   0.1448     3454.565     460.5072     902.6794    0.152   0
        44    374.792    695.852 238.0766466 +32.8655634     4.51 0.0004848697 -12.8103 -12.8576   0.0041     139014.1     529.0391     883.8646    0.020   0
        45    884.681    969.415 238.0106864 +32.8376099     4.92 0.0005288568  -9.8450 -11.0104   0.0202     25361.03     472.2374     794.6462    0.382   0
        46    352.706   1000.005 238.0788804 +32.8329544     5.53 0.0005941904  -8.8967  -9.2017   0.1045     4793.685     461.1949      779.639    0.072   0
