#   1 NUMBER                 Running object number                                     
#   2 X_IMAGE                Object position along x                                    [pixel]
#   3 Y_IMAGE                Object position along y                                    [pixel]
#   4 ALPHA_J2000            Right ascension of barycenter (J2000)                      [deg]
#   5 DELTA_J2000            Declination of barycenter (J2000)                          [deg]
#   6 FWHM_IMAGE             FWHM assuming a gaussian core                              [pixel]
#   7 FWHM_WORLD             FWHM assuming a gaussian core                              [deg]
#   8 MAG_BEST               Best of MAG_AUTO and MAG_ISOCOR                            [mag]
#   9 MAG_APER               Fixed aperture magnitude vector                            [mag]
#  10 MAGERR_APER            RMS error vector for fixed aperture mag.                   [mag]
#  11 FLUX_APER              Flux vector within fixed circular aperture(s)              [count]
#  12 FLUXERR_APER           RMS error vector for aperture flux(es)                     [count]
#  13 BACKGROUND             Background at centroid position                            [count]
#  14 ELLIPTICITY            1 - B_IMAGE/A_IMAGE                                       
#  15 FLAGS                  Extraction flags                                          
         1     94.561    127.273 327.7824025 +28.9542096     4.13 0.0004479375  -9.2877 -10.6711   0.0311     18554.41     531.7637     885.2476    0.536   0
         2     89.566    161.365 327.7829570 +28.9505116     6.99  0.000757382 -10.5125 -11.0318   0.0225     25866.36     535.1758     883.6053    0.249   2
         3     85.430    177.132 327.7834402 +28.9487960     6.62 0.0007172091 -10.6186 -11.1633   0.0200     29194.56     536.7571     878.6347    0.797   0
         4     80.750    198.432 327.7839801 +28.9464810     8.63 0.0009353425 -11.2612 -11.3310   0.0172      34072.4     539.0242     875.7702    0.338   2
         5    217.318    206.050 327.7670176 +28.9460437     7.70 0.0008346998  -9.6180 -10.0241   0.0561      10224.4     527.9062     918.6663    0.312   0
         6     73.261    270.003 327.7847722 +28.9387258    23.67  0.002564381 -12.4538 -11.3720   0.0166     35384.64     539.5178     865.9598    0.428   2
         7    156.310    301.337 327.7744070 +28.9355748     8.30 0.0008997167  -9.4779  -9.6374   0.0798     7160.747      526.424     922.1146    0.324   0
         8     73.741    406.830 327.7844505 +28.9239415     5.69 0.0006170465 -10.2336 -11.1892   0.0195     29899.46     537.1429     871.5269    0.562   0
         9     91.981    413.732 327.7821741 +28.9232474     4.30 0.0004656215  -9.2443 -10.7865   0.0280     20634.25     532.7986     899.2812    0.631   0
        10    517.085    565.034 327.7291488 +28.9080908     8.22 0.0008905762 -10.1208 -10.5239   0.0356     16201.11     530.6415     922.5739    0.238   0
        11    556.781    740.342 327.7238995 +28.8892571     5.05 0.0005472601  -8.8476  -9.2988   0.1089      5242.13     525.4826     910.5995    0.168   0
        12      6.977    811.516 327.7919552 +28.8800216    41.25  0.004469444 -12.3285 -11.4958   0.0131     39656.77     478.9361     562.4246    0.651  24
        13    269.193    718.406 327.7596109 +28.8908240     3.44 0.0003726291  -8.5543  -9.0059   0.1424     4002.622     524.7451     929.7255    0.415   0
        14    895.959    505.686 327.6822546 +28.9155501     7.56 0.0008191278 -10.5180 -10.5866   0.0336     17165.64     531.1395     828.6917    0.157   0
        15     64.441    478.434 327.7854670 +28.9161777    20.92  0.002266583 -12.7362 -11.3589   0.0168     34959.79     539.4356      868.678    0.319   2
        16     17.641    466.470 327.7912961 +28.9173377     7.88 0.0008540099  -8.9493  99.0000  99.0000    -5072.197     522.9531     795.3538    0.399   0
        17     88.426    457.428 327.7825315 +28.9185156     9.48  0.001026964 -11.1373 -11.1472   0.0203     28766.52     536.4855     901.6252    0.333   2
        18     91.177    447.449 327.7822094 +28.9196016     5.59 0.0006055163 -10.1090 -11.0011   0.0231     25145.07     534.8243     904.1341    0.201   0
        19     79.234    771.145 327.7830711 +28.8845890    76.65  0.008305072 -13.9146 -12.0884   0.0088     68451.01     554.7399     827.5512    0.627  19
        20    160.934    829.669 327.7728268 +28.8784958    82.87  0.008978995 -13.8117 -12.0577   0.0090     66537.91     553.8911     827.7854    0.639   2
        21    743.139    827.966 327.7006245 +28.8803039     6.40  0.000693971 -10.2589 -10.1497   0.0500     11478.17      528.485     888.3035    0.121   0
        22     66.778    508.536 327.7851193 +28.9129314    12.03  0.001303059 -11.7406 -11.3086   0.0175     33375.92      538.701     874.2453    0.440   0
        23    293.015    685.613 327.7567181 +28.8944345     6.38 0.0006909422 -10.2407 -10.1270   0.0510     11241.23     528.1385      926.348    0.065   0
        24     72.927    523.307 327.7843282 +28.9113527     7.74 0.0008390532 -10.8748 -11.1068   0.0210     27716.36     536.0537     883.8415    0.640   0
        25     65.185    557.264 327.7852235 +28.9076614    21.72    0.0023535 -12.4614 -11.3609   0.0167     35022.78     539.4648      871.512    0.227   0
        26    219.435    639.574 327.7659321 +28.8992027     6.31 0.0006840217 -10.7655 -10.7060   0.0302     19159.84     532.0046      927.936    0.116   0
