#   1 NUMBER                 Running object number                                     
#   2 X_IMAGE                Object position along x                                    [pixel]
#   3 Y_IMAGE                Object position along y                                    [pixel]
#   4 ALPHA_J2000            Right ascension of barycenter (J2000)                      [deg]
#   5 DELTA_J2000            Declination of barycenter (J2000)                          [deg]
#   6 FWHM_IMAGE             FWHM assuming a gaussian core                              [pixel]
#   7 FWHM_WORLD             FWHM assuming a gaussian core                              [deg]
#   8 MAG_BEST               Best of MAG_AUTO and MAG_ISOCOR                            [mag]
#   9 MAG_APER               Fixed aperture magnitude vector                            [mag]
#  10 MAGERR_APER            RMS error vector for fixed aperture mag.                   [mag]
#  11 FLUX_APER              Flux vector within fixed circular aperture(s)              [count]
#  12 FLUXERR_APER           RMS error vector for aperture flux(es)                     [count]
#  13 BACKGROUND             Background at centroid position                            [count]
#  14 ELLIPTICITY            1 - B_IMAGE/A_IMAGE                                       
#  15 FLAGS                  Extraction flags                                          
         1    833.152    179.539 200.9228681 +36.2145912   178.75   0.01930156 -15.7957 -12.2832   0.0094     81895.91     706.7105     1191.447    0.910  16
         2    535.153     22.354 200.9631756 +36.2306487     6.93 0.0007488364  -9.6570  -9.8620   0.0839     8806.345     680.4782     1237.608    0.397   0
         3    487.717     63.015 200.9694463 +36.2261278     6.32 0.0006820039 -10.3943 -10.3699   0.0527     14059.21     682.2722     1255.962    0.314   0
         4    554.557    118.661 200.9603590 +36.2203311     6.28 0.0006783018  -9.8655  -9.9813   0.0752     9829.156     680.7776      1303.11    0.343   0
         5    623.460    139.242 200.9510739 +36.2183175     7.97 0.0008604473 -10.7953 -10.8195   0.0350     21271.76     685.0047     1326.075    0.275   0
         6    261.003    294.019 200.9993230 +36.2005651     0.00            0  -8.9448  -9.6275   0.1040     7095.774     679.4868       1328.1    0.009   0
         7    204.878    304.755 201.0068225 +36.1992398     5.42 0.0005854573 -10.2853 -10.3326   0.0545     13584.69     682.2125     1317.657    0.233   0
         8    458.028    365.254 200.9727501 +36.1934796     4.71 0.0005082329  -9.4368  -9.0863   0.1710     4310.458     678.8436     1389.632    0.277   0
         9    900.850    423.721 200.9132631 +36.1884825     3.79 0.0004092738 -11.4208  99.0000  99.0000    -7371.957     677.2734     987.7096    0.065   0
        10    841.820    461.310 200.9210940 +36.1842613    14.22  0.001535289 -12.1369 -11.6215   0.0169     44525.33     693.4394     1307.008    0.242   2
        11    887.964    887.983 200.9139873 +36.1384299    58.68  0.006336099 -13.8238 -12.4795   0.0079      98127.5     712.4111     548.2595    0.146  16
        12    840.894    830.201 200.9204179 +36.1445178    77.84  0.008405464 -13.9732 -12.9054   0.0054     145259.1     728.7273     1094.754    0.465  16
        13    459.905    477.811 200.9722463 +36.1813596     4.36 0.0004707646 -12.2502 -12.3471   0.0089     86863.95     708.5207     1416.088    0.146   0
        14    511.568    792.770 200.9646196 +36.1475826     3.41 0.0003684379  -8.0008  99.0000  99.0000    -241.1661     677.1393     1416.535    0.398   0
        15    185.322    517.792 201.0089560 +36.1762308     4.46 0.0004815128 -10.2769 -10.2887   0.0568     13045.86     681.9199     1377.164    0.160   0
        16    323.215    449.943 200.9906295 +36.1839541     4.29 0.0004628664 -10.4263 -10.5812   0.0435     17080.23     683.4922     1398.536    0.187   0
        17    880.675    605.671 200.9155740 +36.1688223     3.90 0.0004211663 -11.6790  99.0000  99.0000    -19569.12     677.2926     1232.657    0.111   0
        18    447.067    518.364 200.9738759 +36.1769527     4.33 0.0004671177 -12.0627 -12.0887   0.0111     68468.95     701.9816     1415.763    0.136   0
        19    114.861    699.084 201.0179814 +36.1564879     4.54 0.0004899516  -9.3178  -9.9673   0.0762     9703.317     680.8839     1349.363    0.063   0
