#   1 NUMBER                 Running object number                                     
#   2 X_IMAGE                Object position along x                                    [pixel]
#   3 Y_IMAGE                Object position along y                                    [pixel]
#   4 ALPHA_J2000            Right ascension of barycenter (J2000)                      [deg]
#   5 DELTA_J2000            Declination of barycenter (J2000)                          [deg]
#   6 FWHM_IMAGE             FWHM assuming a gaussian core                              [pixel]
#   7 FWHM_WORLD             FWHM assuming a gaussian core                              [deg]
#   8 MAG_BEST               Best of MAG_AUTO and MAG_ISOCOR                            [mag]
#   9 MAG_APER               Fixed aperture magnitude vector                            [mag]
#  10 MAGERR_APER            RMS error vector for fixed aperture mag.                   [mag]
#  11 FLUX_APER              Flux vector within fixed circular aperture(s)              [count]
#  12 FLUXERR_APER           RMS error vector for aperture flux(es)                     [count]
#  13 BACKGROUND             Background at centroid position                            [count]
#  14 ELLIPTICITY            1 - B_IMAGE/A_IMAGE                                       
#  15 FLAGS                  Extraction flags                                          
         1    839.296     80.482 200.9179009 +36.1190501   143.33   0.01551637 -15.2257 -13.2343   0.0040     196663.1     724.0668     989.1617    0.597  16
         2    829.218     10.249 200.9193489 +36.1265766    95.68    0.0103583 -14.1216 -13.1310   0.0041     178806.2     682.1011     329.4449    0.818  24
         3    398.501     76.998 200.9773642 +36.1182810     4.30 0.0004655493  -9.7890 -11.2848   0.0221     32652.38     664.8687     1212.035    0.700   0
         4    114.286     85.576 201.0156892 +36.1166054     4.15 0.0004491854  -9.8372 -11.4122   0.0197      36718.8     666.5587      1169.01    0.542   0
         5    221.214     80.971 201.0012725 +36.1173854     4.33  0.000469091  -9.9414 -11.4301   0.0194     37330.11     666.5349     1185.958    0.518   0
         6    162.995     82.507 201.0091233 +36.1170654     3.76 0.0004069747  -9.6048 -11.3913   0.0201     36017.58     666.2233     1173.085    0.719   0
         7    140.984     85.002 201.0120888 +36.1167384     4.13 0.0004469623  -9.8293 -11.4188   0.0196     36943.11     666.3354     1174.966    0.416   0
         8    264.175     86.093 200.9954707 +36.1169485     5.52 0.0005972183 -10.2056 -11.2982   0.0218     33059.27     665.1304     1230.107    0.577   0
         9    146.784     85.812 201.0113053 +36.1166668     3.71 0.0004019381  -9.6256 -11.3954   0.0200     36154.64     666.1119     1182.868    0.719   0
        10    205.787     88.111 201.0033437 +36.1165767     5.66 0.0006132684 -10.2354 -11.3241   0.0213        33857     665.5026     1219.055    0.565   0
        11    683.459    207.184 200.9387589 +36.1050245     5.01 0.0005421247 -15.3713 -15.3981   0.0008      1442886      1071.16      1376.66    0.022   0
        12    770.545    204.799 200.9270169 +36.1055055     5.02 0.0005436048 -14.9064 -14.9369   0.0011     943568.9     947.3693       1378.6    0.012   0
        13    124.536    216.553 201.0141246 +36.1025486     4.94 0.0005349237 -13.1157 -13.1690   0.0042     185181.2     720.0245     1257.041    0.038   0
        14    624.923    338.416 200.9464832 +36.0907612     5.29  0.000572928 -10.7785 -10.8605   0.0325     22090.93     661.0496     1365.689    0.066   0
        15     30.035    496.791 201.0264748 +36.0721613     4.45 0.0004812675  -8.8413  -8.7043   0.2341         3032     653.6361     1174.137    0.199   0
        16     93.781    506.396 201.0178680 +36.0712992     3.34 0.0003615334  -8.9349  -8.9031   0.1950     3641.143     653.7216      1207.18    0.359   0
        17    884.618    909.326 200.9107528 +36.0300381    89.88  0.009730035 -14.6496 -11.9175   0.0125     58481.21      674.743     1109.615    0.879  18
        18    143.347    537.543 201.0111430 +36.0680823     4.96 0.0005367762 -12.8500 -12.9077   0.0053     145566.1     706.1187     1228.972    0.043   0
        19    882.423    623.418 200.9114052 +36.0607770    21.78  0.002358219 -12.8138 -11.5254   0.0178     40752.13     667.8713     1249.249    0.395   0
        20    541.534    711.438 200.9572384 +36.0504325     6.89 0.0007464394 -10.0293 -10.0918   0.0655      10882.4     656.7786     1285.383    0.119   0
        21    225.391    727.575 200.9998231 +36.0478660     5.29 0.0005723001 -10.1406 -10.1162   0.0641     11129.31     656.5974     1190.028    0.061   0
        22    769.545    603.198 200.9266459 +36.0626620     5.43 0.0005881307 -10.1382 -10.1997   0.0594        12019     657.0645     1349.447    0.113   0
        23    535.264    732.512 200.9580557 +36.0481500     4.77 0.0005164305  -9.6456  -9.8066   0.0851     8368.351     655.9128     1272.841    0.079   0
        24    489.926    678.365 200.9642373 +36.0538542     5.33 0.0005765206 -10.0387 -10.1203   0.0639     11172.13      656.944     1292.172    0.102   0
        25    886.752   1004.125 200.9103470 +36.0198496     8.55   0.00092548  -9.7334 -11.4478   0.0191     37941.96     667.0173     1064.861    0.626   1
        26    883.639    666.884 200.9111871 +36.0561060    20.83   0.00225468 -12.8271 -11.6301   0.0162     44877.94     669.6119     1225.094    0.301   2
