#   1 NUMBER                 Running object number                                     
#   2 X_IMAGE                Object position along x                                    [pixel]
#   3 Y_IMAGE                Object position along y                                    [pixel]
#   4 ALPHA_J2000            Right ascension of barycenter (J2000)                      [deg]
#   5 DELTA_J2000            Declination of barycenter (J2000)                          [deg]
#   6 FWHM_IMAGE             FWHM assuming a gaussian core                              [pixel]
#   7 FWHM_WORLD             FWHM assuming a gaussian core                              [deg]
#   8 MAG_BEST               Best of MAG_AUTO and MAG_ISOCOR                            [mag]
#   9 MAG_APER               Fixed aperture magnitude vector                            [mag]
#  10 MAGERR_APER            RMS error vector for fixed aperture mag.                   [mag]
#  11 FLUX_APER              Flux vector within fixed circular aperture(s)              [count]
#  12 FLUXERR_APER           RMS error vector for aperture flux(es)                     [count]
#  13 BACKGROUND             Background at centroid position                            [count]
#  14 ELLIPTICITY            1 - B_IMAGE/A_IMAGE                                       
#  15 FLAGS                  Extraction flags                                          
         1      8.836     82.067 327.7912295 +28.8488381    54.51  0.005887199 -12.7475 -11.8707   0.0096     56013.07     495.6457     462.8985    0.631  24
         2    192.931     28.405 327.7686222 +28.8550658    29.26  0.003160644 -11.4643 -11.2628   0.0179     31997.81     526.0524     624.9885    0.426   0
         3    137.915     10.454 327.7754629 +28.8568682    82.26  0.008885061 -14.0038 -12.7046   0.0049     120742.4      540.592      394.908    0.747  24
         4    459.324     26.069 327.7357200 +28.8559536     5.50 0.0005935274 -10.3510  -7.0804   0.8168      679.444     511.0242     726.4375    0.285   0
         5    292.414     49.286 327.7562816 +28.8530538     5.54 0.0005980194 -10.4889  99.0000  99.0000    -6265.127     510.6339     833.3425    0.174   0
         6    141.047     88.158 327.7748832 +28.8485011    25.22  0.002723821 -12.0823 -11.2244   0.0185      30885.9      525.622     889.1979    0.511   2
         7    716.789    137.250 327.7036469 +28.8445779     5.38 0.0005810115 -15.9982 -15.9866   0.0005      2481182     1225.315     990.5484    0.087   7
         8    273.339     66.446 327.7585956 +28.8511587     5.84 0.0006307117 -10.7020  -8.6131   0.1995     2787.783      511.997     898.3763    0.051   0
         9    973.143     67.099 327.6721486 +28.8527357     6.95 0.0007505844  -9.2884  99.0000  99.0000    -17124.51     510.6628     809.6948    0.344   0
        10    732.706     80.781 327.7018167 +28.8507013     5.92 0.0006393388  -9.7393  99.0000  99.0000    -6287.998     510.6773      917.318    0.121   0
        11    919.296    103.878 327.6787127 +28.8486470     6.25 0.0006753933 -10.3283 -10.3167   0.0420     13386.32     517.1747     939.2614    0.107   0
        12    722.792    123.445 327.7029387 +28.8460799     6.30  0.000680476 -12.0250 -12.2187   0.0077     77172.15     547.0594     988.6642    0.231   3
        13    188.660    110.370 327.7689469 +28.8462217     5.36 0.0005785189 -11.1653 -10.6298   0.0316     17862.31     519.4333     1021.587    0.077   0
        14    427.867    124.652 327.7393649 +28.8452539     6.71 0.0007243239  -8.8881  -6.4962   1.3983     396.7159     510.7992      1011.32    0.171   0
        15     80.693    141.773 327.7822048 +28.8425771     7.18 0.0007759691 -11.0013 -10.8915   0.0249     22729.06     521.6997     897.3723    0.171   0
        16    768.662    143.050 327.6972256 +28.8440742     4.80 0.0005189561  -8.4561  -8.6747   0.1885     2950.379     512.0187     981.5065    0.256   0
        17    265.291    159.538 327.7593602 +28.8411063     5.37 0.0005799768 -11.0665 -11.1218   0.0203     28100.57     524.3096      1030.07    0.082   0
        18    647.332    144.794 327.7122080 +28.8436018     6.12 0.0006610263  -9.2725  -9.6563   0.0766     7286.237     514.1744     1001.539    0.082   0
        19    568.972    147.272 327.7218809 +28.8431502     4.27 0.0004611622  -8.3557  -7.8827   0.3904     1422.617     511.3732     1009.092    0.052   0
        20    913.129    148.872 327.6793673 +28.8437833     4.48 0.0004839679  -8.7034  -9.8360   0.0650     8597.802     514.9407     947.6558    0.197   0
        21    402.168    167.580 327.7424343 +28.8405662     5.44 0.0005874144 -11.7351 -11.7818   0.0113     51609.73     535.2778     1022.948    0.092   0
        22   1015.816    153.607 327.6666722 +28.8435107     3.38 0.0003646137  -8.1548  -8.0180   0.3419     1611.413      507.323     926.9528    0.420  16
        23    490.037    169.031 327.7315776 +28.8406184     8.68 0.0009369986 -10.0276 -10.1924   0.0470      11938.6      516.503     1017.683    0.376   0
        24    524.293    280.212 327.7270762 +28.8287166     6.30 0.0006800891 -16.2054 -16.2188   0.0005      3072640     1340.586     1018.928    0.019   6
        25    581.072    180.275 327.7203063 +28.8396217     5.95 0.0006426155  -8.8036  -9.0828   0.1296     4296.431     512.8482      1014.51    0.307   0
        26    746.305    185.069 327.6998862 +28.8394932     5.68 0.0006132491  -9.7347 -10.1350   0.0495      11323.7     516.2482     987.9758    0.084   0
        27    898.836    234.468 327.6809287 +28.8345247     5.27 0.0005694213 -13.5635 -13.6009   0.0025     275663.3     631.3425     954.7518    0.078   0
        28    704.909    206.484 327.7049475 +28.8370882     7.24 0.0007820284  -9.4171  -9.8199   0.0660     8471.654     514.8079     997.5072    0.137   0
        29    464.033    288.909 327.7344971 +28.8276366     5.15  0.000556515 -15.6159 -15.6032   0.0007      1742939     1064.071     1022.192    0.113   7
        30    510.353    256.931 327.7288545 +28.8311928     5.11 0.0005517066 -13.2095 -13.2171   0.0034     193569.9     597.9274       1020.3    0.033   3
        31    479.012    278.083 327.7326736 +28.8288389     5.07 0.0005479218 -14.3791 -14.3781   0.0014     563959.5     736.6799     1022.355    0.142   3
        32    269.884    256.608 327.7585538 +28.8306553     5.19 0.0005607621 -13.5423 -13.5836   0.0025     271294.8     629.5869     1029.785    0.080   0
        33     80.155    223.924 327.7820669 +28.8337218     7.20 0.0007779551 -10.3223 -10.8728   0.0253     22342.68     521.5145     965.9834    0.412   0
        34   1025.405    236.797 327.6652909 +28.8345667     5.53 0.0005967942 -10.2327 -10.2340   0.0373     12404.66     425.6753     921.7683    0.061  24
        35     49.924    231.768 327.7857810 +28.8328033     7.84 0.0008469148  -9.5482 -10.1940   0.0469     11956.73     516.5118     857.7798    0.008   0
        36    655.517    253.407 327.7109347 +28.8319150     5.10 0.0005506479 -12.0406 -12.0938   0.0086     68787.86     543.2687     1007.853    0.091   2
        37    316.349    253.509 327.7528229 +28.8311005     5.20  0.000562155 -11.8387 -11.8942   0.0102     57238.31     538.0099     1027.775    0.084   0
        38    112.047    242.346 327.7780822 +28.8318133     5.35 0.0005776202  -9.2249  99.0000  99.0000    -106.6866     510.6773     1028.022    0.035   0
        39    667.618    257.473 327.7094303 +28.8315051     5.31  0.000573882 -10.5952 -10.6698   0.0305     18531.77     519.7128         1006    0.126   3
        40    763.928    266.668 327.6975136 +28.8307398     5.12 0.0005526944 -12.0364 -12.0939   0.0086     68798.11     543.3685     982.7564    0.051   0
        41    208.170    270.028 327.7661424 +28.8290610     5.18 0.0005596495 -11.8612 -11.9292   0.0099     59112.39     538.7706      1030.63    0.093   0
        42    246.448    260.858 327.7614377 +28.8301411     5.27 0.0005693853  -9.7385 -10.0210   0.0549     10195.12     515.6298     1030.276    0.082   0
        43    573.050    269.255 327.7210812 +28.8300128     5.15  0.000556378 -10.7229 -10.8569   0.0257     22017.15     521.3018     1015.416    0.098   0
        44    185.601    292.821 327.7688733 +28.8265503     5.17 0.0005587293 -11.9825 -12.0546   0.0089     66349.63      541.955     1030.585    0.070   0
        45    100.306    308.534 327.7793678 +28.8246514     5.39 0.0005827083  -9.7078  -9.7412   0.0709     7879.089     514.5773     1028.054    0.197   0
        46   1003.535    281.166 327.6678868 +28.8297343     5.87 0.0006343895  -8.5396  -7.4565   0.5778      960.706     511.1762     918.7372    0.146   0
        47    260.470    311.557 327.7595809 +28.8247106     5.22 0.0005641407 -10.8793 -10.9359   0.0239     23678.14      522.126     1028.637    0.087   0
        48    200.885    332.557 327.7668874 +28.8223043     5.06 0.0005468851 -13.4483 -13.5023   0.0027     251726.8     621.8749     1029.417    0.068   0
        49    840.145    318.021 327.6879778 +28.8253830     5.09 0.0005494749 -10.0110 -10.0509   0.0535     10479.73     515.7964     956.4356    0.111   0
        50    936.497    311.992 327.6760929 +28.8262566     4.59 0.0004956085  -8.2612  -8.3612   0.2514     2210.534     511.6718     930.9576    0.585   0
        51    810.439    337.579 327.6915996 +28.8232058     5.35 0.0005783177  -9.2640  -9.4398   0.0934     5968.997     513.5336     962.3503    0.010   0
        52    115.455    350.450 327.7773930 +28.8201704     5.04 0.0005448381  -9.6006  -7.7516   0.4404     1260.799     511.2508     1027.716    0.200   0
        53    209.685    362.106 327.7657278 +28.8191408     5.17 0.0005586784 -11.0219 -11.1552   0.0197      28978.2      524.728     1028.306    0.092   0
        54    836.027    360.034 327.6883859 +28.8208453     4.77 0.0005150305  -8.4072  -8.6619   0.1907     2915.806     512.0739     951.2001    0.012   0
        55    981.957    371.794 327.6703367 +28.8199165     6.30 0.0006800058  -8.7161  -8.7418   0.1772     3138.604     512.0962     906.4272    0.338   0
        56    542.986    389.218 327.7245029 +28.8170124     5.10 0.0005512275  -9.8836 -10.0005   0.0559     10004.81     515.3944      1012.96    0.124   0
        57    118.830    397.093 327.7768604 +28.8151514     5.24 0.0005659652  -9.0466  99.0000  99.0000    -1244.832     510.6917     1024.351    0.270   0
        58    962.681    462.183 327.6725025 +28.8101300     5.27 0.0005692675 -15.7204 -15.7441   0.0006      1984368     1119.364     894.8702    0.084   4
        59    341.768    439.535 327.7492270 +28.8111117     4.85 0.0005243323 -13.5275 -13.5701   0.0025     267931.6     628.3439     1021.716    0.089   0
        60    815.356    419.914 327.6907952 +28.8143433     4.89 0.0005284555 -11.1986 -11.2463   0.0181     31515.67     525.9636     947.7169    0.094   0
        61    115.719    418.625 327.7771910 +28.8128234     5.43 0.0005859586  -8.6297  99.0000  99.0000     -3653.82     510.6628     1022.505    0.080   0
        62    169.166    441.755 327.7705341 +28.8104592     4.90  0.000528976 -11.6944 -11.7750   0.0113      51284.5     535.1811     1024.029    0.103   0
        63    803.212    446.415 327.6922313 +28.8114587     5.78 0.0006242407 -12.0156 -12.0542   0.0089     66325.03     542.0253     946.4149    0.180   0
        64    268.404    484.811 327.7581744 +28.8060567     4.85 0.0005236954 -14.9718 -15.0027   0.0009      1002527     872.8392      1022.56    0.071   0
        65    414.776    436.307 327.7402199 +28.8116335     5.61 0.0006057334  -8.5126  -8.9463   0.1469     3788.899     512.5143     1018.777    0.126   0
        66    718.376    440.287 327.7027217 +28.8119209     6.09  0.000657451  -9.0546  -9.1755   0.1190     4679.583      512.963     970.8965    0.160   0
        67   1011.348    461.526 327.6664948 +28.8103133     5.28 0.0005705988 -11.4918 -11.5250   0.0141     40737.54     530.2453     880.2298    0.144   0
        68    664.161    448.443 327.7093964 +28.8109147     6.77 0.0007308938  -9.1960  -9.4184   0.0953     5852.644     513.5919      983.166    0.126   0
        69    421.535    448.594 327.7393553 +28.8103252     5.07 0.0005478386  -9.2692  -9.4198   0.0952     5860.483     513.5526     1018.009    0.102   0
        70    349.165    459.245 327.7482652 +28.8090051     5.79 0.0006256649  -9.2533  -9.5947   0.0811     6884.741     514.0223     1020.516    0.269   0
        71     35.572    476.840 327.7869424 +28.8063555     5.07 0.0005478472 -12.0749 -11.8954   0.0102     57301.93     537.9709     795.1683    0.142   0
        72    173.395    467.872 327.7699472 +28.8076545     5.06 0.0005466784  -9.0152  -9.5422   0.0851      6559.92     513.8499     1022.357    0.209   0
        73    946.252    505.358 327.6744285 +28.8054385     5.05 0.0005449598 -13.9511 -13.9896   0.0019     394324.8     676.7773     888.9884    0.107   0
        74    567.345    476.742 327.7212827 +28.8076367     6.10 0.0006586969  -9.1414  -9.1513   0.1217     4576.415     512.8696     1001.001    0.154   0
        75    461.273    479.527 327.7343731 +28.8070857     4.91  0.000530288  -9.1175  -8.5436   0.2127     2614.848     512.0566     1014.086    0.169   0
        76     93.197    504.479 327.7797587 +28.8035160     6.34 0.0006842403  -9.1463  -9.9400   0.0591     9462.395     515.2172     1004.238    0.199   0
        77    343.702    524.307 327.7487802 +28.8019799     4.80 0.0005189613 -11.1484 -11.2148   0.0186     30613.23     525.5765     1017.183    0.088   0
        78    427.495    547.805 327.7383770 +28.7996467     4.68  0.000505635 -12.5491 -12.6066   0.0055     110317.5     562.0156     1009.238    0.099   0
        79    993.905    524.386 327.6684996 +28.8034980     4.94 0.0005332693  -8.2307  -6.6733   1.1882     466.9892     510.9347     867.9902    0.519   0
        80    257.876    527.312 327.7593696 +28.8014508     4.78 0.0005163513  -8.3138  -8.3384   0.2568     2164.474     511.8079     1020.599    0.281   0
        81    263.008    742.144 327.7582069 +28.7783092     4.71  0.000508879 -10.3827 -10.5366   0.0344     16393.01     518.5834      996.155    0.157   0
        82    119.483   1024.998 327.7752221 +28.7474795     4.81 0.0005197845  -8.1091  99.0000  99.0000     -2018.28     423.6022     917.9775    0.349  16
        83    122.706    972.543 327.7749543 +28.7531407     4.53 0.0004893295 -12.4342 -12.4902   0.0061      99104.2     557.1245     926.5819    0.112   0
        84     80.395    647.202 327.7809845 +28.7881028     3.45  0.000372691  -9.1771 -11.0392   0.0218     26041.27     523.1576     944.7699    0.415   0
        85    469.392    937.792 327.7322543 +28.7577143     3.45 0.0003724802  -8.2239  -8.7787   0.1713     3246.932     512.0338     921.5095    0.412   0
        86    604.734    741.799 327.7160248 +28.7791576     9.89  0.001067726 -10.5355 -10.5521   0.0339     16628.76     518.6971     938.8671    0.250   0
        87    461.363    812.653 327.7335501 +28.7711824     4.61 0.0004976158 -13.7059 -13.7473   0.0022     315432.9     646.9559     956.0667    0.110   0
        88    420.502    924.703 327.7383201 +28.7590090     4.80 0.0005181137  -9.1787  -9.3727   0.0994     5611.363     513.6899     935.3328    0.293   2
        89     93.057    768.266 327.7791206 +28.7750855     5.09 0.0005499491 -12.1544 -12.1942   0.0079     75455.42     546.3419     967.3147    0.290   0
        90    996.970    891.590 327.6672513 +28.7639284     6.93 0.0007488407  -9.5153  -9.8712   0.0630     8881.287     514.8204     613.6428    0.265   0
        91    457.537    883.682 327.7338492 +28.7635181     4.67 0.0005040901 -12.5166 -12.5781   0.0057     107454.6     560.9116     938.4293    0.137   0
        92    418.990    930.163 327.7384933 +28.7584169     5.50 0.0005935217  -8.7000  -9.3205   0.1042     5348.344     513.1882     934.4479    0.388   2
        93    498.495    922.623 327.7286993 +28.7594181     5.30 0.0005724057  -9.1862  -9.2743   0.1087     5125.322     513.1658     918.3545    0.164   0
        94    884.131    888.324 327.6811862 +28.7640190     5.78 0.0006239354  -9.8031  -9.8398   0.0648     8628.528      514.884     786.7084    0.327   0
        95    270.487    905.190 327.7568824 +28.7607545     4.47 0.0004826387 -12.0730 -12.1211   0.0084        70542     544.1025      956.333    0.109   0
        96    315.393    880.259 327.7514014 +28.7635488     4.94 0.0005338065  -9.3162  -9.5138   0.0873     6390.182     513.7386     960.5087    0.296   0
        97    311.933    868.596 327.7518570 +28.7647975     4.80 0.0005184819  -9.9990 -10.1095   0.0507     11060.95     516.0208     964.0021    0.178   0
        98    409.449    841.311 327.7398879 +28.7679705     4.58 0.0004942581 -11.1259 -11.1805   0.0192      29662.6     525.0258     957.7571    0.133   0
        99    711.802    837.087 327.7025790 +28.7691392     4.83 0.0005219463 -11.6754 -11.7321   0.0118     49301.01     534.2399     879.2529    0.159   0
       100    138.157    841.415 327.7733725 +28.7673105     4.44 0.0004797917 -11.7366 -11.7731   0.0114     51197.14     535.0989     970.4951    0.114   0
       101    879.432    829.339 327.6819068 +28.7703654     5.35 0.0005773181 -13.2131 -13.2437   0.0033     198373.8      600.031     825.1065    0.189   0
       102    780.611    826.805 327.6941105 +28.7704083     3.42 0.0003699303  -8.1043  -8.2770   0.2715     2045.585     511.4902     859.8194    0.419   0
       103     67.913    790.345 327.7821694 +28.7726452     4.64 0.0005014294  -9.6108 -10.7131   0.0293     19286.47     520.0474      872.122    0.201   0
       104    493.725    800.529 327.7295850 +28.7725658     4.89 0.0005278391  -9.8048  -9.8207   0.0660     8478.005     514.8969     952.9933    0.199   0
       105    257.560    788.893 327.7587643 +28.7732577     4.61 0.0004980142  -9.6604  -9.5707   0.0829     6733.837     513.9345     987.4261    0.224   0
       106    143.293    795.295 327.7728527 +28.7722935     4.45 0.0004807234 -11.0991 -11.1424   0.0199     28639.99     524.6371     984.6617    0.134   0
       107    880.334    753.930 327.6819751 +28.7784950     5.26  0.000568601 -10.8340 -10.8588   0.0257     22055.95     521.3912     848.1429    0.247   0
       108     78.613    664.397 327.7811617 +28.7862453     4.62 0.0004995177  -9.7826 -11.1135   0.0204     27887.49     523.9546     938.2854    0.673   0
       109    523.293    673.885 327.7262430 +28.7862851     4.74 0.0005119856  -9.6718  -9.9149   0.0605     9246.062     515.2267     976.4863    0.099   0
       110    580.714    707.752 327.7190723 +28.7827706     4.51 0.0004866121  -9.1995  -9.7204   0.0723     7729.784     514.4905     954.1628    0.122   0
       111    843.765    759.026 327.6864771 +28.7778607     5.11 0.0005516502 -10.8602 -10.9232   0.0242      23402.7       521.98     859.0457    0.194   0
       112    247.497    664.999 327.7603117 +28.7865866     4.86 0.0005251456  -9.9160  -9.8888   0.0620     9026.577     514.9626      1012.65    0.099   0
       113    377.580    741.323 327.7440661 +28.7786712     4.56 0.0004926131 -12.2834 -12.3517   0.0069     87230.84      551.744      987.518    0.118   0
       114    822.652    741.195 327.6891260 +28.7797332     4.89 0.0005286778  -9.4431  -9.3960   0.0973     5733.128     513.4044     870.8056    0.184   0
       115    735.409    746.320 327.6998831 +28.7789771     5.73 0.0006187476  -8.4929  -8.8900   0.1547     3597.623     512.3923     897.8838    0.129   0
       116    837.938    740.852 327.6872398 +28.7798058     1.85 0.0001996892  -7.9260  -8.4817   0.2250     2469.921     511.8273     866.0641    0.225   0
       117     80.958    709.494 327.7807601 +28.7813906    11.96  0.001291451 -11.4523 -11.0367   0.0219     25981.59     523.2278     937.3228    0.140   0
       118    272.098    746.238 327.7570748 +28.7778897     4.80 0.0005189289  -9.0751  -9.3213   0.1041     5351.946     513.2475     995.0062    0.132   0
       119    303.014    737.962 327.7532788 +28.7788555     4.74 0.0005115269  -8.3690  -7.9964   0.3516      1579.63     511.3634     995.0294    0.040   0
       120    940.791    722.225 327.6745876 +28.7820523     5.56 0.0006004112 -10.9284 -11.0035   0.0225      25199.8     522.6424     833.6848    0.204   0
       121    279.094    723.640 327.7562668 +28.7803420     6.12 0.0006614727  -9.0052  -9.0167   0.1377     4042.771     512.6238     999.3512    0.116   0
       122    567.670    702.519 327.7206952 +28.7833038     4.96 0.0005361399  -9.2118  -9.5192   0.0869     6422.379     513.8691     958.8358    0.203   0
       123    865.562    678.718 327.6839781 +28.7865668     4.91 0.0005300623 -10.7306 -10.7551   0.0282     20047.04     520.4271     871.6531    0.182   0
       124    123.457    706.452 327.7755215 +28.7818209     4.64 0.0005013712 -10.1923  -9.8039   0.0670     8347.807     514.6904     1002.137    0.090   0
       125    579.731    722.995 327.7191567 +28.7811254     4.21 0.0004545728  -8.3441  -9.1097   0.1264     4404.411     512.8001     950.5437    0.071   0
       126    670.074    713.474 327.7080274 +28.7823641     5.20 0.0005621365  -9.9147  -9.9109   0.0607     9212.028     515.2675     926.1296    0.157   0
       127    283.805    695.184 327.7557551 +28.7834202     3.89  0.000420554  -8.1699  -7.8814   0.3907     1420.848     511.1559     1005.461    0.258   0
       128    792.826    673.829 327.6929690 +28.7869243     4.94 0.0005331745  -8.8984  -9.1138   0.1260     4421.082     512.7651     895.8687    0.045   0
       129    438.237    669.484 327.7367539 +28.7865579     5.39 0.0005819962  -9.1810  -9.3102   0.1052     5297.369     513.2496     993.3453    0.241   0
       130    255.133    638.569 327.7594341 +28.7894534     4.66 0.0005036659 -10.1010 -10.0685   0.0526     10650.82      515.865     1013.907    0.150   0
       131    959.921    655.623 327.6723842 +28.7892749     5.48 0.0005918977  -9.6377  -9.6659   0.0760     7351.156     514.2634     842.8149    0.226   0
       132    148.293    607.131 327.7727017 +28.7925852     4.67 0.0005039418 -11.6379 -11.6770   0.0124     46858.97     533.1513     1017.987    0.118   2
       133    131.860    999.519 327.7737579 +28.7502553     4.63 0.0005004312  -8.0930  99.0000  99.0000    -977.0568     510.7784     922.1373    0.255   0
       134     85.604    580.689 327.7805068 +28.7952840     5.09 0.0005498111 -11.5276 -11.5884   0.0134     43186.95      531.385     975.2974    0.152   0
       135    384.343    953.426 327.7427124 +28.7558274     4.72 0.0005096776 -10.6514 -10.7653   0.0279     20235.33     520.5458     932.2664    0.147   0
       136    297.856    649.062 327.7541340 +28.7884246     5.00 0.0005397766  -9.7876  -9.8586   0.0637     8779.004     514.9427     1010.941    0.126   0
       137   1004.002    865.723 327.6664447 +28.7667326     4.18 0.0004515077  -8.6716  99.0000  99.0000    -2772.281      510.605     650.1884    0.233   0
       138    848.140    616.771 327.6862767 +28.7932028     7.51 0.0008112965  -9.5154  -9.6852   0.0747       7483.4     514.3994      891.038    0.238   0
       139    154.519    619.594 327.7719021 +28.7912570     4.73 0.0005110089 -11.1779 -11.2687   0.0178     32172.41     526.1074     1017.518    0.146   2
       140    723.466    625.421 327.7016480 +28.7919794     4.86 0.0005247287 -10.7464 -10.7964   0.0272      20823.2     520.7856     930.4842    0.135   0
       141    939.554    966.844 327.6741592 +28.7556848     5.89 0.0006359238  -9.3563 -10.1976   0.0468     11996.51      516.531     585.7555    0.100   0
       142     57.324    987.543 327.7829859 +28.7513664     4.77 0.0005150845 -12.9088 -12.9442   0.0042     150546.4     579.7107     796.6327    0.114   0
       143     56.618    962.263 327.7831358 +28.7540892     4.67 0.0005049011 -11.7748 -11.8311   0.0108     54004.27     536.4501      801.082    0.116   0
       144    623.692    583.670 327.7140668 +28.7962450     4.68 0.0005052952 -11.4105 -11.4887   0.0146     39396.93     529.6546     967.1361    0.105   0
       145    824.991    538.509 327.6893218 +28.8015838     3.75 0.0004048796  -8.0709  99.0000  99.0000    -89.64187     510.6773     918.9133    0.381   0
       146    171.132    564.534 327.7699875 +28.7972311     5.02 0.0005425494  -9.2273  -9.5442   0.0849     6571.963     513.9419     1019.983    0.153   0
       147    121.319   1010.944 327.7750303 +28.7489987     4.95 0.0005348314  -8.7192  99.0000  99.0000    -359.5359     510.7495     919.4477    0.233   0
       148    310.148   1008.539 327.7517338 +28.7497106     4.80 0.0005187975 -10.6929 -10.7346   0.0287      19671.7     520.1616     922.3776    0.175   0
       149    165.073    996.491 327.7696666 +28.7506616     4.59   0.00049558 -12.1450 -12.1996   0.0078     75833.23     546.5688     927.2839    0.121   0
       150    783.313    775.318 327.6939003 +28.7759638     5.52  0.000596031  -8.6950  -9.0360   0.1353     4115.473     512.6592     874.1949    0.277   0
       151    569.506    650.663 327.7205942 +28.7888971     4.81 0.0005192166 -10.1552 -10.3286   0.0415     13534.78      517.332     970.1459    0.125   0
