#   1 NUMBER                 Running object number                                     
#   2 X_IMAGE                Object position along x                                    [pixel]
#   3 Y_IMAGE                Object position along y                                    [pixel]
#   4 ALPHA_J2000            Right ascension of barycenter (J2000)                      [deg]
#   5 DELTA_J2000            Declination of barycenter (J2000)                          [deg]
#   6 FWHM_IMAGE             FWHM assuming a gaussian core                              [pixel]
#   7 FWHM_WORLD             FWHM assuming a gaussian core                              [deg]
#   8 MAG_BEST               Best of MAG_AUTO and MAG_ISOCOR                            [mag]
#   9 MAG_APER               Fixed aperture magnitude vector                            [mag]
#  10 MAGERR_APER            RMS error vector for fixed aperture mag.                   [mag]
#  11 FLUX_APER              Flux vector within fixed circular aperture(s)              [count]
#  12 FLUXERR_APER           RMS error vector for aperture flux(es)                     [count]
#  13 BACKGROUND             Background at centroid position                            [count]
#  14 ELLIPTICITY            1 - B_IMAGE/A_IMAGE                                       
#  15 FLAGS                  Extraction flags                                          
         1      9.593     81.681 200.8922678 +36.1186875    59.12  0.006397279 -13.0648 -12.1864   0.0083     74915.02     569.8694     446.6547    0.618  24
         2    143.176     87.126 200.8742960 +36.1185052    35.24  0.003813547 -12.5901 -11.4316   0.0173     37378.89      593.756     1010.927    0.666   0
         3    192.019     29.833 200.8678305 +36.1248268    28.10  0.003041067 -11.9304 -11.3375   0.0188     34277.05      592.337     676.2878    0.201   1
         4    136.210     10.745 200.8753696 +36.1267156    84.22  0.009113466 -14.2761 -13.0247   0.0041     162139.6     617.0536     362.4319    0.745  24
         5    290.358     28.750 200.8546083 +36.1252390     3.85 0.0004162767 -10.0098  99.0000  99.0000    -38792.52     577.8525     844.4265    0.223   0
         6    377.771     84.579 200.8427560 +36.1194837     4.41 0.0004769381 -11.3581 -11.3050   0.0193     33265.32     591.9258     1113.276    0.059   0
         7     64.600    106.701 200.8848263 +36.1161579    13.02  0.001409023  -9.9087  99.0000  99.0000    -12924.55     577.6072     768.9238    0.550   2
         8    539.568     92.183 200.8209867 +36.1191449     5.64 0.0006100728  -9.7610  -9.8710   0.0711     8879.978     581.4542     1131.383    0.127   0
         9    406.180    106.221 200.8388983 +36.1172361     3.44 0.0003719968  -8.0979  -9.2494   0.1257     5009.009     579.7386     1172.375    0.649   0
        10    513.021    118.249 200.8245116 +36.1162572     4.67 0.0005054516  -8.6599  -8.9696   0.1626     3871.065     579.4597     1168.282    0.391   0
        11    729.894    200.816 200.7952117 +36.1079981     9.65  0.001043923 -10.2293 -10.3926   0.0442     14356.23     583.9981      1154.75    0.437   0
        12     74.522    239.100 200.8832537 +36.1019196     9.83  0.001063485 -11.3820 -11.3191   0.0191     33700.36     592.2052     1089.237    0.341   0
        13    309.017    259.712 200.8516932 +36.1004043     4.09 0.0004427267 -12.7497 -12.8150   0.0051     133657.2     633.0121      1197.65    0.052   0
        14     77.577    269.166 200.8827890 +36.0986887     4.94 0.0005349115 -10.0850 -11.2581   0.0202     31858.57     591.3474     1104.517    0.678   0
        15    345.195    349.794 200.8466719 +36.0908045     2.05 0.0002219943  -7.4822  -7.2049   0.8237     762.0032     577.9533     1193.889    0.265   0
        16     79.335    369.328 200.8823724 +36.0878997     4.06 0.0004393772  -9.5578 -11.2052   0.0211     30345.07     590.7711     1104.881    0.427   0
        17     77.393    380.194 200.8826138 +36.0867228     3.44 0.0003718184  -9.3392 -11.2763   0.0198     32397.41     591.4792     1093.557    0.422   0
        18     73.610    396.802 200.8830925 +36.0849216     3.44 0.0003719714  -9.3513 -11.2601   0.0201     31918.24     591.2607     1076.551    0.409   0
        19    689.435    423.720 200.8002753 +36.0838571     3.82 0.0004129487 -10.0015 -10.1247   0.0564      11217.1     582.6041     1145.701    0.160   0
        20   1024.771    440.593 200.7551761 +36.0830148     3.96 0.0004286133 -10.3657 -10.2905   0.0406     13068.19     489.0794     1014.593    0.094  16
        21    330.613    437.301 200.8484787 +36.0813304     4.05 0.0004384206  -8.8272  -9.2887   0.1213     5193.719     580.0137     1191.923    0.128   0
        22    145.771    465.160 200.8732715 +36.0777728     1.07 0.0001152937  -9.7650  -8.6807   0.2120     2966.727     579.0693     1191.415    0.062   0
        23    146.921    470.305 200.8731078 +36.0772218     1.26 0.0001359618  -7.4937  99.0000  99.0000    -2709.172     577.7871     1191.007    0.089   0
        24     74.379    481.818 200.8828361 +36.0757618     3.43 0.0003716289  -9.2836 -11.1812   0.0216     29681.71     590.2983     1071.054    0.428   0
        25    719.715    489.087 200.7960956 +36.0769014     3.66 0.0003961637 -11.3392 -11.4182   0.0175     36920.07     593.4833     1119.447    0.066   0
        26     76.872    520.087 200.8824322 +36.0716452     3.98 0.0004309823 -11.8819 -12.0129   0.0103     63851.87      604.831     1083.979    0.114   0
        27    437.206    777.404 200.8335634 +36.0449956     3.43 0.0003714504  -8.4472  -9.2534   0.1252     5027.412     579.8117     1124.462    0.415   0
        28    355.501   1006.948 200.8441388 +36.0200145     3.47     0.000376  -8.6383  -8.4662   0.2582     2434.867      578.856      1059.71    0.121   0
        29     78.295    777.848 200.8817776 +36.0438710     4.39 0.0004746374  -9.6987 -11.2425   0.0204     31404.86     591.2513     1038.769    0.309   0
        30    596.762    857.852 200.8119919 +36.0367983     3.41 0.0003686363 -10.3404 -10.5020   0.0400      15877.8     584.6653     1047.152    0.109   0
        31    185.358    797.577 200.8673602 +36.0420680     4.01  0.000434007  -8.8598  -9.4618   0.1035      6091.41     580.3842     1146.248    0.131   0
        32     76.396    758.806 200.8820668 +36.0459174     3.44 0.0003719041  -9.3208 -11.2240   0.0208     30873.16     590.8666     1035.275    0.412   0
        33     83.081    699.290 200.8812758 +36.0523515     5.39  0.000583186 -10.1729 -11.2414   0.0205     31373.06      591.174     1087.769    0.505   0
        34     78.358    723.513 200.8818668 +36.0497268     5.48  0.000592954 -10.2235 -11.3047   0.0193     33256.21     592.0496     1055.951    0.530   0
        35     83.016    681.849 200.8813158 +36.0542310     5.95 0.0006434693 -10.3798 -11.2768   0.0198     32413.89      591.598      1092.55    0.651   2
        36     83.605    884.411 200.8808728 +36.0324030     3.44 0.0003726477  -9.2810 -11.2148   0.0210     30613.18     590.6767      1028.47    0.707   0
        37     80.029    655.224 200.8817649 +36.0570912     8.63 0.0009337378 -11.1180 -11.2980   0.0194     33053.42     591.8522     1083.629    0.777   0
        38     85.615    569.463 200.8811686 +36.0663505     5.79  0.000626982  -9.8987 -10.8648   0.0288     22178.14     587.3049     1127.237    0.334   0
        39     80.389    910.813 200.8812574 +36.0295480     3.44 0.0003720776  -9.2659 -11.2223   0.0208     30825.93     590.7667     997.5014    0.423   0
        40    646.044    670.998 200.8056885 +36.0570806     4.74 0.0005130396  -8.6039  -9.0971   0.1446     4353.424     579.5211     1093.826    0.050   0
        41    655.684    973.754 200.8038812 +36.0244810     3.81 0.0004124773 -10.6415 -10.7903   0.0308     20707.83     586.7592     979.4504    0.117   0
        42    674.190    770.327 200.8017391 +36.0464586     3.75 0.0004061254  -8.2264  -8.6349   0.2211       2844.1     579.0001     1050.753    0.274   0
        43     82.880    746.580 200.8812178 +36.0472545     4.15   0.00044922  -9.5833 -11.2328   0.0206     31125.34     591.1331     1073.671    0.704   0
        44    636.261    878.209 200.8066517 +36.0347208     3.48 0.0003763961  -9.1950  -9.1117   0.1427     4412.388     579.6605     1024.975    0.135   0
