#   1 NUMBER                 Running object number                                     
#   2 X_IMAGE                Object position along x                                    [pixel]
#   3 Y_IMAGE                Object position along y                                    [pixel]
#   4 ALPHA_J2000            Right ascension of barycenter (J2000)                      [deg]
#   5 DELTA_J2000            Declination of barycenter (J2000)                          [deg]
#   6 FWHM_IMAGE             FWHM assuming a gaussian core                              [pixel]
#   7 FWHM_WORLD             FWHM assuming a gaussian core                              [deg]
#   8 MAG_BEST               Best of MAG_AUTO and MAG_ISOCOR                            [mag]
#   9 MAG_APER               Fixed aperture magnitude vector                            [mag]
#  10 MAGERR_APER            RMS error vector for fixed aperture mag.                   [mag]
#  11 FLUX_APER              Flux vector within fixed circular aperture(s)              [count]
#  12 FLUXERR_APER           RMS error vector for aperture flux(es)                     [count]
#  13 BACKGROUND             Background at centroid position                            [count]
#  14 ELLIPTICITY            1 - B_IMAGE/A_IMAGE                                       
#  15 FLAGS                  Extraction flags                                          
         1    841.095     80.402 200.9164686 +36.1185000   138.61    0.0149082 -14.7514 -12.6520   0.0052     115022.5     555.6273     811.5447    0.608  16
         2    822.418      9.859 200.9191066 +36.1260302    83.35  0.008964355 -13.7691 -12.5772   0.0053     107371.8     521.7596     431.6331    0.781  24
         3    677.230    201.349 200.9380315 +36.1050481     4.44 0.0004776986 -15.4793 -15.5087   0.0007      1597616     1024.766     1043.604    0.021   4
         4    764.452    199.023 200.9264220 +36.1055397     4.41 0.0004747685 -15.0045 -15.0384   0.0009      1035965      877.077      1045.03    0.004   0
         5    117.311    210.155 201.0125687 +36.1025234     4.20 0.0004515382 -13.2194 -13.2705   0.0032     203330.8     594.1413     969.9648    0.023   0
         6    540.717    207.756 200.9561954 +36.1039789     5.35 0.0005757527  -8.6204  -9.1564   0.1190     4598.046     503.6385     1034.964    0.260   0
         7    257.023    270.000 200.9938317 +36.0964897     3.40 0.0003655774  -7.1148  -8.1412   0.3020     1805.053     502.0094     1004.502    0.009   0
         8    329.489    272.108 200.9841788 +36.0964686     4.64 0.0004991575  -8.4313  -8.3748   0.2438     2238.392     502.4941     1016.563    0.104   0
         9    618.582    332.477 200.9455566 +36.0907920     4.24 0.0004555871 -10.8788 -10.9896   0.0224      24880.5     513.5801     1034.712    0.023   0
        10    258.461    378.622 200.9933977 +36.0848199     7.80 0.0008393868  -9.3757  -9.5563   0.0825     6645.206     504.6114     1001.039    0.193   0
        11    194.125    441.158 201.0018218 +36.0779159     3.62 0.0003894583  -8.9545  -9.1659   0.1179     4638.286     503.6161     980.7798    0.178   0
        12    466.996    479.430 200.9654152 +36.0745743     0.75 8.087962e-05  -8.7142  -8.5555   0.2064     2643.736     502.4269     1018.139    0.170   0
        13     22.504    490.932 201.0245529 +36.0720756     4.57 0.0004918061  -8.9844  -8.6112   0.1962     2782.713     502.7365     924.5331    0.107   0
        14    136.287    531.318 201.0093172 +36.0680612     4.18 0.0004491492 -12.9542 -13.0070   0.0039     159511.2     575.3583     954.5038    0.016   0
        15    885.291    966.451 200.9087049 +36.0233931     9.49  0.001020303  -8.6511 -11.1492   0.0194     28819.13     515.5076     872.2134    0.691   3
        16    105.992    883.989 201.0125524 +36.0300719     0.86  9.19587e-05  -8.5796  -8.9278   0.1466     3724.815     502.9504     829.7928    0.005   0
        17    882.586    836.796 200.9093391 +36.0373204     3.45 0.0003708488  -9.3275 -11.1534   0.0193     28930.98     515.3273     912.7349    0.421   0
        18    883.297    813.995 200.9092928 +36.0397729     4.26 0.0004585882  -9.5617 -11.1472   0.0195     28765.58     515.3712     920.0777    0.077   2
        19    884.776    783.259 200.9091612 +36.0430804     7.58 0.0008147655 -10.7845 -11.1121   0.0201     27851.99     515.0383     923.5006    0.555   0
        20    529.029    726.430 200.9566189 +36.0482020     4.05 0.0004357793  -9.6144  -9.6806   0.0736     7451.361     504.9402     984.8419    0.101   0
        21    218.412    721.514 200.9979609 +36.0478542     4.44 0.0004778609 -10.2397 -10.2743   0.0428      12874.4     507.6601     932.9307    0.047   0
        22    884.138    712.565 200.9093958 +36.0506764     4.47 0.0004803441  -9.5435 -11.0260   0.0217     25728.14     513.9925     942.6045    0.640   0
        23    881.444    683.308 200.9098163 +36.0538134     5.86  0.000630685 -10.1487 -11.0174   0.0219      25525.5     513.8801     957.8658    0.771   0
        24    884.655    668.828 200.9094197 +36.0553785     4.21 0.0004523695  -9.4859 -10.9792   0.0226     24642.27     513.4918     950.4248    0.663   0
        25    881.016    641.766 200.9099613 +36.0582771     3.24 0.0003488889  -8.9315 -10.9376   0.0235     23715.86     512.9158     966.6325    0.724   2
        26    885.131    943.820 200.9087740 +36.0258249     8.39 0.0009022384 -10.9641 -11.1777   0.0189     29586.48     515.9209     876.8314    0.533   0
        27    888.893    900.056 200.9083661 +36.0305388    16.08   0.00172946 -12.1602 -11.3769   0.0159     35542.76     518.7854     879.8029    0.215   2
        28    886.647    859.320 200.9087512 +36.0349108     9.68  0.001040843 -11.3192 -11.2139   0.0183     30588.37     516.3786     896.4604    0.551   0
        29    550.847    813.792 200.9535253 +36.0388738     1.77 0.0001899912  -7.5784  -7.9732   0.3526     1546.252     502.0222     955.0886    0.157   0
        30     43.814    775.192 201.0210709 +36.0415865     5.87 0.0006312174  -8.4178  -8.4267   0.2323     2347.986      502.308     865.2891    0.314   0
        31    883.468    727.274 200.9094538 +36.0490938     5.82  0.000625877 -10.1942 -11.0618   0.0210     26591.07     514.4397     941.8006    0.789   0
        32    763.644    597.396 200.9256762 +36.0627224     4.26 0.0004579942 -10.3435 -10.4217   0.0374     14745.89      508.497      1025.86    0.061   0
        33    483.734    672.504 200.9627641 +36.0538708     4.18 0.0004499381 -10.1694 -10.1557   0.0477     11542.29     507.0738     996.4472    0.056   0
        34    701.831    563.806 200.9339750 +36.0661613     5.62 0.0006044055  -8.6349  -9.2285   0.1113     4913.385     503.5691     1026.088    0.326   0
        35    535.445    705.383 200.9558111 +36.0504820     5.97 0.0006416251 -10.0828 -10.1770   0.0468     11770.47     507.0881      991.907    0.082   0
        36    882.448    960.219 200.9090962 +36.0240551    18.03  0.001939268 -12.4500 -11.1806   0.0189     29663.95     515.9033     880.0412    0.430   2
