#   1 NUMBER                 Running object number                                     
#   2 X_IMAGE                Object position along x                                    [pixel]
#   3 Y_IMAGE                Object position along y                                    [pixel]
#   4 ALPHA_J2000            Right ascension of barycenter (J2000)                      [deg]
#   5 DELTA_J2000            Declination of barycenter (J2000)                          [deg]
#   6 FWHM_IMAGE             FWHM assuming a gaussian core                              [pixel]
#   7 FWHM_WORLD             FWHM assuming a gaussian core                              [deg]
#   8 MAG_BEST               Best of MAG_AUTO and MAG_ISOCOR                            [mag]
#   9 MAG_APER               Fixed aperture magnitude vector                            [mag]
#  10 MAGERR_APER            RMS error vector for fixed aperture mag.                   [mag]
#  11 FLUX_APER              Flux vector within fixed circular aperture(s)              [count]
#  12 FLUXERR_APER           RMS error vector for aperture flux(es)                     [count]
#  13 BACKGROUND             Background at centroid position                            [count]
#  14 ELLIPTICITY            1 - B_IMAGE/A_IMAGE                                       
#  15 FLAGS                  Extraction flags                                          
         1    853.075     89.362 238.0169574 +32.9319090   118.75   0.01272982 -14.7648 -12.5637   0.0054     106038.8      531.243     766.7236    0.492  19
         2    817.597     46.710 238.0215766 +32.9363631    73.57  0.007886883 -13.5224 -12.0095   0.0087     63647.53     510.8792     629.3929    0.780  19
         3    821.439      9.696 238.0211430 +32.9403229    80.46  0.008625387 -13.6514 -12.4315   0.0057     93889.48     494.9547     426.2178    0.776  24
         4    490.389     43.047 238.0635573 +32.9358522     7.14 0.0007657332  -9.3969  99.0000  99.0000    -2080.645     478.6804     788.2006    0.177   0
         5     63.417    113.651 238.1182073 +32.9271211     6.86 0.0007349374 -13.8210 -13.8432   0.0020     344584.9     633.6342     884.0035    0.105   0
         6    728.350    122.898 238.0329024 +32.9279892     6.71 0.0007194138 -10.0718  -9.5285   0.0808     6477.265     482.1321     960.8023    0.074   0
         7    750.288    127.787 238.0300805 +32.9275278     6.79 0.0007274781  -9.6652  99.0000  99.0000    -987.2551     478.7617       961.02    0.121   0
         8    371.105    143.305 238.0786915 +32.9248226     6.14 0.0006580973  -9.5149  -9.7961   0.0633     8287.435     483.1772     943.2605    0.286   0
         9    699.497    190.808 238.0364935 +32.9206641     7.30 0.0007824919 -11.8880 -11.8964   0.0096     57355.63     507.7526     961.4054    0.057   0
        10    321.173    186.098 238.0850243 +32.9201169     6.82 0.0007306929  -9.9271  -9.9290   0.0561     9366.812     483.6415      939.529    0.124   0
        11    475.469    182.490 238.0652406 +32.9209322     3.74 0.0004008916  -8.6308  -9.3922   0.0916     5713.222     481.7762     953.3452    0.572   0
        12    110.673    254.842 238.1119047 +32.9121899     6.63 0.0007107876 -13.7854 -13.8094   0.0020     334013.1     629.4389     898.6266    0.116   0
        13    760.716    275.636 238.0285049 +32.9117810     6.74  0.000722982 -12.2271 -12.2581   0.0070     80028.71      518.846     961.2386    0.100   0
        14    232.320    275.649 238.0962689 +32.9103128     5.21 0.0005581366  -9.5836 -10.3236   0.0392     13472.86     485.7994     926.4725    0.426   0
        15    579.801    326.545 238.0516233 +32.9058510     6.67 0.0007148834 -11.3428 -11.3819   0.0151     35707.68     496.9144     954.4349    0.096   0
        16    286.087    340.270 238.0892649 +32.9035687     6.30 0.0006757855 -11.1406 -11.1877   0.0180     29858.54     494.1335     935.8289    0.100   0
        17     40.873    343.793 238.1207031 +32.9025014     7.72 0.0008277767  -9.1219  -9.1826   0.1109     4710.249     481.1611     877.1041    0.280   0
        18    449.268    381.129 238.0682720 +32.8996649     6.46 0.0006925009 -10.9113 -10.9753   0.0217     24554.07     491.4425     945.4528    0.062   0
        19    510.016    432.002 238.0603986 +32.8944056     6.12  0.000656139 -12.1558 -12.1903   0.0075     75185.84     516.3063     946.1133    0.096   0
        20    157.215    449.428 238.1056047 +32.8915593     6.90 0.0007393155  -9.8818  -9.8414   0.0607     8640.775     483.0513       902.63    0.131   0
        21    268.733    491.172 238.0912362 +32.8874191     6.26  0.000671362 -12.4305 -12.4706   0.0059     97328.45     527.1158     925.5338    0.126   0
        22     11.877    492.245 238.1241652 +32.8865797     7.80 0.0008363322 -10.4279 -10.4029   0.0352      14493.4     469.8171     858.7858    0.283  16
        23    438.751    499.011 238.0694251 +32.8870577     6.45 0.0006915182  -9.6862  -9.7125   0.0683     7673.962     482.7254     940.3158    0.115   0
        24    601.007    527.927 238.0485750 +32.8844223     4.24 0.0004542064  -7.7373  -8.3084   0.2475     2105.487     479.7923     945.1896    0.035   0
        25    880.557    865.720 238.0121979 +32.8491469     5.59 0.0005991621 -10.0596 -11.1158   0.0192     27946.07     493.1387     840.9241    0.694   0
        26    512.385   1023.826 238.0591210 +32.8312651     3.45  0.000369374  -8.2403  -7.6778   0.3789     1177.957     410.9583     812.5488    0.430  16
        27    379.719    698.705 238.0766607 +32.8655861     6.00 0.0006431205 -12.7869 -12.8269   0.0044     135134.5     544.7632     903.1338    0.114   0
        28    880.013    730.923 238.0124818 +32.8635282     6.40 0.0006863361 -10.3363 -10.9439   0.0224     23852.96     491.0065     877.3214    0.723   0
        29    858.672    789.199 238.0151245 +32.8572520     6.13 0.0006570235 -12.1216 -12.1015   0.0081     69275.62     513.5629      897.996    0.066   0
        30      3.124    736.738 238.1248658 +32.8604679     4.89 0.0005242397  -9.1625 -10.1868   0.0349     11877.29     381.9676     841.3453    0.379  16
        31    300.714    754.539 238.0866937 +32.8594078     6.47 0.0006933513 -10.8663 -10.9489   0.0223     23963.45     491.1683     875.6316    0.164   0
        32    885.400    677.212 238.0118765 +32.8692738     3.46 0.0003704979  -9.0546 -10.8862   0.0235     22619.85     490.1798     877.6966    0.425   0
        33    907.479    621.889 238.0091340 +32.8752369     6.95 0.0007448709 -10.9796 -10.6862   0.0282     18814.72     488.5008      834.821    0.108   0
        34    884.386    853.914 238.0117259 +32.8504170     6.41 0.0006867543 -10.2798 -11.0679   0.0200     26739.15      492.487     838.1103    0.717   0
        35    883.476    776.183 238.0119660 +32.8587083     5.50 0.0005897657  -9.9859 -11.0278   0.0207     25769.45     492.0208     860.5178    0.666   0
        36    128.993    630.170 238.1089150 +32.8721949     7.28 0.0007804793 -10.0372 -10.1557   0.0456      11542.3     484.5641     870.7606    0.267   0
        37    719.169    708.087 238.0331350 +32.8655248    11.69  0.001253467 -10.1420 -10.1113   0.0475     11079.07     484.4856     927.6198    0.442   0
        38    884.333    941.322 238.0115939 +32.8410904     4.49 0.0004818305  -9.5786 -11.0484   0.0204     26263.04     492.2979     817.3329    0.485   0
        39    884.030    879.503 238.0117310 +32.8476857     5.03 0.0005392247  -9.9217 -11.0783   0.0198     26997.11     492.6574      831.418    0.388   0
        40    785.868    606.051 238.0247492 +32.8765949     4.07 0.0004364142  -7.6186  -8.1430   0.2881     1807.933     479.5966     945.5114    0.151   0
        41    809.560    864.562 238.0212985 +32.8490766     5.50 0.0005892509 -12.8035 -12.8491   0.0043     137930.1     546.0685     889.8323    0.075   0
        42    799.518   1016.365 238.0223425 +32.8328519     5.70 0.0006111074  -9.8985  -9.8984   0.0569     9106.426     477.3793     847.3645    0.191  16
