#   1 NUMBER                 Running object number                                     
#   2 X_IMAGE                Object position along x                                    [pixel]
#   3 Y_IMAGE                Object position along y                                    [pixel]
#   4 ALPHA_J2000            Right ascension of barycenter (J2000)                      [deg]
#   5 DELTA_J2000            Declination of barycenter (J2000)                          [deg]
#   6 FWHM_IMAGE             FWHM assuming a gaussian core                              [pixel]
#   7 FWHM_WORLD             FWHM assuming a gaussian core                              [deg]
#   8 MAG_BEST               Best of MAG_AUTO and MAG_ISOCOR                            [mag]
#   9 MAG_APER               Fixed aperture magnitude vector                            [mag]
#  10 MAGERR_APER            RMS error vector for fixed aperture mag.                   [mag]
#  11 FLUX_APER              Flux vector within fixed circular aperture(s)              [count]
#  12 FLUXERR_APER           RMS error vector for aperture flux(es)                     [count]
#  13 BACKGROUND             Background at centroid position                            [count]
#  14 ELLIPTICITY            1 - B_IMAGE/A_IMAGE                                       
#  15 FLAGS                  Extraction flags                                          
         1      9.481     81.688 200.8910986 +36.1177821    58.53  0.006316429 -13.0304 -12.1508   0.0084     72494.02     562.6733     454.4359    0.622  24
         2    140.505     88.550 200.8735399 +36.1174351    35.02  0.003779719 -12.8123 -11.3889   0.0178     35940.02     587.5225     1019.298    0.721   0
         3    192.123     29.712 200.8667373 +36.1239203    27.64  0.002982303 -11.6125 -11.3393   0.0186     34332.93     586.9329      681.469    0.236   0
         4    137.244     10.731 200.8741227 +36.1257997    83.62  0.009023987 -14.2503 -13.0059   0.0042       159358     611.0193      374.179    0.741  24
         5    282.985     20.856 200.8545851 +36.1251426     4.65 0.0005015784  -9.0283  99.0000  99.0000    -75777.12     572.0412     806.8315    0.313   0
         6    370.252     76.200 200.8427961 +36.1194441     4.95 0.0005346519 -11.1478 -10.5233   0.0388     16192.04     578.8345     1068.186    0.129   0
         7    532.115     83.937 200.8211058 +36.1190859     5.48 0.0005913813  -8.8994  99.0000  99.0000      -971.48     572.0897     1085.614    0.081   0
         8     62.819    111.956 200.8838989 +36.1146845    14.22  0.001534304  -9.9072  99.0000  99.0000    -7652.848     571.9441     785.5759    0.461   2
         9    397.832     98.178 200.8390626 +36.1171601     3.91 0.0004220334  -8.6862  -9.6747   0.0843     7411.008     575.1583     1166.957    0.252   0
        10    504.866    109.571 200.8247085 +36.1162477     4.42 0.0004772738  -8.8024  -9.8179   0.0739     8456.114     575.7089     1163.434    0.292   0
        11    722.132    192.135 200.7954675 +36.1079941     8.86  0.000956141 -10.1217 -10.3395   0.0459     13670.71     578.0168     1154.477    0.099   0
        12    301.482    251.379 200.8516823 +36.1003896     4.21 0.0004538348 -12.7621 -12.8232   0.0051     134675.2      628.147     1195.166    0.081   0
        13     81.523    247.028 200.8811395 +36.1002047     4.61 0.0004975752  -9.8589 -11.2031   0.0210     30286.49     585.0802     1121.739    0.593   0
        14     75.985    265.015 200.8818469 +36.0982525     4.12 0.0004444864  -9.6614 -11.2846   0.0195     32648.12     585.8989     1092.532    0.430   0
        15   1024.995    373.042 200.7546039 +36.0893941     4.50 0.0004854666  -9.2417  -9.2042   0.1078     4804.753     477.0398     1030.275    0.028  16
        16     81.299    374.646 200.8809288 +36.0864706     3.61 0.0003898234  -9.2337 -11.0845   0.0233     27152.18     583.7394     1113.701    0.375   2
        17     80.232    392.104 200.8810387 +36.0845887     5.00  0.000540027  -9.8606 -11.1307   0.0224     28331.58     584.2285      1107.12    0.770   0
        18    681.658    415.232 200.8004909 +36.0838683     3.88 0.0004189123 -10.0758 -10.2300   0.0507     12359.77     577.4335     1146.662    0.087   0
        19   1016.521    431.891 200.7556375 +36.0830369     4.06 0.0004383378 -10.3814 -10.1533   0.0536     11516.48     568.6983       1018.8    0.073  16
        20    323.031    429.028 200.8484701 +36.0813356     4.36 0.0004709993  -8.9009  -9.2829   0.1207     5166.016     574.1816     1188.146    0.029   0
        21    990.646    461.900 200.7590496 +36.0797338     0.66 7.072614e-05  -8.4200  -7.6686   0.5323     1167.943     572.5029     1017.879    0.210   0
        22    711.828    480.528 200.7963368 +36.0769288     3.77 0.0004064724 -11.3673 -11.4403   0.0170     37680.11      588.231     1121.262    0.105   0
        23     69.610    511.488 200.8822352 +36.0717097     4.31 0.0004649487 -11.7330 -11.9203   0.0111     58630.02     597.0838     1047.386    0.102   0
        24     81.708    888.854 200.8799053 +36.0311360     4.44 0.0004787278  -9.6753 -11.2003   0.0210     30206.91     585.0936     1016.638    0.520   0
        25    347.458    997.798 200.8441569 +36.0201998     3.75 0.0004050955  -8.7728  -9.0306   0.1521         4095     573.6506     1060.528    0.193   0
        26    665.840    761.862 200.8019923 +36.0465199     5.08 0.0005485323  -8.3623  -8.8209   0.1845      3375.62     573.4661     1056.167    0.222   0
        27     79.734    759.402 200.8804132 +36.0450609     6.14 0.0006622252 -10.5399 -11.2970   0.0193      33023.1     586.1852      1052.89    0.478   0
        28     80.505    697.001 200.8804275 +36.0517783     4.23 0.0004565007  -9.7503 -11.2561   0.0200     31800.39     585.6319     1077.043    0.554   2
        29    637.791    662.430 200.8059221 +36.0571390     2.72 0.0002931965  -8.0512  -8.1382   0.3454     1800.093     572.5687     1099.438    0.394   0
        30     76.791    639.202 200.8810334 +36.0579873     3.73 0.0004019943  -9.3719 -11.2152   0.0207     30625.79     585.0828     1070.545    0.716   0
        31     80.798    866.399 200.8800693 +36.0335497     3.46 0.0003737387  -9.1236 -11.1483   0.0220     28794.13     584.2362      1022.51    0.773   0
        32     77.863    742.275 200.8806957 +36.0468984     4.37 0.0004713751  -9.7029 -11.2693   0.0198     32190.91     585.8934     1048.533    0.317   0
        33     77.265    724.560 200.8808091 +36.0488030     4.15 0.0004476203  -9.7056 -11.2673   0.0198     32130.21     585.8359     1048.857    0.538   0
        34     82.379    733.176 200.8801087 +36.0478910     2.33 0.0002516559  -9.3493 -11.2495   0.0201     31609.38     585.5029     1070.786    0.420   0
        35     75.164    674.304 200.8811849 +36.0542050     6.70 0.0007228377 -10.6412 -11.2819   0.0195     32565.78     586.0217      1054.44    0.236   0
        36    428.875    768.137 200.8336852 +36.0451539     3.21 0.0003466702  -8.7704  -9.2561   0.1237     5039.983     574.1912     1127.629    0.206   0
        37    628.362    869.192 200.8068152 +36.0348610     3.55 0.0003835058  -9.1270  -9.3071   0.1180     5282.685     574.2002     1029.979    0.149   0
        38     79.911    595.482 200.8806983 +36.0627014     5.39 0.0005820554 -10.1198 -11.1399   0.0222     28574.58     584.3166     1092.087    0.679   0
        39    177.908    788.660 200.8672239 +36.0422046     3.88 0.0004184293  -8.6740  -9.3866   0.1098     5684.007     574.5521     1145.636    0.097   0
        40    588.743    848.981 200.8121514 +36.0369208     3.62 0.0003903152 -10.3597 -10.4562   0.0413     15222.08     578.6395     1052.448    0.046   0
        41     77.866    560.964 200.8810370 +36.0664099     7.84 0.0008460386 -10.7306 -11.1170   0.0227     27976.46     584.0923     1084.978    0.658   2
        42    647.624    964.594 200.8040687 +36.0246502     3.78 0.0004084376 -10.6679 -10.7844   0.0306        20595     580.6852     986.0664    0.122   0
        43     78.148    826.581 200.8804988 +36.0378268     4.45 0.0004805523  -9.6876 -11.2008   0.0210     30220.73     585.0521     1021.731    0.638   0
        44     84.999    809.483 200.8796145 +36.0396872     7.11 0.0007672117 -10.7286 -11.2199   0.0207     30757.72     585.2024      1060.41    0.227   0
