#   1 NUMBER                 Running object number                                     
#   2 X_IMAGE                Object position along x                                    [pixel]
#   3 Y_IMAGE                Object position along y                                    [pixel]
#   4 ALPHA_J2000            Right ascension of barycenter (J2000)                      [deg]
#   5 DELTA_J2000            Declination of barycenter (J2000)                          [deg]
#   6 FWHM_IMAGE             FWHM assuming a gaussian core                              [pixel]
#   7 FWHM_WORLD             FWHM assuming a gaussian core                              [deg]
#   8 MAG_BEST               Best of MAG_AUTO and MAG_ISOCOR                            [mag]
#   9 MAG_APER               Fixed aperture magnitude vector                            [mag]
#  10 MAGERR_APER            RMS error vector for fixed aperture mag.                   [mag]
#  11 FLUX_APER              Flux vector within fixed circular aperture(s)              [count]
#  12 FLUXERR_APER           RMS error vector for aperture flux(es)                     [count]
#  13 BACKGROUND             Background at centroid position                            [count]
#  14 ELLIPTICITY            1 - B_IMAGE/A_IMAGE                                       
#  15 FLAGS                  Extraction flags                                          
         1    833.179    181.698 200.9225048 +36.2142888   182.42   0.01975906 -15.7996 -12.2634   0.0095     80416.34      706.451     1189.937    0.911  16
         2    534.474     21.496 200.9629782 +36.2305966     7.66 0.0008293624  -9.7193  -9.8294   0.0865     8545.607     680.5421     1230.648    0.306   0
         3    486.934     62.246 200.9692987 +36.2260321     6.47 0.0007008224 -10.3688 -10.3765   0.0524      14144.7     682.4628     1250.308    0.273   0
         4    553.589    117.682 200.9602300 +36.2202673     6.20 0.0006715449  -9.8961 -10.1205   0.0662        11174     681.4117     1297.801    0.277   0
         5    622.691    138.452 200.9508964 +36.2182560     8.85 0.0009585806 -10.8585 -10.8577   0.0338     22033.77     685.4792      1318.83    0.279   0
         6    261.025    293.988 200.9992523 +36.2002199     0.00            0  -8.9210  -9.8937   0.0815     9067.023     680.4094     1324.186    0.011   0
         7    204.151    303.763 201.0068823 +36.1989687     5.50 0.0005958935 -10.2473 -10.2116   0.0609     12151.46     681.8845     1313.801    0.211   0
         8    457.716    364.486 200.9726696 +36.1932724     5.98 0.0006477383  -9.3906  -8.8234   0.2178     3383.598     678.5475     1386.422    0.186   0
         9    900.321    422.884 200.9130465 +36.1884494     4.17 0.0004515001 -11.3790  99.0000  99.0000     -6177.27     677.3956     992.1963    0.087   0
        10    840.925    459.470 200.9209682 +36.1842979    16.62  0.001799691 -12.3340 -11.5611   0.0179     42117.07     692.8212     1309.703    0.023   2
        11    887.937    888.079 200.9138881 +36.1381378    58.67  0.006355037 -13.8243 -12.4734   0.0079     97580.63     712.4992     550.5568    0.145  16
        12    459.166    476.991 200.9722664 +36.1811198     4.44 0.0004811113 -12.2513 -12.3357   0.0089      85958.6      708.153     1414.201    0.088   0
        13    841.128    830.367 200.9202811 +36.1442183    78.20  0.008470844 -13.9312 -12.8923   0.0055     143516.5     728.4388     1097.297    0.475  16
        14    322.438    449.182 200.9907019 +36.1836595     4.50 0.0004871425 -10.4438 -10.5990   0.0428     17361.99     683.5833     1396.736    0.122   0
        15    113.962    698.025 201.0182562 +36.1560541     5.00 0.0005418311  -9.3897  -9.9607   0.0767     9644.146     680.8312     1349.272    0.142   0
        16    880.026    604.893 200.9154529 +36.1687134     4.16 0.0004507231 -11.6813  99.0000  99.0000    -6307.265     677.3381     1225.629    0.053   0
        17    184.438    517.057 201.0091278 +36.1758522     4.62 0.0005008241 -10.3034 -10.3092   0.0557     13294.68     682.3035     1376.333    0.134   0
        18    446.370    517.578 200.9739117 +36.1766905     4.30 0.0004656382 -12.0471 -12.1070   0.0110     69630.98      702.513     1414.293    0.067   0
