#   1 NUMBER                 Running object number                                     
#   2 X_IMAGE                Object position along x                                    [pixel]
#   3 Y_IMAGE                Object position along y                                    [pixel]
#   4 ALPHA_J2000            Right ascension of barycenter (J2000)                      [deg]
#   5 DELTA_J2000            Declination of barycenter (J2000)                          [deg]
#   6 FWHM_IMAGE             FWHM assuming a gaussian core                              [pixel]
#   7 FWHM_WORLD             FWHM assuming a gaussian core                              [deg]
#   8 MAG_BEST               Best of MAG_AUTO and MAG_ISOCOR                            [mag]
#   9 MAG_APER               Fixed aperture magnitude vector                            [mag]
#  10 MAGERR_APER            RMS error vector for fixed aperture mag.                   [mag]
#  11 FLUX_APER              Flux vector within fixed circular aperture(s)              [count]
#  12 FLUXERR_APER           RMS error vector for aperture flux(es)                     [count]
#  13 BACKGROUND             Background at centroid position                            [count]
#  14 ELLIPTICITY            1 - B_IMAGE/A_IMAGE                                       
#  15 FLAGS                  Extraction flags                                          
         1    840.440     81.314 238.0193228 +32.9331093   145.03   0.01556759 -15.2890 -13.2758   0.0039     204318.7      737.374     1008.841    0.600  16
         2    826.480     10.272 238.0212938 +32.9406791    93.25   0.01000991 -14.1825 -13.1944   0.0040     189563.4      696.205      324.461    0.803  24
         3    494.411     44.985 238.0637615 +32.9360800     5.14 0.0005517089  -9.3416  99.0000  99.0000    -18270.72     664.2373     1071.294    0.171   0
         4    250.663     70.491 238.0949310 +32.9326923     8.28 0.0008893196 -10.9245 -11.1874   0.0246     29852.12     675.6937      1157.47    0.394   0
         5    213.802     82.594 238.0996226 +32.9312964     3.45 0.0003707657  -9.4719 -11.3950   0.0204     36142.47     677.8144     1222.541    0.420   0
         6    100.722     84.293 238.1141086 +32.9308066     5.27  0.000565616 -10.2960 -11.4455   0.0195     37861.78     678.6139     1179.523    0.623   0
         7     67.486    115.138 238.1182851 +32.9274133     4.33 0.0004643694 -13.7998 -13.8392   0.0025     343319.7     783.1479     1247.874    0.039   0
         8    732.182    124.530 238.0330849 +32.9281962     4.31 0.0004627358 -10.1551  99.0000  99.0000    -6244.991     664.5381     1404.542    0.122   0
         9    753.979    129.299 238.0302794 +32.9277432     4.35 0.0004668639  -9.8294  99.0000  99.0000    -18670.19     664.5381     1404.796    0.025   0
        10    703.203    192.451 238.0366230 +32.9208470     4.99 0.0005352848 -11.8535 -11.9653   0.0122      61109.7     686.9432      1404.57    0.069   0
        11    480.251    184.150 238.0652122 +32.9211415     4.01  0.000430928  -9.3890  -9.9197   0.0781     9287.332     667.9668     1387.776    0.213   0
        12    325.028    187.550 238.0850922 +32.9203599     4.37 0.0004691378  -9.7818  -9.9120   0.0787     9221.527     667.9048     1363.014    0.056   0
        13    114.755    256.365 238.1118507 +32.9124211     4.20 0.0004509728 -13.7729 -13.8161   0.0025     336079.5     780.7373     1276.818    0.062   0
        14    764.332    277.224 238.0285724 +32.9119319     4.21 0.0004517869 -12.1898 -12.2591   0.0094     80104.88     694.0557     1405.887    0.079   0
        15    235.849    278.302 238.0962781 +32.9104017     4.60 0.0004941062  -9.4812 -10.3153   0.0544     13370.19     669.4932     1334.584    0.462   0
        16      8.763    318.038 238.1252645 +32.9055280     4.89 0.0005252087  -8.9105  -8.6101   0.2372     2779.862     607.2474     1212.416    0.286  16
        17    583.427    328.116 238.0516178 +32.9060026     4.02  0.000431976 -11.2836 -11.4160   0.0200     36847.98     678.2035     1389.884    0.040   0
        18    289.929    341.746 238.0891818 +32.9037551     4.02 0.0004314595 -11.1321 -11.1804   0.0247     29658.71     675.4927     1352.023    0.091   0
        19     45.828    345.239 238.1204432 +32.9027170     4.92 0.0005282389  -9.1737  -9.3974   0.1261       5740.7     666.5818     1231.395    0.061   0
        20    453.016    382.674 238.0681820 +32.8998122     4.07 0.0004370263 -10.8390 -10.9697   0.0300     24427.04     673.6649     1373.532    0.059   0
        21    513.624    433.540 238.0602854 +32.8945282     3.91 0.0004200465 -12.1373 -12.1423   0.0104     71930.46     691.0688     1373.959    0.085   0
        22    161.147    450.874 238.1053891 +32.8917213     4.39 0.0004714384  -9.8842  -9.9411   0.0766     9471.892     668.0172     1282.306    0.131   0
        23    544.813    458.457 238.0562253 +32.8919437     5.18 0.0005561278  -9.0283  -9.1095   0.1643     4403.482     666.1552     1374.475    0.492   0
        24    272.538    492.700 238.0910105 +32.8875452     3.92 0.0004212721 -12.4467 -12.4950   0.0076     99544.51     700.9338     1327.062    0.086   0
        25    882.525    623.797 238.0125453 +32.8751348    18.13  0.001945916 -12.5390 -11.5595   0.0176     42052.96     680.0276     1266.607    0.225   2
        26     16.055    493.886 238.1238582 +32.8867198     4.53  0.000486704 -10.4411 -10.4304   0.0490     14864.64     670.0696     1191.592    0.170   0
        27    884.034    837.062 238.0118086 +32.8523039    74.14  0.007958331 -14.7631 -11.7959   0.0142      52282.2     683.9423     1168.841    0.871  18
        28    442.490    500.431 238.0692221 +32.8871755     3.94 0.0004227025  -9.6582  -9.5346   0.1112     6514.136      666.928      1361.43    0.019   0
        29    781.454    513.913 238.0257712 +32.8866343     5.76 0.0006178601  -8.6203  -8.9885   0.1836     3939.165     665.9809     1382.317    0.144   0
        30    633.967    782.142 238.0439677 +32.8575237     3.46 0.0003716776  -8.4267  -8.3739   0.3231      2236.49     665.3414     1287.765    0.173   0
        31    515.072   1024.332 238.0585603 +32.8312750     3.41 0.0003655603  -8.6345  -5.3962   4.2372     144.0337     561.9745     1101.628    0.262  16
        32    802.839   1018.059 238.0217409 +32.8327105     3.53 0.0003785299  -9.8856  -9.2647   0.1376     5080.113     643.8907     1174.439    0.137  16
        33    884.001   1004.996 238.0113849 +32.8343226     6.71 0.0007202115 -10.8932 -11.4711   0.0190      38765.1      678.689     1092.904    0.658   2
        34    885.786    994.008 238.0111844 +32.8355039     7.33 0.0007872297 -11.0296 -11.6074   0.0168     43949.33     680.5959     1086.271    0.592   2
        35    631.139    697.323 238.0445494 +32.8665978     3.36  0.000361053  -8.2326  -8.5615   0.2719     2658.214     665.5186     1330.989    0.263   0
        36    882.223    669.778 238.0124668 +32.8702107    26.77  0.002873679 -13.0762 -11.6729   0.0159        46684     681.6364       1254.9    0.365   2
        37    862.028    790.851 238.0147439 +32.8571941     4.11 0.0004409859 -12.0567 -12.2651   0.0094     80546.03     694.1066         1277    0.135   0
        38    304.359    756.150 238.0862394 +32.8594234     3.87 0.0004158658 -10.8478 -10.8992   0.0319     22891.63      673.132     1227.915    0.088   0
        39    132.879    631.752 238.1085276 +32.8722776     4.48 0.0004808159 -10.1015 -10.2515   0.0577     12606.96     669.2827     1216.776    0.182   0
        40    910.984    623.508 238.0089015 +32.8752404     3.52 0.0003774108 -10.9477  99.0000  99.0000    -5834.334     664.5381     1127.466    0.097   0
        41    722.208    709.701 238.0328557 +32.8655141     8.11 0.0008704996 -10.0152 -10.1125   0.0655     11091.89     668.4924     1335.771    0.332   0
        42    813.000    866.186 238.0208289 +32.8489987     3.38 0.0003628228 -12.7882 -12.8071   0.0058     132688.3      712.324     1259.656    0.066   0
        43    383.403    700.204 238.0762653 +32.8656267     3.79 0.0004067996 -12.7724 -12.8253   0.0057     134935.8     713.2349     1283.523    0.075   0
        44    361.498   1004.128 238.0782712 +32.8330263     4.78 0.0005127125  -8.7066  -7.8426   0.5268     1370.977     665.0349       1057.5    0.118   0
