#   1 NUMBER                 Running object number                                     
#   2 X_IMAGE                Object position along x                                    [pixel]
#   3 Y_IMAGE                Object position along y                                    [pixel]
#   4 ALPHA_J2000            Right ascension of barycenter (J2000)                      [deg]
#   5 DELTA_J2000            Declination of barycenter (J2000)                          [deg]
#   6 FWHM_IMAGE             FWHM assuming a gaussian core                              [pixel]
#   7 FWHM_WORLD             FWHM assuming a gaussian core                              [deg]
#   8 MAG_BEST               Best of MAG_AUTO and MAG_ISOCOR                            [mag]
#   9 MAG_APER               Fixed aperture magnitude vector                            [mag]
#  10 MAGERR_APER            RMS error vector for fixed aperture mag.                   [mag]
#  11 FLUX_APER              Flux vector within fixed circular aperture(s)              [count]
#  12 FLUXERR_APER           RMS error vector for aperture flux(es)                     [count]
#  13 BACKGROUND             Background at centroid position                            [count]
#  14 ELLIPTICITY            1 - B_IMAGE/A_IMAGE                                       
#  15 FLAGS                  Extraction flags                                          
         1     10.886     80.568 237.9941279 +32.9341364    66.62  0.007158463 -13.8548 -13.0665   0.0058     168505.9     905.4423     357.1134    0.591  24
         2    149.335     80.360 237.9763399 +32.9345074    59.24  0.006366007 -13.5462 -12.0738   0.0148     67530.91     921.2553     1506.974    0.820  16
         3    192.663     30.895 237.9708551 +32.9399107    34.10  0.003664329 -12.6697 -12.2151   0.0130     76920.27     923.9745     875.9136    0.193  17
         4    136.013     11.096 237.9781672 +32.9418879    87.66  0.009418907 -15.1075 -13.8905   0.0029     359920.6     959.5544     156.1878    0.744  24
         5     74.892    239.660 237.9856373 +32.9172690    45.70  0.004910098 -13.9040 -12.2144   0.0131     76872.49     923.9366     1766.373    0.632   2
         6     66.172    110.585 237.9869742 +32.9310631    28.64  0.003077434  99.0000  -8.6402   0.3432     2858.047     903.2794     1112.598    0.500   0
         7    914.896     93.729 237.8779551 +32.9349589     4.36 0.0004688704 -12.0032 -11.9182   0.0171     58515.31     918.9059     1720.099    0.055   0
         8    420.988     96.360 237.9414107 +32.9334716     4.42 0.0004746851 -11.5434 -11.6241   0.0223     44632.68     914.9447     1937.992    0.040   0
         9     83.193    122.837 237.9847668 +32.9297944    18.16  0.001950854 -12.0269 -11.7632   0.0196     50733.91       916.56     1442.207    0.387   0
        10     77.723    329.047 237.9851237 +32.9077083    60.72  0.006524532 -13.4540 -11.9705   0.0163     61403.47     919.6913     1797.213    0.888  19
        11    551.811    144.518 237.9245249 +32.9286393     4.18 0.0004489037 -10.9246 -10.4771   0.0635      15518.8      907.031     1955.071    0.062   0
        12    986.620    200.089 237.8685762 +32.9237466     4.42 0.0004745999 -14.6928 -14.7368   0.0015     784716.9     1098.858     1737.017    0.030   0
        13     77.156    365.307 237.9851357 +32.9038256    36.27  0.003897491 -14.0152 -12.0243   0.0155     64523.73     920.4639     1781.824    0.714   2
        14    180.750    260.883 237.9720037 +32.9152632     4.33 0.0004650606 -11.8388 -11.9476   0.0166     60124.47     919.4188      2011.91    0.045   0
        15    250.659    275.017 237.9630001 +32.9139251     5.27 0.0005659364  -9.4530  -9.6615   0.1342     7321.308     904.8197     2008.972    0.189   0
        16    884.719    314.499 237.8814899 +32.9112551     4.83 0.0005187159  -9.2511  -9.4980   0.1560     6297.791     904.5879     1778.223    0.043   0
        17    567.013    415.603 237.9221377 +32.8996599    22.08  0.002372699 -16.9299 -16.9408   0.0004      5974876     1949.828     1960.823    0.289   4
        18     78.040    441.715 237.9848941 +32.8956492    40.34  0.004334214 -14.2791 -12.0500   0.0151     66070.42      920.959     1776.359    0.661   2
        19    781.151    346.075 237.8947438 +32.9076246     4.31 0.0004634788 -12.0911 -12.1727   0.0136     73972.38     923.0516      1848.53    0.061   0
        20    153.887    379.630 237.9752566 +32.9024854     4.24 0.0004553321 -12.7219 -12.7436   0.0081     125152.4     936.8107     2009.342    0.025   0
        21    337.302    380.974 237.9516970 +32.9027993     4.20  0.000451743  -8.9339  -9.8548   0.1124     8748.506     905.2904     1994.021    0.078   0
        22    204.618    404.468 237.9686998 +32.8999538     4.42 0.0004745654 -11.8216 -11.9912   0.0160     62587.62     920.0382     2002.937    0.053   0
        23     77.981    555.855 237.9847103 +32.8834317    29.42  0.003161585 -13.6215 -12.0608   0.0150     66726.91     921.1372     1763.093    0.445   2
        24    371.345    463.047 237.9471907 +32.8940989     4.11 0.0004416096  -9.7786 -10.0080   0.0976     10074.18       905.58     1982.666    0.102   0
        25     79.812    713.191 237.9842116 +32.8665954   106.40   0.01143274 -15.4989 -12.1378   0.0140     71632.48     922.0676      1723.28    0.940  18
        26    961.613    506.905 237.8713164 +32.8908450     4.27 0.0004585201 -12.5666 -12.5939   0.0093     109029.1     932.5723     1597.831    0.030   0
        27    776.969    840.892 237.8945055 +32.8546495     4.36 0.0004690082 -10.6349 -10.6774   0.0528     18662.08     907.9224     1513.665    0.079   0
        28    651.132   1012.055 237.9103877 +32.8360220     4.30 0.0004623912 -12.4188 -12.4124   0.0109     92247.73     927.8639      1491.53    0.028   0
        29     86.097    998.647 237.9829271 +32.8360564     7.30 0.0007842658 -10.9551 -11.2097   0.0325     30471.27     911.2695     1579.951    0.246   0
        30    752.227    952.465 237.8975064 +32.8426467     4.33 0.0004657717 -12.5732 -12.5629   0.0095     105963.2       931.75     1438.181    0.040   0
        31    612.785    549.607 237.9160455 +32.8854283     2.72 0.0002922532  -8.4637  -8.9992   0.2467     3978.003     903.5893     1870.414    0.410   0
        32    401.972    789.994 237.9427260 +32.8591786     3.66 0.0003931728  -8.6730  -7.1114   1.4022     699.1426     902.6817     1845.391    0.042   0
        33    586.510    957.367 237.9187687 +32.8417177     4.39 0.0004722212  -9.9486 -10.1913   0.0825     11926.63     906.0659     1589.441    0.060   0
        34    706.712    678.581 237.9037804 +32.8718524     4.30 0.0004621334  -8.7367  -8.5987   0.3567     2750.823     903.6326     1711.116    0.435   0
        35    686.707    699.711 237.9063156 +32.8695419     4.26 0.0004575104 -11.9088 -11.9394   0.0167      59671.4     919.2705     1714.263    0.026   0
        36    437.785    624.016 237.9383973 +32.8770333     4.32 0.0004640496 -12.5251 -12.5797   0.0094     107616.8     931.8472     1935.535    0.050   0
        37    311.994    585.676 237.9546118 +32.8808254     5.11 0.0005487361  -9.7471  -9.9684   0.1012     9712.967     905.3784     1970.125    0.064   0
        38    229.553    535.987 237.9652799 +32.8859385     5.17 0.0005557114  -9.3470  -9.7433   0.1245     7894.113     904.9016     1984.712    0.172   0
        39    152.759    818.164 237.9746717 +32.8555425     4.33 0.0004656356 -11.7197 -11.7610   0.0197      50627.1     916.8076     1869.766    0.033   0
        40    749.011    656.298 237.8983845 +32.8743404     4.58 0.0004925848  -9.5350  -9.6281   0.1384     7099.634      904.784     1688.682    0.204   0
        41    720.916    887.952 237.9016268 +32.8494760     4.29 0.0004604612 -11.7807 -11.8175   0.0187        53335     917.6211      1529.38    0.028   0
        42    577.026    572.032 237.9206017 +32.8829404     4.12 0.0004427731  -9.4736  -9.9977   0.0985     9979.239     905.5283     1882.813    0.418   0
        43    532.354    674.117 237.9261741 +32.8719036     5.51 0.0005919215  -9.4974 -10.0958   0.0901     10922.65      905.967     1857.809    0.215   0
