#   1 NUMBER                 Running object number                                     
#   2 X_IMAGE                Object position along x                                    [pixel]
#   3 Y_IMAGE                Object position along y                                    [pixel]
#   4 ALPHA_J2000            Right ascension of barycenter (J2000)                      [deg]
#   5 DELTA_J2000            Declination of barycenter (J2000)                          [deg]
#   6 FWHM_IMAGE             FWHM assuming a gaussian core                              [pixel]
#   7 FWHM_WORLD             FWHM assuming a gaussian core                              [deg]
#   8 MAG_BEST               Best of MAG_AUTO and MAG_ISOCOR                            [mag]
#   9 MAG_APER               Fixed aperture magnitude vector                            [mag]
#  10 MAGERR_APER            RMS error vector for fixed aperture mag.                   [mag]
#  11 FLUX_APER              Flux vector within fixed circular aperture(s)              [count]
#  12 FLUXERR_APER           RMS error vector for aperture flux(es)                     [count]
#  13 BACKGROUND             Background at centroid position                            [count]
#  14 ELLIPTICITY            1 - B_IMAGE/A_IMAGE                                       
#  15 FLAGS                  Extraction flags                                          
         1      6.169     84.807 327.7917624 +28.8485421    35.75  0.003865896 -11.8350 -10.9807   0.0156     24675.65     353.4179     495.7379    0.650  24
         2    138.393      8.760 327.7755760 +28.8570661    68.72  0.007430344 -13.0767 -11.7716   0.0083     51124.21     391.1851     474.6212    0.764  24
         3    461.399     26.218 327.7355651 +28.8559684     4.70 0.0005079956 -10.4358  -9.9133   0.0467     9232.518      397.236     630.6654    0.186   0
         4    205.023     20.066 327.7673048 +28.8560099     5.07 0.0005476566  -8.1872  -8.2018   0.2235     1908.613     392.8206     586.3088    0.329   0
         5    294.444     49.389 327.7561725 +28.8530660     4.94 0.0005342178 -10.7046 -10.0107   0.0428     10098.62     397.9225      680.394    0.052   0
         6    718.860    137.218 327.7034582 +28.8446172     4.74 0.0005121029 -15.9734 -15.9590   0.0005      2418785      1167.36     759.0276    0.108   7
         7    275.388     66.505 327.7584915 +28.8511743     5.17 0.0005592775 -10.8823 -10.4633   0.0284     15321.52     401.2553      714.694    0.022   0
         8    975.228     67.472 327.6718892 +28.8527441     6.00 0.0006490654  -9.6967  99.0000  99.0000    -1215.967     391.5708     668.3185    0.196   0
         9    734.779     80.622 327.7016141 +28.8507573     4.98 0.0005387895  -9.9651  -9.0317   0.1044     4099.054     394.0581     722.2959    0.060   0
        10    190.671    110.302 327.7688742 +28.8462456     4.68 0.0005059319 -11.2688 -11.1679   0.0152     29320.39     409.9056     770.1528    0.059   0
        11    921.515    103.846 327.6784560 +28.8486958     5.08  0.000549533 -10.2220 -10.2404   0.0348     12478.73     399.5236     732.8539    0.137   0
        12    724.914    123.360 327.7027398 +28.8461258     5.28 0.0005704224 -12.0133 -12.2078   0.0062     76405.73      437.652       758.08    0.239   3
        13    229.511    109.003 327.7640714 +28.8464805     3.74 0.0004048381  -7.8630  99.0000  99.0000     -154.828     391.5376     772.2632    0.380   0
        14    404.169    167.517 327.7423275 +28.8405953     4.63 0.0005001187 -11.7491 -11.8073   0.0087     52834.86     423.9738     772.5707    0.070   0
        15    429.753    124.298 327.7392596 +28.8453170     5.14 0.0005556159  -8.8957  -7.1536   0.5857     726.8741     392.0346     770.1165    0.089   0
        16    510.603    124.197 327.7292560 +28.8455228     3.43 0.0003705827  -8.1041  99.0000  99.0000    -239.0402     391.4489     767.9749    0.403   0
        17     82.909    141.815 327.7821354 +28.8425842     6.27 0.0006775443 -10.4835 -10.5723   0.0258     16940.05     402.2732     711.5645    0.128   0
        18    771.055    143.053 327.6969869 +28.8441123     5.86 0.0006334363  -8.4261  -8.6320   0.1506     2836.483     393.3445       753.66    0.211   0
        19    267.240    159.410 327.7592880 +28.8411374     4.61 0.0004987354 -11.0839 -11.1606   0.0153     29124.12     409.6694     773.9402    0.025   0
        20    649.556    144.677 327.7120168 +28.8436477     5.03 0.0005436756  -8.8389  -8.5832   0.1575     2711.995     393.3206     765.1157    0.097   0
        21    915.647    148.133 327.6790847 +28.8439068     5.70 0.0006166977  -8.5217  -8.9457   0.1130     3787.031     393.9372      737.506    0.270   0
        22    571.252    147.502 327.7216992 +28.8431557     5.46 0.0005901098  -8.3497  -8.2297   0.2178     1958.357     392.8192     767.1486    0.159   0
        23   1019.076    154.223 327.6662738 +28.8434936     6.17 0.0006671079  -8.5220  -8.7131   0.1330     3056.678     374.2498     725.0062    0.264  16
        24    526.288    280.276 327.7269645 +28.8287319     5.74 0.0006201349 -16.2049 -16.2144   0.0005      3060234       1297.5     771.6739    0.025   6
        25    493.488    169.473 327.7312717 +28.8405998    12.48  0.001349349  -9.7915  -9.8690   0.0487     8863.369     397.2331     770.8641    0.530   0
        26    582.945    180.136 327.7201794 +28.8396651     5.21 0.0005630011  -8.8157  -9.3329   0.0793     5409.364     395.0093     768.1039    0.077   0
        27    748.573    185.151 327.6996753 +28.8395197     5.02 0.0005429451  -9.5811  -9.9339   0.0459     9408.965     397.5544     756.0171    0.101   0
        28    466.039    288.861 327.7343989 +28.8276613     4.58 0.0004950345 -15.6276 -15.6100   0.0006      1753818     1015.023     772.8126    0.113   7
        29    318.375    253.424 327.7527474 +28.8311250     4.47 0.0004830404 -11.8348 -11.9009   0.0080     57593.56     426.7299     773.9719    0.041   0
        30    900.969    234.471 327.6807111 +28.8345631     4.55 0.0004921456 -13.5717 -13.6107   0.0021     278154.7     540.7529     739.5385    0.080   0
        31    415.207    199.651 327.7408891 +28.8371573     4.97  0.000537655  -7.9572  -7.9687   0.2769     1539.804     392.5637     773.4379    0.155   0
        32    706.655    206.423 327.7048145 +28.8371264     5.16 0.0005582109  -9.1762  -9.4273   0.0728     5900.887     395.3423     760.9427    0.082   0
        33    481.009    278.031 327.7325713 +28.8288650     4.33 0.0004685219 -14.4034 -14.3883   0.0013     569285.2     661.7146     772.7833    0.169   3
        34    512.356    256.843 327.7287408 +28.8312250     4.41 0.0004766994 -13.2238 -13.2134   0.0028     192908.3     499.8426     771.9891    0.197   3
        35    271.856    256.542 327.7584955 +28.8306759     4.46 0.0004821676 -13.5504 -13.5950   0.0021     274158.5     538.8781     774.3249    0.031   0
        36     81.639    224.013 327.7821033 +28.8337185     6.94 0.0007501019  -9.8666 -10.2684   0.0339     12804.96     399.6083     744.9045    0.309   0
        37   1026.901    236.755 327.6651254 +28.8346132     4.92   0.00053229 -10.0621 -10.0382   0.0329     10357.95     314.1118     723.9853    0.140  24
        38     52.114    231.661 327.7857385 +28.8328214     6.61 0.0007149244  -9.5281  -9.9777   0.0441     9796.628     397.8418      692.801    0.183   0
        39    657.568    253.359 327.7107832 +28.8319486     4.38 0.0004734241 -12.0615 -12.1240   0.0067     70728.12     434.3966     765.1613    0.066   2
        40    113.944    242.094 327.7780649 +28.8318483     4.85  0.000523941  -9.3423  -9.0460   0.1031     4153.427     394.2577     771.6997    0.118   0
        41    669.742    257.462 327.7092679 +28.8315353     4.56  0.000493206 -10.6207 -10.7666   0.0217     20260.31     404.2778     764.2186    0.083   3
        42    766.000    266.651 327.6973386 +28.8307738     4.43 0.0004785245 -12.0315 -12.0944   0.0068     68828.08     433.1616     752.7239    0.048   0
        43    210.168    269.922 327.7660967 +28.8290830     4.49 0.0004854495 -11.8438 -11.9147   0.0080     58329.47     427.2015      774.189    0.043   0
        44    248.467    260.705 327.7613795 +28.8301701     4.83 0.0005223722  -9.7915 -10.0849   0.0400      10812.9     398.4581     774.3193    0.072   0
        45    575.009    269.296 327.7209616 +28.8300328     4.48 0.0004841468 -10.7433 -10.9133   0.0190     23190.93      406.118     769.6045    0.043   0
        46    187.510    292.732 327.7688477 +28.8265684     4.48 0.0004838664 -11.9892 -12.0699   0.0070     67294.08     432.4559     774.0567    0.041   0
        47   1005.887    281.023 327.6676286 +28.8297908     7.14 0.0007720017  -8.6535  -8.2264   0.2185     1952.436     392.8264      722.457    0.102   0
        48    202.856    332.466 327.7668583 +28.8223216     4.34 0.0004691043 -13.4494 -13.4977   0.0023       250648     527.8747     774.0185    0.040   0
        49    262.422    311.538 327.7595372 +28.8247232     4.52 0.0004884994 -10.8925 -10.9567   0.0183     24136.36     406.6889     773.8633    0.065   0
        50    102.271    308.480 327.7793565 +28.8246619     4.62 0.0004998866  -9.7459  -9.8625   0.0490     8810.479     397.2107     771.1869    0.094   0
        51    842.191    317.894 327.6877994 +28.8254293     4.45 0.0004811327 -10.0386 -10.1298   0.0384      11270.1     398.7231     739.4328    0.077   0
        52    938.474    311.535 327.6759019 +28.8263424     7.06   0.00076284  -8.5210  -8.8266   0.1260     3393.423     393.7534     727.1141    0.301   0
        53    101.968    328.010 327.7793489 +28.8225554     4.75 0.0005139799  -8.0922  -8.2793   0.2081      2049.76     392.7448     771.1511    0.011   0
        54    812.480    337.712 327.6914311 +28.8232222     4.41 0.0004770749  -9.1879  -9.1174   0.0966     4435.881     394.4037      742.713    0.126   0
        55    117.422    350.330 327.7773860 +28.8201867     4.56 0.0004928567  -9.7984  -9.4631   0.0704     6099.015     395.5004     771.8226    0.089   0
        56    211.705    362.117 327.7656958 +28.8191463     4.40 0.0004762283 -10.9536 -11.0838   0.0164     27133.26     408.5695     773.7563    0.048   0
        57     26.812    352.312 327.7885902 +28.8197507     5.38 0.0005819146  -7.6997  99.0000  99.0000    -23926.47     391.5819     648.4718    0.399   0
        58    837.937    360.606 327.6882313 +28.8208140     4.83 0.0005222642  -8.4920  -8.5765   0.1585     2695.266     393.2768     737.0545    0.151   0
        59    983.941    371.571 327.6701458 +28.8199763     5.04 0.0005448541  -8.8732  -8.9464   0.1129     3789.248     394.0597     715.6381    0.037   0
        60    964.816    462.219 327.6723131 +28.8101575     4.63 0.0005004469 -15.7174 -15.7411   0.0006      1978972     1068.968     710.8612    0.063   4
        61    545.010    389.149 327.7244042 +28.8170381     4.62 0.0004991968  -9.9257 -10.0614   0.0409     10581.74     398.2695     766.9375    0.065   0
        62    120.831    396.810 327.7768574 +28.8151837     4.43 0.0004785463  -9.2847  -8.8831   0.1196     3574.571     393.7142     770.1253    0.066   0
        63    406.176    399.017 327.7415556 +28.8156398     3.93 0.0004253339  -7.7717  -7.8516   0.3082     1382.416     392.3308      770.418    0.502   0
        64    343.741    439.502 327.7491870 +28.8111236     4.20 0.0004542159 -13.5295 -13.5749   0.0022     269120.6     536.5681     771.2585    0.047   0
        65    817.534    419.880 327.6906246 +28.8143747     4.23 0.0004570283 -11.2035 -11.2672   0.0139     32127.28      411.614     736.3546    0.055   0
        66    117.714    418.495 327.7771931 +28.8128379     4.48 0.0004842831  -8.8694  -8.1738   0.2294     1859.955     392.8007     769.0111    0.074   0
        67    270.363    484.752 327.7581603 +28.8060666     4.23 0.0004575282 -14.9794 -15.0104   0.0009      1009584      811.262     772.2209    0.043   0
        68    171.083    441.684 327.7705386 +28.8104682     4.23 0.0004569018 -11.6731 -11.7430   0.0092     49798.16     422.1589     771.5795    0.036   0
        69    805.227    446.498 327.6920881 +28.8114756     5.40 0.0005835922 -12.0091 -12.0607   0.0070     66721.16     432.0844     734.8184    0.224   0
        70    416.801    435.929 327.7401579 +28.8116856     5.86   0.00063353  -8.5908  -9.0073   0.1068      4008.08     394.0444     768.4603    0.076   0
        71    720.504    440.487 327.7025812 +28.8119223     4.47  0.000483836  -9.1492  -9.2909   0.0824     5204.337     394.9345     746.2399    0.074   0
        72    423.559    448.307 327.7392941 +28.8103673     4.87 0.0005267636  -9.3244  -9.5720   0.0638     6742.252      395.852     768.0225    0.113   0
        73   1013.530    461.573 327.6662889 +28.8103417     4.61 0.0004987682 -11.4900 -11.5464   0.0109     41550.65     417.2981     704.0324    0.113   0
        74    666.250    448.559 327.7092742 +28.8109227     4.23 0.0004578615  -9.1351  -9.3826   0.0758     5662.732     395.2245     751.4927    0.117   0
        75    351.235    459.008 327.7482158 +28.8090386     4.98 0.0005383525  -9.2572  -9.7477   0.0543     7926.332     396.5007     770.0816    0.183   0
        76     37.733    476.791 327.7869519 +28.8063563     4.37 0.0004725003 -12.1282 -12.1509   0.0065     72504.34     435.4276     663.0573    0.062   0
        77    948.356    505.403 327.6742546 +28.8054626     4.35 0.0004698909 -13.9537 -13.9944   0.0016     396050.5     592.6991      708.069    0.086   0
        78    216.367    466.879 327.7648797 +28.8078622     1.14 0.0001228374  -7.5785  -7.5334   0.4131     1031.278     392.2397     772.1819    0.163   0
        79    175.132    467.793 327.7699779 +28.8076630     4.78 0.0005171325  -8.6983  -9.1090   0.0973     4401.528       394.36     770.7776    0.089   0
        80    569.413    476.728 327.7211892 +28.8076538     4.21 0.0004548308  -9.0885  -9.1750   0.0916     4677.153     394.5567      760.786    0.064   0
        81    463.288    479.716 327.7343091 +28.8070766     4.22 0.0004567166  -9.2456  -9.2482   0.0857     5003.416     394.7304     766.3755    0.091   0
        82     95.780    504.403 327.7797087 +28.8035216     4.91 0.0005303513  -9.1357  -9.4828   0.0691     6210.402     395.3514     765.2416    0.064   0
        83    345.698    524.274 327.7487527 +28.8019881     4.15 0.0004483911 -11.1805 -11.2842   0.0137     32635.59      411.891     767.3378    0.054   0
        84    429.501    547.769 327.7383346 +28.7996576     4.09  0.000441926 -12.5469 -12.6019   0.0045     109841.4     456.3804     765.0059    0.038   0
        85    996.481    524.514 327.6682603 +28.8035152     5.50 0.0005948314  -8.5184  -8.4612   0.1762     2423.814     393.1484     697.8832    0.290   0
        86    259.375    527.475 327.7594220 +28.8014334     6.43 0.0006952135  -8.3682  -8.5773   0.1584     2697.289     393.3222     769.6423    0.207   0
        87    264.927    742.118 327.7582464 +28.7783041     4.08  0.000440868 -10.3633 -10.4744   0.0282      15479.3     401.3968     757.4404    0.030   0
        88    121.775   1024.961 327.7752986 +28.7474589     4.16 0.0004495113  -8.4490  -7.7895   0.2713     1305.543     326.2028     718.7822    0.067  16
        89    124.613    972.486 327.7750682 +28.7531237     3.92  0.000423821 -12.4620 -12.5220   0.0048     102048.4      452.053      723.574    0.055   0
        90     58.692    962.269 327.7832411 +28.7540637     3.98  0.000430381 -11.8283 -11.9174   0.0079     58474.68     427.3068     665.1049    0.037   0
        91    463.358    812.651 327.7335506 +28.7711795     3.94 0.0004264008 -13.7121 -13.7559   0.0019       317958     558.8751     739.5008    0.050   0
        92    273.774    745.989 327.7571436 +28.7779083     4.00 0.0004324745  -8.7741  -9.3163   0.0805     5327.353     394.8036     756.7766    0.181   1
        93    470.940    937.348 327.7323325 +28.7577529     4.54 0.0004903692  -8.3180  -8.5927   0.1561     2735.878     393.2696     722.3141    0.317   0
        94    999.129    891.786 327.6671309 +28.7639216     7.32 0.0007916932  -9.5052  -9.6683   0.0584     7367.682     396.2687     576.1335    0.162   0
        95    411.430    841.274 327.7399066 +28.7679682     3.97 0.0004288112 -11.1258 -11.1813   0.0150     29685.09     410.0857     740.3569    0.046   0
        96    420.981    930.448 327.7385245 +28.7583764     5.09 0.0005506217  -8.7390  -9.0874   0.0993     4314.864      394.338     729.0589    0.260   3
        97    500.398    922.702 327.7287234 +28.7594029     4.20 0.0004540623  -9.0524  -9.2054   0.0891     4810.088     394.5419     721.1798    0.120   0
        98    459.543    883.706 327.7338622 +28.7635092     3.95 0.0004270205 -12.5206 -12.5835   0.0046     107991.6     455.3755     730.3289    0.072   0
        99    317.506    880.342 327.7514309 +28.7635286     4.38 0.0004730902  -9.3768  -9.5689   0.0639      6723.15     395.8838     740.3679    0.067   0
       100    886.304    888.539 327.6810876 +28.7640061     5.25 0.0005677431  -9.9134 -10.0317   0.0420     10296.32     398.1121     656.4996    0.200   0
       101    857.529    883.524 327.6846563 +28.7644788     5.90 0.0006374155  -8.2776  -8.1690   0.2304     1851.843     392.7955     670.4175    0.266   0
       102   1005.932    865.924 327.6663461 +28.7667261     4.07 0.0004402756  -8.9383  -6.8885   0.7475     569.4001     391.9453     592.7001    0.106   0
       103    438.012    855.679 327.7365875 +28.7664791     3.57 0.0003860405  -7.8578  -7.1789   0.5722     744.0054     392.0234     736.2374    0.104   0
       104    713.840    837.164 327.7025248 +28.7691364     4.11 0.0004441826 -11.6825 -11.7520   0.0091     50210.41      422.444     701.9467    0.104   0
       105    140.123    841.268 327.7734516 +28.7673094     3.94  0.000425781 -11.7518 -11.8044   0.0087     52694.95     423.9016     745.7009    0.062   0
       106    881.532    829.439 327.6818074 +28.7703670     4.57 0.0004938196 -13.2258 -13.2702   0.0027     203274.2     504.9404     675.4761    0.140   0
       107    440.155    839.128 327.7363598 +28.7682688     4.46 0.0004824804  -7.9017  -8.4357   0.1803     2367.449     393.0684     738.0455    0.187   0
       108    785.048    775.284 327.6938570 +28.7759776     4.61 0.0004986337  -8.6456  -8.6887   0.1430     2988.588     393.5515     700.1447    0.163   0
       109    783.665    827.237 327.6939133 +28.7703727     3.94  0.000425813  -8.2356  -8.1675   0.2307     1849.305     392.7829     693.0148    0.122   0
       110     95.258    768.281 327.7791665 +28.7750691     5.00 0.0005404191 -11.9550 -12.0394   0.0072     65426.74     431.3851     748.1712    0.321   0
       111    495.647    800.568 327.7295853 +28.7725601     4.01 0.0004335833  -9.8382  -9.9233   0.0463     9318.304     397.4865     738.3246    0.047   0
       112    259.442    788.885 327.7588181 +28.7732484     4.09 0.0004426768  -9.6782  -9.8031   0.0517     8341.259     396.8934     753.5274    0.059   0
       113    145.200    795.202 327.7729294 +28.7722887     3.92 0.0004235736 -11.1134 -11.2061   0.0147     30370.21     410.3657     752.0737    0.055   0
       114     69.502    790.145 327.7823009 +28.7726486     4.88 0.0005277425  -9.1275 -10.1062   0.0393     11027.19      398.549     700.9592    0.131   0
       115    571.490    650.632 327.7205430 +28.7889083     4.11  0.000443902 -10.1870 -10.3149   0.0325     13364.75     400.0017     745.3442    0.094   0
       116    422.403    924.828 327.7383614 +28.7589858     4.80 0.0005188958  -8.9004  -9.2053   0.0891     4809.707     394.4977     729.5977    0.177   3
       117    867.715    678.713 327.6838474 +28.7865858     4.20 0.0004536718 -10.7532 -10.8162   0.0207     21206.33     404.8516     698.4952    0.128   0
       118    257.210    638.592 327.7594365 +28.7894475     4.23 0.0004577842 -10.1807 -10.2340   0.0350     12405.34     399.2605     765.7376    0.045   0
       119    845.892    759.141 327.6863690 +28.7778624     4.28 0.0004622713 -10.8427 -10.8872   0.0195     22640.27     405.8217     693.0983    0.135   0
       120    882.362    753.929 327.6818708 +28.7785105     4.48 0.0004848677 -10.8356 -10.8978   0.0193     22862.01     405.8941     687.8782    0.180   0
       121    606.842    741.877 327.7159673 +28.7791549     7.62 0.0008241857 -10.6576 -10.5657   0.0259     16837.34      402.177     729.8719    0.240   0
       122    379.540    741.286 327.7440759 +28.7786718     3.98 0.0004301059 -12.2876 -12.3429   0.0056     86526.72     443.4348     754.5923    0.059   0
       123    304.867    737.931 327.7533171 +28.7788527     3.78 0.0004090359  -8.6237  -8.3999   0.1864     2290.728     393.0968     756.7899    0.091   0
       124    582.608    707.791 327.7190402 +28.7827721     4.31 0.0004659156  -9.2583  -9.6687   0.0584     7370.403     396.0733     737.3333    0.088   0
       125    737.564    746.113 327.6997933 +28.7790100     3.95 0.0004271013  -8.4388  -8.5825   0.1576     2710.082     393.2973     711.4045    0.103   0
       126    581.665    723.385 327.7191219 +28.7810885     4.59 0.0004957677  -8.5055  -9.1499   0.0937     4570.625     394.5002     735.8765    0.107   0
       127    942.927    722.310 327.6744507 +28.7820626     4.55 0.0004918274 -10.9380 -10.9966   0.0177     25039.78     407.2865     681.1853    0.176   0
       128    525.270    673.728 327.7262071 +28.7863072     4.06 0.0004388011  -9.7124  -9.9469   0.0454     9522.784     397.6696     748.4835    0.057   0
       129    249.464    665.086 327.7603340 +28.7865721     3.99 0.0004316326  -9.9492 -10.0183   0.0425     10169.66     398.0652     764.7648    0.112   0
       130    672.211    713.559 327.7079470 +28.7823644     4.07 0.0004401832  -9.9159  -9.9793   0.0440     9810.993     397.7199     724.2087    0.090   0
       131    281.292    723.522 327.7562651 +28.7803489     4.45 0.0004815818  -8.9689  -9.1569   0.0931     4600.145     394.5298      758.479    0.006   0
       132    569.583    702.695 327.7206624 +28.7832904     4.34 0.0004693914  -9.2494  -9.4996   0.0681     6307.437     395.6102        739.8    0.086   0
       133    125.437    706.338 327.7755770 +28.7818217     4.07 0.0004401256 -10.2599 -10.1088   0.0392     11053.77     398.5983      760.333    0.055   0
       134    285.610    695.145 327.7557956 +28.7834191     4.35 0.0004704189  -8.5376  -8.9546   0.1121     3817.989     393.9899     761.0798    0.217   0
       135    962.155    655.603 327.6722191 +28.7893003     4.76 0.0005149175  -9.7086  -9.9093   0.0469     9198.885     397.3022     684.7491    0.161   0
       136    794.622    673.681 327.6928976 +28.7869553     4.49 0.0004851364  -9.0032  -9.1717   0.0919     4663.181     394.5588     711.0114    0.101   0
       137    440.183    669.528 327.7367388 +28.7865553     4.11 0.0004443724  -8.9592  -9.1414   0.0945     4534.977     394.4995     756.7439    0.123   0
       138    386.362    953.473 327.7427524 +28.7558102     4.00 0.0004329673 -10.6318 -10.7358   0.0223     19694.08     403.9704     727.2838    0.087   0
       139    150.231    607.056 327.7727386 +28.7925868     4.06 0.0004394226 -11.6607 -11.7436   0.0092     49824.88     422.2158     766.7645    0.074   2
       140    133.863    999.301 327.7738631 +28.7502551     4.42 0.0004777152  -8.4956  -8.8544   0.1229     3481.327     393.8203     720.8204    0.134   0
       141    861.480    593.992 327.6848051 +28.7957058     5.29 0.0005714806  -8.1784  -7.5381   0.4112     1035.734     392.1983      710.451    0.250   0
       142    574.977    640.983 327.7201333 +28.7899571     4.63 0.0005005268  -8.7730  -9.1822   0.0910     4708.419     394.4555     745.9857    0.010   0
       143    299.765    649.029 327.7541501 +28.7884257     4.32 0.0004668329  -9.8723  -9.9638   0.0447     9671.755      397.687     764.1477    0.121   0
       144    824.761    741.322 327.6890213 +28.7797336     4.45 0.0004809833  -9.4858  -9.3848   0.0756     5674.261      395.166       699.24    0.141   0
       145    710.178    954.790 327.7027165 +28.7564451     5.99 0.0006473439  -8.7075  -8.8652   0.1216     3516.145     393.6551     686.4813    0.255   0
       146    850.409    616.859 327.6861239 +28.7932141     6.63 0.0007163285  -9.4686  -9.5950   0.0624     6886.297     395.8992     708.8829    0.330   0
       147    156.473    619.534 327.7719380 +28.7912568     4.04 0.0004370333 -11.1653 -11.2858   0.0137     32683.79     411.9308     766.5466    0.056   2
       148    725.608    625.459 327.7015394 +28.7919907     3.96 0.0004280587 -10.7335 -10.7564   0.0219     20069.82     404.1599     727.6259    0.073   0
       149    313.756    868.584 327.7519213 +28.7647872     4.13 0.0004464192  -9.9110  -9.9779   0.0441     9798.232     397.7337     742.0536    0.046   0
       150    576.851    960.834 327.7191860 +28.7554750     3.90 0.0004213817  -7.8484  -8.4235   0.1824     2340.961     393.1067      705.148    0.250   0
       151    625.725    583.681 327.7139853 +28.7962569     4.06 0.0004394214 -11.3712 -11.4335   0.0120     37446.76     414.8427     745.6784    0.060   0
       152    123.285   1011.055 327.7751439 +28.7489619     4.35 0.0004699524  -8.9977  -8.8896   0.1190     3596.224     393.9152     719.4984    0.086   0
       153     87.835    580.708 327.7805158 +28.7952749     4.19  0.000453419 -11.1616 -11.3405   0.0130      34372.1     412.9121     749.7097    0.033   0
       154     59.394    987.532 327.7830961 +28.7513415     4.06 0.0004388427 -12.9595 -13.0132   0.0033     160424.6     483.2508     662.3696    0.050   0
       155    173.177    564.440 327.7699984 +28.7972377     4.21 0.0004550171  -9.1073  -9.4220   0.0731     5871.927     395.2801     768.1561    0.054   0
       156    827.008    538.430 327.6891910 +28.8016149     4.30 0.0004651423  -8.4256  -7.9043   0.2936     1451.228     392.3636     722.0926    0.198   0
       157    312.156   1008.668 327.7518011 +28.7496794     4.06   0.00043899 -10.7348 -10.8199   0.0207     21278.61     404.9177     721.3499    0.091   0
       158    166.995    996.441 327.7697738 +28.7506444     3.99 0.0004312115 -12.1587 -12.2348   0.0061     78325.34      438.668     722.9667    0.074   0
       159    941.678    967.265 327.6740687 +28.7556483     4.48 0.0004847745  -8.8259  -9.2196   0.0880      4873.55     394.7031     563.1353    0.205   0
       160    272.383    905.170 327.7569533 +28.7607420     3.91  0.000423074 -12.0951 -12.1564   0.0065     72873.38       435.52     738.0797    0.058   0
