#   1 NUMBER                 Running object number                                     
#   2 X_IMAGE                Object position along x                                    [pixel]
#   3 Y_IMAGE                Object position along y                                    [pixel]
#   4 ALPHA_J2000            Right ascension of barycenter (J2000)                      [deg]
#   5 DELTA_J2000            Declination of barycenter (J2000)                          [deg]
#   6 FWHM_IMAGE             FWHM assuming a gaussian core                              [pixel]
#   7 FWHM_WORLD             FWHM assuming a gaussian core                              [deg]
#   8 MAG_BEST               Best of MAG_AUTO and MAG_ISOCOR                            [mag]
#   9 MAG_APER               Fixed aperture magnitude vector                            [mag]
#  10 MAGERR_APER            RMS error vector for fixed aperture mag.                   [mag]
#  11 FLUX_APER              Flux vector within fixed circular aperture(s)              [count]
#  12 FLUXERR_APER           RMS error vector for aperture flux(es)                     [count]
#  13 BACKGROUND             Background at centroid position                            [count]
#  14 ELLIPTICITY            1 - B_IMAGE/A_IMAGE                                       
#  15 FLAGS                  Extraction flags                                          
         1      9.783     81.489 327.7915354 +28.8488653    60.19  0.006501869 -13.1634 -12.2949   0.0078     82786.28     598.0461     443.1483    0.617  24
         2    193.161     29.501 327.7689936 +28.8549231    31.72  0.003426031 -11.6259 -11.4805   0.0172     39100.36     619.8472     689.7101    0.380  16
         3    136.472     10.766 327.7760439 +28.8568012    84.74  0.009154028 -14.3677 -13.0979   0.0040     173449.8     643.8539     352.5202    0.745  24
         4    463.269     26.412 327.7356166 +28.8559209     5.11 0.0005523123 -10.3231  99.0000  99.0000      -4710.1     603.9395     812.5862    0.295   0
         5    141.665     87.602 327.7752221 +28.8485351    36.34  0.003925304 -12.6843 -11.4936   0.0170     39575.77     620.0057     1052.381    0.687   0
         6    296.189     49.464 327.7562135 +28.8530267     5.48 0.0005922217 -10.3657  99.0000  99.0000    -19822.96     603.9566     968.8541    0.182   0
         7    720.824    137.306 327.7035321 +28.8445984     5.61 0.0006060869 -15.9799 -15.9998   0.0006      2511330      1272.92     1196.287    0.159   4
         8    277.096     66.626 327.7585334 +28.8511304     5.92  0.000639917 -10.6354  99.0000  99.0000     -6267.96     603.9053     1064.607    0.057   0
         9    977.161     67.594 327.6720087 +28.8527259     7.53 0.0008134214  -9.2242  99.0000  99.0000    -20161.22     603.7516     931.5293    0.400   0
        10    736.539     80.809 327.7017180 +28.8507240     5.74 0.0006204139  -9.5293  99.0000  99.0000    -16098.14     603.8882     1091.234    0.127   0
        11     64.025    108.416 327.7847685 +28.8460992    15.38  0.001661669 -10.1598  99.0000  99.0000    -10951.52     603.7344     789.0001    0.418   0
        12    923.404    104.226 327.6785706 +28.8486502     6.24 0.0006745188 -10.6550 -10.7597   0.0330      20131.9     611.9298     1111.459    0.114   0
        13    192.385    110.578 327.7689002 +28.8461851     5.43  0.000586861 -11.1560 -10.5151   0.0412     16071.37     610.3193     1230.181    0.101   0
        14    431.992    124.992 327.7392552 +28.8452224     5.94 0.0006416099  -8.8783  99.0000  99.0000    -1132.334      603.649     1221.706    0.008   0
        15     84.289    142.123 327.7821850 +28.8425178     7.25 0.0007835195 -11.0322 -11.0064   0.0264        25267     614.3937     1076.166    0.116   0
        16    743.758    138.918 327.7006942 +28.8444802     8.43 0.0009107206 -10.2411 -10.4210   0.0450     14737.07     610.0433     1190.713    0.154   0
        17    651.302    144.757 327.7121069 +28.8436272     6.15 0.0006638885  -9.1993  -9.3973   0.1147     5740.342     606.2941     1211.753    0.071   0
        18    269.034    159.716 327.7593134 +28.8410801     5.60 0.0006053235 -11.1809 -11.3040   0.0202     33236.22      617.511     1243.122    0.112   0
        19    405.930    167.909 327.7423769 +28.8405341     5.46 0.0005893825 -11.7533 -11.8062   0.0129     52783.39     625.4406     1236.572    0.100   0
        20    493.751    169.062 327.7315215 +28.8406249     6.67 0.0007202357  -9.9228 -10.4343   0.0444     14918.62     609.9654     1228.984    0.387   0
        21    585.196    180.329 327.7201952 +28.8396337     6.03  0.000651315  -8.8303  -9.3775   0.1168     5636.571     606.2002     1225.712    0.215   0
        22    750.048    185.402 327.6998116 +28.8394866     6.54 0.0007063415  -9.8584 -10.2049   0.0547     12076.67     608.7487     1191.556    0.129   0
        23    528.132    280.511 327.7270175 +28.8287001     5.72 0.0006173663 -16.2106 -16.2259   0.0005      3092792     1382.469     1230.539    0.048   6
        24    902.846    234.809 327.6808183 +28.8345304     5.32 0.0005748788 -13.5714 -13.6102   0.0028     278018.8     709.6824      1142.31    0.090   0
        25    708.472    206.888 327.7049007 +28.8370709     8.42 0.0009098328  -9.6358 -10.1183   0.0593     11150.75     608.5718     1203.112    0.313   0
        26    467.872    289.182 327.7344434 +28.8276186     5.11 0.0005517309 -15.6214 -15.6121   0.0007      1757342     1115.113      1236.82    0.115   7
        27    514.211    257.156 327.7287911 +28.8311826     5.13  0.000554183 -13.1806 -13.2108   0.0038     192456.2     678.8421     1232.429    0.084   3
        28    273.650    256.831 327.7585171 +28.8306273     5.19 0.0005611383 -13.5527 -13.5950   0.0028     274150.7     708.3768     1246.459    0.097   0
        29    482.810    278.371 327.7326225 +28.8288200     5.12 0.0005530484 -14.3723 -14.3818   0.0015     565888.6      804.585     1236.386    0.136   3
        30     82.583    223.837 327.7822039 +28.8337088     8.65 0.0009347156 -10.8355 -11.0863   0.0246     27196.44     615.0106     1170.842    0.339   0
        31     53.571    231.619 327.7857706 +28.8327981     7.34 0.0007928032 -10.0658 -10.6878   0.0352      18842.5     611.5378     1019.812    0.337   0
        32   1027.637    237.060 327.6653926 +28.8345861     4.88 0.0005271817  -9.4846  -9.2980   0.0958     5238.247     462.2961     1097.422    0.331  24
        33    659.401    253.738 327.7108581 +28.8319040     5.13 0.0005542003 -12.0706 -12.1362   0.0096     71530.06     632.7103     1215.468    0.104   2
        34    320.156    253.734 327.7527778 +28.8310756     5.25 0.0005669465 -11.8480 -11.9141   0.0117      58295.2     627.5413     1243.147    0.084   0
        35     78.003    241.398 327.7827286 +28.8318053     7.48 0.0008084298 -10.9416 -11.3730   0.0190     35416.93     618.2096     1145.071    0.497   2
        36    115.692    242.066 327.7780699 +28.8318270     5.85  0.000631639  -9.0230  99.0000  99.0000    -6717.212     604.0079     1245.294    0.119   0
        37    767.831    266.960 327.6974297 +28.8307416     5.04 0.0005449218 -12.0364 -12.0922   0.0100     68687.45     631.7331     1181.992    0.075   0
        38     71.115    250.348 327.7835587 +28.8308238     5.98 0.0006460864  -8.7383 -11.4627   0.0175     38465.39     619.7243      1108.47    0.359   1
        39    671.554    257.780 327.7093473 +28.8314980     5.48  0.000592206 -10.6160 -10.8294   0.0310     21466.01     612.7441     1212.796    0.102   3
        40    211.878    270.190 327.7661190 +28.8290353     5.23  0.000565466 -11.8831 -11.9448   0.0114     59966.27      628.223     1248.425    0.097   0
        41     70.957    256.956 327.7835627 +28.8301114     7.11 0.0007682685 -10.9000 -11.4539   0.0176     38157.45     619.5834     1108.472    0.391   0
        42    250.296    260.776 327.7613937 +28.8301446     6.28  0.000678761  -9.7692 -10.0030   0.0659      10027.6     608.0424     1247.429    0.133   0
        43    576.882    269.583 327.7210186 +28.8299963     5.18 0.0005597711 -10.7270 -10.8642   0.0300     22165.38     613.0125     1226.459    0.104   0
        44    189.327    293.016 327.7688522 +28.8265199     5.20 0.0005612885 -12.0133 -12.0973   0.0099      69009.7     631.8932     1248.281    0.106   0
        45   1007.983    281.498 327.6677222 +28.8297510     3.74 0.0004038552  -8.3610  99.0000  99.0000    -1184.861     603.9908     1092.463    0.378   0
        46     75.405    282.024 327.7829542 +28.8274214     5.88  0.000635687 -10.4599 -11.3287   0.0197     34000.17     617.5696     1129.653    0.562   0
        47    204.653    332.803 327.7668656 +28.8222708     5.07 0.0005478001 -13.4547 -13.5070   0.0030     252808.1     700.6863     1246.833    0.096   0
        48    264.260    311.798 327.7595496 +28.8246815     4.99 0.0005385139 -10.8580 -10.8861   0.0294     22617.25      613.079     1244.913    0.097   0
        49    104.123    308.645 327.7793434 +28.8246244     4.78  0.000516884  -9.5647  -7.9851   0.4200     1563.318     604.5863     1246.322    0.133   0
        50    844.157    318.394 327.6878826 +28.8253832     5.10 0.0005504193 -10.0736 -10.1645   0.0568     11635.91     608.5676     1144.062    0.080   0
        51    814.207    337.950 327.6915391 +28.8232040     5.89 0.0006358356  -9.3302  -9.5332   0.1013     6505.644     606.6096     1150.688    0.121   0
        52    119.188    350.468 327.7773839 +28.8201554     5.04 0.0005447633  -9.5077  99.0000  99.0000    -5056.584     603.9224     1245.961    0.167   0
        53    213.414    362.349 327.7657143 +28.8191089     5.27 0.0005696333 -11.0578 -11.2281   0.0216     30991.64      616.635     1245.164    0.129   0
        54     72.424    370.731 327.7831141 +28.8178558     4.14 0.0004468232  -9.6450 -11.2766   0.0207     32408.04     617.2926     1109.565    0.538   0
        55    985.869    371.831 327.6702531 +28.8199647     3.22  0.000347867  -8.6668  -8.7117   0.2153     3052.709     605.1848      1072.12    0.173   0
        56    546.693    389.483 327.7244746 +28.8170034     5.42 0.0005850214  -9.8282  -9.9685   0.0680     9714.126     607.9304     1222.118    0.119   0
        57     79.453    391.706 327.7821965 +28.8156132     4.36 0.0004710678  -9.8219 -11.2916   0.0204      32858.5     617.4416     1143.544    0.450   0
        58    966.729    462.553 327.6724152 +28.8101436     5.40 0.0005829174 -15.7270 -15.7512   0.0006      1997468     1167.645     1052.789    0.091   4
        59    122.587    397.047 327.7768548 +28.8151451     4.85 0.0005235103  -8.9003  99.0000  99.0000    -7108.988      603.837     1241.023    0.120   0
        60    345.528    439.811 327.7492121 +28.8110882     4.80 0.0005184716 -13.5347 -13.5851   0.0028     271670.1     707.5008     1234.342    0.097   0
        61    819.393    420.262 327.6907128 +28.8143473     4.97 0.0005370736 -11.2044 -11.2712   0.0208     32245.66     617.0931     1130.369    0.109   0
        62    119.224    418.352 327.7772204 +28.8128411     5.54 0.0005988042  -8.2660  99.0000  99.0000    -8861.596     603.8882     1238.213    0.141   0
        63    172.883    441.954 327.7705360 +28.8104311     4.79 0.0005174188 -11.7146 -11.8015   0.0129      52552.9     625.3649     1240.089    0.099   0
        64    807.164    446.734 327.6921641 +28.8114655     5.60 0.0006045827 -12.0133 -12.0619   0.0103     66796.37     630.9515     1126.642    0.169   0
        65    272.175    485.084 327.7581691 +28.8060294     4.80 0.0005188796 -14.9762 -15.0081   0.0010      1007520     931.9241     1236.081    0.093   0
        66     77.831    440.505 327.7822823 +28.8103511     5.41 0.0005845017 -10.3001 -11.3168   0.0199      33629.2       617.67     1133.061    0.633   2
        67    722.381    440.903 327.7026516 +28.8118893     6.18 0.0006670955  -9.1124  -9.2845   0.1272     5173.887     606.1115     1163.229    0.217   0
        68    425.255    448.698 327.7393418 +28.8103264     5.39 0.0005826189  -9.4598  -9.8388   0.0765     8620.343     607.4634     1226.599    0.191   0
        69    668.129    448.923 327.7093360 +28.8108938     6.19 0.0006682069  -9.0062  -9.1419   0.1450     4537.029     605.8488     1179.761    0.217   0
        70   1015.400    461.907 327.6664037 +28.8103293     5.30 0.0005724828 -11.4931 -11.5150   0.0166     40362.96     617.7894     1034.676    0.195  16
        71    353.168    459.342 327.7482230 +28.8090026     5.03  0.000543202  -9.1620  -9.8358   0.0768      8596.19     607.5215     1231.872    0.157   0
        72     39.316    477.056 327.7869544 +28.8063168     4.68 0.0005052573 -12.1474 -12.1416   0.0096      71888.4     633.0474     924.8192    0.141   0
        73    177.539    467.841 327.7699003 +28.8076534     4.60 0.0004969687  -8.8863  -9.6902   0.0877     7517.396     607.0094      1237.38    0.325   0
        74    950.239    505.733 327.6743559 +28.8054515     5.07 0.0005475225 -13.9512 -13.9909   0.0021     394797.3     749.7197     1044.801    0.130   0
        75     78.027    476.991 327.7821724 +28.8064202     4.12 0.0004451484  -9.5327 -11.2354   0.0215        31201     616.4689     1131.297    0.410   0
        76    571.222    476.926 327.7212442 +28.8076411     5.13 0.0005546265  -9.1271  -9.0183   0.1624     4048.869     605.6473     1204.379    0.238   0
        77    465.043    479.783 327.7343549 +28.8070743     4.67 0.0005040631  -8.9453  -8.8189   0.1951     3369.488     605.2304     1222.138    0.224   0
        78     97.610    504.636 327.7796883 +28.8034903     5.72 0.0006184122  -8.6809  -8.8543   0.1888     3481.134     605.2254     1231.693    0.141   0
        79    347.440    524.494 327.7487799 +28.8019683     4.78 0.0005168495 -11.1603 -11.2390   0.0214     31303.47     616.6945      1226.44    0.113   0
        80    431.289    548.078 327.7383676 +28.7996328     4.63 0.0004998776 -12.5541 -12.6123   0.0063     110897.4     648.2697     1216.618    0.116   0
        81     74.181    527.389 327.7825291 +28.8009803     3.46  0.000373659  -9.3944 -11.2398   0.0214     31326.16     616.5197      1107.07    0.432   0
        82    258.965    638.671 327.7594440 +28.7894478     4.47 0.0004825805 -10.1400 -10.1902   0.0555     11914.51     608.8854     1222.668    0.150   0
        83    123.380   1025.192 327.7752865 +28.7474646     3.43 0.0003708115  -7.7627  99.0000  99.0000    -6629.512     497.9318      1089.87    0.411  16
        84    126.418    972.769 327.7750340 +28.7531206     4.40 0.0004752577 -12.4709 -12.4962   0.0070     99652.85     643.7264      1102.77    0.170   0
        85     78.002    650.740 327.7817677 +28.7876988     5.79 0.0006253376 -10.4825 -11.3793   0.0189     35621.53     618.3424     1115.146    0.256   0
        86    943.408    967.205 327.6741679 +28.7557109     3.43 0.0003710549  -8.8482 -10.2922   0.0505     13088.01     609.1469     610.6966    0.412   0
        87    786.830    775.432 327.6939345 +28.7759989     3.84 0.0004145966  -8.7406  -9.0232   0.1617     4066.985     605.5355      1021.53    0.332   0
        88     82.833    935.002 327.7805042 +28.7570817     3.97 0.0004291011  -9.5504 -11.3419   0.0195     34417.46     617.7886     1036.262    0.810   0
        89    424.170    924.819 327.7383796 +28.7590214     5.03 0.0005434684  -9.0857  -9.3244   0.1226     5367.196     605.9869       1111.6    0.250   2
        90    888.030    888.803 327.6811818 +28.7640262     6.01 0.0006490333  -9.7285  -9.6716   0.0892     7389.908     606.7358     892.8147    0.310   0
        91     84.510    900.487 327.7803780 +28.7608049     6.03 0.0006516532 -10.4860 -11.3784   0.0189     35592.08     618.5474     1061.602    0.248   2
        92    502.130    922.859 327.7287574 +28.7594233     4.82 0.0005206737  -9.1089  -9.0347   0.1600     4110.299     605.6045     1086.851    0.287   0
        93    422.754    930.507 327.7385413 +28.7584052     6.20 0.0006699818  -8.7817  -9.3081   0.1245     5287.575     606.1244     1109.692    0.454   3
        94    461.355    883.985 327.7338818 +28.7635124     4.48 0.0004844056 -12.5292 -12.5959   0.0064     109236.1     647.4853     1115.537    0.154   0
        95    274.224    905.435 327.7569401 +28.7607415     4.37 0.0004721953 -12.0775 -12.1309   0.0097     71182.34     632.6381     1140.338    0.143   0
        96    141.871    841.646 327.7734325 +28.7672874     4.34 0.0004683044 -11.7243 -11.7271   0.0138     49071.86      623.856     1164.657    0.136   0
        97     81.464    870.613 327.7808242 +28.7640162     9.97  0.001076745 -11.5169 -11.3446   0.0195     34502.31     618.0567     1056.973    0.254   0
        98    319.221    880.429 327.7514416 +28.7635469     4.31 0.0004660032  -9.3686  -9.5014   0.1042     6317.553      606.447     1145.748    0.164   0
        99    413.304    841.646 327.7399129 +28.7679567     4.39 0.0004736868 -11.1543 -11.2314   0.0215     31085.61     616.6899     1142.327    0.172   0
       100    315.762    868.932 327.7518954 +28.7647771     4.77 0.0005158087  -9.9089 -10.1230   0.0590     11199.81     608.4902     1150.243    0.173   0
       101    883.395    829.721 327.6818867 +28.7703813     5.38 0.0005807895 -13.2116 -13.2369   0.0037     197126.2     680.5598     951.5652    0.224   0
       102    715.676    837.468 327.7025816 +28.7691428     4.84 0.0005229494 -11.6863 -11.7446   0.0136     49870.66     624.2256      1029.08    0.198   0
       103    261.326    789.209 327.7588027 +28.7732331     4.39 0.0004745217  -9.7201  -9.8305   0.0771     8554.469     607.4023     1185.208    0.135   0
       104    465.183    812.960 327.7335721 +28.7711746     4.46 0.0004820992 -13.7085 -13.7482   0.0025     315690.1     722.7883     1141.172    0.141   0
       105    497.584    800.867 327.7295985 +28.7725568     4.72 0.0005101031  -9.8586  -9.7355   0.0841     7837.578     607.2092     1136.371    0.220   0
       106     71.842    790.162 327.7822012 +28.7726608     8.27 0.0008929027 -10.8400 -11.2255   0.0217     30917.61      616.605     1040.941    0.435   2
       107    146.981    795.469 327.7729094 +28.7722757     4.27 0.0004607271 -11.0919 -11.1450   0.0233     28708.63      615.759      1184.46    0.113   0
       108    571.652    702.901 327.7206749 +28.7832933     4.58 0.0004952766  -9.1301  -9.6204   0.0935     7049.697     606.8167     1143.796    0.186   0
       109    127.305    706.584 327.7755473 +28.7818042     4.39 0.0004739315 -10.1557  -9.3868   0.1158      5684.62     606.3051     1207.632    0.089   0
       110     77.952    676.332 327.7817138 +28.7849411     9.31  0.001006048 -11.4228 -11.4213   0.0182     37027.82     618.9774     1109.814    0.032   0
       111    584.238    708.106 327.7191086 +28.7827631     5.55  0.000599283  -9.3251  -9.8586   0.0751     8779.179     607.4949     1137.039    0.346   0
       112    847.721    759.386 327.6864503 +28.7778743     4.87 0.0005255511 -10.8554 -10.9408   0.0280     23784.95     613.6559      1000.08    0.214   0
       113    884.292    754.237 327.6819451 +28.7785169     5.32 0.0005750547 -10.8236 -10.8608   0.0301     22095.67     612.9673     985.1008    0.271   0
       114    275.617    746.180 327.7571377 +28.7779047     4.53 0.0004893082  -9.0243  -9.2575   0.1304      5046.49     605.7524     1197.964    0.220   0
       115    266.768    742.399 327.7582394 +28.7782903     4.45 0.0004804134 -10.3406 -10.4850   0.0424     15631.77     610.1562     1199.959    0.074   0
       116    739.621    746.353 327.6998306 +28.7790183     5.50   0.00059409  -8.6458  -8.7848   0.2013     3265.239     605.2556     1056.538    0.280   0
       117    608.328    741.830 327.7160564 +28.7791878     8.32 0.0008986449 -10.2151 -10.4915   0.0422     15725.14     610.3973     1115.529    0.242   0
       118     85.257    710.745 327.7807308 +28.7812513     5.46 0.0005894596 -10.1588 -11.2482   0.0212     31569.49     616.8024     1135.506    0.658   2
       119    381.362    741.663 327.7440882 +28.7786516     4.48 0.0004837452 -12.2832 -12.3458   0.0080     86757.98     638.8442     1187.123    0.139   0
       120    826.541    741.584 327.6891062 +28.7797416     5.74 0.0006201894  -9.4837  -9.3964   0.1148     5735.223     606.2919     1016.336    0.301   0
       121    944.750    722.537 327.6745491 +28.7820774     5.25 0.0005671004 -10.9279 -10.9856   0.0269     24788.83     613.9807     966.0101    0.241   0
       122    674.136    713.857 327.7079921 +28.7823615     5.12  0.000553083  -9.8841  -9.9950   0.0663     9953.695      607.995     1096.375    0.163   0
       123    573.257    650.850 327.7205955 +28.7889057     4.62 0.0004993954 -10.1818 -10.3681   0.0472        14036     609.6374     1159.851    0.129   0
       124    306.163    738.162 327.7533837 +28.7788439     3.58 0.0003869639  -8.4282  -8.0120   0.4098     1602.443     604.6366     1198.129    0.175   0
       125    251.153    665.329 327.7603470 +28.7865560     4.74 0.0005123749  -9.8926  -9.8253   0.0775     8513.561     607.3856     1220.834    0.176   0
       126     80.773    666.089 327.7813893 +28.7860519     7.50 0.0008099012 -10.9478 -11.3704   0.0190     35332.29     618.3589     1128.328    0.233   0
       127    869.541    679.079 327.6839358 +28.7865799     4.99 0.0005395207 -10.7222 -10.6884   0.0352     18852.19      611.778     1020.573    0.210   0
       128    283.248    723.957 327.7562467 +28.7803181     5.01  0.000540747  -8.9518  -8.6844   0.2208     2976.754     605.2216     1203.913    0.071   0
       129     78.271    724.008 327.7815624 +28.7798049     6.05 0.0006533698 -10.4848 -11.3766   0.0189     35533.09     618.4068     1094.412    0.553   0
       130     74.149    702.303 327.7821225 +28.7821334     4.35 0.0004694889  -9.7544 -11.3399   0.0195     34353.86     617.9966     1080.276    0.304   0
       131    796.697    674.048 327.6929445 +28.7869469     4.10 0.0004433634  -9.0684  -9.3133   0.1239     5312.648     606.1517      1055.16    0.277   0
       132    526.986    674.002 327.7262578 +28.7862983     4.77 0.0005152333  -9.6227  -9.8540   0.0754       8741.7     607.2756      1170.32    0.190   0
       133    442.258    669.850 327.7367324 +28.7865387     6.24 0.0006744998  -9.0767  -9.5436   0.1003     6567.879     606.5842     1194.161    0.315   0
       134    301.541    649.173 327.7541608 +28.7884212     4.78 0.0005159636  -9.8642  -9.9627   0.0683     9662.291     608.0109     1218.331    0.104   0
       135    964.046    655.959 327.6723146 +28.7892974     5.79 0.0006258891  -9.5872  -9.5284   0.1017     6476.541     606.6316     981.1439    0.216   0
       136    852.020    617.393 327.6862385 +28.7931846     6.74 0.0007277608  -9.4144  -9.6179   0.0937     7033.205     606.5548     1049.364    0.305   0
       137    168.735    996.730 327.7697531 +28.7506438     4.41 0.0004765428 -12.1504 -12.2222   0.0089     77423.55     635.1808     1099.658    0.162   0
       138     77.708    634.013 327.7818432 +28.7895004     4.25 0.0004588341  -9.8409 -11.3615   0.0192     35043.04     618.3088     1118.522    0.075   0
       139    158.305    619.830 327.7719213 +28.7912288     4.58 0.0004949913 -11.1525 -11.2388   0.0214     31297.25     616.7589     1230.344    0.150   0
       140    727.491    625.770 327.7016018 +28.7919820     4.69 0.0005064072 -10.7072 -10.6940   0.0351     18949.64     611.7334     1104.825    0.181   0
       141    152.072    607.336 327.7727203 +28.7925596     4.52 0.0004885461 -11.6583 -11.6627   0.0146     46248.58     622.7899     1231.128    0.120   0
       142     61.133    987.862 327.7830595 +28.7513321     4.57 0.0004940193 -13.0044 -13.0709   0.0043     169189.7     670.3112     919.1249    0.121   0
       143     89.293    580.961 327.7805367 +28.7952456     4.86   0.00052526 -11.4838 -11.5958   0.0155     43483.03      621.629     1185.559    0.125   0
       144     60.459    962.555 327.7832021 +28.7540572     4.58 0.0004945378 -11.9297 -12.0624   0.0103     66829.51     630.9647     921.3787    0.140   0
       145    627.562    584.063 327.7140401 +28.7962340     4.68 0.0005054369 -11.4354 -11.4925   0.0170      39535.3     620.0892     1157.169    0.155   0
       146    388.165    953.706 327.7427589 +28.7558206     4.74 0.0005119661 -10.6742 -10.7415   0.0336      19796.2     612.0118     1106.925    0.179   0
       147    174.812    564.825 327.7700108 +28.7971965     7.37 0.0007957141  -9.3147  -9.8074   0.0787     8374.595     607.1244     1232.646    0.074   0
       148    125.111   1011.218 327.7751054 +28.7489745     4.84 0.0005227824  -8.5453  99.0000  99.0000    -6774.278     603.9395     1092.569    0.252   0
       149    313.943   1008.836 327.7517960 +28.7496979     4.53 0.0004891451 -10.7439 -10.8630   0.0301     22140.83     613.0362     1091.446    0.185   0
       150     82.198    537.598 327.7815148 +28.7999003     3.43 0.0003705981  -9.2550 -11.1012   0.0242     27573.72     615.0297     1149.952    0.415   0
       151     95.998    768.606 327.7792685 +28.7750436     5.50 0.0005938858 -12.4474 -12.2634   0.0086     80422.44     636.2303     1171.519    0.334   0
       152   1008.143    866.093 327.6663997 +28.7667604     3.97 0.0004293497  -8.3462  99.0000  99.0000    -10420.56     603.9566     700.7824    0.358   0
