#   1 NUMBER                 Running object number                                     
#   2 X_IMAGE                Object position along x                                    [pixel]
#   3 Y_IMAGE                Object position along y                                    [pixel]
#   4 ALPHA_J2000            Right ascension of barycenter (J2000)                      [deg]
#   5 DELTA_J2000            Declination of barycenter (J2000)                          [deg]
#   6 FWHM_IMAGE             FWHM assuming a gaussian core                              [pixel]
#   7 FWHM_WORLD             FWHM assuming a gaussian core                              [deg]
#   8 MAG_BEST               Best of MAG_AUTO and MAG_ISOCOR                            [mag]
#   9 MAG_APER               Fixed aperture magnitude vector                            [mag]
#  10 MAGERR_APER            RMS error vector for fixed aperture mag.                   [mag]
#  11 FLUX_APER              Flux vector within fixed circular aperture(s)              [count]
#  12 FLUXERR_APER           RMS error vector for aperture flux(es)                     [count]
#  13 BACKGROUND             Background at centroid position                            [count]
#  14 ELLIPTICITY            1 - B_IMAGE/A_IMAGE                                       
#  15 FLAGS                  Extraction flags                                          
         1    833.856    204.685 238.0209311 +33.0277693   214.90   0.02302635 -16.5264 -12.9312   0.0075     148756.2     1026.738     1759.323    0.906  24
         2    456.639    117.016 238.0695056 +33.0360630     5.58  0.000597759 -14.2079 -14.2502   0.0024     501287.8      1109.06     1917.706    0.099   0
         3    433.742    191.085 238.0723161 +33.0280996     5.38 0.0005761195 -10.2215 -10.1856   0.0909     11863.84      992.819     1985.556    0.117   0
         4     58.232    245.575 238.1204205 +33.0212186     8.13 0.0008711637 -10.7988 -10.8667   0.0487     22216.27     995.2832     1792.868    0.323   0
         5    173.737    265.938 238.1055584 +33.0193783     5.64 0.0006048165 -11.8360 -11.8912   0.0191     57078.04     1004.112     1922.779    0.165   0
         6    297.599    281.330 238.0896331 +33.0180901     4.61  0.000494247  -9.6132 -10.0510   0.1028     10480.58     992.1913     2008.764    0.018   0
         7    261.025    293.997 238.0943050 +33.0166352     4.23  0.000453431  -8.9374 -10.0030   0.1074     10027.97     991.9097     2004.594    0.019   0
         8    489.770    356.311 238.0648375 +33.0106381     5.04 0.0005396882 -12.4634 -12.4804   0.0112     98206.73     1014.273     2122.728    0.069   0
         9      2.352    427.174 238.1272644 +33.0016922     5.75 0.0006161684 -10.3720 -10.4827   0.0528     15598.59      757.761     1875.563    0.357  24
        10    718.771    880.430 238.0345575 +32.9553875     3.85 0.0004120514  -9.6528  99.0000  99.0000    -81562.65     989.6311     1684.538    0.075   0
        11    888.374    888.236 238.0127905 +32.9550258    55.46  0.005942995 -14.8087 -13.1378   0.0062     179931.1      1034.14     567.4613    0.147  17
        12    836.744    827.398 238.0195148 +32.9613707    81.60  0.008743419 -14.2824 -13.5195   0.0045       255729     1052.173     1663.797    0.211  16
        13     99.473    776.745 238.1141746 +32.9646934     5.60 0.0006004715 -11.9628 -11.9589   0.0180     60750.83     1004.943     1979.067    0.140   0
        14    664.903    779.664 238.0416384 +32.9659830     5.56 0.0005961749 -10.1275 -10.8015   0.0517     20922.05     995.0974     2204.036    0.314   0
        15    713.924    770.397 238.0353659 +32.9671081     5.44 0.0005824235 -10.4141 -10.4836   0.0691     15611.85     993.5392     2204.321    0.121   0
        16    711.818    678.579 238.0357919 +32.9768937     5.38 0.0005766248 -10.9501 -11.0903   0.0396      27297.9     996.2807     2202.484    0.054   0
        17    721.488    643.678 238.0346105 +32.9806425     5.08 0.0005439193 -11.4362 -11.5468   0.0261     41562.72      1000.38      2191.27    0.079   0
        18    163.202    851.600 238.1058665 +32.9568935     2.48  0.000265669  -9.6367 -11.4661   0.0281     38585.41     999.0814     1949.057    0.414   0
        19    706.564    780.629 238.0362927 +32.9659963     5.03 0.0005385506 -11.1236 -11.2278   0.0350     30982.57     997.5383     2203.875    0.160   0
