#   1 NUMBER                 Running object number                                     
#   2 X_IMAGE                Object position along x                                    [pixel]
#   3 Y_IMAGE                Object position along y                                    [pixel]
#   4 ALPHA_J2000            Right ascension of barycenter (J2000)                      [deg]
#   5 DELTA_J2000            Declination of barycenter (J2000)                          [deg]
#   6 FWHM_IMAGE             FWHM assuming a gaussian core                              [pixel]
#   7 FWHM_WORLD             FWHM assuming a gaussian core                              [deg]
#   8 MAG_BEST               Best of MAG_AUTO and MAG_ISOCOR                            [mag]
#   9 MAG_APER               Fixed aperture magnitude vector                            [mag]
#  10 MAGERR_APER            RMS error vector for fixed aperture mag.                   [mag]
#  11 FLUX_APER              Flux vector within fixed circular aperture(s)              [count]
#  12 FLUXERR_APER           RMS error vector for aperture flux(es)                     [count]
#  13 BACKGROUND             Background at centroid position                            [count]
#  14 ELLIPTICITY            1 - B_IMAGE/A_IMAGE                                       
#  15 FLAGS                  Extraction flags                                          
         1    838.656     81.405 238.0186589 +32.9331230   151.25   0.01617189 -16.7168 -14.8010   0.0023     832556.1     1773.764     2499.604    0.587  16
         2    829.552     10.951 238.0199331 +32.9405998   100.37   0.01073177 -16.3727 -14.7364   0.0023     784458.3     1691.737    -312.3737    0.809  25
         3    125.532     82.948 238.1098542 +32.9309984    89.08   0.00952453 -15.6299 -13.0217   0.0113     161689.9     1676.592     3201.954    0.846  18
         4    370.505     81.177 238.0785292 +32.9318678    82.40  0.008810535 -16.0023 -12.8410   0.0133     136903.1     1673.169     3514.074    0.899   2
         5     69.698    121.256 238.1169300 +32.9267633     5.38 0.0005747228 -13.1311 -13.1327   0.0102     179095.3     1679.323     3471.712    0.011   0
         6    704.392    197.701 238.0356458 +32.9203764     6.23 0.0006658892 -11.5406 -11.7722   0.0352     51152.75     1659.888     4118.381    0.077   0
         7    116.683    262.434 238.1106861 +32.9118633     5.42 0.0005789857 -13.1720 -13.2134   0.0095     192917.1     1681.426     3595.688    0.019   0
         8     62.896    264.861 238.1175590 +32.9114543     1.23 0.0001313721  -8.7487  99.0000  99.0000    -1151.062     1652.634     3472.611    0.226   0
         9    765.489    282.496 238.0277004 +32.9115139     5.62 0.0006005029 -11.7252 -11.8983   0.0314     57454.24     1661.395      4117.76    0.130   0
        10    584.572    333.592 238.0507500 +32.9055809     5.66 0.0006049473 -10.6529 -10.6482   0.0989     18166.53     1654.679     4062.073    0.051   0
        11    879.107    380.909 238.0130207 +32.9013427    14.40  0.001539578 -13.1061 -12.4159   0.0196     92547.93     1666.714     3747.415    0.605   0
        12    291.787    347.567 238.0881584 +32.9032865     5.69 0.0006078972 -10.5140 -10.5463   0.1086      16539.4     1654.527     3911.404    0.067   0
        13    878.328    352.359 238.0131647 +32.9043805     8.41 0.0008990249 -11.9901 -12.2855   0.0220     82075.48     1664.864     3776.913    0.264   0
        14    454.526    388.011 238.0672880 +32.8994299     5.97 0.0006386962 -10.2694 -10.6799   0.0961     18705.91     1655.227     3997.163    0.181   0
        15    881.219    489.062 238.0125830 +32.8898329    26.46  0.002829542 -13.4882 -12.5157   0.0179       101458     1667.865     3688.075    0.626   3
        16    881.265    446.082 238.0126437 +32.8944092    13.42  0.001434847 -13.1524 -12.4356   0.0192     94237.88     1667.014     3692.411    0.434   2
        17    514.943    439.035 238.0594823 +32.8941632     5.16 0.0005518544 -11.2832 -10.5042   0.1130     15910.03     1655.039     4003.933    0.084   0
        18    274.116    498.487 238.0901693 +32.8871686     5.68 0.0006074538 -11.7923 -11.8094   0.0341     52938.04      1660.39     3812.137    0.026   0
        19    762.876    497.860 238.0276964 +32.8885762     3.65 0.0003906807  -8.6481  -9.4630   0.2945     6098.062     1653.556     4049.153    0.202   0
        20     17.785    500.406 238.1229299 +32.8862486     3.44 0.0003678109  -9.5112  -8.9709   0.4630     3875.811     1652.472      3246.93    0.404   0
        21    813.632    871.193 238.0206259 +32.8489634     5.38 0.0005756281 -12.0413 -11.9134   0.0310     58257.91     1660.772     3513.194    0.055   0
        22    882.304    809.211 238.0119480 +32.8557482   188.56   0.02016085 -16.6197 -13.3504   0.0084     218859.5      1685.37     3257.116    0.941  56
        23      5.697    997.012 238.1236384 +32.8333399    47.80  0.005110546 -13.9729 -12.4897   0.0155     99053.17     1415.823     337.4787    0.865  24
        24    305.892    761.592 238.0856766 +32.8592430     5.07 0.0005417798 -10.1699 -10.0557   0.1707      10526.1     1654.132     3395.541    0.200   0
        25    384.495    705.841 238.0757235 +32.8653964     5.56 0.0005947098 -12.2208 -12.3004   0.0217     83206.44     1665.034     3619.821    0.033   0
