#   1 NUMBER                 Running object number                                     
#   2 X_IMAGE                Object position along x                                    [pixel]
#   3 Y_IMAGE                Object position along y                                    [pixel]
#   4 ALPHA_J2000            Right ascension of barycenter (J2000)                      [deg]
#   5 DELTA_J2000            Declination of barycenter (J2000)                          [deg]
#   6 FWHM_IMAGE             FWHM assuming a gaussian core                              [pixel]
#   7 FWHM_WORLD             FWHM assuming a gaussian core                              [deg]
#   8 MAG_BEST               Best of MAG_AUTO and MAG_ISOCOR                            [mag]
#   9 MAG_APER               Fixed aperture magnitude vector                            [mag]
#  10 MAGERR_APER            RMS error vector for fixed aperture mag.                   [mag]
#  11 FLUX_APER              Flux vector within fixed circular aperture(s)              [count]
#  12 FLUXERR_APER           RMS error vector for aperture flux(es)                     [count]
#  13 BACKGROUND             Background at centroid position                            [count]
#  14 ELLIPTICITY            1 - B_IMAGE/A_IMAGE                                       
#  15 FLAGS                  Extraction flags                                          
         1    841.814     76.433 327.8143675 +28.8490302   143.79   0.01552711 -15.2793 -12.7054   0.0053     120820.5     585.9261      795.603    0.599  19
         2    591.241     30.954 327.8454244 +28.8533063     6.41 0.0006924908 -12.9450 -12.8400   0.0047     136777.4      592.817     834.0505    0.192   0
         3    821.426      9.999 327.8170468 +28.8561378    82.55  0.008914087 -13.8970 -12.6913   0.0050     119262.2     554.0123     405.4249    0.772  24
         4    478.596     10.276 327.8593875 +28.8552514     5.80 0.0006266777 -11.4849 -10.6171   0.0313     17653.46     508.7079     732.3186    0.311  16
         5    752.410     58.218 327.8254531 +28.8507709     7.05 0.0007610978 -12.9483 -12.9973   0.0041     158095.6     601.5404     865.5101    0.183   3
         6    794.378     60.384 327.8202648 +28.8506418    11.98  0.001294128 -11.3037 -11.4141   0.0162     36780.75     548.8255     791.9623    0.173   3
         7    565.652     82.643 327.8484574 +28.8476727     6.23 0.0006724779 -12.8504 -12.9090   0.0044     145741.4     596.6255     1016.797    0.058   0
         8    617.330     96.039 327.8420426 +28.8463587     6.15 0.0006642292 -13.1738 -13.2227   0.0034     194569.1     616.6813     1066.982    0.040   0
         9    357.399     65.824 327.8742174 +28.8489602     7.26 0.0007840943  -9.9236 -10.5405   0.0356     16451.62     539.4709      921.283    0.090   0
        10    735.490    107.581 327.8274223 +28.8454100     6.22 0.0006721588 -12.4043 -12.3691   0.0070     88645.66     572.1312     1071.237    0.036   0
        11     33.382    116.823 327.9141028 +28.8426391     6.40 0.0006914014  -9.6287  -7.5223   0.5663     1020.743     532.3171     971.3295    0.132   0
        12    512.173    135.785 327.8549306 +28.8418125     5.84 0.0006303286 -11.1329 -10.8777   0.0262     22442.37     542.2548     1064.682    0.051   0
        13      4.419    129.835 327.9176464 +28.8411627     6.43 0.0006945569  -8.7688  99.0000  99.0000    -3286.888     433.6223     966.7552    0.151  16
        14    587.041    192.401 327.8455460 +28.8359000     5.90    0.0006372 -14.7285 -14.7579   0.0011     800149.2     826.3932     1070.937    0.026   0
        15    416.259    141.982 327.8667595 +28.8409031     6.94 0.0007492091  -9.3672  -8.7164   0.1889     3066.018     533.4119     1057.385    0.027   0
        16    171.713    140.786 327.8969604 +28.8404113     6.33 0.0006834057  -9.0110  -6.6729   1.2381     466.8405     532.2073     1007.851    0.135   0
        17    696.674    192.464 327.8320082 +28.8361672     6.01 0.0006490033 -14.4528 -14.4847   0.0013     622151.2     770.7911     1073.116    0.039   0
        18    360.203    153.477 327.8736531 +28.8395228     6.13  0.000662039 -10.0906 -10.1906   0.0490     11919.53     537.5007     1049.229    0.066   0
        19    121.185    188.694 327.9030792 +28.8351202     5.80 0.0006258694 -12.2260 -12.2871   0.0075     82193.84     569.3613     997.7871    0.078   0
        20    350.609    179.346 327.8747733 +28.8367112     5.91 0.0006382304  -9.3391  -9.5919   0.0846     6867.139     535.1904     1049.458    0.055   0
        21    496.272    189.014 327.8567626 +28.8360371     7.13 0.0007704229  -9.6187  -9.8497   0.0669     8707.512     536.0942     1064.448    0.055   0
        22    170.355    199.483 327.8969807 +28.8340833     5.99 0.0006464758 -10.0203 -10.2438   0.0467     12517.76     537.9277     1012.828    0.042   0
        23    387.888    217.865 327.8700744 +28.8326552     5.67 0.0006119651 -12.3679 -12.4197   0.0067     92870.44      574.044     1056.168    0.048   0
        24    175.872    218.046 327.8962528 +28.8320973     5.65 0.0006104333 -11.9194 -11.9742   0.0099     61612.58     560.1656      1014.22    0.066   0
        25    491.168    205.969 327.8573510 +28.8341974     7.63 0.0008240422  -9.1729  -9.1814   0.1233      4704.81     534.1794     1063.718    0.168   0
        26    769.086    216.703 327.8230076 +28.8337357     6.15 0.0006640175  -8.8944  -9.2565   0.1151     5041.807      534.442     1073.213    0.288   0
        27     95.899    242.803 327.9060651 +28.8292254     5.69 0.0006142434 -12.8195 -12.8611   0.0046     139452.8     593.8093     988.6292    0.086   0
        28    798.756    241.397 327.8192839 +28.8311486     6.09 0.0006573063 -10.6402 -10.6102   0.0334     17542.37     540.0503     1073.307    0.036   0
        29    760.380    263.042 327.8239697 +28.8287211     5.89 0.0006364982 -12.7077 -12.7543   0.0051       126388      588.324     1073.181    0.039   0
        30    807.403    260.927 327.8181687 +28.8290657    10.16  0.001097077 -10.2007 -10.1577   0.0505     11562.85     537.3347     1072.925    0.107   0
        31     73.413    267.794 327.9087784 +28.8264750     5.68 0.0006135303 -11.7350 -11.7926   0.0116     52122.71     555.7845     980.1295    0.127   0
        32    413.630    282.359 327.8667358 +28.8257711     5.59 0.0006032411 -11.5188 -11.5813   0.0140     42906.95     551.7832     1057.902    0.050   0
        33    692.498    268.533 327.8323379 +28.8279604     5.56 0.0006003255  -8.7262  -8.7751   0.1791     3236.136     533.5967     1072.704    0.019   0
        34    776.462    275.437 327.8219538 +28.8274255     6.06 0.0006544586 -10.1779 -10.3680   0.0417     14034.27     538.5726     1073.208    0.023   0
        35     66.609    283.512 327.9095788 +28.8247640     6.06 0.0006542642 -10.4244 -10.4789   0.0377     15543.32     539.2429     977.7635    0.129   0
        36    611.629    293.441 327.8422618 +28.8250747     6.07 0.0006556799 -10.5038 -10.6173   0.0332     17657.78     540.2223     1067.575    0.082   0
        37    438.731    290.848 327.8636156 +28.8249197     6.99 0.0007550763  -9.2734  -9.4090   0.1001      5802.55      534.648     1059.031    0.181   0
        38    832.851    290.512 327.8149548 +28.8259411     6.03 0.0006511721  -8.2856  99.0000  99.0000    -8644.047     532.0482     1070.372    0.113   0
        39    473.089    293.931 327.8593659 +28.8246742     7.53 0.0008133046  -8.9969  -9.1300   0.1293     4487.624     534.1677     1060.784    0.251   0
        40    556.783    295.219 327.8490292 +28.8247457     5.38 0.0005809058  -8.7441  -8.9660   0.1502     3858.498     533.5881     1062.909    0.192   0
        41    747.703    311.712 327.8254164 +28.8234454     6.28 0.0006780853 -10.3321 -10.4199   0.0398     14721.11     538.9359     1071.108    0.086   0
        42    599.566    309.232 327.8437125 +28.8233430     6.36 0.0006865286  -9.9238 -10.1244   0.0520     11214.21     537.2321     1065.486    0.055   0
        43    292.661    328.570 327.8815563 +28.8204858     5.51 0.0005955167 -11.9150 -11.9686   0.0099     61298.49     560.1541     1039.883    0.039   0
        44    253.147    312.326 327.8864754 +28.8221357     4.95 0.0005348362  -8.6120  -9.0418   0.1401     4137.516     533.9288     1031.121    0.540   0
        45    823.228    323.317 327.8160633 +28.8223825     6.24 0.0006742936  -9.5087  99.0000  99.0000    -1561.719      531.988     1068.982    0.022   0
        46    391.892    346.092 327.8692615 +28.8188491     5.49 0.0005927944 -12.0780 -12.1373   0.0086     71598.13      564.718     1051.485    0.037   0
        47     89.563    352.959 327.9065696 +28.8173402     5.67 0.0006125093 -13.0041 -13.0451   0.0040     165208.8     604.7146     984.9875    0.093   0
        48    150.167    338.792 327.8991232 +28.8190215     6.01 0.0006487644  -9.9882 -10.0901   0.0537     10865.39     536.8909     1002.195    0.148   0
        49    901.062    334.429 327.8064265 +28.8213778     5.51 0.0005951701  -8.9899  99.0000  99.0000    -12662.34     532.0482     936.0181    0.110   0
        50    330.696    351.830 327.8768026 +28.8180760     6.03 0.0006512452  -9.6506  -9.7167   0.0755     7703.625      535.611     1045.987    0.047   0
        51    120.436    382.420 327.9026839 +28.8142448     5.61 0.0006062257 -12.3597 -12.4246   0.0067     93291.62      574.088      991.535    0.049   0
        52    758.975    383.311 327.8238501 +28.8157588     5.53 0.0005970944 -12.0150 -12.0725   0.0091     67449.78     562.7932     1066.445    0.046   2
        53    757.092    395.832 327.8240522 +28.8144050     5.81  0.000627682 -10.9692 -11.0830   0.0218     27113.85      544.566     1065.969    0.026   3
        54    909.808    384.968 327.8052245 +28.8159538     5.05 0.0005451891  -9.3850  99.0000  99.0000    -21824.17     531.8224     905.7603    0.204   0
        55    594.411    400.515 327.8441245 +28.8134945     6.05  0.000652797  -9.8657  -9.9481   0.0611     9533.638     536.4346     1058.846    0.101   0
        56     41.806    396.503 327.9123555 +28.8125259     5.18 0.0005589366  -8.7072  -8.9070   0.1586     3654.296     533.6125     962.4444    0.264   0
        57    619.131    423.446 327.8410166 +28.8110856     5.41 0.0005842187 -12.4965 -12.5511   0.0060     104822.3     579.1151     1058.761    0.036   0
        58    561.921    402.848 327.8481299 +28.8131617     5.36 0.0005784179  -9.7408  -9.6857   0.0777     7486.505     535.5694     1057.293    0.059   0
        59    446.265    424.309 327.8623550 +28.8105586     5.42 0.0005852931 -10.0451 -10.0659   0.0549     10625.99     537.0329     1050.938    0.047   0
        60    483.002    430.778 327.8578037 +28.8099541     5.53 0.0005971712  -9.0823  -8.8596   0.1656     3498.298     533.4644     1052.251    0.042   0
        61    512.405    437.440 327.8541576 +28.8093102     5.57 0.0006016808 -10.1860 -10.0921   0.0536     10884.82     536.9595      1053.12    0.037   0
        62    285.348    445.254 327.8821680 +28.8078947     5.43 0.0005858787 -11.1084 -11.1441   0.0206     28685.18     545.2869     1033.268    0.011   0
        63    316.657    441.866 327.8783113 +28.8083392     6.78 0.0007320255  -9.4134  -9.4016   0.1008     5762.798     534.6743     1039.184    0.071   0
        64    877.798    467.014 327.8089778 +28.8070343     5.62 0.0006064253 -11.8770 -11.9533   0.0101     60437.54     559.4549      1015.53    0.072   0
        65    179.404    455.602 327.8952204 +28.8065102     5.60  0.000604682 -10.4150 -10.4629   0.0382     15315.99     539.0038     1003.565    0.057   0
        66    494.536    484.485 327.8562473 +28.8041963     5.14 0.0005555296 -12.3791 -12.4456   0.0066     95109.28     575.0182     1050.669    0.023   0
        67    549.934    494.941 327.8493829 +28.8032088     5.21 0.0005628467 -11.6415 -11.7208   0.0123     48788.09     554.4559     1052.336    0.054   0
        68    330.859    483.044 327.8764556 +28.8039384     5.87 0.0006340417  -9.7847  -9.8337   0.0678      8579.97     536.0348     1039.443    0.100   0
        69     81.859    493.237 327.9071669 +28.8022059     6.80  0.000734282  -9.3393  -9.3835   0.1024     5667.837     534.6749     968.7902    0.150   0
        70    236.211    497.478 327.8881031 +28.8021429     5.70 0.0006154857  -9.6036  -9.6345   0.0814     7141.625     535.3037     1016.662    0.114   0
        71    413.985    565.386 327.8659902 +28.7952763     5.05 0.0005455521 -14.5103 -14.5455   0.0013     657954.3     782.1843     1040.796    0.003   0
        72    725.371    855.993 327.8268460 +28.7647442     6.46 0.0006977554  -8.8127  -9.1900   0.1223     4742.226      534.047     986.5207    0.238   0
        73    847.805   1025.432 327.8113276 +28.7467911     5.02 0.0005417333  -9.9509  -9.9015   0.0524     9132.552     440.6041     929.2073    0.136  24
        74    873.546   1004.706 327.8082018 +28.7490879     5.59  0.000603311 -10.2745 -10.7589   0.0292      20117.6     541.4186     906.9201    0.133   0
        75    457.883    990.510 327.8595207 +28.7495807     5.11 0.0005518051 -10.3732 -10.4669   0.0381     15373.25     539.1641     889.9039    0.116   0
        76    782.416    978.887 327.8195081 +28.7516442     4.75 0.0005131657 -14.6514 -14.6845   0.0012     747796.6     810.4996     944.1486    0.097   0
        77    237.983    985.677 327.8866635 +28.7495450     5.93 0.0006399578 -10.4064 -10.4263   0.0395     14808.52      538.917     841.3738    0.190   0
        78    889.597    977.796 327.8062864 +28.7520271     3.43 0.0003703489  -9.2560 -11.0754   0.0220      26924.7     544.3468     871.8502    0.417   0
        79    269.684    971.572 327.8827876 +28.7511453     6.78 0.0007325335  -9.5113  -9.6931   0.0772     7537.668     535.5036     858.7949    0.289   0
        80    881.218    848.959 327.8076317 +28.7658884     5.92 0.0006391892 -10.3074 -11.1410   0.0207     28601.61     545.1752     934.7754    0.730   0
        81    343.348    846.643 327.8740094 +28.7647929     5.02 0.0005421573 -10.5655 -10.6060   0.0336     17474.88     540.1821     939.2792    0.090   0
        82    791.775    825.564 327.8187258 +28.7681878     4.73 0.0005106879 -10.5850 -10.5820   0.0343     17091.73     539.9455     1000.701    0.083   0
        83    765.299    907.209 327.8217944 +28.7593250     6.16 0.0006647159  -8.7263  -8.4086   0.2507     2309.062     532.9969     970.3529    0.263   0
        84    468.219    889.714 327.8584944 +28.7604673     5.02 0.0005419236 -10.7353 -10.7754   0.0288     20425.72     541.5609     940.7383    0.065   0
        85    912.639    883.487 327.8036710 +28.7622456     4.15 0.0004482899  -8.7668  99.0000  99.0000    -18033.36      531.973     847.1407    0.216   0
        86    114.120    864.715 327.9022497 +28.7622625     5.67  0.000612207 -11.1468 -11.1747   0.0201     29503.05     545.7058     872.7462    0.173   0
        87    655.154    847.053 327.8355324 +28.7655325     4.64 0.0005008245 -13.3443 -13.3908   0.0030     227152.7     629.7775     984.8859    0.037   0
        88    288.717    879.718 327.8806682 +28.7610907     5.30 0.0005721442 -10.5776 -10.5991   0.0338     17364.21     540.1161     912.6461    0.099   0
        89    115.643    840.016 327.9021240 +28.7649277     6.10 0.0006586196  -9.8530  -9.5892   0.0848     6850.123     535.1376     885.9872    0.221   0
        90    152.861    857.898 327.8974864 +28.7630961     4.51 0.0004871368  -8.5549  -8.7189   0.1885     3072.932     533.4752     890.0465    0.206   0
        91    525.120    924.675 327.8513871 +28.7568433     4.41 0.0004762904  -8.5394  -8.3468   0.2654     2181.395     533.1023     933.2195    0.262   0
        92    852.311    828.174 327.8112492 +28.7680565     4.78 0.0005157183 -11.2871 -11.4582   0.0156     38306.88     549.6951     985.0581    0.058   0
        93    881.877    795.126 327.8076806 +28.7716905     9.17  0.000990129 -11.3038 -11.2774   0.0183     32429.77     547.0742     945.6842    0.456   2
        94    688.157    916.226 327.8312910 +28.7581614     4.62 0.0004987116 -11.3248 -11.3893   0.0166     35952.55     548.6087     960.0512    0.063   0
        95    636.104    879.864 327.8378028 +28.7619496     6.03 0.0006513418  -8.9614  -8.8044   0.1743     3324.679     533.6082     968.4801    0.083   0
        96    303.836    797.988 327.8790063 +28.7699353     5.16 0.0005575909 -10.6025 -10.7216   0.0302     19437.77     540.9862     953.4276    0.093   0
        97    601.149    803.176 327.8423043 +28.7701251     4.87 0.0005258367 -10.2226 -10.2183   0.0478     12227.47     537.6885     994.3665    0.061   0
        98    179.596    927.120 327.8940140 +28.7557057     5.89 0.0006358419 -10.1749 -10.1401   0.0513     11377.81     537.2487     859.4086    0.190   0
        99     53.845    793.081 327.9098679 +28.7698266     6.42 0.0006935722 -10.3059 -10.3876   0.0409     14290.49     538.7213     884.3365    0.184   0
       100    323.648    793.571 327.8765724 +28.7704614     5.04 0.0005437676 -12.1870 -12.2380   0.0078     78556.74     567.7056     958.8259    0.055   0
       101    883.221    772.906 327.8075684 +28.7740880     6.91 0.0007466196 -10.5803 -11.2263   0.0192      30939.5     546.3635     949.7679    0.547   0
       102    648.424    783.480 327.8365186 +28.7723656     4.88 0.0005266261 -10.5662 -10.6029   0.0337     17424.28     540.1439     1005.128    0.066   0
       103    304.849    639.819 327.8792756 +28.7869802     5.93 0.0006403952  -9.8587 -10.0153   0.0575     10142.14     536.7629     1004.934    0.054   0
       104    707.786    767.420 327.8292321 +28.7742440     4.70  0.000507401 -10.6407 -10.7217   0.0302     19438.96     540.8535     1015.106    0.061   0
       105    511.194    765.293 327.8534984 +28.7739815     6.07  0.000655135  -8.9898  -8.8896   0.1612     3596.228     533.6603     995.2042    0.160   0
       106    883.605    746.190 327.8075857 +28.7769677     3.45 0.0003728097  -9.2820 -11.1256   0.0210     28200.07     544.9028     955.2611    0.428   0
       107    604.153    642.081 327.8423289 +28.7874905     5.33 0.0005757805  -9.3977  -9.4494   0.0965     6022.032     534.8854      1041.78    0.032   0
       108    243.051    762.344 327.8865965 +28.7736215     1.52 0.0001645124  -7.5886  -7.7193   0.4726     1223.792     532.5478     952.6016    0.076   0
       109    629.776    738.258 327.8389306 +28.7771915     4.80 0.0005179368 -12.3787 -12.4371   0.0066     94368.98     574.6684     1018.464    0.048   0
       110    778.792    697.719 327.8206388 +28.7819307     5.41 0.0005841684  -9.6260  -9.7099   0.0760     7655.244     535.5286     1037.145    0.073   0
       111     82.146    728.642 327.9065380 +28.7768423     5.83 0.0006297588 -10.7432 -10.8588   0.0267     22056.44     542.3131     917.9211    0.114   0
       112    495.929    730.468 327.8554681 +28.7776954     5.16 0.0005572575  -9.7454  -9.8246   0.0684     8508.127     536.0461     1007.615    0.044   0
       113    580.421    708.153 327.8450956 +28.7803119     5.15 0.0005557687  -9.3421  -9.4514   0.0963     6033.166     534.8157     1021.562    0.077   0
       114    235.396    713.696 327.8876628 +28.7788438     5.27 0.0005687135 -11.2056 -11.2681   0.0185     32155.21     546.8316     966.0909    0.077   0
       115    785.541    656.216 327.8199067 +28.7864194     5.45 0.0005880789  -9.9214 -10.0495   0.0557     10466.43     536.8989     1046.457    0.045   0
       116     88.259    648.045 327.9059867 +28.7855420     5.93 0.0006401479 -10.4801 -10.5696   0.0347     16898.25     539.8707     943.5593    0.130   0
       117    884.305    704.862 327.8075993 +28.7814225     4.43 0.0004788914  -9.4862 -11.0412   0.0227     26090.15     544.1547     965.3138    0.526   0
       118    410.156    684.229 327.8661682 +28.7824615     4.93 0.0005326403 -14.0499 -14.0853   0.0018     430633.7     705.9009     1016.192    0.020   0
       119    299.237    584.655 327.8801057 +28.7929099     5.12 0.0005533955 -12.4918 -12.5595   0.0060     105637.3     579.5774     1015.832    0.031   0
       120     23.556    557.425 327.9142014 +28.7951402     6.06 0.0006546569 -10.4469 -10.5453   0.0355     16524.27     539.6975     937.5719    0.199   0
       121    390.768    670.230 327.8685957 +28.7839210     5.13 0.0005538795  -9.4756  -9.7305   0.0746     7801.914      535.612      1017.07    0.213   0
       122    437.992    653.518 327.8628087 +28.7858408     4.91 0.0005299348 -12.9527 -12.9917   0.0042       157288     601.3511     1027.471    0.020   0
       123    878.474    674.819 327.8083916 +28.7846451     6.01 0.0006487832 -10.1826 -11.0857   0.0218     27183.12     544.6567     989.8638    0.555   0
       124    462.913    658.044 327.8597218 +28.7854160     5.43 0.0005865124  -9.5674  -9.6474   0.0805     7227.172     535.4484     1027.499    0.021   0
       125    886.999    901.488 327.8067915 +28.7602427     3.73 0.0004031779  -9.2723 -11.0858   0.0218      27184.6     544.5691     902.2457    0.376   0
       126    524.618    588.246 327.8522780 +28.7930918     5.58 0.0006024583  -8.6358  -9.3328   0.1073     5408.866     534.4938     1047.222    0.240   0
       127    889.120    958.377 327.8063922 +28.7541182     6.42 0.0006931245 -10.5606 -11.2426   0.0189     31408.84     546.5782     879.2909    0.072   2
       128    885.344    965.335 327.8068413 +28.7533592     6.83 0.0007373015 -10.6800 -11.2754   0.0184     32371.47      546.989     887.3129    0.256   0
       129    884.588    932.365 327.8070142 +28.7569098     9.78  0.001056464 -11.3832 -11.2372   0.0190     31251.02     546.3888     895.2117    0.656   0
       130    758.996    562.998 327.8234100 +28.7963977     4.13 0.0004456185  -8.2482  -8.8451   0.1678     3451.751     533.4576     1056.963    0.418   0
       131    538.003    600.896 327.8505947 +28.7917623     5.03 0.0005431533 -12.8911 -12.9515   0.0043     151565.1     598.9406     1047.781    0.032   0
       132    549.010    616.952 327.8491967 +28.7900599     5.15 0.0005559961 -11.0471 -11.1400   0.0207     28575.14     545.2365     1045.885    0.065   0
       133    692.058    597.587 327.8315879 +28.7925042     5.17 0.0005587747 -10.6255 -10.7263   0.0301     19522.34     541.0993     1053.054    0.048   0
       134    853.347   1007.251 327.8106878 +28.7487637     4.77 0.0005154003 -10.9054 -10.9916   0.0237     24926.27     543.5609     930.9852    0.165   0
       135    836.110    552.154 327.8139177 +28.7977574     6.31  0.000681619  -8.8798  99.0000  99.0000    -5030.816     532.0332     1056.188    0.090   0
       136    450.490    541.116 327.8615443 +28.7979834     6.71 0.0007247422  -8.7777  -9.2343   0.1175     4939.863     534.3194     1046.323    0.277   0
       137    884.005    879.694 327.8072136 +28.7625836     3.86 0.0004169145  -9.6719 -11.1827   0.0199     29722.84     545.7038     917.7027    0.071   0
       138    366.493    981.401 327.8708188 +28.7503316     5.24 0.0005655594 -12.8380 -12.8934   0.0045     143671.6     595.6097      877.439    0.103   0
       139    626.477    975.808 327.8387557 +28.7515876     4.84 0.0005221582 -11.1570 -11.2231   0.0192     30848.17     546.2484     924.8204    0.082   0
