#   1 NUMBER                 Running object number                                     
#   2 X_IMAGE                Object position along x                                    [pixel]
#   3 Y_IMAGE                Object position along y                                    [pixel]
#   4 ALPHA_J2000            Right ascension of barycenter (J2000)                      [deg]
#   5 DELTA_J2000            Declination of barycenter (J2000)                          [deg]
#   6 FWHM_IMAGE             FWHM assuming a gaussian core                              [pixel]
#   7 FWHM_WORLD             FWHM assuming a gaussian core                              [deg]
#   8 MAG_BEST               Best of MAG_AUTO and MAG_ISOCOR                            [mag]
#   9 MAG_APER               Fixed aperture magnitude vector                            [mag]
#  10 MAGERR_APER            RMS error vector for fixed aperture mag.                   [mag]
#  11 FLUX_APER              Flux vector within fixed circular aperture(s)              [count]
#  12 FLUXERR_APER           RMS error vector for aperture flux(es)                     [count]
#  13 BACKGROUND             Background at centroid position                            [count]
#  14 ELLIPTICITY            1 - B_IMAGE/A_IMAGE                                       
#  15 FLAGS                  Extraction flags                                          
         1    835.608    290.205 200.9225747 +36.2037709   107.89   0.01164101 -14.8110 -12.1393   0.0106      71734.4     703.1883     1220.309    0.842  19
         2    831.422    132.125 200.9234721 +36.2207767   154.31   0.01664867 -15.6483 -12.3515   0.0088     87215.31     708.8356     1159.944    0.855  18
         3    539.510     34.183 200.9627939 +36.2304513     8.37 0.0009025955  -9.9008 -10.0248   0.0723     10231.02     681.2192     1236.907    0.365   0
         4    491.989     74.944 200.9690718 +36.2259204     6.81 0.0007350325 -10.3060 -10.1983   0.0617     12003.95     681.7553     1254.178    0.339   0
         5    558.673    130.607 200.9600161 +36.2201283     7.19  0.000775432  -9.9628 -10.1589   0.0639     11575.67     681.5792     1300.048    0.265   0
         6    627.397    150.614 200.9507657 +36.2181800     8.69 0.0009374107 -10.7901 -10.8561   0.0338     22001.49     685.1653     1322.824    0.278   0
         7    261.004    293.992 200.9995294 +36.2016406     4.20 0.0004529215  -8.8124  -9.8705   0.0833     8875.276     680.4735     1316.961    0.009   0
         8    209.188    316.396 201.0064192 +36.1990710     5.16 0.0005571188 -10.1408 -10.0631   0.0698     10598.33     681.0109     1313.649    0.267   0
         9    462.274    376.697 200.9723900 +36.1933461     4.35 0.0004697957  -9.1559  -8.9067   0.2018     3653.099     678.7626     1384.662    0.190   0
        10    904.783    435.075 200.9130026 +36.1883789     4.04 0.0004362108 -11.2287  99.0000  99.0000    -17396.78     677.4349     960.2916    0.103   0
        11    189.461    529.457 201.0085828 +36.1760740     4.47 0.0004820221 -10.3809 -10.4360   0.0496     14941.42     682.8316     1368.533    0.112   0
        12    802.518    800.109 200.9259193 +36.1487790     8.30 0.0008956847 -11.3350 -11.5529   0.0180     41800.22     692.6141     1345.025    0.256   2
        13    695.868    439.853 200.9409698 +36.1872462     1.53 0.0001654452  -7.9768  -9.7181   0.0958     7713.621     680.1229     1403.669    0.176   0
        14    888.069    888.230 200.9142818 +36.1395449    58.25  0.006285244 -13.8346 -12.4817   0.0079      98328.6     712.7808     544.7549    0.133  16
        15    463.958    489.258 200.9719173 +36.1812334     4.33 0.0004671886 -12.2314 -12.3199   0.0091     84716.52     707.9537     1404.198    0.100   0
        16    845.163    472.829 200.9209066 +36.1841386     7.68 0.0008281225 -11.4308 -11.3592   0.0214     34967.18     690.1434     1295.957    0.224   0
        17    840.770    830.553 200.9207346 +36.1456147    78.28  0.008446183 -13.8677 -12.8507   0.0057     138131.7     726.5536     1083.196    0.473  16
        18    884.608    616.893 200.9153194 +36.1687457     4.08 0.0004404514 -11.5957  99.0000  99.0000    -16256.65     677.3966      1184.08    0.102   0
        19    118.837    710.406 201.0176303 +36.1563783     5.08 0.0005483826  -9.1289  -9.4795   0.1192     6191.401     679.4677     1339.494    0.191   0
        20    451.150    529.742 200.9735433 +36.1768365     4.28 0.0004619566 -12.1030 -12.1745   0.0103     74096.82     704.1383     1404.135    0.105   0
        21    180.333    776.884 201.0092491 +36.1494097     4.81 0.0005192358  -8.8723 -10.1247   0.0660     11217.27     681.5811     1345.518    0.285   0
        22    327.415    461.434 200.9902626 +36.1838163     4.63 0.0005000288 -10.5289 -10.7151   0.0385     19321.49     684.3765     1389.045    0.138   0
