#   1 NUMBER                 Running object number                                     
#   2 X_IMAGE                Object position along x                                    [pixel]
#   3 Y_IMAGE                Object position along y                                    [pixel]
#   4 ALPHA_J2000            Right ascension of barycenter (J2000)                      [deg]
#   5 DELTA_J2000            Declination of barycenter (J2000)                          [deg]
#   6 FWHM_IMAGE             FWHM assuming a gaussian core                              [pixel]
#   7 FWHM_WORLD             FWHM assuming a gaussian core                              [deg]
#   8 MAG_BEST               Best of MAG_AUTO and MAG_ISOCOR                            [mag]
#   9 MAG_APER               Fixed aperture magnitude vector                            [mag]
#  10 MAGERR_APER            RMS error vector for fixed aperture mag.                   [mag]
#  11 FLUX_APER              Flux vector within fixed circular aperture(s)              [count]
#  12 FLUXERR_APER           RMS error vector for aperture flux(es)                     [count]
#  13 BACKGROUND             Background at centroid position                            [count]
#  14 ELLIPTICITY            1 - B_IMAGE/A_IMAGE                                       
#  15 FLAGS                  Extraction flags                                          
         1    833.372    193.230 238.0206888 +33.0296037   191.76   0.02060155 -15.8786 -12.2763   0.0096     81377.38     720.2496     1216.666    0.914  16
         2    452.216    117.630 238.0698476 +33.0367042     6.61 0.0007096967 -14.2123 -14.2496   0.0018     501017.9     853.4737     1301.481    0.192   0
         3    429.423    191.642 238.0726327 +33.0287235     6.46  0.000694469 -10.2813 -10.3054   0.0571     13248.81     696.2589       1338.3    0.257   0
         4     53.757    246.350 238.1208246 +33.0218728     8.74 0.0009389109 -10.7481 -10.7889   0.0367      20680.6      699.019     1228.908    0.372   0
         5    169.281    266.551 238.1059310 +33.0200191     6.41 0.0006883814 -11.8437 -11.9049   0.0134     57803.28     712.2289     1299.797    0.248   0
         6    292.483    281.686 238.0900611 +33.0187260     6.89 0.0007400705  -9.5598  -9.5924   0.1097     6869.935     693.9647     1351.743    0.313   0
         7    280.222    283.790 238.0916332 +33.0184684     8.53 0.0009164178  -9.4023  -9.5944   0.1095     6882.608     693.7157     1349.288    0.166   0
         8    261.015    293.992 238.0940822 +33.0173258   -19.21 -0.002063222  -8.8307  -9.7410   0.0957     7877.441     694.1131     1349.194    0.012   0
         9    485.353    357.009 238.0651167 +33.0111724     5.26 0.0005645937 -12.4979 -12.5352   0.0077     103299.4     727.8561     1415.885    0.148   0
        10     43.502    843.485 238.1209309 +32.9579395     3.74 0.0004023174  -8.9681 -10.6271   0.0425     17817.98     698.0138     1277.671    0.573   0
        11    888.060    887.860 238.0123379 +32.9554030    58.08  0.006239297 -13.8515 -12.5112   0.0078     101040.2     727.0239     555.8703    0.145  16
        12    714.292    881.678 238.0346748 +32.9556171     3.72 0.0003995796 -10.3570  99.0000  99.0000    -34537.33     691.5245     1157.372    0.060   0
        13    839.475    829.676 238.0186907 +32.9615053    80.12  0.008606999 -13.8064 -12.9123   0.0055     146187.6      742.605      1135.87    0.375  16
        14    661.046    780.483 238.0417112 +32.9663093     8.84 0.0009491671 -10.2062 -10.3926   0.0527     14356.61     696.7924     1466.877    0.146   0
        15     94.977    777.108 238.1144517 +32.9651807     4.72 0.0005073771 -11.1065 -11.0709   0.0284     26814.59     701.1321     1364.573    0.175   0
        16    702.114    781.332 238.0364326 +32.9663249     4.67 0.0005015709 -11.1687 -11.2435   0.0243      31433.7      702.912     1467.152    0.046   0
        17    709.558    771.052 238.0354959 +32.9674443     4.69 0.0005043001 -10.3688 -10.4727   0.0490     15454.75     697.1863     1467.185    0.028   0
        18    717.228    644.428 238.0347541 +32.9810157     4.73 0.0005080345 -11.4155 -11.4875   0.0195     39356.11     705.5323     1459.395    0.030   0
        19    649.869    702.867 238.0432975 +32.9745869     4.23  0.000454543  -9.1107 -10.1293   0.0671     11265.02     695.6628     1466.119    0.190   0
        20    549.663    673.885 238.0562308 +32.9774278     7.79 0.0008369011  -9.0313  -8.9888   0.1910     3940.195      693.045     1463.692    0.178   0
        21    707.315    679.369 238.0359608 +32.9772506     4.83  0.000519325 -10.8875 -11.0318   0.0294     25865.26     700.7743     1465.401    0.025   0
