#   1 NUMBER                 Running object number                                     
#   2 X_IMAGE                Object position along x                                    [pixel]
#   3 Y_IMAGE                Object position along y                                    [pixel]
#   4 ALPHA_J2000            Right ascension of barycenter (J2000)                      [deg]
#   5 DELTA_J2000            Declination of barycenter (J2000)                          [deg]
#   6 FWHM_IMAGE             FWHM assuming a gaussian core                              [pixel]
#   7 FWHM_WORLD             FWHM assuming a gaussian core                              [deg]
#   8 MAG_BEST               Best of MAG_AUTO and MAG_ISOCOR                            [mag]
#   9 MAG_APER               Fixed aperture magnitude vector                            [mag]
#  10 MAGERR_APER            RMS error vector for fixed aperture mag.                   [mag]
#  11 FLUX_APER              Flux vector within fixed circular aperture(s)              [count]
#  12 FLUXERR_APER           RMS error vector for aperture flux(es)                     [count]
#  13 BACKGROUND             Background at centroid position                            [count]
#  14 ELLIPTICITY            1 - B_IMAGE/A_IMAGE                                       
#  15 FLAGS                  Extraction flags                                          
         1    854.660     93.504 327.8128403 +28.8471830    86.34  0.009334986 -13.7477 -11.5052   0.0103     40001.96     379.4588     633.2189    0.413  19
         2    821.499     50.637 327.8170437 +28.8517225    61.70  0.006670943 -12.9935 -11.1762   0.0137     29544.46     372.4582     582.7141    0.638   3
         3    591.421     30.276 327.8455617 +28.8533431     4.97 0.0005371079 -12.9729 -12.9600   0.0032     152753.2     447.6053     632.4332    0.107   0
         4    819.000      7.322 327.8174544 +28.8563865    56.57  0.006116956 -12.4545 -11.2676   0.0113     32140.13     335.5329     492.5145    0.776  24
         5    478.829      3.154 327.8595587 +28.8559838     2.32 0.0002512099  -7.6013  99.0000  99.0000    -4344.687     275.4044     589.5649    0.040  19
         6    478.808      9.885 327.8595452 +28.8552580     4.39 0.0004744148 -11.4608 -11.3107   0.0115     33440.93     353.0216     597.5617    0.225  18
         7    752.543     57.513 327.8255603 +28.8508096     5.66  0.000612345 -12.8152 -12.8733   0.0034     141036.9     441.0288     642.6841    0.041   2
         8    794.496     59.809 327.8203637 +28.8506665     7.68 0.0008301662 -10.9028 -11.2496   0.0128     31611.28     373.8523     617.2232    0.030   3
         9    814.106     69.985 327.8179134 +28.8496181    10.26  0.001109443 -11.1059 -11.2622   0.0127     31981.26     374.1278     626.4895    0.057   3
        10    565.895     81.942 327.8485978 +28.8477084     4.94 0.0005341888 -12.7848 -12.8550   0.0034     138677.8     439.6975     684.1893    0.064   0
        11    767.381     55.532 327.8237288 +28.8510601     8.08 0.0008733034  -9.7787 -10.7516   0.0199     19981.13     366.0404     629.0414    0.213   3
        12    617.587     95.384 327.8421699 +28.8463889     4.97 0.0005374152 -13.1683 -13.2232   0.0026     194658.2     470.3242     698.7524    0.047   0
        13    357.076     65.210 327.8744759 +28.8489849     7.99  0.000863737  -9.0556  -9.5760   0.0573     6766.916     356.8226     654.1553    0.244   0
        14    320.497     78.008 327.8789712 +28.8475122     3.74 0.0004044226  -8.2427  -9.8121   0.0462     8410.473     357.9624     667.4487    0.379   0
        15    735.733    106.854 327.8275243 +28.8454477     5.04 0.0005444068 -12.4432 -12.4910   0.0046     99174.14      416.556      700.093    0.065   0
        16    411.487     81.955 327.8677033 +28.8473174     3.77 0.0004072491  -8.1762  -9.6835   0.0520     7471.051     357.3941     677.5505    0.387   0
        17     33.690    115.967 327.9143658 +28.8426859     5.05 0.0005463727  -9.8826  -9.9241   0.0418     9324.731     358.6297     671.5104    0.055   0
        18    512.420    135.076 327.8550881 +28.8418449     4.74 0.0005121215 -11.2060 -11.2315   0.0130     31087.13     373.5298     699.6388    0.066   0
        19      4.494    129.012 327.9179464 +28.8412042     4.93 0.0005328805  -9.2470  -8.8634   0.0899     3510.436     290.6734     669.6448    0.021  16
        20    587.273    191.682 327.8456926 +28.8359301     4.71 0.0005097782 -14.7284 -14.7596   0.0010     801350.8     724.3414      702.463    0.044   0
        21    416.567    141.340 327.8669327 +28.8409275     4.98    0.0005386  -9.5907  -9.6240   0.0548     7072.688     357.1153     696.7493    0.063   0
        22    696.920    191.767 327.8321267 +28.8361956     4.81 0.0005198744 -14.4511 -14.4842   0.0012     621858.2     659.4665     703.7532    0.058   0
        23    172.087    140.086 327.8971840 +28.8404406     5.07 0.0005484725  -9.2399  -9.1136   0.0873     4420.076     355.2041     682.6561    0.062   0
        24    364.252    143.114 327.8734011 +28.8406037     5.92 0.0006400655  -8.3083  -8.2416   0.1939     1979.833     353.5221     695.0842    0.322   0
        25    928.411    144.364 327.8035964 +28.8418820     4.46 0.0004824285  -8.3256  99.0000  99.0000     -80.3033     270.0028     611.0227    0.298  24
        26    360.385    152.761 327.8738564 +28.8395537     4.56 0.0004935196 -10.0572 -10.1646   0.0336     11637.33      360.209      695.513    0.126   0
        27    121.488    187.924 327.9033282 +28.8351533     4.58 0.0004946729 -12.1996 -12.2647   0.0055     80514.15     405.2975     680.5569    0.012   0
        28    351.016    178.593 327.8749536 +28.8367449     4.83 0.0005219364  -9.3642  -9.5173   0.0604     6411.038     356.4846     695.9225    0.091   0
        29    771.378    178.763 327.8229452 +28.8377834     6.38 0.0006898339  -9.2626  -9.5342   0.0595     6511.524     356.6436     702.3799    0.176   0
        30    496.303    188.443 327.8569550 +28.8360504     4.77 0.0005157206  -9.5515  -9.6376   0.0542     7162.088     357.1386     700.3843    0.076   0
        31    170.567    198.835 327.8972298 +28.8341025     4.76 0.0005142556  -9.9403 -10.1397   0.0344     11373.59     360.0551     684.6119    0.081   0
        32    388.120    217.135 327.8702708 +28.8326834     4.49 0.0004854539 -12.3668 -12.4270   0.0048     93501.52     413.2054     697.6605    0.032   0
        33    176.141    217.310 327.8964954 +28.8321249     4.50 0.0004863922 -11.9146 -11.9734   0.0069     61568.34     393.4198      685.203    0.035   0
        34    491.371    204.971 327.8575260 +28.8342559     4.93 0.0005329915  -8.9883  -9.1207   0.0867     4449.261      355.195     700.4775    0.107   0
        35    440.990    205.248 327.8637583 +28.8340989     5.18 0.0005597865  -8.5817  -8.8439   0.1117     3447.912     354.5093     699.0357    0.102   0
        36     96.187    242.037 327.9063268 +28.8292540     4.53 0.0004893814 -12.8224 -12.8696   0.0034     140549.1     440.6806     678.9328    0.029   0
        37    769.300    215.738 327.8231155 +28.8337917     5.05 0.0005456525  -8.7878  -8.9910   0.0976     3948.288     354.8917      703.652    0.141   0
        38    146.187    225.833 327.9001805 +28.8311293     6.19 0.0006690593  -8.3993  -8.5345   0.1482     2592.932     353.8266     682.9848    0.136   0
        39    799.008    240.571 327.8193819 +28.8311881     4.81 0.0005203559 -10.6993 -10.8196   0.0187     21272.95     366.7591     703.2966    0.094   0
        40    760.621    262.246 327.8240801 +28.8287556     4.85  0.000523982 -12.7118 -12.7664   0.0037     127814.4     433.4364     703.6948    0.087   0
        41    807.986    260.197 327.8182253 +28.8290944     9.98  0.001079529 -10.6065 -10.5719   0.0233      16934.6     363.7706     702.4576    0.057   0
        42    738.293    243.921 327.8268854 +28.8306757     5.37 0.0005802028  -8.7662  -9.3981   0.0673      5744.54     356.1449     704.2369    0.512   0
        43     73.698    267.090 327.9090479 +28.8264951     4.58 0.0004948446 -11.7383 -11.8084   0.0080     52888.16     387.8919     676.2646    0.023   0
        44    413.876    281.632 327.8669301 +28.8257947     4.44 0.0004798637 -11.5040 -11.5729   0.0097     42575.41     381.1321     698.6431    0.044   0
        45     99.401    264.113 327.9058755 +28.8268821     4.97 0.0005372253  -8.6321  -9.3496   0.0704     5493.548     355.9391     679.2039    0.211   0
        46    776.666    274.716 327.8220660 +28.8274510     4.83 0.0005221236 -10.1771 -10.3853   0.0276     14259.98     362.1215     703.1282    0.134   0
        47    692.429    267.368 327.8325043 +28.8280331     5.61 0.0006070656  -8.6035  -8.4170   0.1651     2327.085     353.7081     703.9794    0.126   0
        48     66.860    282.759 327.9098556 +28.8247882     4.62 0.0004996595 -10.4490 -10.5453   0.0239     16524.02      363.633     675.4156    0.018   0
        49     99.390    273.992 327.9058528 +28.8258170     5.79 0.0006256977  -8.2836  -8.8507   0.1109     3469.668     354.3861      679.201    0.215   0
        50    128.908    274.918 327.9021990 +28.8257928     1.43 0.0001543361  -7.7002  -7.1381   0.5344     716.5139     352.6077     681.4012    0.024   0
        51     23.569    280.216 327.9152171 +28.8249510     6.46  0.000698617  -8.4077  -8.6878   0.1288     2986.162     354.1043     670.2005    0.202   0
        52    611.813    292.642 327.8424176 +28.8251063     4.51 0.0004876223 -10.4843 -10.5853   0.0231      17144.9     364.0018     702.0635    0.088   0
        53    144.112    282.667 327.9002993 +28.8249963     5.28 0.0005703722  -7.8298  -6.9313   0.6465     592.2702     352.5594     682.4488    0.274   0
        54    833.369    289.900 327.8150156 +28.8259549     5.07 0.0005476758  -9.0089  -8.6088   0.1385     2776.579     354.0653     700.6578    0.146   0
        55    438.882    289.943 327.8638168 +28.8249618     4.86 0.0005257427  -9.2734  -9.5389   0.0592     6539.567     356.7419     698.9944    0.072   0
        56    473.453    293.478 327.8595318 +28.8246680     4.50 0.0004866093  -9.0864  -9.2793   0.0750     5148.841     355.7561     699.3923    0.170   0
        57    556.918    294.332 327.8492046 +28.8247862     4.98 0.0005383783  -8.7392  -8.8103   0.1152     3342.853     354.5144     701.0732    0.140   0
        58    324.704    297.970 327.8779222 +28.8238070     4.21  0.000455273  -7.6949  -8.0743   0.2261      1697.09     353.2924     694.5085    0.082   0
        59    160.556    299.820 327.8982235 +28.8231890     6.02 0.0006504803  -8.1667  -8.0120   0.2394     1602.471     353.1956     683.6229    0.334   0
        60    747.716    310.899 327.8255624 +28.8234777     4.82 0.0005207571 -10.3138 -10.3937   0.0274     14371.11     362.1982     703.1774    0.063   0
        61    599.664    308.323 327.8438834 +28.8233851     4.53 0.0004899591  -9.8602 -10.0548   0.0371      10517.6     359.4993     701.6008    0.052   0
        62     23.019    305.985 327.9152222 +28.8221712     4.79 0.0005182316  -8.1495  -8.0409   0.2330     1645.774      353.117     670.0953    0.013   0
        63    292.844    327.874 327.8817914 +28.8205018     4.35 0.0004703752 -11.8914 -11.9637   0.0070     61018.31     393.0345     692.0552    0.041   0
        64    252.297    312.167 327.8868451 +28.8220921     4.87 0.0005266782  -8.6796  -9.0912   0.0891     4329.773     355.1307     689.6951    0.202   0
        65    656.868    311.705 327.8367989 +28.8231638     3.76 0.0004061037  -8.2983  -8.6140   0.1378      2789.86     354.1044     702.5154    0.219   0
        66    219.725    317.411 327.8908616 +28.8214436     4.87 0.0005264724  -8.3639  -8.6394   0.1346     2855.983     354.0818     687.7742    0.091   0
        67    823.418    322.617 327.8161702 +28.8224027     4.62 0.0005000074  -9.7231  -9.6585   0.0531     7301.023     357.0886     700.5845    0.074   0
        68    466.371    318.628 327.8603479 +28.8219386     8.49 0.0009178009  -9.0726  -9.1609   0.0836     4616.824      355.313     698.8572    0.519   0
        69    392.151    345.343 327.8694652 +28.8188705     4.39 0.0004746801 -12.0767 -12.1414   0.0060     71869.59     399.8684     696.7557    0.040   0
        70     89.831    352.167 327.9068451 +28.8173638     4.45 0.0004813937 -13.0082 -13.0539   0.0030     166550.2     455.2384     677.8665    0.037   0
        71    901.060    333.554 327.8065399 +28.8214160     4.78  0.000516613  -9.3380  -7.4213   0.4118      930.091     352.7194     659.9714    0.179   0
        72    150.424    338.160 327.8993840 +28.8190294     4.55 0.0004923986  -9.8847  -9.9193   0.0419     9283.989     358.6013     682.7867    0.048   0
        73    330.928    351.027 327.8770248 +28.8181023     4.42 0.0004781649  -9.6010  -9.7401   0.0493     7870.965     357.6247     694.7173    0.106   0
        74    120.729    381.683 327.9029515 +28.8142608     4.43 0.0004790194 -12.3684 -12.4292   0.0048     93690.88     413.3285     679.2772    0.149   0
        75    759.183    382.545 327.8239758 +28.8157815     4.50  0.000486503 -12.0313 -12.0978   0.0063     69040.88     398.0959     701.1385    0.089   3
        76    909.666    384.270 327.8053574 +28.8159692     4.39  0.000474431  -9.8607  -7.6014   0.3491     1097.917      352.888      651.607    0.206   0
        77    757.374    395.046 327.8241702 +28.8144291     4.50  0.000486944 -10.9832 -11.0953   0.0147     27423.61     371.0509     700.9785    0.081   3
        78    429.281    386.936 327.8647729 +28.8144800     4.19 0.0004529625  -7.8865  -8.2271   0.1965     1953.559     353.5333     696.8472    0.081   0
        79    594.614    399.750 327.8442917 +28.8135149     4.43 0.0004794836  -9.8253  -9.9649   0.0403     9681.803     358.8883     699.5926    0.081   0
        80    561.950    402.165 327.8483263 +28.8131725     4.48 0.0004844119  -9.7707  -9.7775   0.0477     8147.382     357.8375      698.722    0.116   0
        81     41.655    395.659 327.9126983 +28.8125509     5.62 0.0006074233  -8.6887  -8.9727   0.0993     3882.238     354.8056     670.4736    0.149   0
        82    619.330    422.708 327.8411802 +28.8111016     4.37 0.0004719951 -12.4747 -12.5426   0.0044     104001.4       419.51      699.493    0.046   0
        83    675.105    413.355 327.8343034 +28.8122497     3.40 0.0003679138  -7.8630  -7.8393   0.2805     1366.851     353.0785     700.4058    0.282   0
        84    902.980    413.985 327.8061152 +28.8127487     3.37 0.0003641636  -6.4366  99.0000  99.0000    -5207.373     351.9499     659.7615    0.041   0
        85    446.604    423.457 327.8625429 +28.8105861     4.46 0.0004823292  -9.9912 -10.0319   0.0379     10298.05     359.2783     696.8062    0.096   0
        86    512.616    436.694 327.8543465 +28.8093255     4.33 0.0004676911 -10.2188 -10.2547   0.0310      12643.4     360.9746     697.4659    0.099   0
        87    234.338    428.142 327.8887868 +28.8095422     3.61 0.0003901167  -8.0772  -8.7796   0.1184      3249.54     354.3595     685.3472    0.268   0
        88    482.860    429.928 327.8580430 +28.8099799     4.85 0.0005243832  -9.2325  -9.2384   0.0779     4958.815     355.6127     697.2927    0.106   0
        89    285.588    444.524 327.8824083 +28.8079064     4.17 0.0004513517 -11.1164 -11.1868   0.0136     29835.15     372.6533     689.9956    0.048   0
        90    316.816    441.172 327.8785538 +28.8083473     4.35  0.000470385  -9.3110  -9.4071   0.0668     5792.208     356.0504     692.1702    0.045   0
        91    877.987    466.259 327.8090849 +28.8070507     4.39 0.0004748697 -11.6888 -11.7967   0.0080     52323.06     387.4641     684.5807    0.074   0
        92    833.112    447.587 327.8146790 +28.8089526     5.62 0.0006074862  -8.1740  99.0000  99.0000    -584.6823     352.0994     698.7274    0.188   0
        93    179.575    454.864 327.8954956 +28.8065212     4.16 0.0004501862 -10.4168 -10.4462   0.0261     15082.66       362.66     681.9225    0.062   0
        94    142.992    451.695 327.9000279 +28.8067693     5.00 0.0005402032  -8.4718  -8.0660   0.2278     1684.252     353.2634      679.131    0.055   0
        95    494.773    483.686 327.8564416 +28.8042139     4.24  0.000458017 -12.3755 -12.4404   0.0047     94655.91     413.8779     696.8157    0.041   0
        96    270.016    461.691 327.8842930 +28.8060159     4.22 0.0004565182  -7.8876  -8.6797   0.1298     2964.114     354.2076     688.0613    0.093   0
        97    490.396    471.385 327.8570123 +28.8055292     5.04 0.0005446698  -8.8237  -9.2281   0.0786     4911.638     355.3822     696.8838    0.117   0
        98    550.192    494.143 327.8495625 +28.8032260     4.23 0.0004575702 -11.5987 -11.6621   0.0090      46219.6     383.4601     697.2537    0.060   0
        99    331.178    482.279 327.8766788 +28.8039517     4.34 0.0004692714  -9.8196  -9.8768   0.0436     8927.172     358.3916     691.9281    0.018   0
       100     81.930    492.621 327.9074809 +28.8022001     4.74 0.0005121005  -9.2962  -9.4269   0.0656     5898.491     356.2825     671.6276    0.077   0
       101    236.544    496.774 327.8883483 +28.8021480     4.27 0.0004612029  -9.6635  -9.8123   0.0462     8412.231      358.042     684.3546    0.032   0
       102    588.845    492.102 327.8447866 +28.8035432     4.05  0.000437711  -8.0440  -8.0927   0.2223     1726.182      353.303     697.6099    0.449   0
       103    414.219    564.620 327.8662114 +28.7952843     4.10 0.0004427639 -14.5117 -14.5481   0.0011     659548.2     673.5249     692.7312    0.036   0
       104    655.578    526.250 327.8364524 +28.8000287     5.16 0.0005583593  -7.8135  -8.2188   0.1980     1938.827     353.4435     697.9224    0.500   0
       105    601.408    802.318 327.8424991 +28.7701277     3.88  0.000419568 -10.2418 -10.2590   0.0309     12694.62     360.9712     678.7006    0.051   0
       106    847.981   1024.580 327.8114937 +28.7467786     4.07 0.0004396133 -10.1000 -10.1568   0.0287     11553.67     305.1346     660.1127    0.082  24
       107    873.931   1003.853 327.8083341 +28.7490777     5.57 0.0006022515  -9.0022  -9.4942   0.0617     6276.039     356.4785     655.0494    0.119   0
       108     67.964   1002.018 327.9079689 +28.7472425     1.26 0.0001362562  -6.7104  99.0000  99.0000    -1454.612     352.0296      559.568    0.046   0
       109    782.652    978.027 327.8196783 +28.7516357     3.96 0.0004277812 -14.6523 -14.6884   0.0010     750505.6     706.5598     664.0269    0.061   0
       110    238.104    984.947 327.8869783 +28.7495184     4.80 0.0005188726 -10.4584 -10.5646   0.0235     16821.06     363.8372     630.1265    0.161   0
       111    366.653    980.608 327.8710978 +28.7503129     4.37 0.0004720762 -12.8379 -12.8935   0.0033       143678     442.4759     642.5674    0.112   0
       112     54.008    792.470 327.9102039 +28.7697996     5.07 0.0005480489 -10.2656 -10.3780   0.0278     14164.57     361.9975     644.1752    0.204   0
       113    216.801    802.607 327.8900517 +28.7691235     3.43 0.0003704872  -7.5287  -7.8341   0.2818     1360.342     352.9745     658.7502    0.420   0
       114    304.080    797.217 327.8792735 +28.7699269     4.20 0.0004535929 -10.6208 -10.7440   0.0200      19842.9     365.9076     665.7728    0.076   0
       115    852.411    827.394 327.8114058 +28.7680501     3.85 0.0004166409 -11.2240 -11.3248   0.0120     33877.32     375.2525     675.8275    0.061   0
       116    114.173    863.953 327.9025917 +28.7622469     4.72 0.0005104669 -11.1845 -11.2612   0.0127      31949.3     374.0783     640.2337    0.171   0
       117    636.308    879.489 327.8380020 +28.7618947     4.15 0.0004483026  -9.1506  -9.3422   0.0709     5456.201     355.9917     670.2432    0.049   0
       118    392.504    790.037 327.8683578 +28.7709253     3.44 0.0003724772  -7.6671  -8.3248   0.1796     2137.609     353.5841     670.1442    0.371   0
       119    918.029    893.774 327.8031385 +28.7610555     3.76 0.0004060535  -8.0795  99.0000  99.0000    -5895.431     344.8326     626.9921    0.101  16
       120    648.653    782.637 327.8367041 +28.7723681     3.94 0.0004257587 -10.6021 -10.6776   0.0212     18665.05     365.1212     682.2094    0.043   0
       121    841.750    851.453 327.8126678 +28.7654295     5.14  0.000555558  -8.0079  -8.5146   0.1510     2545.885     353.8727     674.1343    0.231   0
       122    912.567    882.596 327.8038397 +28.7622472     4.01  0.000433946  -9.2652  -6.5670   0.9035     423.4364     352.2605     631.9124    0.139   0
       123    152.271    857.581 327.8978971 +28.7630314     4.14 0.0004471606  -8.6736  -8.7208   0.1250     3078.481     354.2982      645.747    0.171   0
       124    661.356    746.423 327.8352187 +28.7763043     4.54 0.0004914075  -7.8984  -8.4357   0.1623     2367.502     353.7268     685.7849    0.139   0
       125    688.426    915.467 327.8314738 +28.7581459     3.85 0.0004162918 -11.3252 -11.3876   0.0114     35895.36     376.7435     668.0157    0.093   0
       126    288.895    878.999 327.8809544 +28.7610708     4.30  0.000465313 -10.5864 -10.6593   0.0216     18353.17     364.8211     653.0664    0.131   0
       127    707.976    766.704 327.8294065 +28.7742342     3.87 0.0004188432 -10.6181 -10.6724   0.0213      18575.6     365.0504     685.3311    0.083   0
       128    655.380    846.246 327.8357224 +28.7655266     3.86 0.0004177996 -13.3524 -13.4009   0.0023     229266.8     488.4602     675.7413    0.046   0
       129    468.454    888.908 327.8587316 +28.7604572     4.02 0.0004345827 -10.7900 -10.8963   0.0175     22830.59     367.9623     660.2559    0.060   0
       130    511.344    764.678 327.8537243 +28.7739596     4.04 0.0004367955  -8.9191  -8.9582   0.1006     3830.663     354.8582     678.2579    0.114   0
       131    348.123    919.664 327.8735345 +28.7568368     3.03 0.0003281521  -8.2731  -8.8410   0.1120     3438.705     354.5325     649.5113    0.261   0
       132    580.748    707.288 327.8452785 +28.7803218     4.22 0.0004560743  -9.2965  -9.5123   0.0607     6381.516     356.6016     686.9013    0.036   0
       133    765.349    906.172 327.8219857 +28.7593400     4.22 0.0004567089  -8.8273  -9.0334   0.0939     4105.376     355.0221     671.3964    0.118   0
       134    496.077    729.711 327.8556952 +28.7776912     4.13 0.0004468796  -9.8012  -9.9405   0.0412     9467.153      358.817     681.5012    0.062   0
       135    629.988    737.456 327.8391185 +28.7771926     3.92 0.0004239862 -12.3913 -12.4569   0.0047     96110.97     414.7559     685.1396    0.041   0
       136    779.019    696.968 327.8207854 +28.7819302     4.15 0.0004488176  -9.6761  -9.8018   0.0467     8331.752     357.9074     691.3865    0.112   0
       137    606.643    711.090 327.8420675 +28.7799769     6.15 0.0006644363  -8.3432  -8.4572   0.1591     2414.797     353.8098      687.447    0.214   0
       138     82.263    727.973 327.9068674 +28.7768260     4.67 0.0005045244 -10.6481 -10.7582   0.0198     20104.13     366.1148      654.921    0.099   0
       139    235.540    713.014 327.8879508 +28.7788309     4.25 0.0004593201 -11.1937 -11.2863   0.0124     32699.31     374.5792      670.255    0.063   0
       140    839.978    657.484 327.8133396 +28.7863387     3.16 0.0003415396  -7.5011  -3.3503  17.4739     21.88324     352.1049     692.5042    0.371   0
       141     88.365    647.311 327.9063089 +28.7855384     4.59  0.000495875 -10.4730 -10.5951   0.0229     17299.18     364.1366     663.2888    0.100   0
       142    305.027    638.902 327.8795367 +28.7869984     4.37  0.000472426  -9.6453  -9.7463   0.0491     7916.102     357.6954     682.3721    0.074   0
       143    549.252    616.153 327.8493893 +28.7900687     4.13 0.0004468609 -11.0634 -11.1705   0.0138      29390.1     372.3829     695.0583    0.093   0
       144    410.387    683.445 327.8664013 +28.7824631     3.99 0.0004318967 -14.0578 -14.0981   0.0015     435744.2       584.64     685.2404    0.036   0
       145    604.324    641.505 327.8425188 +28.7874736     4.25 0.0004592431  -9.4749  -9.4004   0.0672     5756.295     356.1729     694.2036    0.110   0
       146    458.024    989.691 327.8597810 +28.7495647     4.31 0.0004662701 -10.3732 -10.4200   0.0267     14722.75     362.3828      646.007    0.118   0
       147    438.203    652.753 327.8630349 +28.7858427     4.02 0.0004341643 -12.9626 -13.0141   0.0031     160561.6     451.8679     688.6436    0.030   0
       148    785.805    655.384 327.8200437 +28.7864305     4.16 0.0004500876  -9.9078 -10.0530   0.0372     10500.74     359.3022     694.6573    0.077   0
       149    390.846    669.537 327.8688509 +28.7839132     4.32 0.0004675536  -9.5720  -9.9501   0.0408     9551.162     358.7777     685.6273    0.095   0
       150    790.373    664.901 327.8194566 +28.7854158     4.77 0.0005153536  -8.0799  -8.8469   0.1114     3457.617     354.5656     694.2482    0.245   0
       151    463.149    657.225 327.8599395 +28.7854235     4.45  0.000481318  -9.6093  -9.8694   0.0439     8866.824     358.3202     688.8766    0.085   0
       152    581.656    912.128 327.8446814 +28.7582385     4.58 0.0004952943  -8.2523  -8.3379   0.1775     2163.576     353.6124     663.3819    0.217   0
       153    179.669    926.376 327.8943434 +28.7556842     4.87 0.0005262714 -10.1912 -10.2432   0.0313      12510.6     360.9215     636.5837    0.159   0
       154    525.055    587.371 327.8524500 +28.7931111     4.10 0.0004437664  -8.7873  -9.3582   0.0698     5537.165     356.0486     695.4741    0.162   0
       155    356.827    845.050 327.8726372 +28.7649036     1.65 0.0001786733  -8.4920  -8.5431   0.1471     2613.567     353.9304     663.2166    0.166   0
       156    343.630    845.820 327.8742669 +28.7647871     4.27 0.0004611486 -10.5640 -10.6026   0.0227     17419.66     364.2001     662.3986    0.093   0
       157    538.213    600.082 327.8507926 +28.7917737     4.09  0.000442426 -12.8888 -12.9469   0.0032     150930.6     446.5391     695.6548    0.049   0
       158    901.547    957.494 327.8050280 +28.7541445     4.89 0.0005284274  -8.0526  -8.5410   0.1474     2608.641     353.9764     634.9546    0.005   0
       159    296.311    833.884 327.8801459 +28.7659538     4.87  0.000526334  -8.4359  -8.1533   0.2103     1825.165     353.3532     660.4399    0.182   0
       160    853.510   1006.441 327.8108524 +28.7487481     3.97 0.0004297819 -10.8684 -10.9216   0.0171     23368.53     368.3086     661.8398    0.090   0
       161    677.490    975.967 327.8326834 +28.7515956     3.72 0.0004027259  -7.6171  -8.3682   0.1726     2224.789     353.6457     658.4926    0.373   0
       162     23.704    556.793 327.9145256 +28.7951317     4.77 0.0005155813 -10.4396 -10.5612   0.0236     16768.22     363.7333       662.91    0.105   0
       163    115.664    839.340 327.9024671 +28.7649044     4.92 0.0005320223 -10.0115 -10.0613   0.0369     10580.36     359.5235     644.0887    0.193   0
       164    299.408    583.879 327.8803639 +28.7929167     4.11 0.0004444928 -12.4806 -12.5456   0.0044     104286.4     419.6213     685.4138    0.025   0
       165    450.754    540.484 327.8617506 +28.7979789     4.84 0.0005230405  -8.6906  -8.9339   0.1029     3745.807     354.7885     695.2939    0.103   0
       166    692.274    596.908 327.8317475 +28.7925022     4.12  0.000445972 -10.6413 -10.7163   0.0205     19342.37     365.5847      696.895    0.094   0
       167    791.920    824.760 327.8188911 +28.7681839     3.82 0.0004133152 -10.6095 -10.6626   0.0215     18409.92     364.9176     680.9292    0.082   0
       168    759.295    561.889 327.8235412 +28.7964451     6.42  0.000693814  -8.3307  -8.4154   0.1653     2323.583     353.7751     697.9911    0.211   0
       169    836.495    551.600 327.8140176 +28.7977464     4.49  0.000485512  -9.2259  -8.8659   0.1094     3518.514     354.4899     697.2682    0.077   0
       170    525.281    924.050 327.8516227 +28.7568114     4.42 0.0004782482  -8.4963  -8.1983   0.2018     1902.517     353.4972     659.7698    0.111   0
       171    725.566    855.593 327.8270228 +28.7646942     3.74 0.0004039116  -8.8176  -9.1175   0.0869     4436.264     355.1266     676.0038    0.097   0
       172    626.685    975.113 327.8389659 +28.7515606     4.11 0.0004445366 -11.1405 -11.2213   0.0132     30796.82     373.2885     656.4877    0.105   0
       173    269.774    970.854 327.8830972 +28.7511186     4.93 0.0005328619  -9.3677  -9.4909   0.0619     6257.179     356.5243     636.1284    0.165   0
       174    323.844    792.754 327.8768406 +28.7704583     4.05 0.0004377355 -12.1886 -12.2529   0.0055     79648.89     404.7288      667.443    0.069   0
