#   1 NUMBER                 Running object number                                     
#   2 X_IMAGE                Object position along x                                    [pixel]
#   3 Y_IMAGE                Object position along y                                    [pixel]
#   4 ALPHA_J2000            Right ascension of barycenter (J2000)                      [deg]
#   5 DELTA_J2000            Declination of barycenter (J2000)                          [deg]
#   6 FWHM_IMAGE             FWHM assuming a gaussian core                              [pixel]
#   7 FWHM_WORLD             FWHM assuming a gaussian core                              [deg]
#   8 MAG_BEST               Best of MAG_AUTO and MAG_ISOCOR                            [mag]
#   9 MAG_APER               Fixed aperture magnitude vector                            [mag]
#  10 MAGERR_APER            RMS error vector for fixed aperture mag.                   [mag]
#  11 FLUX_APER              Flux vector within fixed circular aperture(s)              [count]
#  12 FLUXERR_APER           RMS error vector for aperture flux(es)                     [count]
#  13 BACKGROUND             Background at centroid position                            [count]
#  14 ELLIPTICITY            1 - B_IMAGE/A_IMAGE                                       
#  15 FLAGS                  Extraction flags                                          
         1    840.958     80.468 200.9164740 +36.1182166   139.07   0.01496506 -14.7603 -12.6721   0.0052     117172.6     556.9293     803.3686    0.605  16
         2    823.264      9.793 200.9189808 +36.1257752    85.46  0.009195738 -13.7112 -12.5691   0.0053       106572      521.084     423.8838    0.790  24
         3    677.182    198.323 200.9380257 +36.1050939     4.84 0.0005209905 -15.4851 -15.5110   0.0007      1601018      1025.73     1037.322    0.047   4
         4    764.432    196.009 200.9264156 +36.1055775     4.90 0.0005272542 -15.0087 -15.0395   0.0009      1037064     877.4734     1038.083    0.057   0
         5    117.315    207.120 201.0125364 +36.1026148     4.50 0.0004838573 -13.2258 -13.2807   0.0031     205255.2     595.2046      963.319    0.033   0
         6    541.209    205.133 200.9561121 +36.1039930     5.05 0.0005435124  -8.4558  -9.1636   0.1182     4628.628     503.9114     1030.057    0.491   0
         7    329.883    268.399 200.9841034 +36.0966074     5.28 0.0005687042  -8.3743  -8.3870   0.2411     2263.591     502.6376     1011.134    0.303   0
         8    618.516    329.584 200.9455508 +36.0908095     4.90 0.0005270725 -10.8799 -10.9689   0.0228     24410.02     513.5762     1028.818    0.062   0
         9    257.999    375.492 200.9934324 +36.0848847     5.64  0.000606987  -9.0166  -9.3853   0.0965     5677.237     504.3044     995.8783    0.623   0
        10    194.616    438.532 201.0017262 +36.0779256     4.56 0.0004902563  -9.0124  -9.1490   0.1198     4566.685     503.9089     974.2099    0.147   0
        11    658.088    479.244 200.9399601 +36.0748105     4.09 0.0004401573  -8.0374  -8.2723   0.2680     2036.607     502.6663     1022.285    0.397   0
        12     22.474    487.400 201.0245227 +36.0721883     6.33 0.0006808457  -9.0097  -9.1360   0.1212     4512.204     503.7406     915.2669    0.129   0
        13    136.308    528.140 201.0092834 +36.0681209     4.50 0.0004840161 -12.9630 -13.0192   0.0039     161321.9     576.4686     946.9064    0.032   0
        14    880.370    953.167 200.9093752 +36.0244041     6.93 0.0007455517 -10.6544 -11.2156   0.0183     30637.42     516.6124     878.5605    0.515   0
        15    106.195    880.976 201.0124924 +36.0300667     4.43 0.0004765025  -8.5410  -9.1934   0.1150     4757.192     503.7209     824.5266    0.657   0
        16    883.884    837.281 200.9091535 +36.0368849     5.78 0.0006215688 -10.3209 -11.1442   0.0195      28686.2     515.7225     904.4622    0.699   0
        17    881.741    813.880 200.9094881 +36.0393974     7.44 0.0008002204 -10.7454 -11.1734   0.0190      29469.7     516.1712     916.1811    0.292   0
        18    879.603    805.265 200.9097908 +36.0403189     4.82 0.0005187379  -9.7901 -11.1342   0.0197     28423.83     515.4987     923.7708    0.707   0
        19    883.552    774.438 200.9093308 +36.0436469     5.10 0.0005485861  -9.9387 -11.1051   0.0202     27671.77     515.2444     921.4118    0.632   0
        20     43.790    771.387 201.0210409 +36.0416865     3.44 0.0003698216  -8.1378  -7.8072   0.4109     1326.979     502.0581     859.7336    0.414   0
        21    884.708    762.967 200.9092014 +36.0448845     3.68 0.0003964848  -9.5135 -11.0908   0.0205      27310.5     515.0138     921.4296    0.078   0
        22    218.497    718.298 200.9979212 +36.0478844     4.73 0.0005084839 -10.1815 -10.1976   0.0460     11996.21     507.7357     927.1711    0.054   0
        23    529.143    723.231 200.9565862 +36.0482044     4.60 0.0004948796  -9.6729  -9.8890   0.0609      9027.95     506.1174     978.6393    0.034   0
        24    535.379    702.419 200.9558020 +36.0504610     6.04 0.0006499325 -10.1068 -10.2080   0.0455     12111.51     507.3999     986.0074    0.114   0
        25    889.095    896.137 200.9083357 +36.0305648    13.37  0.001438423 -11.9443 -11.3097   0.0168     33409.14     518.0207     874.8903    0.372   0
        26    883.593    864.947 200.9091336 +36.0339067     9.52  0.001024785 -11.0363 -11.1684   0.0191     29333.03      515.967     896.1671    0.514   0
        27    886.793    807.798 200.9088290 +36.0400655     3.46 0.0003728393  -9.1453 -11.1004   0.0203     27551.22     515.0477      905.687    0.652   0
        28    883.326    741.438 200.9094308 +36.0471977     5.60 0.0006028205 -10.2059 -11.0909   0.0205     27312.82     515.0287     931.6836    0.620   0
        29    884.920    980.270 200.9087128 +36.0214995     8.01 0.0008616229 -10.8511 -11.1513   0.0194     28875.67      515.842     861.3652    0.629   0
        30    763.657    594.311 200.9256651 +36.0627113     4.90 0.0005268275 -10.2842 -10.4091   0.0379     14576.13     508.8506     1019.629    0.089   0
        31    701.923    560.682 200.9339514 +36.0661644     5.30 0.0005701468  -8.5759  -9.3123   0.1032     5307.811     504.2765     1020.011    0.271   0
        32    483.705    669.438 200.9627486 +36.0538698     4.70 0.0005062647 -10.2124 -10.2585   0.0435     12687.76     507.8379     988.6463    0.051   0
        33    882.131    930.456 200.9091892 +36.0268529     5.62 0.0006049984 -10.2602 -11.2014   0.0185      30239.5     516.3923     879.7332    0.586   2
