#   1 NUMBER                 Running object number                                     
#   2 X_IMAGE                Object position along x                                    [pixel]
#   3 Y_IMAGE                Object position along y                                    [pixel]
#   4 ALPHA_J2000            Right ascension of barycenter (J2000)                      [deg]
#   5 DELTA_J2000            Declination of barycenter (J2000)                          [deg]
#   6 FWHM_IMAGE             FWHM assuming a gaussian core                              [pixel]
#   7 FWHM_WORLD             FWHM assuming a gaussian core                              [deg]
#   8 MAG_BEST               Best of MAG_AUTO and MAG_ISOCOR                            [mag]
#   9 MAG_APER               Fixed aperture magnitude vector                            [mag]
#  10 MAGERR_APER            RMS error vector for fixed aperture mag.                   [mag]
#  11 FLUX_APER              Flux vector within fixed circular aperture(s)              [count]
#  12 FLUXERR_APER           RMS error vector for aperture flux(es)                     [count]
#  13 BACKGROUND             Background at centroid position                            [count]
#  14 ELLIPTICITY            1 - B_IMAGE/A_IMAGE                                       
#  15 FLAGS                  Extraction flags                                          
         1      9.711     81.568 200.8925700 +36.1183721    59.67  0.006449353 -13.0704 -12.1846   0.0082      74787.7      563.775     453.8536    0.615  24
         2    192.757     29.908 200.8681149 +36.1244456    27.50  0.002972526 -11.7973 -11.3163   0.0189     33613.72     584.1079     683.8984    0.142   1
         3    136.575     10.726 200.8756951 +36.1263560    83.93  0.009070716 -14.2488 -12.9917   0.0042     157278.3     608.0729     372.7969    0.743  24
         4    292.979     24.404 200.8546759 +36.1253150     3.84 0.0004150624  -9.8182  99.0000  99.0000    -53741.66     569.2977     818.3943    0.186   0
         5    422.802     25.476 200.8372506 +36.1255556     5.44 0.0005875097  -8.6717  99.0000  99.0000    -22171.48      569.475      800.576    0.399   0
         6    142.237     88.674 200.8747709 +36.1179758    33.75  0.003647733 -12.6047 -11.4174   0.0172     36892.83      585.541     1019.369    0.676   2
         7    380.284     80.129 200.8428440 +36.1195524     4.43 0.0004792443 -11.2681 -11.0336   0.0243      25908.9     580.8956     1080.989    0.078   0
         8     63.891    109.359 200.8852404 +36.1155299    13.93  0.001505249  -9.7720  99.0000  99.0000    -8643.896     569.5394     773.8041    0.614   2
         9    541.941     87.567 200.8211350 +36.1191921     5.71 0.0006169614  -9.3034  -8.9971   0.1563     3970.341     571.3438     1101.899    0.132   0
        10    408.117    101.668 200.8390646 +36.1173085     4.82 0.0005207992  -8.8340  -9.6233   0.0880      7068.27     572.7298     1160.998    0.291   0
        11    515.737    113.716 200.8245981 +36.1163043     6.23 0.0006729373  -9.1346  -9.3530   0.1127     5510.672     572.0495     1157.845    0.380   0
        12    996.171    187.990 200.7599819 +36.1095928     1.00 0.0001075965  -9.1544  -9.9180   0.0672     9272.553     573.4191     1066.514    0.147   0
        13    733.283    195.878 200.7952407 +36.1080422     9.12 0.0009854693 -10.0878 -10.3477   0.0454     13774.69     575.6339     1145.613    0.310   0
        14    311.502    255.216 200.8517108 +36.1005045     4.03 0.0004351294 -12.7627 -12.8205   0.0051     134333.3     625.7917     1187.905    0.063   0
        15     76.019    251.504 200.8833117 +36.1002528     3.76 0.0004068356  -9.4647 -11.2985   0.0192     33068.89     583.9376     1086.726    0.719   0
        16   1024.717    278.999 200.7559744 +36.0998653     3.30 0.0003568975  -7.9272  99.0000  99.0000    -690.6882     476.2662     1050.638    0.081  16
        17     79.776    283.876 200.8827390 +36.0967765     5.63 0.0006088985 -10.2832 -11.1707   0.0215     29394.51     582.3623     1106.003    0.570   0
        18     77.647    387.520 200.8828051 +36.0856068     5.75 0.0006219274 -10.2505 -11.2159   0.0207      30645.4     582.9148     1090.801    0.665   0
        19     78.200    403.624 200.8826969 +36.0838738     3.33  0.000360128  -9.2624 -11.1790   0.0213      29620.5     582.2072     1088.809    0.421   0
        20    691.962    419.294 200.8003370 +36.0838661     3.99 0.0004317026 -10.0653 -10.2319   0.0504     12380.62     574.9323     1137.954    0.074   0
        21    333.090    433.193 200.8484458 +36.0813934     4.77  0.000515911  -9.1085  -9.6252   0.0878     7080.757     572.6711     1181.902    0.181   0
        22   1026.943    436.032 200.7553705 +36.0829564     3.97 0.0004288043 -10.2218 -10.1577   0.0423     11563.03     450.6188     1008.798    0.105  24
        23    722.224    484.565 200.7961472 +36.0769169     3.55 0.0003841971 -11.3449 -11.4025   0.0175     36392.72     585.2491     1113.602    0.056   0
        24     75.677    479.167 200.8828752 +36.0757298     3.99 0.0004307195  -9.4505 -11.1633   0.0217     29195.89     582.2455     1074.094    0.714   0
        25     79.394    515.541 200.8822997 +36.0718222     3.85 0.0004165711 -11.7795 -11.9697   0.0105     61361.88     595.8196     1087.155    0.104   0
        26    599.221    853.280 200.8118999 +36.0368697     3.30  0.000356848 -10.3262 -10.4742   0.0404     15476.89     576.3408     1042.022    0.024   0
        27    357.849   1002.064 200.8439501 +36.0201866     3.41 0.0003682809  -8.7532  -8.8999   0.1708     3630.342     571.0504     1054.394    0.009   0
        28     80.213    618.401 200.8819721 +36.0607452     3.44 0.0003721481  -9.2870 -11.1807   0.0213     29667.88     582.1959     1084.121    0.407   0
        29    648.865    666.810 200.8056198 +36.0570891     5.14  0.000555076  -8.4192  -8.6635   0.2123     2920.002     570.8519     1088.101    0.233   0
        30     81.115    675.977 200.8817294 +36.0545460     8.01 0.0008659303 -10.9231 -11.2840   0.0194      32627.8     583.7172     1076.813    0.552   0
        31     85.006    949.009 200.8806303 +36.0251480     3.70 0.0004003534  -9.3684 -11.1305   0.0223     28327.89     581.6992     1000.916    0.012   0
        32     88.280    564.995 200.8810033 +36.0665201     4.70 0.0005074299  -9.2953 -10.6945   0.0331     18957.61     577.7534     1129.709    0.393   0
        33    676.452    765.660 200.8017223 +36.0465160     4.18 0.0004516944  -8.2950  -8.9479   0.1635     3794.385     571.1544     1044.887    0.122   0
        34    439.335    773.518 200.8334970 +36.0450268     3.95 0.0004271237  -8.5510  -9.0788   0.1450     4280.832       571.56     1117.781    0.502   0
        35    658.257    969.090 200.8037530 +36.0245548     3.44   0.00037146 -10.6670 -10.7842   0.0305     20590.92     578.5865     976.1062    0.095   0
        36    638.886    873.524 200.8065418 +36.0347963     3.49 0.0003773287  -9.1556  -9.2736   0.1213     5122.187     571.9118     1020.157    0.063   0
        37     80.015    857.176 200.8814935 +36.0350257     3.96  0.000427826  -9.4700 -11.1934   0.0211     30016.21     582.3928     1014.799    0.507   0
        38     78.548    722.783 200.8819745 +36.0494974     7.46 0.0008067262 -10.8550 -11.2631   0.0198     32006.94     583.4512     1054.581    0.042   0
        39    187.806    792.775 200.8671789 +36.0422615     3.55 0.0003831968  -8.8419  -9.3127   0.1169     5309.865     571.6407     1139.442    0.145   0
        40     83.720    895.974 200.8809148 +36.0308570     8.20 0.0008862565 -10.9654 -11.2812   0.0195      32544.5     583.6501     1015.832    0.466   0
