#   1 NUMBER                 Running object number                                     
#   2 X_IMAGE                Object position along x                                    [pixel]
#   3 Y_IMAGE                Object position along y                                    [pixel]
#   4 ALPHA_J2000            Right ascension of barycenter (J2000)                      [deg]
#   5 DELTA_J2000            Declination of barycenter (J2000)                          [deg]
#   6 FWHM_IMAGE             FWHM assuming a gaussian core                              [pixel]
#   7 FWHM_WORLD             FWHM assuming a gaussian core                              [deg]
#   8 MAG_BEST               Best of MAG_AUTO and MAG_ISOCOR                            [mag]
#   9 MAG_APER               Fixed aperture magnitude vector                            [mag]
#  10 MAGERR_APER            RMS error vector for fixed aperture mag.                   [mag]
#  11 FLUX_APER              Flux vector within fixed circular aperture(s)              [count]
#  12 FLUXERR_APER           RMS error vector for aperture flux(es)                     [count]
#  13 BACKGROUND             Background at centroid position                            [count]
#  14 ELLIPTICITY            1 - B_IMAGE/A_IMAGE                                       
#  15 FLAGS                  Extraction flags                                          
         1     10.139     80.973 327.7912034 +28.8491984    61.84  0.006677564 -13.2487 -12.3938   0.0075      90685.9     622.3611     432.8912    0.601  24
         2    141.637     87.439 327.7749479 +28.8488262    38.48  0.004155358 -12.8518 -11.5968   0.0160     43521.27     641.0628     1086.652    0.685   2
         3    192.536     26.819 327.7688079 +28.8554825    36.09  0.003896926 -12.0794 -11.6290   0.0155     44832.87     641.5055     674.1697    0.224  19
         4    203.220     21.259 327.7675019 +28.8561078     7.46  0.000805355 -10.5795  99.0000  99.0000    -3652.395      623.842     689.0939    0.297   3
         5    136.069     10.849 327.7758206 +28.8570644    85.80  0.009264572 -14.4614 -13.1907   0.0038     188922.5     667.1952     334.0744    0.747  24
         6    460.759     29.247 327.7356745 +28.8558752     4.66 0.0005034351 -10.2800  99.0000  99.0000    -9119.674      623.895     856.8782    0.163   0
         7    293.925     52.340 327.7562244 +28.8529811     4.49 0.0004846427 -10.3284  99.0000  99.0000    -23833.58     623.8597     1022.725    0.040   0
         8    718.538    139.629 327.7035778 +28.8446035     5.27 0.0005695637 -15.9368 -15.9547   0.0006      2409136     1262.446     1244.114    0.164   4
         9    274.867     69.381 327.7585373 +28.8510985     4.86  0.000525311 -10.6787  99.0000  99.0000    -3911.638     623.8773     1120.829    0.101   0
        10    974.675     70.345 327.6721058 +28.8526781     5.12 0.0005526447  -9.2145  99.0000  99.0000    -22017.13     623.8244     975.0752    0.112   0
        11     63.732    109.027 327.7845166 +28.8463083    17.89  0.001931845  -9.9798  99.0000  99.0000    -7387.435     623.8773     814.2259    0.577   0
        12    734.262     83.570 327.7017671 +28.8506811     4.81 0.0005192465  -9.7633  99.0000  99.0000    -5870.288     623.8773     1146.661    0.095   0
        13    920.957    106.473 327.6786566 +28.8486582     5.34 0.0005770096 -10.7166 -10.8758   0.0307     22403.28     632.7389     1158.774    0.098   0
        14    190.192    112.911 327.7688899 +28.8462011     4.60  0.000496246 -11.0609 -10.0846   0.0631     10810.11     628.1066     1288.973    0.076   0
        15     81.674    123.902 327.7822649 +28.8447499     8.44 0.0009114637 -11.1378 -11.3429   0.0201     34447.91     637.4973     1006.903    0.301   2
        16     82.109    144.694 327.7821607 +28.8425108     8.94 0.0009648883 -11.8459 -11.3853   0.0193     35819.23     638.1039     1119.029    0.120   0
        17    429.479    127.040 327.7393050 +28.8452629     3.74 0.0004035087  -8.5396  99.0000  99.0000    -3743.323     623.8244     1280.268    0.175   0
        18    741.668    141.280 327.7007175 +28.8444810    10.04  0.001084135  -9.7130 -10.6945   0.0362        18958     631.4111     1238.675    0.155   1
        19    649.102    147.073 327.7121353 +28.8436349     5.42 0.0005854056  -9.3472  -9.9912   0.0687     9919.471     627.8221     1263.469    0.097   0
        20    266.856    162.114 327.7593041 +28.8410877     4.78 0.0005166526 -11.1257 -11.2589   0.0217     31884.32     636.5085     1303.434    0.073   0
        21    570.702    150.117 327.7218101 +28.8431182     4.30 0.0004648026  -8.2303  99.0000  99.0000    -1374.648      623.895     1277.025    0.314   0
        22    915.190    150.599 327.6792665 +28.8438903     3.43 0.0003700171  -8.6174 -10.2112   0.0562     12147.73     628.4461     1180.496    0.410   0
        23    403.772    170.255 327.7423768 +28.8405444     4.75 0.0005129917 -11.7107 -11.7774   0.0136     51401.78     644.1458     1294.511    0.092   0
        24    490.552    170.878 327.7316588 +28.8406877     3.72 0.0004013125  -9.4730 -10.3430   0.0498     13715.17     629.3493     1287.944    0.476   0
        25    582.664    182.918 327.7202554 +28.8396130     4.96  0.000535963  -8.7669  -9.3960   0.1186     5733.385     626.2409     1283.001    0.278   0
        26    747.709    187.428 327.6998634 +28.8395233     4.99  0.000539351  -9.7416 -10.2029   0.0566     12055.31     628.6721     1242.162    0.120   0
        27    525.890    282.875 327.7270297 +28.8287064     5.86 0.0006331501 -16.1776 -16.1933   0.0005      3001502     1374.763     1289.329    0.040   6
        28    900.549    237.147 327.6808739 +28.8345306     4.67 0.0005046035 -13.5388 -13.5841   0.0029     271427.5     724.4644     1190.148    0.042   0
        29     73.946    258.528 327.7828927 +28.8302261    19.33  0.002086874 -12.6406 -11.5536   0.0166     41826.87     640.2985     1175.263    0.157   2
        30    706.341    209.191 327.7049209 +28.8370795     5.85  0.000631516  -9.4902 -10.1057   0.0619     11022.09     628.1735     1256.822    0.041   0
        31    465.661    291.528 327.7344461 +28.8276284     4.77 0.0005148152 -15.5903 -15.5798   0.0007      1705812     1114.489     1293.849    0.107   7
        32     79.365    227.618 327.7822985 +28.8335697    14.06  0.001517927 -11.9199 -11.3958   0.0192     36169.18     638.0685     1203.354    0.296   2
        33    512.011    259.570 327.7287987 +28.8311837     4.74  0.000511741 -13.1437 -13.1745   0.0041     186125.9     694.2144     1290.811    0.067   3
        34    480.632    280.733 327.7326232 +28.8288277     4.61 0.0004978133 -14.3390 -14.3535   0.0016     551296.7     815.3694     1293.543    0.108   3
        35    271.497    259.239 327.7584979 +28.8306347     4.64 0.0005011565 -13.5180 -13.5623   0.0029     266022.2     722.5662     1306.876    0.072   0
        36   1026.851    239.537 327.6652719 +28.8345721     4.72  0.000509727 -10.0136  -9.9880   0.0541     9889.788     492.8849     1139.562    0.166  24
        37     51.969    234.588 327.7856644 +28.8327511     6.00   0.00064771 -10.1209 -10.7777   0.0335     20468.77     631.7476     1051.347    0.272   0
        38    657.193    256.030 327.7108799 +28.8319150     4.65 0.0005018187 -12.0176 -12.0708   0.0105     67344.77      650.067      1272.59    0.082   2
        39    317.948    256.130 327.7527697 +28.8310831     4.67 0.0005045952 -11.8058 -11.8722   0.0125     56091.43     645.8441     1303.098    0.078   0
        40    113.435    244.790 327.7780499 +28.8318035     4.90 0.0005288507  -8.9198  99.0000  99.0000    -6347.853     623.6655     1305.501    0.065   0
        41    765.581    269.379 327.6974650 +28.8307364     4.64 0.0005007329 -12.0069 -12.0788   0.0104     67845.22     650.2086     1233.181    0.080   0
        42    669.281    260.058 327.7093778 +28.8315101     5.00 0.0005402617 -10.5566 -10.6803   0.0366     18712.81     631.3488     1270.016    0.126   3
        43    209.802    272.602 327.7660837 +28.8290438     4.67 0.0005046059 -11.8210 -11.9007   0.0122     57579.45     646.2835     1308.693    0.071   0
        44    248.109    263.146 327.7613764 +28.8301565     4.98 0.0005377569  -9.7187 -10.1177   0.0612     11144.87     628.2748     1307.817    0.042   0
        45    574.591    271.962 327.7210421 +28.8299998     4.74 0.0005118359 -10.6310 -10.7047   0.0358     19136.84     631.3075     1284.179    0.087   0
        46     73.188    289.036 327.7829123 +28.8269372    13.66  0.001474881 -12.2756 -11.4553   0.0182     38206.22     638.8661       1169.6    0.567   0
        47    187.167    295.398 327.7688236 +28.8265322     4.64 0.0005005841 -11.9709 -12.0604   0.0106     66705.59     649.7703     1308.091    0.094   0
        48   1005.143    283.500 327.6678512 +28.8297841     4.61 0.0004976726  -8.4742  -7.4012   0.7424     913.0335     624.1725     1134.945    0.243   0
        49    202.485    335.205 327.7668364 +28.8222810     4.60 0.0004964867 -13.4245 -13.4823   0.0031     247125.8     716.0291     1306.289    0.064   0
        50    262.032    314.274 327.7595345 +28.8246819     4.68 0.0005052701 -10.8528 -10.8919   0.0302     22738.38     632.8539     1304.856    0.105   0
        51     70.507    304.999 327.7832047 +28.8252107    -0.12 -1.296031e-05  -9.5338 -11.3490   0.0200     34641.53     637.4351     1157.555    0.387   0
        52    101.697    311.148 327.7793387 +28.8246252     5.23 0.0005649791  -9.5254  -9.2865   0.1311     5183.021     625.8981     1305.729    0.214   0
        53    841.755    320.656 327.6879397 +28.8253933     4.68  0.000505069  -9.9597 -10.0503   0.0651     10473.91     628.0429     1192.192    0.107   0
        54     75.776    333.586 327.7824848 +28.8221437     3.45  0.000372261  -9.3543 -11.3792   0.0194     35619.44     637.6977     1184.938    0.425   0
        55    811.987    340.412 327.6915693 +28.8231938     5.63 0.0006076409  -9.2277  -9.4787   0.1099      6187.17      626.088     1201.388    0.049   0
        56     77.702    369.457 327.7821600 +28.8182838     5.27 0.0005691699 -10.2360 -11.4158   0.0188     36839.45     638.4345     1193.293    0.689   0
        57    117.159    352.968 327.7773284 +28.8201575     4.91 0.0005303311  -9.3729  99.0000  99.0000    -5675.663      623.842     1305.168    0.059   0
        58    211.300    364.906 327.7656765 +28.8191026     4.68 0.0005058406 -11.1013 -11.2862   0.0212     32695.67     636.9827     1304.256    0.086   0
        59     76.751    389.683 327.7822284 +28.8161022    10.14  0.001095064 -11.6879 -11.4754   0.0178     38918.71     639.3343     1184.433    0.663   2
        60    837.491    363.029 327.6883675 +28.8208178     3.75 0.0004044048  -8.2359  -8.2892   0.3279     2068.566     624.6528      1184.55    0.380   0
        61    983.880    374.297 327.6702671 +28.8199511     5.39 0.0005823885  -8.8191  -8.6628   0.2326     2918.297     624.9928     1114.026    0.202   0
        62    544.530    391.821 327.7244706 +28.8170133     4.92 0.0005311425  -9.9107 -10.1384   0.0601     11359.43     628.4303      1279.31    0.157   0
        63    964.475    464.893 327.6724538 +28.8101441     4.94 0.0005338232 -15.6961 -15.7214   0.0007      1943423     1166.563     1095.045    0.055   4
        64    120.482    399.711 327.7768051 +28.8151295     4.95  0.000534174  -8.7932  99.0000  99.0000    -8650.699     623.7891     1299.783    0.161   0
        65    343.382    442.172 327.7491844 +28.8111006     4.54 0.0004899094 -13.4952 -13.5470   0.0030     262305.1     721.1569     1293.368    0.074   0
        66    817.117    422.591 327.6907443 +28.8143519     4.62 0.0004987182 -11.1802 -11.2472   0.0219     31541.51     636.2874     1178.749    0.076   0
        67     76.237    437.813 327.7821753 +28.8109153     8.20  0.000885189 -11.2126 -11.4264   0.0186     37201.18     638.4554     1173.845    0.162   0
        68    117.331    421.101 327.7771424 +28.8128172     4.82 0.0005201158  -8.3190  99.0000  99.0000    -9904.116     623.8773     1297.256    0.093   0
        69     77.769    479.973 327.7818840 +28.8063768     7.59 0.0008192809 -11.0490 -11.3586   0.0198     34950.25     637.5907     1183.655    0.544   0
        70    170.752    444.291 327.7704913 +28.8104500     4.59 0.0004956528 -11.6858 -11.7837   0.0135     51700.75     644.2618     1298.962    0.053   0
        71    804.920    449.116 327.6921884 +28.8114649     5.53 0.0005967568 -11.9893 -12.0372   0.0108      65296.3     649.4821     1175.733    0.189   0
        72    270.041    487.469 327.7581301 +28.8060412     4.61 0.0004978962 -14.9472 -14.9798   0.0010     981601.4     938.0488     1294.177    0.057   0
        73    720.093    443.062 327.7026751 +28.8119145     5.01 0.0005407184  -9.0087  -8.8936   0.1881     3609.599     625.3573      1215.65    0.111   0
        74    423.075    451.202 327.7393244 +28.8103215     4.95 0.0005342867  -9.3690  -9.6405   0.0948     7181.084     626.5902     1286.192    0.025   0
        75    666.049    451.029 327.7093284 +28.8109266     4.49 0.0004849957  -9.0412  -9.2557   0.1349     5038.099      625.805     1234.835    0.018   0
        76   1013.179    464.212 327.6664425 +28.8103327     4.87 0.0005260206 -11.4420 -11.4628   0.0180     38469.13     638.7966     1073.882    0.121   0
        77    350.972    461.658 327.7482008 +28.8090197     6.41 0.0006926675  -9.0671  -9.8105   0.0811     8398.583     627.2513     1291.382    0.206   0
        78     37.650    479.475 327.7868378 +28.8063314     4.66 0.0005034279 -12.0648 -11.9672   0.0115     61219.36      647.877      955.089    0.049   0
        79    174.608    470.341 327.7699525 +28.8076528     5.70 0.0006156944  -8.9097  -9.5749   0.1006     6760.486     626.4575      1296.53    0.132   0
        80    948.016    508.079 327.6743858 +28.8054522     4.68 0.0005053526 -13.9194 -13.9635   0.0022     384958.4     762.6363      1086.74    0.071   0
        81    568.853    479.606 327.7212603 +28.8076138     4.24 0.0004580267  -9.1440  -9.0864   0.1576     4310.953     625.4616     1260.164    0.049   0
        82    462.898    482.267 327.7343343 +28.8070711     4.76 0.0005139623  -9.2113  -8.8098   0.2032     3341.389     625.2325     1279.761    0.075   0
        83     79.130    670.744 327.7812538 +28.7858263    26.27  0.002836502 -13.3158 -11.5854   0.0162     43067.86     640.7657     1164.044    0.520   2
        84     80.731    532.773 327.7813903 +28.8006953     4.71 0.0005081986  -9.9415 -11.2908   0.0211     32832.89     636.8983     1197.858    0.325   0
        85     95.332    507.158 327.7796500 +28.8034911     6.00 0.0006479282  -8.9336  -9.3968   0.1185     5737.249     626.0842     1280.489    0.193   0
        86    345.295    526.937 327.7487457 +28.8019725     4.53 0.0004888343 -11.1625 -11.2536   0.0218     31727.35     636.4642     1284.565    0.091   0
        87    429.177    550.497 327.7383350 +28.7996380     4.51  0.000487459 -12.5266 -12.5904   0.0067     108685.7     665.9578     1275.101    0.038   0
        88    459.271    886.555 327.7338225 +28.7635035     4.56 0.0004923825 -12.4982 -12.5594   0.0068     105620.8     664.7565     1163.772    0.056   0
        89    123.019   1014.011 327.7750075 +28.7489503     4.75 0.0005130781  -8.3172  99.0000  99.0000    -6028.054     623.5773     1136.665    0.044   0
        90     85.496    895.983 327.7799228 +28.7615744     5.90 0.0006372284 -10.6159 -11.4795   0.0178     39066.44     639.3232     1108.086    0.103   2
        91    886.052    891.371 327.6811465 +28.7640082     5.00 0.0005397628  -9.8084  -9.8433   0.0787     8655.736     627.3011      921.299    0.119   0
        92    272.164    908.078 327.7568596 +28.7607293     4.58 0.0004944166 -12.0387 -12.0927   0.0103     68717.27     650.7469     1189.401    0.056   0
        93    998.988    894.516 327.6672028 +28.7639368     4.00 0.0004320929  -9.1721  -9.8131   0.0809     8418.456     627.1188     652.3094    0.179   0
        94    313.581    871.680 327.7518361 +28.7647520     5.13 0.0005544758  -9.9518 -10.0803   0.0634     10767.66     628.1598     1201.251    0.067   0
        95    411.133    844.225 327.7398634 +28.7679474     4.74 0.0005120675 -11.1114 -11.1767   0.0234     29557.77     635.6114     1192.084    0.034   0
        96     82.050    842.673 327.7804770 +28.7673096     6.56 0.0007085245 -10.7115 -11.4131   0.0189      36747.9     638.3297     1117.184    0.573   0
        97    713.557    840.018 327.7025527 +28.7691299     4.66  0.000503421 -11.6486 -11.7248   0.0143     48969.56     643.0813     1069.896    0.079   0
        98    824.379    744.372 327.6890989 +28.7796996     5.75  0.000621336  -9.4023  -9.3645   0.1221      5569.04     625.9467      1057.15    0.190   0
        99    139.823    844.199 327.7733441 +28.7672874     4.54 0.0004899964 -11.6845 -11.6938   0.0147        47591     642.3567     1214.989    0.065   0
       100    881.233    832.263 327.6818782 +28.7703653     5.05 0.0005457393 -13.1779 -13.2004   0.0040       190622     696.0689     986.4485    0.127   0
       101    495.490    803.353 327.7295502 +28.7725555     4.51 0.0004874576  -9.7318  -9.6645   0.0927     7341.996      626.795      1187.49    0.046   0
       102    784.907    777.888 327.6938924 +28.7759944     4.46 0.0004814024  -8.7617  -9.2808   0.1318     5155.998     625.9401     1061.706    0.232   0
       103    463.079    815.430 327.7335214 +28.7711758     4.55 0.0004910869 -13.6783 -13.7218   0.0026     308128.8     737.0355     1191.537    0.060   0
       104     76.826    803.327 327.7812170 +28.7715359    12.32  0.001330229 -11.9178 -11.4843   0.0177     39238.02     639.3903     1107.529    0.640   0
       105    259.218    791.840 327.7587359 +28.7732214     4.83 0.0005215189  -9.6964  -9.7588   0.0850     8007.927     626.9025     1238.549    0.172   0
       106    144.848    798.025 327.7728353 +28.7722745     4.45 0.0004803968 -11.0142 -11.0452   0.0263      26185.6     634.2142     1237.485    0.037   0
       107    299.424    651.797 327.7541093 +28.7884080     4.61 0.0004981346  -9.8434  -9.9512   0.0713     9560.451     627.4335     1275.472    0.069   0
       108    582.307    710.354 327.7190553 +28.7827850     5.25 0.0005671991  -9.2727  -9.7506   0.0857     7948.022      627.019     1188.415    0.127   0
       109     92.375    770.924 327.7793766 +28.7750653     8.83  0.000953442 -12.8241 -12.3360   0.0083     85976.93     657.4111     1202.892    0.300   0
       110    794.032    676.510 327.6930025 +28.7869390     5.59  0.000603097  -9.0571  -9.1204   0.1527     4447.886     625.5692       1099.1    0.261   0
       111    125.056    709.207 327.7754924 +28.7817953     4.65 0.0005024665 -10.1047  -9.0910   0.1569     4329.226     625.4514     1262.961    0.047   0
       112    845.505    761.834 327.6864510 +28.7778686     4.99 0.0005387567 -10.8363 -10.8980   0.0301     22866.53     632.9045     1038.605    0.087   0
       113    882.017    756.741 327.6819566 +28.7785041     5.04  0.000544475 -10.7895 -10.8172   0.0323     21227.55     632.2568     1021.763    0.106   0
       114    264.633    744.748 327.7581805 +28.7783083     4.93 0.0005326198 -10.3822 -10.5311   0.0420     16309.59      630.379     1252.769    0.099   0
       115    737.382    749.204 327.6998247 +28.7789714     3.44 0.0003718347  -8.4676  -8.4666   0.2784     2435.819     624.5002     1101.333    0.415   0
       116    304.607    740.202 327.7532580 +28.7788957     3.43 0.0003703025  -8.2882  -8.7552   0.2136     3177.436     624.9556     1250.873    0.408   0
       117    273.489    748.715 327.7570781 +28.7779026     6.02 0.0006498905  -9.0932  -9.4747   0.1103     6164.046      626.325     1250.908    0.043   0
       118    671.800    716.405 327.7079956 +28.7823482     4.96 0.0005356909  -9.8886 -10.0101   0.0675      10093.4     627.6459     1142.691    0.143   0
       119    379.274    744.051 327.7440336 +28.7786630     4.54   0.00049041 -12.2591 -12.3220   0.0084     84881.32     656.9273      1239.88    0.068   0
       120    249.028    667.855 327.7602910 +28.7865547     4.47 0.0004830333  -9.8225  -9.6221   0.0964     7060.565     626.7003     1278.121    0.066   0
       121    605.879    744.560 327.7160654 +28.7791562     6.75 0.0007287167  -9.8883 -10.3269   0.0506     13513.54     629.1992     1164.547    0.275   0
       122    942.616    725.084 327.6745508 +28.7820586     5.08 0.0005486982 -10.9272 -10.9909   0.0276     24909.85     633.6937     999.8645    0.124   0
       123     77.955    715.803 327.7812896 +28.7809686    30.88  0.003334049 -13.5785 -11.5327   0.0169     41028.14     639.9006     1144.832    0.599   2
       124    422.269    927.589 327.7382910 +28.7589927     5.36 0.0005791883  -9.2635  -9.5042   0.1074     6334.169     626.3577     1159.758    0.208   0
       125    867.421    681.481 327.6839327 +28.7865781     4.83 0.0005217007 -10.7364 -10.7641   0.0340     20213.58      631.908     1058.516    0.062   0
       126    280.887    726.386 327.7562185 +28.7803264     6.52 0.0007040013  -8.9389  -9.0852   0.1578     4306.015     625.5652     1257.651    0.228   0
       127    569.068    705.455 327.7207009 +28.7832809     4.47  0.000482663  -9.0971  -9.4630   0.1115     6098.208     626.1932     1195.972    0.211   0
       128     78.122    835.903 327.7809782 +28.7680293     4.98 0.0005378986 -10.1885 -11.4154   0.0188     36827.21     638.4125     1098.808    0.280   0
       129    571.037    653.444 327.7205806 +28.7888894     5.04 0.0005437297 -10.1332 -10.2183   0.0558     12226.64     628.7402     1212.981    0.152   0
       130    524.849    676.652 327.7262266 +28.7862775     4.98 0.0005380018  -9.7335 -10.0221   0.0668     10205.95     627.8661      1223.01    0.113   0
       131    439.787    672.525 327.7367352 +28.7865162     7.22 0.0007799653  -9.0414  -9.2390   0.1370     4961.532     625.7744     1250.283    0.124   0
       132     83.090    871.767 327.7802784 +28.7641775     5.39 0.0005821593 -10.4014 -11.4748   0.0178     38897.16     639.1881     1109.493    0.730   0
       133    961.680    658.368 327.6723519 +28.7892919     4.56 0.0004927209  -9.6302  -9.4482   0.1131     6015.703     626.2306     1016.189    0.102   0
       134    725.126    628.209 327.7016204 +28.7919783     4.61 0.0004977226 -10.7235 -10.7364   0.0348     19704.23     631.6367     1150.884    0.080   0
       135    166.704    999.379 327.7696529 +28.7506341     4.57 0.0004937778 -12.1111 -12.1618   0.0097     73235.16     652.5646     1146.193    0.052   0
       136    849.579    619.963 327.6862778 +28.7931638     6.64 0.0007172301  -9.4156  -9.6028   0.0981     6936.071     626.4749     1090.925    0.276   0
       137    149.956    609.772 327.7726592 +28.7925698     4.57  0.000493788 -11.6029 -11.6133   0.0158     44187.83     641.2369     1290.003    0.066   2
       138     77.560    609.600 327.7815956 +28.7924100    10.60  0.001144784 -11.7432 -11.4970   0.0175     39700.98      639.313     1172.269    0.374   2
       139    256.805    641.331 327.7593948 +28.7894315     4.77 0.0005154231 -10.0641 -10.1657   0.0586     11648.55     628.4052     1280.305    0.085   0
       140    156.175    622.271 327.7718614 +28.7912384     4.76 0.0005138951 -11.1269 -11.2285   0.0223     31002.57     636.1621     1288.895    0.113   2
       141    941.849    970.100 327.6740792 +28.7556581     4.51 0.0004870251  -9.1641 -10.4646   0.0446      15341.1     629.9424     609.2497    0.217   0
       142     84.890    940.242 327.7798905 +28.7568044     7.21 0.0007788652 -10.9342 -11.3757   0.0195     35503.82      637.894     1089.082    0.425   0
       143    124.370    975.377 327.7749342 +28.7531161     4.57 0.0004936635 -12.4449 -12.4818   0.0073     98341.98     661.9802     1145.926    0.037   0
       144     87.110    583.499 327.7804801 +28.7952457     5.02 0.0005417254 -11.8879 -11.7674   0.0137     50928.63     644.0134     1228.231    0.059   0
       145    172.505    567.384 327.7699780 +28.7971921     4.83 0.0005212235  -9.0994  -9.7123   0.0887     7672.035      626.909     1291.808    0.132   0
       146    625.370    586.364 327.7140320 +28.7962476     4.58 0.0004941063 -11.3666 -11.4353   0.0185     37509.12     638.6794     1211.302    0.097   0
       147    500.063    925.641 327.7286963 +28.7593910     4.75 0.0005130945  -9.1777  -9.2638   0.1339     5076.163     625.8202     1131.786    0.166   0
       148    386.107    956.286 327.7426848 +28.7558130     4.84 0.0005222047 -10.6245 -10.7216   0.0353     19437.64      631.601     1152.691    0.098   0
       149    317.083    883.104 327.7513766 +28.7635297     6.65 0.0007181359  -9.2245  -9.4649   0.1113     6108.589     626.3204     1196.041    0.086   0
       150    311.833   1011.493 327.7517175 +28.7496841     4.80 0.0005182178 -10.7095 -10.7862   0.0333     20629.34     632.0202     1136.319    0.055   0
       151     59.364    990.407 327.7829185 +28.7513366     4.61 0.0004976595 -12.9004 -12.9340   0.0050     149137.9     680.8286     954.3381    0.059   0
       152     79.542    897.805 327.7806530 +28.7613634     5.63 0.0006075059 -10.5548 -11.4794   0.0178     39064.18     639.2017     1082.208    0.467   0
       153     58.722    965.126 327.7830590 +28.7540588     4.59 0.0004954946 -11.7676 -11.8392   0.0129     54409.96     645.3123     960.7632    0.068   0
       154   1005.831    868.849 327.6664174 +28.7667184     4.47 0.0004824747  -8.2786  99.0000  99.0000    -8091.834     623.8244     707.0693    0.159   0
