#   1 NUMBER                 Running object number                                     
#   2 X_IMAGE                Object position along x                                    [pixel]
#   3 Y_IMAGE                Object position along y                                    [pixel]
#   4 ALPHA_J2000            Right ascension of barycenter (J2000)                      [deg]
#   5 DELTA_J2000            Declination of barycenter (J2000)                          [deg]
#   6 FWHM_IMAGE             FWHM assuming a gaussian core                              [pixel]
#   7 FWHM_WORLD             FWHM assuming a gaussian core                              [deg]
#   8 MAG_BEST               Best of MAG_AUTO and MAG_ISOCOR                            [mag]
#   9 MAG_APER               Fixed aperture magnitude vector                            [mag]
#  10 MAGERR_APER            RMS error vector for fixed aperture mag.                   [mag]
#  11 FLUX_APER              Flux vector within fixed circular aperture(s)              [count]
#  12 FLUXERR_APER           RMS error vector for aperture flux(es)                     [count]
#  13 BACKGROUND             Background at centroid position                            [count]
#  14 ELLIPTICITY            1 - B_IMAGE/A_IMAGE                                       
#  15 FLAGS                  Extraction flags                                          
         1      9.725     81.390 200.8927625 +36.1158767    59.99  0.006479111 -13.1111 -12.2262   0.0081     77712.95       580.66     443.1992    0.619  24
         2    142.829     86.813 200.8749177 +36.1156682    37.13   0.00401029 -12.8259 -11.4819   0.0167      39151.8     603.5792     1025.256    0.723   0
         3    192.486     29.897 200.8683830 +36.1219388    28.67  0.003096516 -11.9272 -11.3831   0.0183      35748.3     602.4757     679.2499    0.151   1
         4    136.704     10.806 200.8758974 +36.1238386    84.44  0.009119026 -14.3150 -13.0656   0.0041     168362.3     628.1672     353.4544    0.741  24
         5    382.328     56.393 200.8428912 +36.1196145     4.35 0.0004692688 -10.5375  99.0000  99.0000    -14115.64     587.3216     978.2706    0.049   0
         6     64.174    108.971 200.8854092 +36.1130597    15.81  0.001707456  -9.8850  99.0000  99.0000    -7792.607     587.2883     778.3402    0.628   0
         7    517.134     91.312 200.8247577 +36.1162260     4.40 0.0004752488  -8.8415  -9.2212   0.1312     4880.625     589.5114     1147.664    0.302   0
         8    734.194    172.944 200.7955130 +36.1080273     8.96 0.0009681197 -10.2235 -10.4814   0.0414     15579.88      593.867     1173.018    0.239   0
         9     75.848    251.747 200.8835448 +36.0977128    10.69  0.001154674 -11.7047 -11.3960   0.0181     36174.81     602.5555     1112.874    0.754   2
        10    313.460    232.088 200.8517567 +36.1004969     4.21 0.0004548376 -12.7398 -12.8021   0.0053     132085.1     641.1757     1221.135    0.068   0
        11   1026.494    255.042 200.7561943 +36.0999735     2.66 0.0002874443  -7.7460  99.0000  99.0000     -1048.02      464.954     1078.716    0.361  16
        12     75.360    280.417 200.8835498 +36.0946231     8.17 0.0008819117 -11.1064 -11.2492   0.0206     31600.78     600.5735     1108.336    0.726   0
        13    693.775    395.912 200.8004842 +36.0838986     3.92 0.0004234529  -9.9613 -10.0195   0.0631     10181.33     591.6725     1168.743    0.040   0
        14   1027.823    412.197 200.7557132 +36.0830479     4.15 0.0004482119  -9.8027  -9.7160   0.0632     7698.714     447.8488     1034.866    0.362  24
        15    334.961    409.779 200.8485111 +36.0814158     3.98 0.0004296402  -8.9706  -9.2497   0.1278     5010.394     589.4339     1215.685    0.081   0
        16    723.921    461.007 200.7963177 +36.0769687     3.69 0.0003983527 -11.3232 -11.3897   0.0182     35964.88     602.4036     1142.361    0.099   0
        17     81.242    491.872 200.8823175 +36.0718617     4.18 0.0004514557 -11.9543 -12.0134   0.0104     63877.34     613.9417     1127.019    0.158   0
        18    600.761    828.931 200.8120732 +36.0369986     3.53 0.0003813083 -10.3287 -10.5028   0.0406     15889.71     594.0468     1072.231    0.023   0
        19    359.639    977.441 200.8440431 +36.0203353     3.19 0.0003447618  -8.8481  -9.2942   0.1227     5219.904     589.6055     1086.156    0.128   0
        20     80.740    764.381 200.8818124 +36.0425055     4.62  0.000498691 -10.0803 -11.3115   0.0195     33464.53     601.4624     1076.397    0.416   0
        21     77.858    693.617 200.8823468 +36.0501202     6.71 0.0007241513 -10.7306 -11.3633   0.0186     35100.94     602.0936     1082.395    0.481   0
        22    678.029    741.497 200.8019048 +36.0466286     3.77 0.0004075743  -8.1685  -8.8653   0.1819     3516.666     588.9161      1075.08    0.157   0
        23     81.502    658.511 200.8819327 +36.0539120     5.00 0.0005396451 -10.1647 -11.2657   0.0203     32082.35     600.9688      1112.48    0.687   0
        24    659.512    944.249 200.8039795 +36.0247373     3.68 0.0003970263 -10.6540 -10.7253   0.0332     19503.94     595.6641     1003.419    0.085   0
        25     77.757    737.379 200.8822684 +36.0454058     5.65 0.0006104331 -10.2952 -11.3177   0.0194      33658.3     601.4456     1070.579    0.372   0
        26     84.456    904.821 200.8810202 +36.0273878     4.37  0.000472022  -9.6806 -11.2526   0.0206     31697.75     600.7276     1035.006    0.567   0
        27     78.705    584.995 200.8824615 +36.0618233     5.25 0.0005670959 -10.0585 -11.1108   0.0234     27818.05     598.9968     1109.802    0.269   0
        28    640.376    848.987 200.8067307 +36.0349467     3.67 0.0003968162  -9.3340  -9.5829   0.0941     6810.506      590.015     1048.713    0.082   0
        29    189.728    768.687 200.8672145 +36.0423482     5.08  0.000548649  -8.6459  -9.4228   0.1090     5876.551      589.917     1175.584    0.164   0
