#   1 NUMBER                 Running object number                                     
#   2 X_IMAGE                Object position along x                                    [pixel]
#   3 Y_IMAGE                Object position along y                                    [pixel]
#   4 ALPHA_J2000            Right ascension of barycenter (J2000)                      [deg]
#   5 DELTA_J2000            Declination of barycenter (J2000)                          [deg]
#   6 FWHM_IMAGE             FWHM assuming a gaussian core                              [pixel]
#   7 FWHM_WORLD             FWHM assuming a gaussian core                              [deg]
#   8 MAG_BEST               Best of MAG_AUTO and MAG_ISOCOR                            [mag]
#   9 MAG_APER               Fixed aperture magnitude vector                            [mag]
#  10 MAGERR_APER            RMS error vector for fixed aperture mag.                   [mag]
#  11 FLUX_APER              Flux vector within fixed circular aperture(s)              [count]
#  12 FLUXERR_APER           RMS error vector for aperture flux(es)                     [count]
#  13 BACKGROUND             Background at centroid position                            [count]
#  14 ELLIPTICITY            1 - B_IMAGE/A_IMAGE                                       
#  15 FLAGS                  Extraction flags                                          
         1    853.730     89.265 200.9147807 +36.1164257   116.18   0.01255417 -14.6278 -12.4128   0.0059     92283.46      497.709      738.127    0.491  19
         2    816.544     46.311 200.9198552 +36.1209445    70.66  0.007635528 -13.3741 -11.8598   0.0094     55451.86     478.8751     618.4617    0.781  19
         3    819.673      9.473 200.9195115 +36.1249228    77.22  0.008344247 -13.4839 -12.2586   0.0063     80062.23     461.2472     442.2062    0.771  24
         4    673.524    191.250 200.9387311 +36.1049056     5.20 0.0005613957 -15.5069 -15.5355   0.0007      1637624     1010.141     910.4322    0.077   4
         5    760.749    188.909 200.9270420 +36.1054158     4.92 0.0005313504 -15.0298 -15.0627   0.0009      1059438     855.1693     910.2072    0.071   0
         6    113.424    199.862 201.0138011 +36.1022940     4.54 0.0004901157 -13.2528 -13.3041   0.0029     209727.6      553.567     855.4055    0.031   0
         7    536.644    197.498 200.9570688 +36.1038253     6.93 0.0007483279  -8.5719  -9.0027   0.1228      3990.91     451.1599     904.0602    0.356   0
         8    325.549    261.583 200.9852311 +36.0962870     5.64 0.0006089024  -8.7144  -8.7877   0.1495     3273.952     450.7624     889.9995    0.300   0
         9    614.838    322.369 200.9463241 +36.0906040     4.75 0.0005133848 -10.8700 -11.0067   0.0199     25274.96     462.8283     903.8197    0.100   0
        10    254.024    369.052 200.9945866 +36.0844918     8.14  0.000879731  -9.2961  -9.3072   0.0929     5283.044     451.8627     880.2321    0.256   0
        11    190.618    431.006 201.0029503 +36.0776245     8.12 0.0008773008  -9.1639  -9.1975   0.1027     4775.471     451.4049     864.9912    0.367   0
        12     18.508    479.974 201.0259079 +36.0718239     5.82 0.0006286335  -9.1516  -9.3151   0.0922     5321.418     451.8965     819.8792    0.232   0
        13    132.563    520.870 201.0105345 +36.0677658     4.49 0.0004846562 -12.9813 -13.0325   0.0035     163308.2      532.169     844.3616    0.076   0
        14    525.165    715.822 200.9575138 +36.0479444     4.24 0.0004581988  -9.6763  -9.8294   0.0577     8545.558     453.6516     866.9434    0.083   0
        15    531.745    694.981 200.9566762 +36.0502096     5.74 0.0006202642 -10.2191 -10.2618   0.0389     12726.31     455.9997     872.3884    0.106   0
        16     40.037    764.195 201.0223979 +36.0412669     4.77 0.0005151791  -8.5567  -8.2303   0.2494     1959.304     449.9186     779.9072    0.217   0
        17    196.970    737.977 201.0014329 +36.0445697     4.23 0.0004565321  -7.5981  -6.0599   1.8372     265.4432     449.0526     820.6318    0.017   0
        18    759.790    587.074 200.9263472 +36.0625127     4.24 0.0004583498 -10.3279 -10.3887   0.0347     14304.17      456.814     896.4159    0.125   0
        19    479.934    662.035 200.9636872 +36.0536045     4.08   0.00044119 -10.2325 -10.2463   0.0395     12546.86     455.9013     875.4841    0.113   0
        20    698.254    553.815 200.9346618 +36.0659143     6.58 0.0007111458  -8.5481  -8.9393   0.1301     3764.523     451.0597     897.1838    0.200   0
        21    214.716    710.837 200.9991144 +36.0475476     4.59  0.000495663 -10.2465 -10.1866   0.0417     11875.67     455.5081     830.1102    0.125   0
        22    102.724    872.676 201.0137636 +36.0297702     5.49 0.0005936762  -8.9630  -9.0901   0.1133     4325.449     451.4336     758.2746    0.132   0
        23    887.017    889.635 200.9086814 +36.0302873     4.61 0.0004983708 -11.2583 -11.2008   0.0167     30222.78     465.4197     789.6569    0.011   0
