#   1 NUMBER                 Running object number                                     
#   2 X_IMAGE                Object position along x                                    [pixel]
#   3 Y_IMAGE                Object position along y                                    [pixel]
#   4 ALPHA_J2000            Right ascension of barycenter (J2000)                      [deg]
#   5 DELTA_J2000            Declination of barycenter (J2000)                          [deg]
#   6 FWHM_IMAGE             FWHM assuming a gaussian core                              [pixel]
#   7 FWHM_WORLD             FWHM assuming a gaussian core                              [deg]
#   8 MAG_BEST               Best of MAG_AUTO and MAG_ISOCOR                            [mag]
#   9 MAG_APER               Fixed aperture magnitude vector                            [mag]
#  10 MAGERR_APER            RMS error vector for fixed aperture mag.                   [mag]
#  11 FLUX_APER              Flux vector within fixed circular aperture(s)              [count]
#  12 FLUXERR_APER           RMS error vector for aperture flux(es)                     [count]
#  13 BACKGROUND             Background at centroid position                            [count]
#  14 ELLIPTICITY            1 - B_IMAGE/A_IMAGE                                       
#  15 FLAGS                  Extraction flags                                          
         1    838.950     81.117 200.9171931 +36.1186784   147.84   0.01593607 -15.8723 -13.9246   0.0031     371415.1     1060.467     1442.259    0.592  16
         2    829.273     10.653 200.9185540 +36.1261783    98.26   0.01059138 -14.7896 -13.8541   0.0031     348041.1     1007.084     181.5555    0.813  24
         3    159.085     82.904 201.0087478 +36.1166919    52.28  0.005635646 -14.9458 -12.1676   0.0146     73630.59      987.855     1761.453    0.802  18
         4    366.294     83.025 200.9808437 +36.1172336    19.06  0.002054921 -13.0057 -11.9884   0.0171     62424.28     984.7723     1901.537    0.125   2
         5    403.186     78.345 200.9758797 +36.1178315     8.93 0.0009627368 -11.9014 -11.9675   0.0175     61237.36     984.5248     1862.025    0.177   0
         6    317.195     80.617 200.9874578 +36.1173600     3.45 0.0003721204 -10.0061 -11.8778   0.0189     56381.12     982.8317     1854.637    0.433   0
         7    680.808    207.420 200.9383835 +36.1047789     4.80 0.0005174977 -15.3564 -15.3904   0.0010      1432742     1286.154     2162.229    0.077   4
         8    767.887    205.023 200.9266605 +36.1052618     4.75 0.0005121997 -14.8867 -14.9288   0.0014     936535.7     1186.144     2165.689    0.081   0
         9    121.900    216.935 201.0136282 +36.1022784     4.71 0.0005073939 -13.0995 -13.1551   0.0060     182820.9     1015.008     1921.475    0.034   0
        10    622.218    338.543 200.9461602 +36.0906227     5.02 0.0005416155 -10.7683 -10.8246   0.0495     21372.26     974.3221     2138.433    0.118   0
        11    883.132    531.724 200.9108790 +36.0706717     7.00  0.000754038 -11.1828 -11.7307   0.0216     49236.74     981.4728     1945.626    0.511   2
        12    140.546    537.806 201.0108150 +36.0680627     4.80 0.0005171004 -12.8317 -12.8827   0.0077     142263.8     1004.731     1868.971    0.046   0
        13    487.315    678.805 200.9640218 +36.0539306     4.70 0.0005061293 -10.0100  -9.9505   0.1104     9554.407     971.2577     1996.525    0.102   0
        14    883.306    816.699 200.9106256 +36.0402392   158.14   0.01704652 -15.7254 -12.4985   0.0108      99864.9     994.4721      1761.32    0.949  16
        15      3.783   1008.714 201.0287651 +36.0174043    19.86  0.002140613 -12.4292 -11.6067   0.0195     43920.66     788.0849     446.4214    0.848  16
        16    532.383    732.461 200.9579107 +36.0483195     5.25 0.0005663726  -9.4412  -9.9061   0.1150      9171.08     971.2684      1962.05    0.114   0
        17    222.553    727.963 200.9996019 +36.0479761     4.93 0.0005311784 -10.2131 -10.1928   0.0884        11943     972.0089     1794.509    0.090   0
        18    538.946    711.471 200.9570459 +36.0505784     6.83 0.0007364682 -10.0086 -10.2491   0.0839     12578.63     972.0085      1985.05    0.267   0
        19    766.681    603.262 200.9264928 +36.0627302     4.68   0.00050498 -10.0722  -9.9854   0.1069     9866.366      971.584     2110.865    0.135   0
