#   1 NUMBER                 Running object number                                     
#   2 X_IMAGE                Object position along x                                    [pixel]
#   3 Y_IMAGE                Object position along y                                    [pixel]
#   4 ALPHA_J2000            Right ascension of barycenter (J2000)                      [deg]
#   5 DELTA_J2000            Declination of barycenter (J2000)                          [deg]
#   6 FWHM_IMAGE             FWHM assuming a gaussian core                              [pixel]
#   7 FWHM_WORLD             FWHM assuming a gaussian core                              [deg]
#   8 MAG_BEST               Best of MAG_AUTO and MAG_ISOCOR                            [mag]
#   9 MAG_APER               Fixed aperture magnitude vector                            [mag]
#  10 MAGERR_APER            RMS error vector for fixed aperture mag.                   [mag]
#  11 FLUX_APER              Flux vector within fixed circular aperture(s)              [count]
#  12 FLUXERR_APER           RMS error vector for aperture flux(es)                     [count]
#  13 BACKGROUND             Background at centroid position                            [count]
#  14 ELLIPTICITY            1 - B_IMAGE/A_IMAGE                                       
#  15 FLAGS                  Extraction flags                                          
         1    832.502    178.770 327.8177269 +28.9479260   200.32    0.0216311 -16.0521 -12.5292   0.0084     102728.1     796.8303     1323.368    0.909  18
         2    854.839     39.303 327.8153131 +28.9630080     6.82 0.0007368586 -12.0725 -12.2465   0.0108     79176.03     789.3228     1087.261    0.124   3
         3    426.778     90.379 327.8681047 +28.9564372     6.09 0.0006573768 -13.0295 -13.0697   0.0053     169004.9      817.097     1397.133    0.178   0
         4    445.515    103.741 327.8657544 +28.9550447     5.92  0.000639453 -12.9182 -12.9729   0.0057     154585.1     813.0185     1412.744    0.171   0
         5     45.430     93.810 327.9152388 +28.9550989     6.20 0.0006690518 -11.2468 -11.3483   0.0243     34620.89     774.8694      1100.55    0.170   0
         6    198.947    132.306 327.8961618 +28.9513432     6.22 0.0006715633 -13.3892 -13.4271   0.0039     234866.4     837.2817     1329.272    0.181   0
         7    748.728    102.719 327.8282730 +28.9559125     7.56 0.0008163634  -9.4162  -7.0752   1.2274       676.18     764.2065     1465.866    0.139   0
         8    472.236    134.452 327.8623732 +28.9518030     6.02  0.000649934  -9.3462  -9.7600   0.1038     8016.778      766.561     1442.038    0.040   0
         9    708.302    206.639 327.8330098 +28.9446154     5.43 0.0005863727 -11.8102 -11.8746   0.0151     56214.59     782.0164     1531.306    0.128   0
        10    173.651    200.332 327.8991133 +28.9439495     6.59 0.0007115731 -10.3939 -10.4536   0.0550     15185.19     768.7451     1361.161    0.291   0
        11    586.923    220.187 327.8479791 +28.9428531     5.46 0.0005898434 -11.8088 -11.8854   0.0150     56775.85     782.2169     1511.066    0.123   0
        12    438.357    240.193 327.8662921 +28.9403249     5.45 0.0005881712 -12.1470 -12.2021   0.0113     76006.28     788.2134     1487.084    0.146   0
        13    300.190    242.281 327.8833647 +28.9397511     4.87 0.0005263494  -9.2236  -9.0847   0.1931     4304.201     765.2846     1444.927    0.328   0
        14    604.115    303.660 327.8456435 +28.9339024     5.10 0.0005510431 -12.3459 -12.3887   0.0095     90255.92       792.97     1549.209    0.085   0
        15    261.006    293.997 327.8880752 +28.9340798     4.20 0.0004535396  -8.8099  -9.6062   0.1196     6958.001     766.0002     1468.577    0.012   0
        16    752.423    307.771 327.8273027 +28.9338287     6.10 0.0006588736  -9.6724  -6.0028   3.2940      251.847     763.8948     1568.505    0.135   0
        17    568.893    336.923 327.8499128 +28.9302304     5.06 0.0005467539 -11.9275 -11.9855   0.0137     62260.88     784.0101     1560.096    0.111   0
        18    500.776    348.276 327.8583027 +28.9288366     5.12 0.0005533273 -11.0380 -11.0879   0.0308     27237.98     772.7829     1555.521    0.097   0
        19    144.839    359.197 327.9022646 +28.9267596     5.95 0.0006420449  -9.8863 -10.6688   0.0451     18514.91      769.677     1449.127    0.240   0
        20    495.191    372.087 327.8589326 +28.9262570     5.08 0.0005483714 -10.3539 -10.1908   0.0699     11921.08     767.7903     1567.089    0.143   0
        21    329.562    374.084 327.8793970 +28.9256246     7.39 0.0007978526  -9.9507 -10.3610   0.0598      13944.5     768.4489     1539.617    0.140   0
        22    552.302    389.749 327.8518297 +28.9244972     6.01 0.0006490067  -9.2459  -9.9849   0.0845     9861.541     767.1194     1584.675    0.191   0
        23    267.926    431.166 327.8868680 +28.9193184     5.04 0.0005445624 -12.4883 -12.5794   0.0081       107590     798.3542     1541.504    0.106   0
        24    861.295    426.653 327.8135504 +28.9212892     5.04 0.0005439983 -10.7520 -10.8151   0.0395     21186.46     770.8441     1385.641    0.085   0
        25    799.272    542.168 327.8209270 +28.9086897     4.72  0.000509894 -14.8153 -14.8515   0.0013     872142.9     1009.775     1608.408    0.064   0
        26    888.085    888.047 327.8090932 +28.8716425    56.90  0.006144654 -13.9932 -12.6914   0.0073     119277.3      802.088     551.4727    0.148  16
        27    584.848    911.020 327.8464921 +28.8684148     4.16 0.0004489243 -10.8060  99.0000  99.0000    -145983.2     763.8988     1073.838    0.044   0
        28    404.995    817.397 327.8689456 +28.8780509     4.68 0.0005057392  -9.4576  -9.4888   0.1332     6244.737     765.7458     1571.543    0.130   0
        29    901.975    610.781 327.8080658 +28.9015507     2.57 0.0002775611  -8.3624  99.0000  99.0000    -102065.4     763.7043      1186.62    0.154   0
        30    668.777    587.419 327.8369381 +28.9034902     4.92 0.0005316369 -10.9788 -11.0302   0.0325     25828.35     772.0488     1610.505    0.050   0
        31    361.899    571.617 327.8748964 +28.9044235     5.35 0.0005779805  -9.2097  -9.4423   0.1390     5982.873     765.9621     1590.797    0.294   0
        32    302.259    569.146 327.8822719 +28.9045389     5.20 0.0005618627 -10.5161 -10.7161   0.0432     19339.45     770.1377     1580.779    0.091   0
        33    308.402    531.432 327.8816094 +28.9086179     4.83 0.0005220383 -10.4203 -10.4702   0.0541     15419.68     768.6495      1576.58    0.042   0
        34    859.218    517.773 327.8135803 +28.9114663     4.68 0.0005051703 -11.6451 -11.5281   0.0207     40855.97      776.921     1468.104    0.080   0
        35    864.159    490.987 327.8130363 +28.9143647     5.25 0.0005666558  -9.0376  99.0000  99.0000    -16629.22     763.7475     1444.445    0.106   0
        36    506.065    487.176 327.8572970 +28.9138842     4.96 0.0005352556 -11.1680 -11.2681   0.0262     32155.18     774.4147     1596.096    0.012   0
        37    224.992    457.426 327.8921062 +28.9163801     5.07 0.0005476398 -11.1225 -11.2507   0.0266     31643.53     773.8655     1535.473    0.104   0
        38     61.403    892.143 327.9111955 +28.8691255     4.37 0.0004715745 -10.4035  99.0000  99.0000    -54592.25     763.7692     1197.221    0.051   0
        39    237.844    887.237 327.8894144 +28.8701036     4.85 0.0005239213 -12.5375 -11.7267   0.0173     49056.84     779.8307     1297.862    0.045   0
        40    749.470    502.101 327.8271812 +28.9128834     4.71 0.0005085312 -12.1276 -12.1931   0.0114     75377.14     788.2443     1606.381    0.052   0
        41    450.080    855.500 327.8632795 +28.8740590     4.67 0.0005044871 -12.1200 -12.1397   0.0119     71758.21     787.0118     1530.504    0.020   0
        42    673.491    802.297 327.8358160 +28.8803502     4.62 0.0004991217 -10.6382 -10.4070   0.0574        14548      768.774     1622.835    0.062   0
        43    795.763    764.369 327.8208059 +28.8847401     5.56 0.0006000455 -11.0352 -11.3400   0.0245     34356.64     775.0824     1589.696    0.160   0
        44     55.401    826.322 327.9121075 +28.8762018     4.88 0.0005264163 -10.2019 -10.3699   0.0594     14058.73     768.4001     1416.654    0.081   0
        45    106.542    692.606 327.9061357 +28.8907394     5.06  0.000546312 -10.8631 -11.0349   0.0323     25939.21     772.2344     1496.305    0.045   0
        46    840.461    829.861 327.8151208 +28.8777943    76.41  0.008250987 -14.0033 -13.0637   0.0053       168066     817.0118     1230.931    0.464  16
        47    798.188    689.140 327.8206940 +28.8928517     4.63 0.0005002557 -13.3574 -13.4074   0.0039     230646.5     835.9418     1615.378    0.030   0
        48    533.721    711.238 327.8533125 +28.8898122     4.67 0.0005038431 -13.1460 -13.2110   0.0047     192490.4     824.4517     1613.428    0.021   0
        49    164.658    846.301 327.8985597 +28.8743281     4.90 0.0005293603  -9.5270  -9.4056   0.1438     5784.346     765.7679      1484.72    0.033   0
        50    573.065    824.211 327.8481666 +28.8777385     4.59 0.0004955566 -12.6725 -12.6704   0.0074     116997.8     801.2948     1583.856    0.035   0
        51    306.626    494.630 327.8819231 +28.9125786     4.95 0.0005339852 -13.4840 -13.5244   0.0036       256893     843.7155     1571.529    0.050   0
        52    601.216    648.722 327.8451315 +28.8967168     5.32 0.0005740375  -9.5400  -9.7551   0.1043     7980.462     766.5276     1614.713    0.131   0
        53    249.458    663.497 327.8885538 +28.8942394     5.76 0.0006217684  -9.7171 -10.3621   0.0598     13957.95     768.4962     1576.303    0.250   0
        54    653.000    649.127 327.8387324 +28.8968023     4.90 0.0005295228 -10.4597 -10.6382   0.0464     18000.86     769.6172     1617.387    0.087   0
        55    800.539    802.878 327.8201197 +28.8806029    15.83   0.00170952 -11.9918 -11.8068   0.0161     52812.33     781.0126     1534.792    0.357   3
        56    812.254    569.043 327.8192558 +28.9058262     4.64 0.0005013909 -11.3118 -11.3639   0.0240     35120.21       775.35     1586.423    0.074   0
        57    745.021    610.823 327.8274588 +28.9011581     4.57 0.0004929728 -11.6783 -11.6158   0.0191     44293.09     778.0262      1614.66    0.038   0
        58    697.529    559.483 327.8334557 +28.9065717     4.70 0.0005076233 -11.6006 -11.5007   0.0212     39837.98     776.8909     1611.503    0.062   0
        59    847.322    593.267 327.8148623 +28.9033029     5.89 0.0006360891 -10.3379 -10.6046   0.0479     17451.38     769.6318     1524.885    0.110   0
        60    303.039    553.155 327.8822164 +28.9062639     4.84 0.0005221118 -12.3337 -12.4209   0.0093     92977.84     793.8693     1578.521    0.044   0
