#   1 NUMBER                 Running object number                                     
#   2 X_IMAGE                Object position along x                                    [pixel]
#   3 Y_IMAGE                Object position along y                                    [pixel]
#   4 ALPHA_J2000            Right ascension of barycenter (J2000)                      [deg]
#   5 DELTA_J2000            Declination of barycenter (J2000)                          [deg]
#   6 FWHM_IMAGE             FWHM assuming a gaussian core                              [pixel]
#   7 FWHM_WORLD             FWHM assuming a gaussian core                              [deg]
#   8 MAG_BEST               Best of MAG_AUTO and MAG_ISOCOR                            [mag]
#   9 MAG_APER               Fixed aperture magnitude vector                            [mag]
#  10 MAGERR_APER            RMS error vector for fixed aperture mag.                   [mag]
#  11 FLUX_APER              Flux vector within fixed circular aperture(s)              [count]
#  12 FLUXERR_APER           RMS error vector for aperture flux(es)                     [count]
#  13 BACKGROUND             Background at centroid position                            [count]
#  14 ELLIPTICITY            1 - B_IMAGE/A_IMAGE                                       
#  15 FLAGS                  Extraction flags                                          
         1    840.181     79.492 200.9180912 +36.1154843   134.00   0.01446793 -14.5095 -12.3952   0.0060     90794.59     504.7244     739.4218    0.612  16
         2    822.681      9.414 200.9205814 +36.1229795    80.87  0.008731563 -13.5196 -12.2935   0.0062      82682.9      469.307     435.5959    0.789  24
         3    685.855    173.129 200.9385679 +36.1049549     5.22  0.000563825 -15.5030 -15.5327   0.0007      1633386     1012.914     925.3981    0.095   4
         4    773.029    170.735 200.9268964 +36.1054656     4.36 0.0004711768 -15.0260 -15.0607   0.0009      1057476      859.127     925.6706    0.062   0
         5    126.361    181.301 201.0134889 +36.1024246     4.00 0.0004314705 -13.2486 -13.3054   0.0029     209968.2     560.6122     871.4266    0.036   0
         6    549.242    179.466 200.9568527 +36.1038739     5.11 0.0005518098  -8.6017  -8.8966   0.1379      3619.51      459.469     920.8905    0.077   0
         7    742.080    191.713 200.9309979 +36.1031171     5.33  0.000575095  -8.5357  -9.4096   0.0862     5805.769     460.7085     926.3918    0.507   0
         8    338.512    243.103 200.9849399 +36.0964014     4.69  0.000506637  -8.7070  -8.7317   0.1604     3109.328     459.2687      905.866    0.123   0
         9    627.292    304.058 200.9461349 +36.0906866     4.07 0.0004389842 -10.8577 -10.8871   0.0225     22638.64     469.7791     921.9797    0.113   0
        10    267.280    349.609 200.9942475 +36.0847223     8.93 0.0009646026  -9.3256  -9.3367   0.0921     5428.292     460.4521     897.3992    0.363   0
        11    203.754    412.395 201.0026164 +36.0777729     8.18 0.0008830958  -9.0776  -9.1088   0.1135     4400.662     459.8423     881.9466    0.370   0
        12     31.944    461.082 201.0255125 +36.0720165     4.19 0.0004523227  -9.1092  -9.2655   0.0983       5083.8      460.368     836.6583    0.149   0
        13    145.824    501.851 201.0101759 +36.0679681     3.81 0.0004114581 -12.9732 -13.0274   0.0036     162540.8     539.0587     862.8427    0.034   0
        14    116.416    853.146 201.0133378 +36.0300551     6.72 0.0007260903  -8.9600  -8.8862   0.1392     3584.826     459.4759     778.2593    0.124   0
        15     53.818    744.491 201.0219550 +36.0415667     6.29 0.0006788278  -8.6147  -8.8356   0.1458     3421.687     459.4129     798.2061    0.347   0
        16    228.113    691.518 200.9987445 +36.0477913     3.79 0.0004093157 -10.3095 -10.3493   0.0366     13794.53     464.9851     849.0563    0.041   0
        17    899.555    870.261 200.9085048 +36.0305089     3.75 0.0004051493 -10.1144 -10.4834   0.0324     15608.57     465.9721     779.4589    0.129   0
        18    882.336    826.114 200.9109003 +36.0352129     4.85 0.0005234248  -9.6368 -10.9622   0.0211     24259.26     470.6407     823.5502    0.280   0
        19    880.419    776.710 200.9112588 +36.0405270     4.11 0.0004441334  -9.2516 -10.9182   0.0219     23295.21     470.0906     838.3755    0.529   0
        20    538.005    696.957 200.9572551 +36.0481204     3.56 0.0003845374  -9.7033  -9.9168   0.0542     9262.102      462.465      886.014    0.057   0
        21    544.524    676.058 200.9564270 +36.0503897     5.18 0.0005595652 -10.1377 -10.2456   0.0402      12537.8     464.3727     892.6934    0.098   0
        22    772.314    568.452 200.9261617 +36.0626393     3.67 0.0003958051 -10.3170 -10.4386   0.0338     14977.21     465.6841     912.0124    0.071   0
        23    492.659    643.104 200.9634397 +36.0537860     3.57 0.0003850253 -10.1981 -10.2445   0.0403     12525.28     464.3659     894.0607    0.063   0
        24    710.569    535.152 200.9344975 +36.0660458     3.64 0.0003926173  -8.5870  -8.8734   0.1408     3542.816     459.4531     912.8408    0.200   0
        25    870.036    658.346 200.9128933 +36.0532420     4.11 0.0004439807  -9.0849 -10.4667   0.0329     15370.51     465.8698     885.2134    0.289   0
        26    885.000    962.495 200.9102621 +36.0205357     4.60 0.0004965057  -9.6761 -10.9969   0.0204     25048.24     470.9214     787.9445    0.588   0
