#   1 NUMBER                 Running object number                                     
#   2 X_IMAGE                Object position along x                                    [pixel]
#   3 Y_IMAGE                Object position along y                                    [pixel]
#   4 ALPHA_J2000            Right ascension of barycenter (J2000)                      [deg]
#   5 DELTA_J2000            Declination of barycenter (J2000)                          [deg]
#   6 FWHM_IMAGE             FWHM assuming a gaussian core                              [pixel]
#   7 FWHM_WORLD             FWHM assuming a gaussian core                              [deg]
#   8 MAG_BEST               Best of MAG_AUTO and MAG_ISOCOR                            [mag]
#   9 MAG_APER               Fixed aperture magnitude vector                            [mag]
#  10 MAGERR_APER            RMS error vector for fixed aperture mag.                   [mag]
#  11 FLUX_APER              Flux vector within fixed circular aperture(s)              [count]
#  12 FLUXERR_APER           RMS error vector for aperture flux(es)                     [count]
#  13 BACKGROUND             Background at centroid position                            [count]
#  14 ELLIPTICITY            1 - B_IMAGE/A_IMAGE                                       
#  15 FLAGS                  Extraction flags                                          
         1    841.150     80.233 238.0194659 +32.9337422   134.73   0.01456564 -14.5524 -12.4364   0.0059      94310.8     512.2341     744.2659    0.611  16
         2    823.328      9.441 238.0219537 +32.9413324    82.58  0.008926973 -13.5352 -12.3275   0.0061     85308.83     476.2299     428.8417    0.796  24
         3    492.160     48.957 238.0645635 +32.9361629     4.88 0.0005273783  -9.5419  99.0000  99.0000    -621.7413     463.9271     788.4647    0.016   0
         4    248.512     73.604 238.0959215 +32.9328279     6.68 0.0007223735  -9.8870 -10.5737   0.0303     16962.58     472.9409     830.1653    0.295   0
         5     65.439    118.535 238.1194081 +32.9274671     5.01 0.0005420095 -13.7574 -13.7937   0.0020     329200.3     616.2529     861.9396    0.037   0
         6    730.177    127.618 238.0336519 +32.9283276     4.81  0.000519865 -10.1470  -9.4481   0.0843     6014.976     466.9877     932.3503    0.014   0
         7    751.912    132.228 238.0308363 +32.9278893     4.90 0.0005298622  -9.8520  -7.2662   0.6254     806.2654      464.322      932.509    0.124   0
         8    372.070    148.483 238.0797800 +32.9250920     8.49 0.0009175716  -9.7108  -9.7803   0.0623     8167.985     468.3209     917.9612    0.250   0
         9    700.904    195.681 238.0372442 +32.9209036     5.26 0.0005688986 -11.8197 -11.8687   0.0096     55907.64     493.1103     933.1976    0.036   0
        10    478.270    187.270 238.0659781 +32.9212004     5.70 0.0006165702  -9.0245  -9.3760   0.0901     5628.448     466.9633     925.4775    0.149   0
        11    322.989    191.030 238.0859927 +32.9203649     5.50 0.0005950609  -9.7901  -9.9291   0.0543     9367.631     468.7531     913.9824    0.040   0
        12    112.641    259.822 238.1129274 +32.9123547     4.91  0.000530926 -13.7280 -13.7663   0.0021     321011.1     612.9217     876.4354    0.026   0
        13    762.091    280.448 238.0291263 +32.9119237     4.80 0.0005187428 -12.1387 -12.2026   0.0072     76038.27     503.2491     934.1483    0.023   0
        14    233.337    280.239 238.0973077 +32.9104895     7.46 0.0008064847 -10.0135 -10.2018   0.0424     12042.77     470.3589     902.2139    0.426   0
        15    581.223    331.302 238.0523111 +32.9059423     4.89  0.000528575 -11.2747 -11.3654   0.0149     35169.28      482.507     926.6556    0.051   0
        16      6.519    321.029 238.1264401 +32.9054519     6.78 0.0007332545  -8.5411  -7.4662   0.4502     969.3739     401.8871     850.3409    0.290  16
        17    287.752    345.084 238.0901126 +32.9036442     4.87 0.0005262894 -11.0862 -11.1664   0.0178     29279.91     479.4966     909.5515    0.027   0
        18     43.964    348.835 238.1215344 +32.9025571     4.63 0.0005002663  -8.9967  -8.8967   0.1398     3619.776     465.8344     858.3076    0.096   0
        19    450.903    385.895 238.0689654 +32.8996929     4.98 0.0005378539 -10.7902 -10.8899   0.0228     22697.56     476.1418     919.7027    0.037   0
        20    511.416    436.806 238.0610251 +32.8943663     4.90 0.0005291849 -12.0716 -12.1178   0.0077     70326.85     500.1847     920.2568    0.018   0
        21    159.082    454.383 238.1063993 +32.8914916     5.00 0.0005407549  -9.7936  -9.9579   0.0530     9619.551     469.0692     877.8398    0.056   0
        22    270.261    496.076 238.0919516 +32.8873033     4.89 0.0005288491 -12.3792 -12.4342   0.0059     94123.19     512.1425      900.034    0.033   0
        23     13.876    497.426 238.1249982 +32.8864393     5.28 0.0005706213 -10.4226 -10.3729   0.0359     14097.59      466.634     839.7447    0.056  16
        24    440.533    503.533 238.0699813 +32.8869709     5.12 0.0005530142  -9.6193  -9.5856   0.0744     6827.383     467.6308       914.53    0.138   0
        25    773.032    500.030 238.0271276 +32.8882600     3.44 0.0003716227  -7.1077  -7.9421   0.3358     1502.602     464.6706     923.8282    0.032   0
        26    779.443    517.708 238.0262539 +32.8863699     3.95 0.0004265481  -8.2939  -8.6101   0.1818     2779.846     465.3703     923.4645    0.518   0
        27    882.404    956.799 238.0118138 +32.8392697     6.30 0.0006815682 -10.3038 -11.0697   0.0194     26785.05     477.9648     799.4726    0.213   2
        28    513.101   1027.375 238.0592039 +32.8306475     5.24 0.0005668168  -8.1546  -7.5296   0.3773     1027.678     357.0651     796.7549    0.269  24
        29    800.580   1021.455 238.0221837 +32.8320715     5.04 0.0005451138  -9.7607  -9.6476   0.0639     7228.585     425.3796     827.8154    0.017  16
        30    302.037    759.581 238.0871308 +32.8589592     5.24 0.0005665504 -10.7833 -10.8199   0.0242     21280.18      475.128     855.0353    0.037   0
        31    629.505    701.008 238.0450878 +32.8661825     3.75 0.0004050079  -8.1408  -8.6921   0.1686     2998.133     465.4745     899.8846    0.380   0
        32    908.128    626.661 238.0093755 +32.8749620     4.75 0.0005136434 -10.9600 -10.6453   0.0284     18118.32       473.59     812.9211    0.045   0
        33    381.043    703.606 238.0771025 +32.8652182     4.96 0.0005362252 -12.7260 -12.7747   0.0045     128787.9     528.6666      879.653    0.014   0
        34    859.684    794.031 238.0151742 +32.8567713     5.40 0.0005835082 -11.9462 -12.0126   0.0085     63831.63     497.0992     875.8034    0.065   0
        35    130.641    635.153 238.1095637 +32.8719067     5.17  0.000559282  -9.9858 -10.0902   0.0470     10865.87     469.7719      850.755    0.038   0
        36    631.744    785.377 238.0445717 +32.8570850     4.60  0.000497548  -8.4015  -8.6379   0.1772     2852.192     465.4615     879.6139    0.419   0
        37    885.654    877.078 238.0116069 +32.8478807     4.96 0.0005362227  -9.8206 -10.9765   0.0211     24580.92     477.0276     810.9913    0.549   0
        38    888.003    938.203 238.0111419 +32.8412914     3.87 0.0004180674  -9.2068 -10.9823   0.0210     24712.04     476.8793     791.8024    0.740   0
        39    719.584    712.905 238.0334464 +32.8651447    10.42  0.001126197 -10.1050 -10.1393   0.0449     11368.58     470.0005     901.2785    0.215   0
        40    810.622    869.447 238.0212955 +32.8485009     4.95 0.0005351397 -12.7497 -12.7949   0.0044     131204.4     529.8885     866.1608    0.020   0
        41    359.317   1008.196 238.0790682 +32.8322923     5.13 0.0005540737  -8.4941  -8.4951   0.2020     2500.463     465.2071     774.6671    0.492   0
