#   1 NUMBER                 Running object number                                     
#   2 X_IMAGE                Object position along x                                    [pixel]
#   3 Y_IMAGE                Object position along y                                    [pixel]
#   4 ALPHA_J2000            Right ascension of barycenter (J2000)                      [deg]
#   5 DELTA_J2000            Declination of barycenter (J2000)                          [deg]
#   6 FWHM_IMAGE             FWHM assuming a gaussian core                              [pixel]
#   7 FWHM_WORLD             FWHM assuming a gaussian core                              [deg]
#   8 MAG_BEST               Best of MAG_AUTO and MAG_ISOCOR                            [mag]
#   9 MAG_APER               Fixed aperture magnitude vector                            [mag]
#  10 MAGERR_APER            RMS error vector for fixed aperture mag.                   [mag]
#  11 FLUX_APER              Flux vector within fixed circular aperture(s)              [count]
#  12 FLUXERR_APER           RMS error vector for aperture flux(es)                     [count]
#  13 BACKGROUND             Background at centroid position                            [count]
#  14 ELLIPTICITY            1 - B_IMAGE/A_IMAGE                                       
#  15 FLAGS                  Extraction flags                                          
         1      9.549     81.707 200.8949954 +36.1158504    58.93  0.006369441 -13.0561 -12.1920   0.0083     75297.65     576.5838     445.4534    0.617  24
         2    193.369     29.534 200.8704385 +36.1220129    31.37  0.003390461 -12.0469 -11.5726   0.0154     42565.63     603.5627     676.7054    0.253   1
         3    137.957     10.760 200.8779113 +36.1238734    84.73  0.009158177 -14.3470 -13.0700   0.0040     169046.8     626.6533     352.3996    0.746  24
         4    396.736     57.654 200.8430966 +36.1195753     4.32 0.0004672427 -10.6369  99.0000  99.0000    -12062.04     585.5836     981.0774    0.057   0
         5    138.591     89.013 200.8776682 +36.1154433    25.11  0.002713938 -11.9678 -11.1259   0.0230     28208.44     597.3427     1031.271    0.568   2
         6     64.409    108.962 200.8875799 +36.1130755    15.92  0.001720432  -9.8728  99.0000  99.0000    -6967.374     585.5173     777.9692    0.586   0
         7    749.371    174.004 200.7955612 +36.1080507     9.12  0.000985937 -10.6090 -10.7083   0.0336     19201.65     593.5612     1160.992    0.077   0
         8    619.634    179.288 200.8129553 +36.1071111     1.80 0.0001945447  -9.0669 -10.2514   0.0509     12605.69     590.9572       1191.9    0.123   0
         9    327.921    233.358 200.8519807 +36.1004430     4.04 0.0004364661 -12.7274 -12.7832   0.0053     129806.4     638.6467     1213.482    0.083   0
        10     75.781    245.754 200.8857764 +36.0983695     5.20 0.0005625134 -10.0698 -11.3310   0.0191     34071.02     600.0016     1106.847    0.563   0
        11     78.794    290.197 200.8852821 +36.0935896     3.45 0.0003726383  -9.2808 -11.1763   0.0220     29547.82     597.9517     1122.639    0.650   0
        12     77.705    381.011 200.8852438 +36.0838010     4.26 0.0004606743  -9.6592 -11.1856   0.0218     29802.74     598.2367     1113.917    0.067   2
        13    708.655    397.227 200.8005960 +36.0838819     3.66 0.0003950841  -9.9723 -10.1095   0.0580     11061.38     590.3693     1155.286    0.145   0
        14    349.618    411.076 200.8487185 +36.0813566     4.02 0.0004340807  -8.8914  -9.4696   0.1041     6135.318     588.2795     1206.042    0.045   0
        15    738.852    462.433 200.7964219 +36.0769418     3.49 0.0003766885 -11.2995 -11.3492   0.0188     34646.58     600.2898      1131.17    0.058   0
        16     95.709    493.403 200.8826015 +36.0717436     3.81 0.0004122068 -11.3756 -11.4960   0.0165     39666.09     602.2961     1201.709    0.091   0
        17    494.538    483.859 200.8291418 +36.0739333     1.48 0.0001595286  -7.7746  -7.8452   0.4632      1374.24     586.1534     1192.575    0.124   0
        18     79.411    831.367 200.8841017 +36.0352795     8.09 0.0008739138 -11.0690 -11.3133   0.0194     33521.85     599.5786     1041.788    0.479   0
        19    160.784    525.801 200.8738106 +36.0684437   171.39   0.01852457 -17.7606 -14.4664   0.0014     611727.1     769.0551     1208.734    0.990  56
        20     80.164    760.671 200.8841440 +36.0428994     3.96 0.0004274905  -9.5615 -11.2091   0.0213     30453.56     598.4924     1073.151    0.617   0
        21    692.979    743.485 200.8020351 +36.0465269     4.50 0.0004866997  -8.1543  -8.4786   0.2587     2462.929     586.7003     1064.141    0.162   0
        22     79.804    673.964 200.8843681 +36.0522410     9.24 0.0009983921 -11.2902 -11.2475   0.0206     31550.46      598.756     1098.028    0.247   2
        23    204.480    770.274 200.8674616 +36.0422293     3.29 0.0003560423  -8.6776  -9.2268   0.1301     4905.754     587.7898     1169.169    0.024   0
        24    374.388    978.846 200.8442763 +36.0202500     3.84 0.0004145689  -8.8546  -8.9090   0.1742     3661.092      587.128     1076.328    0.182   0
        25    674.648    946.067 200.8041038 +36.0246458     3.48  0.000375752 -10.6187 -10.6529   0.0353     18245.15     593.2727     991.8074    0.073   0
        26    655.275    850.699 200.8068832 +36.0348667     3.50 0.0003782608  -9.2846  -9.5425   0.0974     6561.256     588.4276     1037.036    0.093   0
        27    615.710    830.563 200.8122247 +36.0369232     3.38 0.0003657511 -10.3008 -10.3222   0.0477     13454.62     591.2998     1061.471    0.080   0
        28     79.380    803.198 200.8841628 +36.0383146     3.35 0.0003616602  -9.2955 -11.2416   0.0207     31380.43     598.6039     1052.097    0.408   0
