#   1 NUMBER                 Running object number                                     
#   2 X_IMAGE                Object position along x                                    [pixel]
#   3 Y_IMAGE                Object position along y                                    [pixel]
#   4 ALPHA_J2000            Right ascension of barycenter (J2000)                      [deg]
#   5 DELTA_J2000            Declination of barycenter (J2000)                          [deg]
#   6 FWHM_IMAGE             FWHM assuming a gaussian core                              [pixel]
#   7 FWHM_WORLD             FWHM assuming a gaussian core                              [deg]
#   8 MAG_BEST               Best of MAG_AUTO and MAG_ISOCOR                            [mag]
#   9 MAG_APER               Fixed aperture magnitude vector                            [mag]
#  10 MAGERR_APER            RMS error vector for fixed aperture mag.                   [mag]
#  11 FLUX_APER              Flux vector within fixed circular aperture(s)              [count]
#  12 FLUXERR_APER           RMS error vector for aperture flux(es)                     [count]
#  13 BACKGROUND             Background at centroid position                            [count]
#  14 ELLIPTICITY            1 - B_IMAGE/A_IMAGE                                       
#  15 FLAGS                  Extraction flags                                          
         1    831.877    187.726 238.0213854 +33.0307089   150.75   0.01619438 -15.4578 -11.9285   0.0112     59073.34     610.2559     1025.151    0.909  18
         2    456.009    124.279 238.0698804 +33.0365126     5.95 0.0006397066 -14.0366 -14.0696   0.0019     424480.6     744.9308     1086.834    0.114   0
         3    366.040     92.990 238.0815180 +33.0396203     1.77 0.0001902235  -8.2887  -9.1045   0.1455      4383.32     587.1931     1057.406    0.081   0
         4    433.501    198.417 238.0726458 +33.0285277     5.89 0.0006326989 -10.1639 -10.1777   0.0545     11777.86     590.5464      1110.77    0.137   0
         5    779.218    227.997 238.0280942 +33.0262677     1.65 0.0001776903  -7.7107  99.0000  99.0000    -356.9081     585.1747     1141.358    0.042   0
         6    138.572    240.967 238.1105304 +33.0231967     2.61 0.0002808786  -7.6510  -7.3664   0.7195     884.2042     585.8007     1059.867    0.227   0
         7     57.857    252.906 238.1208970 +33.0217043     8.41 0.0009034516 -10.6188 -10.7111   0.0335     19250.07     593.6849     1034.421    0.366   0
         8    173.129    273.010 238.1060241 +33.0198635     6.05 0.0006494062 -11.6273 -11.6764   0.0140     46835.14     605.1254     1086.029    0.183   0
         9    296.432    288.116 238.0901273 +33.0185765     7.00 0.0007517979  -9.4186  -9.7111   0.0834     7663.936     588.7034     1120.331    0.274   0
        10    284.147    290.177 238.0917047 +33.0183235     4.35 0.0004673364  -8.9662  -9.4602   0.1050     6082.663      588.015     1119.017    0.012   0
        11    261.005    294.009 238.0946762 +33.0178525     4.20 0.0004510439  -8.8328  -9.2881   0.1229     5191.095     587.5038     1116.247    0.005   0
        12    488.830    363.262 238.0652319 +33.0110506     5.38 0.0005782038 -12.2819 -12.3242   0.0079     85049.95     620.7751     1165.019    0.090   0
        13      2.361    434.305 238.1277046 +33.0021631     6.19  0.000665143 -10.0302 -10.0479   0.0469      10450.7     451.2551     1066.603    0.450  24
        14    742.978    685.472 238.0319668 +32.9772676     1.13 0.0001211783  -7.3868  -5.8913   2.7985     227.2559     585.6196     1195.892    0.313   0
        15    717.330    886.807 238.0349173 +32.9556774     4.83 0.0005190181  -9.8807  99.0000  99.0000    -20473.81     585.4067       932.33    0.141   0
        16    841.522    830.770 238.0190405 +32.9619892    82.52  0.008864677 -13.7165 -12.5789   0.0064     107539.9     629.7056     942.2011    0.502  16
        17    664.181    786.929 238.0419268 +32.9662168     7.36 0.0007905819  -9.6307  -9.9362   0.0679     9429.379     589.5185     1196.018    0.332   0
        18     98.756    783.254 238.1146620 +32.9651179     5.91 0.0006351449 -11.6298 -11.5853   0.0152     43065.49     603.5981     1102.631    0.048   0
        19    712.717    776.784 238.0357014 +32.9674274     5.26 0.0005653658 -10.2264 -10.3345   0.0472     13608.31     591.1732     1196.918    0.175   0
        20    710.596    685.281 238.0361330 +32.9772040     5.46 0.0005861217 -10.6056 -10.6935   0.0340     18941.24     593.4241     1196.733    0.169   0
        21    887.720    887.646 238.0130013 +32.9560278    61.96  0.006656644 -13.5605 -12.1748   0.0090     74114.16     616.3238     543.6378    0.155  16
        22    705.142    787.251 238.0366575 +32.9662888     5.42 0.0005824458 -10.9511 -11.0168   0.0254     25510.59     596.2015     1196.791    0.113   0
        23    553.117    679.835 238.0564012 +32.9773759     5.10 0.0005482383  -8.8275  -8.8146   0.1899     3356.254     586.9043     1192.293    0.195   0
        24    720.304    650.345 238.0349447 +32.9809641     5.34 0.0005734838 -11.2269 -11.2714   0.0202     32251.01     599.0698     1192.634    0.071   0
