#   1 NUMBER                 Running object number                                     
#   2 X_IMAGE                Object position along x                                    [pixel]
#   3 Y_IMAGE                Object position along y                                    [pixel]
#   4 ALPHA_J2000            Right ascension of barycenter (J2000)                      [deg]
#   5 DELTA_J2000            Declination of barycenter (J2000)                          [deg]
#   6 FWHM_IMAGE             FWHM assuming a gaussian core                              [pixel]
#   7 FWHM_WORLD             FWHM assuming a gaussian core                              [deg]
#   8 MAG_BEST               Best of MAG_AUTO and MAG_ISOCOR                            [mag]
#   9 MAG_APER               Fixed aperture magnitude vector                            [mag]
#  10 MAGERR_APER            RMS error vector for fixed aperture mag.                   [mag]
#  11 FLUX_APER              Flux vector within fixed circular aperture(s)              [count]
#  12 FLUXERR_APER           RMS error vector for aperture flux(es)                     [count]
#  13 BACKGROUND             Background at centroid position                            [count]
#  14 ELLIPTICITY            1 - B_IMAGE/A_IMAGE                                       
#  15 FLAGS                  Extraction flags                                          
         1    833.710    186.802 200.9191919 +36.2165579   193.34   0.02078535 -15.9943 -12.4748   0.0088     97707.05      788.755     1325.744    0.909  24
         2    515.024     52.568 200.9619492 +36.2300665     6.99 0.0007516117  -9.6612  -9.3435   0.1509     5462.686     758.9547     1403.064    0.322   0
         3    467.509     93.060 200.9682011 +36.2255796     6.26  0.000673093 -10.3876 -10.4232   0.0561     14766.93      762.205     1423.067    0.188   0
         4    534.098    148.378 200.9592104 +36.2198292     6.58 0.0007071959  -9.6791  -9.6904   0.1097     7518.759     759.7598      1479.03    0.249   0
         5    602.929    168.658 200.9499932 +36.2178486     9.24 0.0009932669 -10.7990 -10.8589   0.0376     22058.56     764.4443     1504.547    0.258   0
         6    261.005    294.000 200.9953121 +36.2033940     0.00            0  -8.8530  -9.7848   0.1006     8202.268     759.6858     1491.072    0.003   0
         7    184.470    333.886 201.0054288 +36.1988854     5.62 0.0006042304 -10.1080  -9.9740   0.0846     9763.315      760.562     1486.805    0.243   0
         8    437.836    394.153 200.9715374 +36.1931494     5.66 0.0006085305  -9.9829 -10.2732   0.0643     12860.63     761.5156     1578.796    0.230   0
         9    558.958    842.257 200.9544845 +36.1453618     1.02 0.0001101169  -7.7797  -9.0987   0.1890     4359.892     758.6555     1544.198    0.065   0
        10    888.326    888.223 200.9105262 +36.1413629    56.82  0.006108704 -13.9984 -12.6886   0.0073     118971.8     795.5888      553.124    0.142  16
        11    549.005    830.532 200.9558339 +36.1465928     1.23 0.0001317952  -8.1254  99.0000  99.0000    -5329.596     757.1532     1559.069    0.076   0
        12    154.541    793.642 201.0084484 +36.1494095     5.49 0.0005904001  -9.7344 -10.9554   0.0345     24107.11     765.1352     1498.673    0.144   0
        13    859.164    704.441 200.9147737 +36.1610231     5.39 0.0005792528  -9.4694  -9.9985   0.0827      9986.03     760.5926     1517.012    0.332   0
        14    880.479    452.331 200.9124322 +36.1881662     4.62 0.0004971632 -11.7963  -9.6000   0.1192     6918.288     759.6049     1281.014    0.097   0
        15    302.615    478.704 200.9893816 +36.1836740     5.24 0.0005629978 -10.3261 -10.3807   0.0583     14200.02     761.9338     1579.168    0.152   0
        16    841.370    830.435 200.9168943 +36.1474378    77.14  0.008293585 -14.0425 -13.0613   0.0052     167697.5     810.6754     1218.096    0.475  16
        17    860.100    634.358 200.9147876 +36.1685543     4.64 0.0004988413 -12.3287 -12.3415   0.0099     86418.54     785.1896     1502.332    0.057   0
        18     93.990    727.792 201.0166526 +36.1563053     5.05 0.0005429342  -8.8038  -6.3222   2.4326     337.9584     757.0076     1498.722    0.199   0
        19    164.494    546.565 201.0076430 +36.1759803     5.12 0.0005506273 -10.5322 -10.7257   0.0425     19511.87      763.611     1542.868    0.089   0
        20    426.712    546.952 200.9727053 +36.1767030     4.60 0.0004943577 -12.0834 -12.1493   0.0117      72393.8     780.8361     1596.576    0.051   0
        21    439.514    506.497 200.9710827 +36.1810859     4.71 0.0005062576 -12.1658 -12.1776   0.0114      74311.9     781.4915     1596.793    0.068   0
