#   1 NUMBER                 Running object number                                     
#   2 X_IMAGE                Object position along x                                    [pixel]
#   3 Y_IMAGE                Object position along y                                    [pixel]
#   4 ALPHA_J2000            Right ascension of barycenter (J2000)                      [deg]
#   5 DELTA_J2000            Declination of barycenter (J2000)                          [deg]
#   6 FWHM_IMAGE             FWHM assuming a gaussian core                              [pixel]
#   7 FWHM_WORLD             FWHM assuming a gaussian core                              [deg]
#   8 MAG_BEST               Best of MAG_AUTO and MAG_ISOCOR                            [mag]
#   9 MAG_APER               Fixed aperture magnitude vector                            [mag]
#  10 MAGERR_APER            RMS error vector for fixed aperture mag.                   [mag]
#  11 FLUX_APER              Flux vector within fixed circular aperture(s)              [count]
#  12 FLUXERR_APER           RMS error vector for aperture flux(es)                     [count]
#  13 BACKGROUND             Background at centroid position                            [count]
#  14 ELLIPTICITY            1 - B_IMAGE/A_IMAGE                                       
#  15 FLAGS                  Extraction flags                                          
         1    832.159    171.644 327.8177755 +28.9485624   200.83   0.02168277 -16.0620 -12.5680   0.0082     106468.1     799.8338     1329.877    0.908  18
         2    854.624     38.359 327.8153323 +28.9629764     6.58 0.0007099973 -12.1051 -12.2876   0.0105     82232.02     792.0757     1091.405    0.055   3
         3    426.406     89.478 327.8681339 +28.9563976     5.90  0.000637164 -13.0147 -13.0557   0.0053     166826.2     818.2795      1405.55    0.209   0
         4    445.170    102.804 327.8657805 +28.9550094     5.83 0.0006292563 -12.9048 -12.9560   0.0058       152192     813.6535     1420.762    0.195   0
         5     45.043     92.875 327.9152618 +28.9550596     5.82 0.0006280719 -11.3056 -11.3978   0.0233     36234.65     777.4861     1099.595    0.194   0
         6    198.553    131.385 327.8961885 +28.9513043     6.03 0.0006513561 -13.3777 -13.4230   0.0039     234001.6     838.5914     1335.708    0.204   0
         7    748.457    101.937 327.8282958 +28.9558635     6.60 0.0007126117  -9.2044  99.0000  99.0000    -123.1675     765.7029     1475.505    0.203   0
         8    472.041    133.331 327.8623814 +28.9517887     6.53 0.0007048231  -9.2492  -9.5260   0.1290     6462.331     767.8316     1450.518    0.378   0
         9    707.926    205.733 327.8330441 +28.9445809     5.13 0.0005541781 -11.7696 -11.8643   0.0153     55682.82     783.7359     1539.938    0.131   0
        10    173.279    199.660 327.8991355 +28.9438849     5.85 0.0006319993 -10.3244 -10.3498   0.0606     13800.92     770.3465     1368.286    0.197   0
        11    586.546    219.386 327.8480107 +28.9428064     5.20 0.0005612604 -11.7660 -11.8394   0.0156     54420.18     783.3118     1519.656    0.136   0
        12    438.006    239.310 327.8663173 +28.9402861     5.29 0.0005716327 -12.1226 -12.1777   0.0115     74312.32     789.6351      1494.99    0.134   0
        13    300.024    241.855 327.8833630 +28.9396624     5.03 0.0005426003  -9.3731  -9.1266   0.1862     4473.627     767.2271     1454.335    0.100   0
        14    603.782    302.719 327.8456695 +28.9338725     4.88 0.0005267025 -12.3335 -12.3819   0.0096     89693.38     794.5107     1555.537    0.099   0
        15    261.003    294.004 327.8880509 +28.9339454     4.21 0.0004549978  -8.8755  -9.7576   0.1043     7998.772     768.0941      1475.13    0.004   0
        16    752.283    306.822 327.8273079 +28.9338015     4.83 0.0005218741  -9.6995  -8.0108   0.5199     1600.727     766.2903     1574.927    0.209   0
        17    568.558    336.047 327.8499378 +28.9301938     4.82 0.0005199539 -11.9095 -11.9451   0.0142     59985.89     785.1496     1567.665    0.101   0
        18    500.368    347.399 327.8583353 +28.9287994     4.95 0.0005348439 -10.9853 -11.0386   0.0323     26027.92     773.9186     1562.278    0.143   0
        19    144.642    358.656 327.9022627 +28.9266838     4.06 0.0004379595  -9.7102 -10.6311   0.0469     17883.73     771.5629     1457.706    0.369   0
        20    494.926    371.068 327.8589474 +28.9262359     4.92 0.0005310149 -10.3913 -10.1809   0.0708     11812.49     769.6578      1573.75    0.157   0
        21    329.566    372.980 327.8793755 +28.9256119     6.62 0.0007148889  -9.9184 -10.3858   0.0586     14266.61     770.2823     1546.225    0.354   0
        22    552.096    389.108 327.8518374 +28.9244364     5.61 0.0006054253  -9.3982  -9.8815   0.0931     8966.433     768.7759     1591.203    0.107   0
        23    322.199    404.011 327.8802061 +28.9222504     1.02 0.0001101919  -8.7067 -10.1740   0.0712     11738.37     769.2025     1556.642    0.124   0
        24    267.567    430.330 327.8868887 +28.9192764     4.84 0.0005222067 -12.4775 -12.5763   0.0081     107275.8      800.024     1546.969    0.103   0
        25    861.045    425.829 327.8135700 +28.9212513     4.76 0.0005135619 -10.7434 -10.7529   0.0419     20006.16     772.1858     1386.773    0.079   0
        26    478.374    419.906 327.8608683 +28.9209331     3.70 0.0003995888  -8.7031  -8.8255   0.2457     3389.934     766.8306     1595.619    0.267   0
        27    847.329    592.272 327.8148487 +28.9032870     5.40 0.0005828558 -10.3140 -10.5069   0.0525      15950.6     771.0438     1528.536    0.169   0
        28    888.001    888.137 327.8090862 +28.8715150    56.41  0.006089837 -14.0014 -12.7019   0.0072     120434.4     803.9604     546.2695    0.140  16
        29    584.662    910.277 327.8464932 +28.8683745     3.95 0.0004261386 -11.0664  99.0000  99.0000    -131975.1     765.7679     1074.653    0.034   0
        30    361.337    570.510 327.8749434 +28.9044134     4.82  0.000520885  -8.9860  -9.3492   0.1518     5491.594     767.6235     1594.515    0.235   0
        31    301.904    568.157 327.8822919 +28.9045162     5.01 0.0005405118 -10.4761 -10.6678   0.0453     18498.52      771.762     1585.466    0.079   0
        32    858.897    516.894 327.8136079 +28.9114359     4.48 0.0004835883 -11.6435 -11.5074   0.0211     40084.47     778.9147     1469.438    0.065   0
        33    308.326    530.633 327.8815950 +28.9085748     4.65 0.0005018822 -10.3851 -10.3917   0.0583     14344.04     770.4151     1581.512    0.056   0
        34    864.035    490.062 327.8130400 +28.9143391     4.18 0.0004511707  -9.0779  99.0000  99.0000    -18168.91     765.7679     1448.228    0.054   0
        35    505.711    486.329 327.8573215 +28.9138465     4.71 0.0005089279 -11.0962 -11.2312   0.0271     31081.25     775.9128     1600.677    0.058   0
        36    224.688    456.633 327.8921189 +28.9163336     4.84 0.0005222211 -11.1313 -11.2162   0.0275     30652.73     775.6678     1541.285    0.090   0
        37    237.523    886.396 327.8894254 +28.8700698     4.51 0.0004865438 -12.5673 -11.7579   0.0168      50486.7     781.9494     1305.979    0.040   0
        38    901.955    610.000 327.8080559 +28.9015124     2.93 0.0003168491  -8.5167  99.0000  99.0000    -104918.6     765.4646     1189.927    0.016   0
        39    749.150    501.218 327.8272065 +28.9128521     4.50 0.0004858749 -12.0975 -12.1756   0.0116     74170.06       789.59     1611.298    0.074   0
        40    572.720    823.317 327.8481883 +28.8777124     4.34 0.0004681874 -12.6481 -12.6249   0.0078     112187.4     801.5988      1587.46    0.025   0
        41    449.736    854.648 327.8632981 +28.8740278     4.45 0.0004803983 -12.0967 -12.1086   0.0123     69731.67     788.0361     1537.765    0.005   0
        42     61.116    891.276 327.9111988 +28.8690932     4.07 0.0004393571 -10.4660  99.0000  99.0000    -53875.16     765.8329     1204.546    0.065   0
        43    404.571    816.353 327.8689740 +28.8780392     5.18  0.000558794  -9.4874  -9.2929   0.1598      5213.64     767.4033     1577.247    0.086   0
        44    795.632    764.109 327.8208047 +28.8846473     9.98  0.001077004 -11.2259 -11.2660   0.0263     32092.37     776.1103     1593.327    0.259   0
        45    600.889    647.847 327.8451531 +28.8966858     5.33 0.0005756376  -9.5677  -9.7170   0.1083     7705.204     768.3225     1617.018    0.149   0
        46    673.079    801.383 327.8358483 +28.8803266     4.40 0.0004747858 -10.6069 -10.3531   0.0604     13843.21     770.2526     1626.786    0.035   0
        47    106.169    691.831 327.9061521 +28.8906939     4.94 0.0005331545 -10.8524 -11.0561   0.0318     26451.01      774.291     1500.026    0.075   0
        48    533.422    710.343 327.8533288 +28.8897840     4.36 0.0004708886 -13.1135 -13.1774   0.0048     186616.4     824.4647     1618.401    0.039   0
        49    306.245    493.719 327.8819469 +28.9125461     4.62 0.0004983711 -13.4596 -13.4887   0.0037     248589.4     843.0668     1578.397    0.071   0
        50    797.821    688.253 327.8207245 +28.8928244     4.37  0.000471485 -13.3402 -13.3958   0.0040     228192.4      836.937     1616.257    0.044   0
        51     55.149    825.405 327.9121069 +28.8761738     4.64 0.0005004872 -10.1429 -10.2845   0.0643     12996.25     769.8914     1420.778    0.092   0
        52    249.137    662.854 327.8885667 +28.8941806     5.94 0.0006418109  -9.6028 -10.0983   0.0763        10948     769.2692      1582.59    0.165   0
        53    652.759    648.197 327.8387447 +28.8967780     4.74  0.000511234 -10.4737 -10.7275   0.0429     19542.87     771.8854     1619.158    0.034   0
        54    668.392    586.665 327.8369688 +28.9034457     4.72 0.0005091846 -10.9175 -10.9516   0.0350     24022.75     773.5709     1611.401    0.108   0
        55    838.961    828.785 327.8152911 +28.8777873    82.96  0.008957281 -13.8609 -13.0954   0.0051     173041.2     820.2166     1245.234    0.316  16
        56    744.683    609.922 327.8274852 +28.9011306     4.45 0.0004806523 -11.6666 -11.6382   0.0187     45215.02     780.4322     1616.039    0.058   0
        57    697.219    558.608 327.8334781 +28.9065402     4.44 0.0004793511 -11.5974 -11.5160   0.0209     40401.39     778.4839      1612.97    0.066   0
        58    811.980    568.130 327.8192762 +28.9058000     4.56 0.0004923456 -11.2816 -11.3441   0.0245     34485.78     776.9876      1588.43    0.073   0
        59    302.701    552.261 327.8822343 +28.9062306     4.59 0.0004957596 -12.2917 -12.3834   0.0096     89821.03       794.53     1582.754    0.044   0
        60    798.891    541.282 327.8209605 +28.9086598     4.45 0.0004808538 -14.7942 -14.8328   0.0013     857240.3     1007.449     1610.776    0.083   0
        61    164.266    845.243 327.8985790 +28.8743162     5.00 0.0005395654  -9.5422  -9.7557   0.1045      7985.43     768.3057     1486.377    0.103   0
