#   1 NUMBER                 Running object number                                     
#   2 X_IMAGE                Object position along x                                    [pixel]
#   3 Y_IMAGE                Object position along y                                    [pixel]
#   4 ALPHA_J2000            Right ascension of barycenter (J2000)                      [deg]
#   5 DELTA_J2000            Declination of barycenter (J2000)                          [deg]
#   6 FWHM_IMAGE             FWHM assuming a gaussian core                              [pixel]
#   7 FWHM_WORLD             FWHM assuming a gaussian core                              [deg]
#   8 MAG_BEST               Best of MAG_AUTO and MAG_ISOCOR                            [mag]
#   9 MAG_APER               Fixed aperture magnitude vector                            [mag]
#  10 MAGERR_APER            RMS error vector for fixed aperture mag.                   [mag]
#  11 FLUX_APER              Flux vector within fixed circular aperture(s)              [count]
#  12 FLUXERR_APER           RMS error vector for aperture flux(es)                     [count]
#  13 BACKGROUND             Background at centroid position                            [count]
#  14 ELLIPTICITY            1 - B_IMAGE/A_IMAGE                                       
#  15 FLAGS                  Extraction flags                                          
         1     10.223     81.187 237.9946776 +32.9333543    62.51  0.006715402 -13.3501 -12.4854   0.0073     98660.45     662.9193     417.6506    0.601  24
         2    141.152     88.976 237.9778394 +32.9328543    35.77  0.003843368 -12.6274 -11.6778   0.0158     46893.58     682.7033     1163.847    0.614   0
         3    192.744     30.049 237.9713132 +32.9392895    28.39  0.003050065 -12.0061 -11.5284   0.0181     40865.32     680.5107     721.9639    0.212   1
         4    136.478     10.887 237.9785776 +32.9411969    85.32  0.009166639 -14.5419 -13.3145   0.0036     211740.4     710.9648       305.89    0.743  24
         5    917.354     87.080 237.8780986 +32.9349873     5.03 0.0005401232 -11.9475 -11.7657   0.0146     50849.18     684.2418     1180.102    0.117   0
         6    423.333     89.948 237.9415772 +32.9334612     4.92 0.0005290624 -11.4729 -11.5255   0.0181     40756.19     680.4153     1314.446    0.062   0
         7     65.105    109.180 237.9875756 +32.9304994    18.11  0.001945732 -10.0594  99.0000  99.0000    -9038.486      665.385     846.3217    0.550   0
         8     86.787    120.237 237.9847700 +32.9293717     6.89 0.0007397015 -10.8384 -11.2180   0.0239     30704.85     676.6937     1068.674    0.543   0
         9    554.351    138.001 237.9246596 +32.9286467     4.63 0.0004978158 -10.9783 -10.7645   0.0361     20219.96     672.6786     1362.806    0.053   0
        10    989.002    193.552 237.8687179 +32.9237703     4.88 0.0005242771 -14.7525 -14.7883   0.0012     822819.8     924.0652      1241.22    0.087   0
        11    981.470    177.680 237.8697116 +32.9254501     6.03 0.0006474481  -8.9738 -10.7974   0.0351     20842.04     673.2261      1244.69    0.176   1
        12     73.525    241.061 237.9862602 +32.9164115    12.49  0.001341835 -12.1207 -11.6241   0.0166     44632.87     681.9484      1246.62    0.179   2
        13    183.135    254.492 237.9721543 +32.9152529     4.57 0.0004905513 -11.8903 -11.9663   0.0122     61165.36     688.0371     1399.271    0.043   0
        14     79.191    284.847 237.9854547 +32.9117414    10.17  0.001092247 -11.6021 -11.4258   0.0198     37179.32     679.1183      1279.57    0.582   0
        15    253.392    268.645 237.9631034 +32.9139163     4.12 0.0004423167  -9.4666  -9.5246   0.1123     6454.335     667.6556     1398.271    0.100   0
        16    569.309    409.140 237.9222784 +32.8996756    23.37  0.002510844 -16.9871 -16.9941   0.0003      6275126     1892.188     1369.848    0.247   4
        17    886.779    307.914 237.8816645 +32.9112864     6.18 0.0006639165  -9.3224  -9.6253   0.1024     7081.267     668.0216      1262.35    0.160   0
        18    783.549    339.501 237.8948740 +32.9076544     4.55 0.0004886331 -12.1387 -12.2044   0.0099      76166.3     693.4122     1303.053    0.037   0
        19     76.698    325.400 237.9857032 +32.9073965     5.79 0.0006217352 -10.4925 -11.4324   0.0197     37407.11     679.0731     1263.382    0.600   2
        20     77.432    366.689 237.9855358 +32.9029811     9.76  0.001048398 -11.5217 -11.4985   0.0186     39754.05     680.0839     1259.259    0.601   0
        21     79.394    344.663 237.9853228 +32.9053425     5.28 0.0005673459 -10.3670 -11.4359   0.0197     37529.48     679.2656     1274.827    0.512   0
        22    156.262    373.146 237.9753982 +32.9024904     4.52 0.0004851132 -12.8061 -12.8592   0.0056     139211.4     715.7114     1396.055    0.039   0
        23    435.866    350.653 237.9395197 +32.9056007     4.58 0.0004918253  -8.7110  -9.2419   0.1456     4974.503     667.1201     1385.161    0.256   0
        24    440.732    360.277 237.9388782 +32.9045832     5.49 0.0005893098  -9.1342  -9.6159   0.1033     7020.613     667.9989     1384.328    0.405   0
        25    787.978    371.983 237.8942512 +32.9041902     3.46 0.0003712036  -8.7854  -9.1216   0.1626     4452.923     666.8118     1292.849    0.411   0
        26    339.992    374.186 237.9517951 +32.9028428     6.58 0.0007066321  -8.8882  -9.3347   0.1337     5418.537     667.1738     1389.064    0.194   0
        27    207.055    397.927 237.9688302 +32.8999678     4.50 0.0004830156 -11.8050 -11.9212   0.0127     58680.16     687.0424     1393.527    0.036   0
        28     76.729    400.170 237.9855669 +32.8993973     6.52  0.000699978 -10.7855 -11.5085   0.0184     40124.55     680.2753     1255.205    0.538   0
        29     76.592    406.196 237.9855738 +32.8987522     3.44 0.0003698682  -7.8081 -11.4571   0.0193     38268.88     679.4271     1254.468    0.417   1
        30     78.689    421.870 237.9852768 +32.8970807     4.47 0.0004798869  -9.8431 -11.4129   0.0201     36742.76     679.1051     1265.988    0.522   0
        31     74.992    435.990 237.9857266 +32.8955606     5.49 0.0005902917 -10.3145 -11.3950   0.0204     36140.73     678.5328     1238.699    0.424   0
        32     78.225    445.127 237.9852951 +32.8945913     5.06  0.000543443 -10.1546 -11.4211   0.0199     37020.21     679.1888     1257.944    0.634   0
        33    373.764    456.732 237.9473147 +32.8940962     4.74 0.0005093719  -9.9331 -10.1461   0.0636     11440.43     669.6135     1380.101    0.020   0
        34     78.742    548.797 237.9850454 +32.8835014    21.61  0.002321933 -12.7107 -11.5236   0.0182     40686.35     680.3345     1256.841    0.371   0
        35     79.192    472.599 237.9851224 +32.8916546     2.68 0.0002883085  -9.5191 -11.3882   0.0205     35916.28     678.5424     1262.809    0.415   0
        36    172.691    473.006 237.9731127 +32.8918486     1.18 0.0001267862  -7.8939  -9.3951   0.1265      5728.44     667.5151     1385.897    0.047   0
        37     78.274    481.232 237.9852250 +32.8907288     4.68 0.0005023673 -10.1751 -11.4004   0.0203      36321.2     678.8577     1255.676    0.322   0
        38    963.945    500.351 237.8714368 +32.8908859     4.43  0.000476415 -12.6206 -12.6632   0.0066     116214.6     707.6683      1154.93    0.081   0
        39    887.935    529.113 237.8811524 +32.8876237     3.03 0.0003250594  -8.2316  -8.5162   0.2838     2549.726     666.3799     1178.445    0.384   0
        40    232.131    528.965 237.9653805 +32.8860119     4.81 0.0005166403  -9.2905  -9.2939   0.1389     5218.745     667.3054      1382.01    0.080   0
        41    588.937    950.549 237.9188428 +32.8418007     4.46 0.0004787443  -9.9414  -9.9177   0.0783     9269.957      668.709     1147.158    0.067   0
        42     87.125    946.474 237.9832664 +32.8409770     4.85 0.0005210424 -10.0691 -11.2901   0.0224     32814.04     677.7128     1157.162    0.496   0
        43     78.915    614.357 237.9849073 +32.8764878     6.01 0.0006452861 -10.6287 -11.4566   0.0193      38251.8     679.6788     1248.972    0.406   0
        44    897.647    624.898 237.8797478 +32.8773996     4.51 0.0004846352  -8.6578  -9.0327   0.1765     4102.946     666.9061     1132.679    0.253   0
        45    403.803    783.476 237.9428950 +32.8592143     4.62  0.000496642  -8.6498  -8.5147   0.2842     2546.204     666.2282     1299.437    0.251   0
        46     83.896    891.329 237.9837782 +32.8468685     9.05  0.000972273 -11.4344 -11.5205   0.0182     40568.72     680.4753     1166.495    0.197   2
        47     79.026    648.996 237.9848317 +32.8727822     7.52 0.0008080836 -11.1537 -11.5708   0.0174      42492.1     680.8873      1238.25    0.123   2
        48    751.442    649.759 237.8984822 +32.8743821     4.66 0.0005005426  -9.5586  -9.7086   0.0949     7646.014     668.2704     1206.804    0.061   0
        49    723.266    881.089 237.9017148 +32.8495635     4.31 0.0004630458 -11.8433 -11.8982   0.0130     57450.72     686.6678     1112.952    0.044   0
        50     78.316    767.423 237.9847135 +32.8601105     9.63  0.001034395 -11.4380 -11.5191   0.0182     40515.61     680.4374     1188.682    0.707   2
        51    709.317    671.916 237.9038549 +32.8719079     3.88 0.0004163849  -8.7678  -7.8898   0.5050     1431.931     665.8288     1220.581    0.217   0
        52     85.987    854.742 237.9835745 +32.8507881     4.15 0.0004463308 -10.1146 -11.4376   0.0196      37586.5     679.3235     1197.426    0.390   0
        53     85.844    825.347 237.9836447 +32.8539326     8.21  0.000881962 -11.3071 -11.4875   0.0188     39356.36     680.0666     1212.113    0.219   0
        54     80.081    674.361 237.9846515 +32.8700712    16.48  0.001770421 -12.3214 -11.6299   0.0165     44870.34     681.9988     1237.087    0.391   2
        55     82.864    693.165 237.9842609 +32.8680665    13.75  0.001477734 -12.0246 -11.5622   0.0175     42157.65     681.0588     1249.892    0.338   2
        56    779.208    834.060 237.8946109 +32.8547325     4.42 0.0004753766 -10.7573 -10.8262   0.0342     21402.49     673.2854     1104.659    0.054   0
        57    155.165    811.431 237.9747693 +32.8555974     4.30 0.0004620955 -11.8222 -11.8704   0.0133     55997.12     686.0471     1315.664    0.016   0
        58     85.146    810.923 237.9837598 +32.8554739     8.91 0.0009574857 -11.4679 -11.5248   0.0181     40731.64     680.5536     1212.734    0.486   0
        59     80.479    793.543 237.9843897 +32.8573215     6.98 0.0007496631 -10.9983 -11.4933   0.0187     39565.95      680.162     1189.395    0.754   0
        60     80.238    716.375 237.9845571 +32.8655767    10.01  0.001075374 -11.4138 -11.5459   0.0178     41528.62     680.7175     1222.197    0.615   2
        61     80.783    746.950 237.9844331 +32.8623071     9.17 0.0009847915 -11.6377 -11.5472   0.0178     41578.79     680.7911     1216.723    0.573   2
        62     77.663    725.404 237.9848717 +32.8646042    11.49  0.001233957 -11.8948 -11.5643   0.0175     42240.44     680.9604     1206.073    0.189   2
        63    689.030    693.059 237.9064246 +32.8695960     4.31 0.0004629822 -11.5627 -11.6198   0.0167     44453.82     681.9563     1221.759    0.025   0
        64     78.440    635.337 237.9849311 +32.8742421     5.51 0.0005916498 -10.5687 -11.5105   0.0184     40196.64     680.2834     1235.862    0.608   2
        65    534.421    667.309 237.9263215 +32.8719682     4.62 0.0004960548  -9.4265  -9.5515   0.1096     6615.894     667.8474     1306.552    0.174   0
        66    440.099    617.469 237.9385191 +32.8770655     4.32  0.000463987 -12.5804 -12.6308   0.0068     112799.4     706.5317     1353.717    0.034   0
        67    314.387    579.169 237.9547292 +32.8808481     4.63 0.0004973051  -9.5642  -9.6759   0.0978     7419.421     667.9044     1373.138    0.041   0
        68    101.511    554.238 237.9821116 +32.8829772     5.96 0.0006405264  -8.7568  -6.5263   1.7718     407.8831      665.463     1378.398    0.053   0
        69    614.610    542.979 237.9162338 +32.8854688     6.16 0.0006622042  -8.6920  -8.3164   0.3409     2121.083     665.8618     1317.543    0.226   0
        70    653.374   1005.089 237.9104795 +32.8361250     4.40 0.0004730695 -12.4932 -12.5235   0.0075     102184.2     702.6586     1090.178    0.076   0
        71    754.457    945.536 237.8976033 +32.8427452     4.45 0.0004785532 -12.6543 -12.6887   0.0065     118982.1       708.61     1057.354    0.070   0
        72    579.891    566.642 237.9206528 +32.8828511     6.36 0.0006835723  -9.5896  -9.6073   0.1041     6965.179     667.9406     1322.022    0.128   0
        73     88.213    991.397 237.9830474 +32.8361736     6.99 0.0007508721 -10.9188 -11.0323   0.0283     25876.49     674.7405     1146.201    0.092   0
