#   1 NUMBER                 Running object number                                     
#   2 X_IMAGE                Object position along x                                    [pixel]
#   3 Y_IMAGE                Object position along y                                    [pixel]
#   4 ALPHA_J2000            Right ascension of barycenter (J2000)                      [deg]
#   5 DELTA_J2000            Declination of barycenter (J2000)                          [deg]
#   6 FWHM_IMAGE             FWHM assuming a gaussian core                              [pixel]
#   7 FWHM_WORLD             FWHM assuming a gaussian core                              [deg]
#   8 MAG_BEST               Best of MAG_AUTO and MAG_ISOCOR                            [mag]
#   9 MAG_APER               Fixed aperture magnitude vector                            [mag]
#  10 MAGERR_APER            RMS error vector for fixed aperture mag.                   [mag]
#  11 FLUX_APER              Flux vector within fixed circular aperture(s)              [count]
#  12 FLUXERR_APER           RMS error vector for aperture flux(es)                     [count]
#  13 BACKGROUND             Background at centroid position                            [count]
#  14 ELLIPTICITY            1 - B_IMAGE/A_IMAGE                                       
#  15 FLAGS                  Extraction flags                                          
         1    840.469     79.687 200.9175669 +36.1183280   134.53   0.01455818 -14.5306 -12.3687   0.0061        88610     496.7364     732.8878    0.611  16
         2    821.748      9.459 200.9202141 +36.1258389    78.91  0.008539118 -13.5098 -12.2551   0.0063     79807.47     461.7001     438.8944    0.780  24
         3    679.945    200.794 200.9389234 +36.1047824     5.95  0.000643863 -15.5031 -15.5328   0.0007      1633513     1009.491     908.6006    0.082   4
         4    767.179    198.403 200.9272005 +36.1053091     4.55 0.0004919192 -15.0296 -15.0634   0.0009      1060124     855.7239      909.231    0.059   0
         5    120.091    209.425 201.0141694 +36.1020982     4.21 0.0004553684 -13.2432 -13.2934   0.0029     207665.2     553.3587     855.8893    0.037   0
         6    543.353    207.405 200.9572737 +36.1036464     3.54 0.0003835329  -8.4880  -9.0681   0.1158     4238.904     452.1201     903.6351    0.096   0
         7    735.675    220.814 200.9313940 +36.1027969     3.94 0.0004262912  -8.3748  -9.2351   0.0994     4943.646     452.5982     909.9483    0.622   0
         8    332.172    271.275 200.9855394 +36.0961028     4.36 0.0004717405  -8.7388  -8.9835   0.1252     3920.983     452.0456     889.8857    0.185   0
         9    503.184    323.786 200.9624516 +36.0909791     1.82 0.0001971687  -7.7668  -8.4397   0.2061     2376.259     451.0255     898.8646    0.128   0
        10    621.248    331.922 200.9465669 +36.0904693     4.24 0.0004588586 -10.8808 -10.9942   0.0201     24985.66     463.5859     903.5708    0.105   0
        11    260.959    377.934 200.9949033 +36.0843844     8.76 0.0009476037  -9.2530  -9.2992   0.0938     5244.423      452.739     879.3895    0.363   0
        12    210.958    435.063 201.0015113 +36.0780700     1.33 0.0001436074  -7.7888  -8.4785   0.1990     2462.623      451.213     867.4413    0.018   0
        13    197.597    440.405 201.0032963 +36.0774520     7.33 0.0007932078  -9.1186  -9.1130   0.1112     4417.642     452.2189     864.3968    0.226   0
        14     25.276    489.649 201.0263555 +36.0715980     4.53  0.000490539  -9.0598  -9.0922   0.1133     4333.869     452.2739     820.4811    0.031   0
        15    139.131    530.537 201.0109753 +36.0675537     3.98 0.0004303941 -12.9840 -13.0334   0.0035     163434.1     533.0228     843.4625    0.022   0
        16    108.986    882.852 201.0143285 +36.0294904     4.92 0.0005328351  -8.9810  -8.9913   0.1243     3949.415     452.0613     750.1899    0.107   0
        17    459.781    662.382 200.9676367 +36.0543542     3.44 0.0003726138  -8.0353  -8.3740   0.2190     2236.557     450.9227     872.0864    0.416   0
        18    885.211    941.403 200.9099672 +36.0255997     3.47 0.0003751875  -9.0537 -10.9669   0.0206     24363.55     463.0402     779.8267    0.425   0
        19    893.552    899.619 200.9089237 +36.0301281     4.05 0.0004379587 -10.6612 -10.9228   0.0215     23394.35     462.7022     773.6888    0.056   0
        20    221.216    720.621 200.9995731 +36.0473288     4.01 0.0004342273 -10.2791 -10.3911   0.0347     14336.16     457.6068     825.6625    0.030   0
        21    531.762    725.723 200.9578456 +36.0477526     3.78 0.0004088567  -9.7524  -9.9524   0.0516     9570.716     455.1342     863.6895    0.057   0
        22     46.568    774.087 201.0229280 +36.0410132     4.81 0.0005201409  -8.5608  -8.1971   0.2577     1900.451     450.9141     776.0693    0.123   0
        23    510.321    759.039 200.9606624 +36.0440955     1.08   0.00011697  -7.1542  -5.0747   4.5612     107.1215      449.906     853.3248    0.052   0
        24    538.198    704.668 200.9570210 +36.0500417     5.26 0.0005687035 -10.1211 -10.2799   0.0383      12940.5     456.9314     868.8192    0.099   0
        25    766.290    596.815 200.9265789 +36.0623704     3.85 0.0004168831 -10.3538 -10.4567   0.0327     15229.43      458.282     894.9897    0.113   0
        26    486.392    671.766 200.9640435 +36.0534260     3.60 0.0003897353 -10.2255 -10.3441   0.0362      13728.8     457.2748     871.7241    0.091   0
        27    704.568    563.558 200.9349344 +36.0657642     4.81 0.0005205467  -8.5740  -8.7323   0.1576     3111.209     451.5975     895.6499    0.238   0
        28    864.142    686.876 200.9132651 +36.0529651     2.79 0.0003015104  -8.4657 -10.0472   0.0474     10444.72     455.6644     874.5335    0.195   0
        29    882.598    964.832 200.9102751 +36.0230668     4.44 0.0004806439  -9.5153 -10.9863   0.0203     24803.57       463.29     778.9087    0.637   0
