#   1 NUMBER                 Running object number                                     
#   2 X_IMAGE                Object position along x                                    [pixel]
#   3 Y_IMAGE                Object position along y                                    [pixel]
#   4 ALPHA_J2000            Right ascension of barycenter (J2000)                      [deg]
#   5 DELTA_J2000            Declination of barycenter (J2000)                          [deg]
#   6 FWHM_IMAGE             FWHM assuming a gaussian core                              [pixel]
#   7 FWHM_WORLD             FWHM assuming a gaussian core                              [deg]
#   8 MAG_BEST               Best of MAG_AUTO and MAG_ISOCOR                            [mag]
#   9 MAG_APER               Fixed aperture magnitude vector                            [mag]
#  10 MAGERR_APER            RMS error vector for fixed aperture mag.                   [mag]
#  11 FLUX_APER              Flux vector within fixed circular aperture(s)              [count]
#  12 FLUXERR_APER           RMS error vector for aperture flux(es)                     [count]
#  13 BACKGROUND             Background at centroid position                            [count]
#  14 ELLIPTICITY            1 - B_IMAGE/A_IMAGE                                       
#  15 FLAGS                  Extraction flags                                          
         1    840.749     79.486 200.9175409 +36.1188024   133.78   0.01449121 -14.4866 -12.3463   0.0062     86797.25     496.7486      730.009    0.616  16
         2    821.440      9.441 200.9202992 +36.1263235    78.80  0.008535746 -13.4980 -12.2621   0.0063     80319.83     462.7512     438.5055    0.779  24
         3    680.057    200.920 200.9388419 +36.1052731     5.26 0.0005692655 -15.5019 -15.5303   0.0007      1629746     1009.081      910.885    0.081   4
         4    767.273    198.553 200.9271322 +36.1057498     4.63 0.0005020118 -15.0266 -15.0601   0.0009      1056920     855.4315     911.2092    0.066   0
         5    120.140    209.645 201.0140290 +36.1028851     4.34 0.0004697658 -13.2435 -13.2885   0.0029     206723.8      553.763     858.7583    0.008   0
         6    543.273    207.526 200.9571993 +36.1042106     4.23 0.0004584761  -8.4712  -8.6420   0.1717     2862.941     452.5777     907.3662    0.015   0
         7    332.194    271.292 200.9853964 +36.0967760     5.70 0.0006171557  -8.5116  -8.6169   0.1756     2797.427     452.4525     892.6921    0.309   0
         8    621.382    332.016 200.9464116 +36.0909566     4.34 0.0004706005 -10.8606 -10.9343   0.0213        23643     463.6416     906.1755    0.078   0
         9    260.819    378.135 200.9947215 +36.0850445     8.28 0.0008965708  -9.2917  -9.2166   0.1014     4859.835     453.5906     881.7802    0.212   0
        10    197.306    440.689 201.0030968 +36.0781190     7.58 0.0008213312  -8.9928  -8.7326   0.1580     3111.896     452.6644      866.271    0.333   0
        11     25.263    489.867 201.0260755 +36.0723531     4.70 0.0005091165  -9.0757  -9.0040   0.1232     3995.798     453.1269     822.5393    0.132   0
        12    139.218    530.689 201.0106747 +36.0682411     4.18 0.0004525793 -12.9760 -13.0257   0.0036     162281.5     533.3543     846.6146    0.064   0
        13    893.296    899.825 200.9085729 +36.0302818     5.20 0.0005629557 -10.8477 -10.9233   0.0215     23405.43     463.7119      777.876    0.115   0
        14    221.315    720.764 200.9991869 +36.0479150     4.12 0.0004461982 -10.2463 -10.2409   0.0398      12484.6     457.7612     830.0037    0.090   0
        15    538.264    704.914 200.9566823 +36.0504463     5.56 0.0006027067 -10.1762 -10.2324   0.0401     12387.21     457.7583     871.4248    0.066   0
        16    108.722    883.208 201.0138984 +36.0300658     4.47 0.0004844497  -8.9355  -8.9553   0.1288     3820.384     452.9666     751.0055    0.278   0
        17     46.604    774.052 201.0225049 +36.0416987     4.46 0.0004831607  -8.7080  -8.6111   0.1766     2782.413     452.3679     777.4827    0.175   0
        18    886.330    805.171 200.9097279 +36.0404934     3.96  0.000429383  -9.3017 -10.8789   0.0224     22467.25     463.2431     811.6613    0.621   0
        19    531.722    725.928 200.9575102 +36.0481586     3.74 0.0004046305  -9.6968  -9.8378   0.0575     8612.064     455.6793     865.9255    0.044   0
        20    766.366    596.956 200.9263177 +36.0626930     3.87 0.0004188516 -10.3090 -10.4300   0.0336     14859.04     459.0562     897.5208    0.084   0
        21    486.415    671.993 200.9637211 +36.0538712     3.88 0.0004207639 -10.2147 -10.2644   0.0390     12757.43     457.7595     875.2366    0.024   0
        22    704.839    563.251 200.9346574 +36.0661797     4.60 0.0004981939  -8.6717  -9.0843   0.1144     4302.675     453.3342     897.9064    0.132   0
        23    460.001    663.514 200.9672872 +36.0547196     3.73  0.000403649  -8.2099  -8.1468   0.2705     1814.398     451.8708     874.4855    0.374   0
        24    885.731    955.860 200.9094579 +36.0242072     5.47 0.0005924657  -9.9512 -10.9672   0.0207     24372.21     464.2205      778.246    0.441   0
