#   1 NUMBER                 Running object number                                     
#   2 X_IMAGE                Object position along x                                    [pixel]
#   3 Y_IMAGE                Object position along y                                    [pixel]
#   4 ALPHA_J2000            Right ascension of barycenter (J2000)                      [deg]
#   5 DELTA_J2000            Declination of barycenter (J2000)                          [deg]
#   6 FWHM_IMAGE             FWHM assuming a gaussian core                              [pixel]
#   7 FWHM_WORLD             FWHM assuming a gaussian core                              [deg]
#   8 MAG_BEST               Best of MAG_AUTO and MAG_ISOCOR                            [mag]
#   9 MAG_APER               Fixed aperture magnitude vector                            [mag]
#  10 MAGERR_APER            RMS error vector for fixed aperture mag.                   [mag]
#  11 FLUX_APER              Flux vector within fixed circular aperture(s)              [count]
#  12 FLUXERR_APER           RMS error vector for aperture flux(es)                     [count]
#  13 BACKGROUND             Background at centroid position                            [count]
#  14 ELLIPTICITY            1 - B_IMAGE/A_IMAGE                                       
#  15 FLAGS                  Extraction flags                                          
         1    840.238     80.555 238.0193493 +32.9339247   143.05   0.01544263 -15.0631 -13.0204   0.0044     161491.5     659.6568     926.2154    0.606  16
         2    824.555     10.154 238.0215706 +32.9414681    89.23   0.00963256 -14.0770 -12.9862   0.0043     156483.2     624.3085     366.2881    0.791  24
         3    489.753     50.891 238.0645657 +32.9361445     4.37 0.0004712639  -9.5470  99.0000  99.0000    -9586.589     595.3162     1002.491    0.120   0
         4    246.275     75.578 238.0958442 +32.9327958    10.57  0.001140725 -11.4315 -11.2585   0.0207     31870.29     608.4869     1069.844    0.123   0
         5     62.733    120.541 238.1193428 +32.9274264     4.53 0.0004892071 -13.7612 -13.7971   0.0024     330242.1     720.6956     1114.919    0.044   0
         6    727.710    129.813 238.0336971 +32.9283046     4.43 0.0004787425 -10.0853  99.0000  99.0000    -1273.134     595.2488     1243.807    0.115   0
         7    749.504    134.485 238.0308775 +32.9278616     4.32 0.0004664017  -9.7962  99.0000  99.0000    -9113.663     595.2993     1244.211    0.118   0
         8    369.730    150.864 238.0797268 +32.9250327     6.37 0.0006871049  -9.6891  -9.7990   0.0782     8310.007     598.7288     1215.633    0.453   0
         9    698.639    197.779 238.0372440 +32.9208994     5.03 0.0005427017 -11.8011 -11.8957   0.0117     57318.84     618.7894     1243.868    0.101   0
        10    475.549    189.527 238.0659897 +32.9211645     5.40 0.0005830577  -9.0805  -9.5701   0.0965      6730.19     597.9849     1229.795    0.162   0
        11    320.395    192.946 238.0859549 +32.9203581     4.61 0.0004973499  -9.7207  -9.8775   0.0728     8933.319     598.8885     1207.437    0.085   0
        12    109.932    261.817 238.1128452 +32.9123373     4.45 0.0004805864 -13.7335 -13.7740   0.0024     323292.7     718.3367     1136.683    0.060   0
        13    759.756    282.607 238.0291315 +32.9119277     4.44 0.0004795709 -12.1544 -12.2181   0.0088     77129.44     626.6621     1243.833    0.097   0
        14    231.678    280.676 238.0971170 +32.9106522     3.97 0.0004288685  -9.3487 -10.3731   0.0463     14101.26     601.2087     1185.105    0.402   2
        15    578.765    333.525 238.0522831 +32.9059363     4.38 0.0004726582 -11.2589 -11.3670   0.0188     35219.91     609.8451     1230.215    0.091   0
        16      3.733    323.335 238.1263321 +32.9054035     3.85 0.0004155224  -8.4954  -7.6363   0.4554     1133.777     475.3967     1087.136    0.126  16
        17    285.163    347.261 238.0900356 +32.9036288     4.45 0.0004802597 -11.0730 -11.1221   0.0234     28109.78     606.9399     1198.624    0.096   0
        18     40.977    350.906 238.1214558 +32.9025393     4.50 0.0004862708  -9.1269  -9.0718   0.1524     4253.128     597.0156     1101.808    0.019   0
        19    448.337    388.042 238.0689128 +32.8996952     4.56 0.0004922932 -10.7640 -10.8852   0.0291     22598.76     604.6158     1216.402    0.076   0
        20    345.987    392.016 238.0820749 +32.8989781     3.46  0.000373915  -7.1816  -8.4295   0.2750     2353.895     596.0348     1208.253    0.023   0
        21    509.030    438.974 238.0609524 +32.8943771     4.31  0.000465032 -12.0856 -12.0884   0.0099     68445.01     623.2523     1218.394    0.091   0
        22    156.221    456.257 238.1063093 +32.8915161     4.40 0.0004746801  -9.7727  -9.8286   0.0762     8539.809     598.8247     1141.387    0.128   0
        23    267.734    498.259 238.0918335 +32.8873073     4.33 0.0004674169 -12.3913 -12.4400   0.0073     94620.75     633.7282     1177.753    0.063   0
        24    883.973    875.107 238.0114501 +32.8484204    60.06  0.006483766 -14.3681 -11.6815   0.0142     47053.02     614.6605     1034.665    0.830  18
        25     10.933    499.484 238.1248785 +32.8864420     4.61 0.0004976154 -10.3782 -10.2735   0.0483     12864.52     571.6754     1068.649    0.078  16
        26    437.821    505.860 238.0699218 +32.8869690     4.32 0.0004668518  -9.6024  -9.5594   0.0974      6664.64     598.0246     1207.742    0.115   0
        27    777.091    519.851 238.0262188 +32.8864092     4.49 0.0004843972  -8.5393  -8.4450   0.2712     2387.835     596.2676     1226.998    0.221   0
        28    879.793    623.405 238.0127059 +32.8755335    11.51  0.001242589 -11.6824 -11.3089   0.0198     33386.16     608.9448     1143.656    0.761   2
        29    798.219   1023.623 238.0220562 +32.8321787     4.32  0.000466145  -9.8361  -9.6422   0.0780     7192.651     516.3533     1053.191    0.019  16
        30    857.420    796.430 238.0150905 +32.8568257     4.81 0.0005189568 -11.9806 -12.1079   0.0097     69689.09     623.7511     1140.712    0.143   0
        31    180.796    801.807 238.1021225 +32.8543488     0.90 9.670111e-05  -8.9623  -8.9768   0.1663     3896.867     596.7152      1040.48    0.072   0
        32    299.460    761.777 238.0869746 +32.8589996     4.42 0.0004770368 -10.8062 -10.7926   0.0316     20750.59      603.901     1097.006    0.061   0
        33    808.409    871.821 238.0211802 +32.8485659     4.23 0.0004566068 -12.7590 -12.7888   0.0054     130468.6     647.4678     1125.697    0.060   0
        34    718.051    714.602 238.0332563 +32.8652580     8.90 0.0009610168 -10.0004 -10.0851   0.0602     10815.77      599.607     1186.084    0.426   0
        35    127.815    637.378 238.1094267 +32.8719169     4.86 0.0005247322 -10.0541 -10.2422   0.0522     12499.18      600.225     1088.586    0.108   0
        36    905.990    629.021 238.0093188 +32.8750006     4.14 0.0004471094 -11.0894 -10.5661   0.0388     16844.41     601.9988     1037.946    0.054   0
        37    883.325    667.764 238.0121248 +32.8707629    17.10  0.001845503 -12.5356 -11.4180   0.0180     36913.56     610.5718      1119.63    0.591   0
        38    880.730    638.371 238.0125426 +32.8739234    10.91  0.001177974 -11.7123 -11.3842   0.0185     35782.28     610.1413     1135.526    0.396   2
        39    629.461    787.815 238.0444429 +32.8571216     5.05  0.000545399  -8.4729  -8.4282   0.2754     2351.247     596.2187     1144.725    0.248   0
        40    882.441    711.040 238.0121151 +32.8660969    16.36  0.001766575 -12.3345 -11.4436   0.0176     37794.12     610.9323     1108.658    0.452   2
        41    378.542    705.828 238.0769644 +32.8652525     4.32 0.0004662457 -12.7394 -12.7956   0.0054     131292.9     648.1418      1141.31    0.075   0
        42    881.785    583.203 238.0125643 +32.8798715     3.83 0.0004138578  -9.2951 -11.1631   0.0226     29191.02     607.1044     1144.038    0.532   0
        43    888.066    982.384 238.0106178 +32.8368710     9.45  0.001020654 -11.6145 -11.5032   0.0166     39928.31      611.805     979.8716    0.221   2
        44    356.859   1010.170 238.0788612 +32.8323944     4.31  0.000465291  -8.5764  -6.8574   1.1690     553.2869     595.5485     960.8662    0.221   0
