#   1 NUMBER                 Running object number                                     
#   2 X_IMAGE                Object position along x                                    [pixel]
#   3 Y_IMAGE                Object position along y                                    [pixel]
#   4 ALPHA_J2000            Right ascension of barycenter (J2000)                      [deg]
#   5 DELTA_J2000            Declination of barycenter (J2000)                          [deg]
#   6 FWHM_IMAGE             FWHM assuming a gaussian core                              [pixel]
#   7 FWHM_WORLD             FWHM assuming a gaussian core                              [deg]
#   8 MAG_BEST               Best of MAG_AUTO and MAG_ISOCOR                            [mag]
#   9 MAG_APER               Fixed aperture magnitude vector                            [mag]
#  10 MAGERR_APER            RMS error vector for fixed aperture mag.                   [mag]
#  11 FLUX_APER              Flux vector within fixed circular aperture(s)              [count]
#  12 FLUXERR_APER           RMS error vector for aperture flux(es)                     [count]
#  13 BACKGROUND             Background at centroid position                            [count]
#  14 ELLIPTICITY            1 - B_IMAGE/A_IMAGE                                       
#  15 FLAGS                  Extraction flags                                          
         1     75.355    262.880 237.9857495 +32.9141902    71.39   0.00765456 -14.3280 -12.3741   0.0128     89047.54     1049.689     2029.785    0.836   2
         2     77.678    380.105 237.9852889 +32.9016889    62.41  0.006691429 -14.9780 -12.2986   0.0137      83071.1     1048.208     2055.807    0.832  19
         3     11.065     80.159 237.9942541 +32.9335108    67.55  0.007242317 -14.0545 -13.2832   0.0054     205726.7     1030.893     324.3434    0.589  24
         4    143.439     87.221 237.9772553 +32.9331174    49.13  0.005267309 -13.4771 -12.3790   0.0127     89455.62     1049.644     1828.453    0.744   2
         5    192.867     30.782 237.9709890 +32.9392733    32.67   0.00350285 -13.2512 -12.3818   0.0127     89682.95     1049.869     951.4314    0.261  17
         6    135.940     11.131 237.9783227 +32.9412157    88.35  0.009473464 -15.3156 -14.1010   0.0027     436900.1     1086.444     77.40484    0.746  24
         7     66.198    111.222 237.9871352 +32.9303467    27.73  0.002973377  99.0000  -8.6561   0.3851     2900.392      1028.56     1232.124    0.531   2
         8    916.023     88.274 237.8780975 +32.9350610     5.06 0.0005422813 -11.8983 -11.3150   0.0335      33572.4     1036.335       1892.5    0.105   0
         9     86.898    121.428 237.9844644 +32.9293141    29.20   0.00313135 -12.5369 -12.0931   0.0165     68744.27     1044.871     1656.128    0.644   2
        10    421.953     91.100 237.9415050 +32.9334537     4.93 0.0005284304 -11.4882 -11.4919   0.0285     39515.07     1037.739     2175.363    0.035   0
        11    552.904    139.149 237.9246353 +32.9286763     4.55 0.0004876922 -10.8517  -9.3751   0.1988     5624.047       1029.6       2260.6    0.039   0
        12    987.622    194.729 237.8687752 +32.9238890     4.78 0.0005124882 -14.7529 -14.7993   0.0016     831243.2     1213.699     1997.365    0.093   0
        13    718.175    241.514 237.9032931 +32.9181916     1.01 0.0001080782  -9.0217  99.0000  99.0000    -6554.551     1028.175     2220.672    0.172   0
        14    181.837    255.641 237.9720963 +32.9152515     4.69 0.0005024266 -11.9156 -12.0109   0.0178     63730.62     1043.671     2329.144    0.033   0
        15    579.064    252.426 237.9211296 +32.9166593     3.61  0.000387565  -7.9783  -9.2688   0.2192     5099.522     1029.501     2281.757    0.354   0
        16    251.868    269.597 237.9630913 +32.9139517     6.15 0.0006589071  -9.5177  -9.8330   0.1305     8574.271       1030.2     2327.915    0.093   0
        17    885.427    309.061 237.8817457 +32.9114235     5.70 0.0006108875  -9.2576  -9.7520   0.1406     7958.102     1030.253     2052.565    0.073   0
        18    568.018    410.490 237.9223399 +32.8997649    16.41  0.001759507 -16.9655 -16.9760   0.0004      6171908     2035.504     2272.212    0.315   4
        19    782.193    340.681 237.8949514 +32.9077792     4.46 0.0004783492 -12.1437 -12.2300   0.0146      77983.2     1046.851     2138.033    0.055   0
        20    155.012    374.293 237.9753752 +32.9025190     4.46 0.0004785167 -12.7909 -12.8279   0.0085       135252     1060.665     2326.609    0.046   0
        21    338.422    375.696 237.9518423 +32.9028641     4.13  0.000442515  -8.9487  -9.8167   0.1325     8446.458     1030.314         2311    0.529   0
        22    205.712    399.091 237.9688366 +32.9000103     4.44 0.0004761492 -11.8382 -12.0275   0.0175     64716.65     1043.936      2321.87    0.040   0
        23    372.394    457.956 237.9473735 +32.8941784     4.95 0.0005303602  -9.8252 -10.3836   0.0787     14237.22     1031.428     2297.507    0.065   0
        24     80.128    716.214 237.9845087 +32.8658336   111.76   0.01198301 -15.6678 -12.3450   0.0131     86698.67     1049.101     1970.929    0.936  18
        25    962.600    501.503 237.8716030 +32.8910917     4.33 0.0004641542 -12.6295 -12.6547   0.0099     115309.2     1055.557      1832.48    0.081   0
        26    230.642    530.630 237.9654591 +32.8860428     3.56 0.0003820947  -9.2588  -9.5867   0.1636     6834.171     1029.835     2299.238    0.125   0
        27    687.757    694.204 237.9066115 +32.8698102     4.09 0.0004389455 -11.4805 -11.4885   0.0286     39391.04     1037.507     1977.869    0.066   0
        28     87.063    992.387 237.9832373 +32.8363856     7.70 0.0008252737 -11.5940 -11.7050   0.0235     48082.95     1039.829     1802.843    0.230   0
        29    721.884    882.282 237.9019928 +32.8498326     4.12 0.0004422369 -11.8541 -11.8951   0.0198     57284.77     1042.011     1753.882    0.106   0
        30    750.043    650.958 237.8986786 +32.8745886     4.82 0.0005169449  -9.5902  -9.9460   0.1176     9514.604     1030.602     1944.417    0.034   0
        31    312.988    580.014 237.9548296 +32.8809955     4.65 0.0004983436  -9.6569  -9.6446   0.1551      7208.22     1029.607     2283.184    0.016   0
        32    753.124    946.720 237.8979047 +32.8430395     4.40 0.0004718078 -12.6309 -12.6245   0.0102     112147.2      1055.29     1644.733    0.133   0
        33    438.839    618.593 237.9386358 +32.8772166     4.19 0.0004497512 -12.5660 -12.6139   0.0103     111057.1     1054.634     2243.696    0.060   0
        34    652.022   1006.280 237.9107899 +32.8364180     4.34   0.00046539 -12.4826 -12.5049   0.0114     100449.2     1052.401     1705.411    0.143   0
        35    613.835    543.842 237.9162880 +32.8856581     3.37 0.0003612365  -8.7805  -8.9530   0.2932     3812.313     1029.218     2167.977    0.253   0
        36    532.934    668.661 237.9265012 +32.8721254     4.75 0.0005095821  -9.2178  -9.3188   0.2094     5339.571     1029.531     2151.077    0.272   0
        37    777.898    835.232 237.8948706 +32.8550002     4.35 0.0004659233 -10.7358 -10.8059   0.0534     21007.59     1033.357      1736.05    0.138   0
        38    587.628    951.718 237.9191167 +32.8420690     4.02 0.0004313297  -9.9638 -10.1714   0.0956     11710.12     1031.018     1823.904    0.114   0
        39    578.302    566.999 237.9208156 +32.8830930     4.27 0.0004577057  -9.4273  -9.6189   0.1588     7039.778     1029.653     2182.429    0.073   0
        40    153.915    812.633 237.9749137 +32.8557463     4.10 0.0004391194 -11.8026 -11.8395   0.0208     54424.12     1041.324       2160.2    0.083   0
