#   1 NUMBER                 Running object number                                     
#   2 X_IMAGE                Object position along x                                    [pixel]
#   3 Y_IMAGE                Object position along y                                    [pixel]
#   4 ALPHA_J2000            Right ascension of barycenter (J2000)                      [deg]
#   5 DELTA_J2000            Declination of barycenter (J2000)                          [deg]
#   6 FWHM_IMAGE             FWHM assuming a gaussian core                              [pixel]
#   7 FWHM_WORLD             FWHM assuming a gaussian core                              [deg]
#   8 MAG_BEST               Best of MAG_AUTO and MAG_ISOCOR                            [mag]
#   9 MAG_APER               Fixed aperture magnitude vector                            [mag]
#  10 MAGERR_APER            RMS error vector for fixed aperture mag.                   [mag]
#  11 FLUX_APER              Flux vector within fixed circular aperture(s)              [count]
#  12 FLUXERR_APER           RMS error vector for aperture flux(es)                     [count]
#  13 BACKGROUND             Background at centroid position                            [count]
#  14 ELLIPTICITY            1 - B_IMAGE/A_IMAGE                                       
#  15 FLAGS                  Extraction flags                                          
         1    833.321    184.088 200.9207304 +36.2166328   181.26   0.01959965 -15.7485 -12.1661   0.0102     73527.08      688.901     1172.589    0.914  16
         2    519.455     46.028 200.9632683 +36.2306168     6.79 0.0007345758  -9.8408  -9.8803   0.0806     8956.461     665.0372     1224.895    0.358   0
         3    471.684     86.774 200.9696083 +36.2260957     5.92 0.0006400336 -10.3572 -10.3063   0.0546     13259.46     666.5971     1241.294    0.347   0
         4    538.621    142.395 200.9604781 +36.2202972     5.28 0.0005707546  -9.7685  -9.7686   0.0893     8080.207     664.3164     1287.625    0.262   0
         5    607.354    162.741 200.9511843 +36.2183004     8.14 0.0008803582 -10.9115 -10.9151   0.0313      23230.2     670.3076     1308.016    0.263   0
         6    261.016    294.000 200.9974966 +36.2031896     4.19 0.0004529202  -8.7661  -9.3231   0.1344     5360.938     663.2923     1299.827    0.004   0
         7    188.716    327.856 201.0071477 +36.1993381     5.16 0.0005580527 -10.1725 -10.1618   0.0623     11607.38     666.0516     1293.421    0.231   0
         8    840.891    830.307 200.9183367 +36.1470898    79.49  0.008594944 -13.9267 -12.8277   0.0057     135230.3     710.9404     1077.412    0.471  16
         9    442.107    388.249 200.9729246 +36.1935594     4.50 0.0004867183  -9.8050 -10.1113   0.0653     11079.82     665.8163     1364.839    0.196   0
        10    868.380    717.185 200.9148807 +36.1593433     3.42 0.0003703278  -7.7760  99.0000  99.0000    -23289.39     661.3435     1303.464    0.416   0
        11    888.162    887.817 200.9118594 +36.1410297    59.32  0.006414408 -13.7861 -12.4234   0.0081     93191.69     695.8405       554.17    0.143  16
        12    159.859    788.112 201.0099931 +36.1497106     4.51 0.0004880983  -9.1266 -10.6485   0.0400      18171.9     668.4925     1309.063    0.223   0
        13    307.149    472.892 200.9908914 +36.1840644     4.39 0.0004747819 -10.5210 -10.7023   0.0380     19094.71     668.8561     1366.593    0.132   0
        14    884.669    446.562 200.9132638 +36.1885203     3.90 0.0004214224 -11.8226 -10.2661   0.0566     12777.17      666.379     1095.223    0.073   0
        15    443.839    500.641 200.9724443 +36.1814656     4.20 0.0004540239 -12.2252 -12.2780   0.0092     81510.38     691.7562     1381.927    0.121   0
        16    864.544    628.517 200.9155847 +36.1688775     4.10 0.0004438551 -12.2449 -12.0244   0.0115     64528.09     685.6456     1306.104    0.082   0
        17     98.281    722.137 201.0184215 +36.1566353     5.15 0.0005564492  -8.7210  -8.4174   0.3091     2327.877     662.6155     1306.589    0.285   0
        18    168.937    540.731 201.0093293 +36.1763663     4.46 0.0004820806 -10.4467 -10.6190   0.0410     17684.29     668.2731     1342.539    0.112   0
        19    431.048    541.109 200.9740755 +36.1770731     4.15 0.0004483022 -12.1136 -12.1888   0.0100     75082.27     689.4651     1381.598    0.093   0
        20    825.535    484.558 200.9211376 +36.1842663     6.02 0.0006505372 -10.0611 -10.7736   0.0356     20390.47     669.2107     1327.544    0.147   0
        21    213.179    783.608 201.0028343 +36.1503484     0.98 0.0001063785  -7.9995 -10.2454   0.0577     12535.58     666.0281     1336.505    0.360   0
