#   1 NUMBER                 Running object number                                     
#   2 X_IMAGE                Object position along x                                    [pixel]
#   3 Y_IMAGE                Object position along y                                    [pixel]
#   4 ALPHA_J2000            Right ascension of barycenter (J2000)                      [deg]
#   5 DELTA_J2000            Declination of barycenter (J2000)                          [deg]
#   6 FWHM_IMAGE             FWHM assuming a gaussian core                              [pixel]
#   7 FWHM_WORLD             FWHM assuming a gaussian core                              [deg]
#   8 MAG_BEST               Best of MAG_AUTO and MAG_ISOCOR                            [mag]
#   9 MAG_APER               Fixed aperture magnitude vector                            [mag]
#  10 MAGERR_APER            RMS error vector for fixed aperture mag.                   [mag]
#  11 FLUX_APER              Flux vector within fixed circular aperture(s)              [count]
#  12 FLUXERR_APER           RMS error vector for aperture flux(es)                     [count]
#  13 BACKGROUND             Background at centroid position                            [count]
#  14 ELLIPTICITY            1 - B_IMAGE/A_IMAGE                                       
#  15 FLAGS                  Extraction flags                                          
         1    834.063    191.269 238.0212085 +33.0304282   194.03   0.02084881 -15.9390 -12.4044   0.0090     91573.97     755.4616     1270.559    0.908  16
         2    454.750    124.105 238.0701601 +33.0366053     7.12 0.0007646136 -14.1996 -14.2301   0.0019       492066      878.048     1375.071    0.254   0
         3    432.020    198.201 238.0729428 +33.0286194     6.71   0.00072113 -10.2647 -10.2399   0.0634     12472.99      728.428     1412.683    0.246   0
         4     56.754    253.188 238.1211331 +33.0217226     7.97 0.0008564282 -10.7455 -10.8649   0.0358     22180.29     732.0158      1295.31    0.284   0
         5    171.897    273.041 238.1062753 +33.0199129     6.33 0.0006801366 -11.8157 -11.8555   0.0146     55233.38     743.2984     1373.618    0.258   0
         6    295.369    288.968 238.0903538 +33.0185437     5.08 0.0005453267  -9.6003  -9.7363   0.1007     7843.899     727.1644     1426.112    0.176   0
         7    283.330    291.077 238.0918991 +33.0182856     4.63 0.0004973845  -9.3085  -9.7592   0.0986     8010.667      727.283     1423.972    0.057   0
         8    261.016    293.999 238.0947650 +33.0179128     4.24 0.0004551356  -8.9523  -9.6085   0.1132     6972.561     726.5378     1419.775    0.003   0
         9    487.676    363.369 238.0654619 +33.0111027     5.57 0.0005988323 -12.4614 -12.4623   0.0085      96585.2     757.0985     1497.942    0.193   0
        10      1.625    433.979 238.1278668 +33.0022354     5.38 0.0005781687  -8.7088  -8.8879   0.1626     3590.677     537.7289     1341.733    0.482  24
        11    711.648    777.043 238.0358601 +32.9674533     5.28 0.0005675313 -10.4432 -10.5563   0.0475     16692.29     730.3018     1542.912    0.156   0
        12    716.393    888.080 238.0350407 +32.9555898     3.17 0.0003402231 -10.3265  99.0000  99.0000    -32848.52     724.3807     1126.839    0.089   0
        13    841.415    830.573 238.0190694 +32.9620698    78.06  0.008388081 -14.0035 -13.0229   0.0052     161871.7       778.11     1163.741    0.471  16
        14    704.133    787.411 238.0368072 +32.9663246     4.89 0.0005249313 -11.1437 -11.1811   0.0269     29678.39     734.6934     1543.253    0.146   0
        15    662.890    787.104 238.0421123 +32.9662482     6.38 0.0006850953  -9.9253 -10.3669   0.0565        14020     729.4272     1543.871    0.242   0
        16     97.335    783.273 238.1148600 +32.9651382     4.66 0.0005005549 -11.6299 -11.8145   0.0152     53186.29     742.6496     1403.395    0.122   0
        17    709.535    685.398 238.0363046 +32.9772498     5.02 0.0005394118 -10.8611 -11.0655   0.0299     26682.03     733.5517     1541.088    0.122   0
        18     44.821    850.295 238.1214809 +32.9578267     5.21 0.0005599015  -9.8238 -10.8834   0.0352     22561.19     732.2879     1331.045    0.345   0
        19    651.486    709.534 238.0437261 +32.9745145     5.04 0.0005416814  -9.1274 -10.3369   0.0581     13637.91     729.2759     1542.047    0.263   0
        20    719.286    650.613 238.0351158 +32.9809960     4.92 0.0005286834 -11.3795 -11.4354   0.0213     37511.37     737.3339     1536.574    0.131   0
        21    552.044    680.385 238.0565730 +32.9773679     6.06 0.0006516206  -9.1230  -9.3376   0.1452     5432.842     726.2737     1539.263    0.097   0
        22    888.186    888.067 238.0129472 +32.9560432    57.68  0.006198181 -13.9509 -12.6323   0.0073     112954.9     762.5237     547.1345    0.144  16
