#   1 NUMBER                 Running object number                                     
#   2 X_IMAGE                Object position along x                                    [pixel]
#   3 Y_IMAGE                Object position along y                                    [pixel]
#   4 ALPHA_J2000            Right ascension of barycenter (J2000)                      [deg]
#   5 DELTA_J2000            Declination of barycenter (J2000)                          [deg]
#   6 FWHM_IMAGE             FWHM assuming a gaussian core                              [pixel]
#   7 FWHM_WORLD             FWHM assuming a gaussian core                              [deg]
#   8 MAG_BEST               Best of MAG_AUTO and MAG_ISOCOR                            [mag]
#   9 MAG_APER               Fixed aperture magnitude vector                            [mag]
#  10 MAGERR_APER            RMS error vector for fixed aperture mag.                   [mag]
#  11 FLUX_APER              Flux vector within fixed circular aperture(s)              [count]
#  12 FLUXERR_APER           RMS error vector for aperture flux(es)                     [count]
#  13 BACKGROUND             Background at centroid position                            [count]
#  14 ELLIPTICITY            1 - B_IMAGE/A_IMAGE                                       
#  15 FLAGS                  Extraction flags                                          
         1    852.065     88.342 200.9161528 +36.1185170   123.00    0.0133641 -15.4147 -13.3040   0.0038     209708.3     731.6143     1000.452    0.489  19
         2    817.160     46.707 200.9208975 +36.1229491    77.64   0.00843587 -14.2136 -12.7942   0.0058     131125.3     704.2499     721.6337    0.792  19
         3    829.157     10.246 200.9193128 +36.1269274    95.77   0.01040531 -14.1289 -13.1431   0.0041     180815.5     685.8002     326.8883    0.819  24
         4    353.007     79.171 200.9834561 +36.1183565     3.93 0.0004274509  -9.6673 -11.3604   0.0208     35006.42     669.0777     1219.502    0.507   0
         5    380.809     81.398 200.9797051 +36.1181805     3.46  0.000375608  -9.5891 -11.3689   0.0206      35283.1     669.2175     1238.349    0.417   0
         6    159.321     85.459 201.0095664 +36.1172171     7.88 0.0008560094 -11.1564 -11.4313   0.0195     37370.47     670.2876     1187.405    0.168   0
         7     86.279     82.114 201.0194188 +36.1174053     6.40  0.000695214 -10.5738 -11.3991   0.0201      36278.3     669.8074     1145.258    0.720   0
         8    116.754     85.489 201.0153060 +36.1171124     6.88 0.0007477906 -10.8923 -11.4537   0.0191     38149.25     670.5053     1169.923    0.499   0
         9     97.786     86.187 201.0178630 +36.1169914     3.45 0.0003750318  -9.4768 -11.4054   0.0199      36489.1     669.6315     1167.156    0.651   0
        10    770.697    205.775 200.9270168 +36.1056062     5.73 0.0006224015 -14.8993 -14.9223   0.0011     930916.4     946.5393     1386.651    0.032   0
        11    683.649    208.188 200.9387505 +36.1051451     5.67  0.000615967 -15.3687 -15.3865   0.0008      1427624     1069.704     1385.365    0.035   0
        12    124.725    217.428 201.0140941 +36.1028344     5.77 0.0006271762 -13.0964 -13.1423   0.0043     180684.6     721.6453     1263.845    0.074   0
        13    625.160    339.239 200.9465120 +36.0908094     5.72 0.0006217731 -10.7809 -10.8473   0.0331     21824.19     664.3906     1373.102    0.048   0
        14    880.559    640.873 200.9118139 +36.0587087    22.59  0.002454042 -13.1552 -11.5540   0.0174     41840.08     671.8619     1255.001    0.652   2
        15    143.472    538.330 201.0112342 +36.0681060     5.81 0.0006317981 -12.8331 -12.8755   0.0054       141319     707.9797     1235.417    0.095   0
        16    769.664    603.903 200.9267900 +36.0624622     5.90 0.0006405602 -10.1400 -10.2715   0.0559     12840.69     661.0016     1355.329    0.133   0
        17    884.308    807.764 200.9111589 +36.0406326    57.33  0.006228767 -14.5328 -11.7850   0.0142     51761.03     675.4713     1170.193    0.807   2
        18    885.351    961.225 200.9108808 +36.0240058    55.59  0.006040345 -13.6534 -11.8556   0.0133     55236.95     676.7925     1088.503    0.741  19
        19    886.314    907.983 200.9107988 +36.0297773    54.95  0.005970157 -13.9714 -11.9404   0.0123     59725.76     678.4487     1108.552    0.513   3
        20    542.050    712.148 200.9573563 +36.0502082     9.84  0.001068657  -9.9339  -9.9864   0.0726     9875.194     659.8237     1292.187    0.071   0
        21    882.862    686.641 200.9114625 +36.0537544    23.08  0.002507429 -13.1322 -11.6259   0.0163     44705.63     672.9092     1228.681    0.460   2
        22     28.691    992.828 201.0262214 +36.0185822     1.30 0.0001413236  -9.4763 -10.7011   0.0378      19073.2     663.3546     539.5947    0.116   0
        23    535.770    733.095 200.9581821 +36.0479237     8.33 0.0009045866  -9.4967  -9.7103   0.0935     7657.835       659.02     1280.723    0.286   0
        24    490.296    679.115 200.9643609 +36.0536673     5.77  0.000626402  -9.9653  -9.9693   0.0737     9720.943      659.876     1299.761    0.028   0
        25    225.622    728.387 200.9999702 +36.0477065     6.51 0.0007076406 -10.1284 -10.1353   0.0633     11326.69     660.1152      1195.29    0.098   0
