#   1 NUMBER                 Running object number                                     
#   2 X_IMAGE                Object position along x                                    [pixel]
#   3 Y_IMAGE                Object position along y                                    [pixel]
#   4 ALPHA_J2000            Right ascension of barycenter (J2000)                      [deg]
#   5 DELTA_J2000            Declination of barycenter (J2000)                          [deg]
#   6 FWHM_IMAGE             FWHM assuming a gaussian core                              [pixel]
#   7 FWHM_WORLD             FWHM assuming a gaussian core                              [deg]
#   8 MAG_BEST               Best of MAG_AUTO and MAG_ISOCOR                            [mag]
#   9 MAG_APER               Fixed aperture magnitude vector                            [mag]
#  10 MAGERR_APER            RMS error vector for fixed aperture mag.                   [mag]
#  11 FLUX_APER              Flux vector within fixed circular aperture(s)              [count]
#  12 FLUXERR_APER           RMS error vector for aperture flux(es)                     [count]
#  13 BACKGROUND             Background at centroid position                            [count]
#  14 ELLIPTICITY            1 - B_IMAGE/A_IMAGE                                       
#  15 FLAGS                  Extraction flags                                          
         1    833.353    178.107 327.8178874 +28.9479256   205.05   0.02215053 -16.2368 -12.7251   0.0078       123041     883.7755     1478.134    0.901  18
         2    858.453     38.342 327.8151130 +28.9630536     8.04 0.0008686219 -11.9611 -12.2741   0.0117     81214.55     871.7934       1176.9    0.283   3
         3    429.602     89.354 327.8680270 +28.9564764     7.47 0.0008074178 -13.0920 -13.1276   0.0055     178258.8     899.0333     1563.724    0.323   0
         4    448.355    102.711 327.8656758 +28.9550842     7.33  0.000791674 -12.9678 -13.0175   0.0060     161059.7     894.4882     1583.012    0.310   0
         5     48.647     92.971 327.9151282 +28.9551109     6.84 0.0007392003 -11.3639 -11.4607   0.0243     38395.99     859.4268     1221.022    0.307   0
         6    201.833    131.332 327.8960913 +28.9513702     7.40 0.0007990422 -13.4435 -13.4843   0.0040     247592.5     918.2883     1486.468    0.297   0
         7    751.774    101.929 327.8281557 +28.9559331     6.90 0.0007458361  -9.2813  99.0000  99.0000    -2551.407     848.2562     1644.513    0.356   0
         8    475.097    133.642 327.8622943 +28.9518180     6.02 0.0006507098  -9.5214 -10.0436   0.0888     10409.65     851.2708      1620.88    0.596   0
         9    711.053    205.624 327.8329451 +28.9446537     6.42 0.0006938673 -11.8217 -11.8894   0.0165     56982.53     864.8401     1727.306    0.290   0
        10    176.816    199.596 327.8990181 +28.9439478     7.15 0.0007719243 -10.4298 -10.5347   0.0566      16364.3     852.6359     1525.698    0.353   0
        11    589.609    219.264 327.8479291 +28.9428780     6.38 0.0006896931 -11.8502 -11.9191   0.0160     58564.07     865.3207     1703.659    0.279   0
        12    441.119    239.150 327.8662417 +28.9403590     6.34 0.0006848051 -12.1841 -12.2463   0.0120     79160.59     871.3911     1674.475    0.284   0
        13    303.210    241.632 327.8832875 +28.9397403     6.45 0.0006967307  -9.3103  -9.3467   0.1684     5478.801      849.534     1624.466    0.393   0
        14    606.836    302.599 327.8456000 +28.9339387     5.90 0.0006376244 -12.4097 -12.4702   0.0098      97292.7     876.1596     1743.228    0.248   0
        15    261.000    293.998 327.8883791 +28.9339879     4.21 0.0004543869  -8.8587  -9.6571   0.1266     7292.086     850.0435     1650.935    0.009   0
        16    755.110    306.624 327.8272581 +28.9338770     6.12 0.0006611319  -9.7200  99.0000  99.0000    -2882.369     848.2322     1768.264    0.341   0
        17    571.671    335.907 327.8498680 +28.9302598     5.76 0.0006219785 -11.9826 -12.0357   0.0144     65202.59     867.2834     1758.434    0.261   0
        18    503.558    347.156 327.8582622 +28.9288751     5.98 0.0006455795 -11.1048 -11.1554   0.0321     28983.55      856.827     1753.541    0.286   0
        19    148.402    358.746 327.9021420 +28.9267201     6.85 0.0007398009 -10.1358 -10.8229   0.0435     21337.66     854.3073     1633.722    0.304   0
        20    498.068    371.031 327.8588835 +28.9262877     5.77 0.0006230089 -10.4522 -10.1823   0.0782     11828.19     851.6873      1767.26    0.279   0
        21    332.669    372.858 327.8793271 +28.9256706     6.59 0.0007123751 -10.0196 -10.6117   0.0528     17565.64     853.3459     1736.458    0.070   0
        22    554.938    389.364 327.8518089 +28.9244553     6.55 0.0007075763  -9.2578  -9.9409   0.0976     9470.035     851.0426     1787.561    0.498   0
        23    362.672    402.163 327.8755470 +28.9225882     3.93 0.0004243942  -8.9730 -10.1908   0.0776     11920.86     851.7623     1760.123    0.613   0
        24    270.725    430.162 327.8868458 +28.9193356     5.63  0.000608312 -12.5394 -12.6391   0.0084     113663.2     881.0956     1738.732    0.239   0
        25    864.449    425.586 327.8134594 +28.9213268     5.36 0.0005786897 -10.4771  99.0000  99.0000    -1945.825     848.2082     1551.115    0.292   0
        26    311.225    530.518 327.8815957 +28.9086216     5.31 0.0005733398 -10.4225 -10.3742   0.0656      14115.5     852.3584     1779.429    0.232   0
        27    888.232    888.192 327.8094319 +28.8715207    56.40  0.006092503 -14.5838 -12.8800   0.0068     141909.2     888.7991     551.8466    0.156  17
        28    587.649    910.662 327.8465196 +28.8683464     3.67 0.0003961746 -11.0886  99.0000  99.0000    -182101.6     848.0641     1184.519    0.130   0
        29    676.126    801.325 327.8358471 +28.8803545     4.70 0.0005075734 -10.6882 -10.3588   0.0665     13915.75     852.4908     1830.129    0.156   0
        30    905.068    609.526 327.8080058 +28.9016005     3.70 0.0003992147  -8.3519  99.0000  99.0000    -122414.2     848.3042      1281.39    0.341   0
        31    850.311    592.343 327.8148143 +28.9033165     6.16 0.0006649342 -10.3290 -10.1649   0.0795     11639.86     851.7276     1707.804    0.233   0
        32    364.882    570.654 327.8748664 +28.9044321     5.27 0.0005696974  -9.1906  -9.7075   0.1209      7638.02        850.6     1792.191    0.284   0
        33    304.904    568.109 327.8822859 +28.9045535     5.40 0.0005830468 -10.5118 -10.7480   0.0466     19916.71      854.225     1782.435    0.196   0
        34    801.879    541.274 327.8209212 +28.9087006     5.02  0.000542643 -14.8508 -14.8905   0.0013     904102.7     1082.475         1806    0.168   0
        35    862.165    516.835 327.8135269 +28.9114852     5.16 0.0005579182 -11.5453 -10.3237   0.0687     13473.42       852.17     1654.408    0.236   0
        36    508.681    486.026 327.8572955 +28.9139191     5.34 0.0005763233 -11.2052 -11.3720   0.0263     35383.79     858.5264     1799.046    0.245   0
        37    227.746    456.376 327.8920949 +28.9164001     5.43  0.000586745 -11.1731 -11.2602   0.0292     31922.04      857.589     1732.262    0.246   0
        38    240.488    886.612 327.8894730 +28.8700573     4.16 0.0004495345 -12.6442 -11.5485   0.0224     41629.98      860.438      1445.78    0.107   0
        39    752.199    501.040 327.8271574 +28.9129134     5.20 0.0005613384 -12.1473 -12.2093   0.0124     76507.97      870.162     1810.311    0.220   0
        40    309.309    493.604 327.8819221 +28.9125957     5.22 0.0005636308 -13.5218 -13.5508   0.0038     263231.3     922.5361     1773.869    0.191   0
        41     64.190    891.578 327.9112443 +28.8690692     3.79 0.0004097064 -10.5130  99.0000  99.0000    -75120.05     847.8721     1328.318    0.057   0
        42    452.690    854.531 327.8633301 +28.8740558     4.52   0.00048838 -12.1464 -12.0838   0.0138     68158.67      868.182     1730.841    0.157   0
        43    575.651    823.214 327.8482110 +28.8777423     4.57   0.00049408 -12.7166 -12.6580   0.0083     115662.4     881.6627     1787.508    0.168   0
        44    841.046    830.156 327.8153992 +28.8776590    75.64  0.008170503 -14.1956 -13.2768   0.0048     204505.7     906.5496     1353.646    0.473  16
        45    167.245    845.155 327.8986242 +28.8743383     5.79  0.000625965 -11.3153 -11.4757   0.0240     38928.73     859.6528     1634.801    0.141   0
        46    407.796    816.128 327.8689701 +28.8780814     4.83 0.0005217441  -9.4944  -9.3163   0.1732     5327.701     849.7051     1771.973    0.113   0
        47    798.186    800.980 327.8207643 +28.8806972    22.22  0.002400141 -13.1321 -11.9026   0.0163     57679.36     864.7826     1737.837    0.126   2
        48     43.471    801.496 327.9140256 +28.8787257     4.11  0.000443433  -9.4930 -10.3264   0.0685     13507.32     852.2278     1607.145    0.024   0
        49    798.585    763.520 327.8208035 +28.8847360     8.09 0.0008741553 -11.3204 -11.3652   0.0265     35161.62     858.4617     1789.168    0.322   0
        50    109.417    691.635 327.9061457 +28.8907376     5.48 0.0005922652 -10.8472 -11.0499   0.0353     26301.09     855.8537     1687.763    0.173   0
        51    800.797    688.172 327.8207081 +28.8928635     4.84 0.0005228525 -13.4046 -13.4586   0.0041     241801.6     916.4217     1814.869    0.155   0
        52    536.411    710.244 327.8533305 +28.8898205     4.69 0.0005070591 -13.1767 -13.2485   0.0049     199245.1     904.9177     1818.765    0.144   0
        53    603.923    647.516 327.8451366 +28.8967523     5.77 0.0006234794  -9.5512  -9.7227   0.1193     7746.107     850.6078     1818.484    0.187   0
        54    252.348    662.408 327.8885527 +28.8942548     6.44 0.0006958999  -9.9009 -10.4950   0.0587     15775.94     852.8214     1779.933    0.210   0
        55    655.788    648.114 327.8387250 +28.8968183     4.96 0.0005354917 -10.4617 -10.6699   0.0500     18534.05     853.6296     1820.704    0.187   0
        56     58.248    825.170 327.9121416 +28.8762121     5.19 0.0005603957 -10.7837 -11.1351   0.0327     28448.19     856.5995     1580.273    0.144   0
        57    671.441    586.592 327.8369368 +28.9034891     5.03  0.000543064 -10.9947 -11.0434   0.0355      26144.1     855.7365     1811.761    0.196   0
        58    747.748    609.871 327.8274499 +28.9011711     4.81 0.0005197592 -11.7435 -11.6717   0.0201     46630.08      861.795     1814.307    0.169   0
        59    700.212    558.593 327.8334470 +28.9065794     4.96 0.0005357274 -11.6675 -11.5142   0.0231     40333.22     859.7061     1813.257    0.201   0
        60    815.022    568.105 327.8192333 +28.9058412     4.90 0.0005296789 -11.3214 -11.3059   0.0280     33294.07     857.9888     1778.537    0.191   0
        61    305.792    552.183 327.8822148 +28.9062725     5.17  0.000558232 -12.3450 -12.4315   0.0101     93885.72     875.1171     1780.984    0.196   0
