#   1 NUMBER                 Running object number                                     
#   2 X_IMAGE                Object position along x                                    [pixel]
#   3 Y_IMAGE                Object position along y                                    [pixel]
#   4 ALPHA_J2000            Right ascension of barycenter (J2000)                      [deg]
#   5 DELTA_J2000            Declination of barycenter (J2000)                          [deg]
#   6 FWHM_IMAGE             FWHM assuming a gaussian core                              [pixel]
#   7 FWHM_WORLD             FWHM assuming a gaussian core                              [deg]
#   8 MAG_BEST               Best of MAG_AUTO and MAG_ISOCOR                            [mag]
#   9 MAG_APER               Fixed aperture magnitude vector                            [mag]
#  10 MAGERR_APER            RMS error vector for fixed aperture mag.                   [mag]
#  11 FLUX_APER              Flux vector within fixed circular aperture(s)              [count]
#  12 FLUXERR_APER           RMS error vector for aperture flux(es)                     [count]
#  13 BACKGROUND             Background at centroid position                            [count]
#  14 ELLIPTICITY            1 - B_IMAGE/A_IMAGE                                       
#  15 FLAGS                  Extraction flags                                          
         1    150.141     79.796 237.9764543 +32.9341067    70.21  0.007507109 -14.7718 -12.9408   0.0121       150073     1676.202     2952.596    0.820  19
         2    192.578     31.055 237.9711099 +32.9394002    30.12   0.00322055 -13.6150 -13.1462   0.0101     181330.9      1681.18     1383.877    0.299  19
         3     11.580     79.920 237.9941925 +32.9337332    69.42  0.007422322 -14.7567 -14.0556   0.0043     419017.6     1653.509     140.2436    0.579  24
         4    135.242     11.281 237.9784864 +32.9413547    89.94  0.009615801 -16.0708 -14.8653   0.0021       883294     1715.567    -376.3449    0.747  24
         5     66.370    111.070 237.9871213 +32.9305631    29.97   0.00320429  99.0000  99.0000  99.0000    -6759.383     1653.995     1957.472    0.509   2
         6     86.385    121.069 237.9845408 +32.9295517    34.56  0.003695307 -13.4699 -12.7503   0.0144     125930.6     1672.922     2786.937    0.577   3
         7    915.227     91.737 237.8784862 +32.9347805     5.27  0.000563396 -10.8488  99.0000  99.0000    -17322.79     1654.042     3391.788    0.066   0
         8    422.062     94.709 237.9416164 +32.9332201     6.04 0.0006453361 -10.1878  99.0000  99.0000    -25252.43     1654.089     4025.289    0.023   0
         9     77.974    163.954 237.9855391 +32.9249689    22.45  0.002400342 -13.1444 -12.6222   0.0162     111915.9     1670.733      3585.19    0.101   0
        10    552.775    142.589 237.9247985 +32.9284608     3.44 0.0003682982  -9.2322  99.0000  99.0000    -28908.65     1653.153     4024.757    0.416   0
        11    986.529    197.562 237.8691791 +32.9237028     6.21 0.0006635316 -14.1038 -14.1348   0.0041     450738.4     1720.641     3474.252    0.084   0
        12    181.931    259.486 237.9720586 +32.9150783     5.73 0.0006128313 -11.2817 -11.4179   0.0488     36910.07     1659.752     4152.556    0.105   0
        13    781.440    343.929 237.8951797 +32.9076244     6.38 0.0006823411 -11.5563 -11.6533   0.0393     45849.21     1660.771     3751.421    0.085   0
        14    567.481    412.966 237.9224416 +32.8997426     6.57 0.0007028515 -16.4215 -16.4354   0.0006      3751197     2147.286     4019.448    0.042   4
        15    155.062    378.035 237.9752822 +32.9024008     5.71 0.0006108952 -12.0241 -12.0355   0.0277     65191.32     1663.773     4142.229    0.040   0
        16    205.741    402.825 237.9687518 +32.8998954     6.07 0.0006484668 -11.5087 -11.7379   0.0364     49561.17     1661.516      4134.74    0.097   0
        17     80.736    745.610 237.9841222 +32.8631154   170.05   0.01818077 -16.4035 -13.0665   0.0108     168494.8     1679.224     3415.323    0.958  50
        18     75.748    262.051 237.9856445 +32.9145302    81.12  0.008673349  99.0000  99.0000  99.0000            0            0     3577.425    0.792  50
        19    961.516    504.414 237.8718613 +32.8910056     6.19 0.0006615066 -11.8033 -11.7688   0.0354     50996.27     1661.406     3134.704    0.083   0
        20    721.117    885.484 237.9019638 +32.8498765     6.19 0.0006621673 -11.1248 -11.1156   0.0644     27941.21     1657.933     2971.336    0.070   0
        21    651.390   1009.686 237.9106659 +32.8364916     5.85 0.0006250186 -11.5917 -11.4624   0.0469     38457.36     1659.565     2875.488    0.050   0
        22     86.774    997.059 237.9828909 +32.8363889     9.40  0.001005274 -12.3146 -12.3228   0.0213     84939.69     1666.924     3094.221    0.081   2
        23    752.217    949.867 237.8978752 +32.8431073     5.83 0.0006237225 -11.7677 -11.6118   0.0409     44127.32     1660.652     2750.466    0.048   0
        24    153.818    816.267 237.9746455 +32.8557904     6.53 0.0006979583 -10.9938 -11.0010   0.0716     25142.31     1657.838     3804.692    0.113   0
        25    438.494    621.983 237.9385777 +32.8771848     6.09 0.0006514924 -11.8588 -11.9087   0.0311     58006.51      1662.74     3969.206    0.091   0
        26    686.951    697.474 237.9066595 +32.8697860     5.58 0.0005961644 -10.6853 -10.6138   0.1022     17600.99     1656.467     3423.202    0.152   0
