#   1 NUMBER                 Running object number                                     
#   2 X_IMAGE                Object position along x                                    [pixel]
#   3 Y_IMAGE                Object position along y                                    [pixel]
#   4 ALPHA_J2000            Right ascension of barycenter (J2000)                      [deg]
#   5 DELTA_J2000            Declination of barycenter (J2000)                          [deg]
#   6 FWHM_IMAGE             FWHM assuming a gaussian core                              [pixel]
#   7 FWHM_WORLD             FWHM assuming a gaussian core                              [deg]
#   8 MAG_BEST               Best of MAG_AUTO and MAG_ISOCOR                            [mag]
#   9 MAG_APER               Fixed aperture magnitude vector                            [mag]
#  10 MAGERR_APER            RMS error vector for fixed aperture mag.                   [mag]
#  11 FLUX_APER              Flux vector within fixed circular aperture(s)              [count]
#  12 FLUXERR_APER           RMS error vector for aperture flux(es)                     [count]
#  13 BACKGROUND             Background at centroid position                            [count]
#  14 ELLIPTICITY            1 - B_IMAGE/A_IMAGE                                       
#  15 FLAGS                  Extraction flags                                          
         1    833.729    183.670 200.9197182 +36.2173912   202.65   0.02187088 -16.2948 -12.7680   0.0079     127996.4     933.2628     1579.073    0.900  24
         2    516.333     55.649 200.9625832 +36.2302900     5.61 0.0006055859  -9.5403  -9.0994   0.2239     4362.588     899.3062     1682.455    0.230   0
         3    468.590     95.845 200.9689231 +36.2258404     6.29 0.0006792958 -10.3527 -10.4002   0.0678     14457.54     902.1081     1709.931    0.229   0
         4    535.217    151.413 200.9598717 +36.2200513     6.35 0.0006856534  -9.5969  -9.6620   0.1334     7324.958     900.0025     1784.375    0.193   0
         5    604.154    171.572 200.9505756 +36.2180725     8.26 0.0008913306 -10.7557 -10.8041   0.0468     20971.15     904.0377     1817.487    0.242   0
         6    261.015    293.993 200.9964348 +36.2039784     4.23 0.0004561516  -8.9127  -9.8233   0.1150     8498.403     900.2776     1800.901    0.008   0
         7    185.876    336.861 201.0064443 +36.1991640     4.97 0.0005369174 -10.1205 -10.2674   0.0766      12792.3      901.849     1795.111    0.194   0
         8    438.786    396.860 200.9723723 +36.1934139     5.71 0.0006163546  -9.9839 -10.6008   0.0564     17390.83      903.047     1916.245    0.173   0
         9    440.496    509.179 200.9719360 +36.1813495     4.27 0.0004610519 -12.0534 -12.0341   0.0153     65106.49     916.2611     1939.447    0.057   0
        10    888.450    888.374 200.9111296 +36.1418140    55.55  0.005995069 -14.7007 -13.0038   0.0064     159044.7     941.4462     553.4223    0.137  17
        11    155.005    796.501 201.0097200 +36.1496886     3.77 0.0004066924  -9.3552 -11.1531   0.0340     28921.79     906.0825     1805.916    0.387   0
        12    859.582    707.240 200.9153225 +36.1612005     3.44 0.0003714609  -8.6833  -7.9869   0.6231     1565.958     898.5284     1845.578    0.399   0
        13    261.165    699.221 200.9956557 +36.1604358     1.43  0.000154834  -8.0618  -9.9894   0.0988     9903.081      900.845     1926.608    0.244   0
        14    881.241    454.868 200.9128591 +36.1883769     4.33 0.0004670174 -11.6084  99.0000  99.0000    -32530.02     898.1942     1523.743    0.082   0
        15    303.916    481.359 200.9903241 +36.1839637     4.47 0.0004824117 -10.1105 -10.0216   0.0959     10200.51     901.1302     1919.368    0.103   0
        16    841.536    830.584 200.9175269 +36.1478985    74.43  0.008032602 -14.2978 -13.3909   0.0046       227179     959.4161     1415.571    0.458  16
        17    801.935    800.299 200.9228949 +36.1510466    21.86  0.002359681 -12.2844 -11.9507   0.0165     60295.88     914.9476     1855.719    0.377   1
        18     95.027    731.485 201.0178926 +36.1565079     3.72 0.0004020116  -8.6034  -8.1614   0.5308     1838.899     898.7567     1807.962    0.374   0
        19    165.752    549.267 201.0087450 +36.1762845     4.82 0.0005204667 -10.4429 -10.5641   0.0583     16813.44      902.786     1871.714    0.169   0
        20    860.870    636.880 200.9152736 +36.1687645     4.30 0.0004641345 -12.2342 -12.1738   0.0135     74048.96     918.7227     1821.444    0.059   0
        21    427.720    549.680 200.9735766 +36.1769626     4.26  0.000460298 -11.9661 -12.0471   0.0151     65895.78      916.576     1939.166    0.042   0
