#   1 NUMBER                 Running object number                                     
#   2 X_IMAGE                Object position along x                                    [pixel]
#   3 Y_IMAGE                Object position along y                                    [pixel]
#   4 ALPHA_J2000            Right ascension of barycenter (J2000)                      [deg]
#   5 DELTA_J2000            Declination of barycenter (J2000)                          [deg]
#   6 FWHM_IMAGE             FWHM assuming a gaussian core                              [pixel]
#   7 FWHM_WORLD             FWHM assuming a gaussian core                              [deg]
#   8 MAG_BEST               Best of MAG_AUTO and MAG_ISOCOR                            [mag]
#   9 MAG_APER               Fixed aperture magnitude vector                            [mag]
#  10 MAGERR_APER            RMS error vector for fixed aperture mag.                   [mag]
#  11 FLUX_APER              Flux vector within fixed circular aperture(s)              [count]
#  12 FLUXERR_APER           RMS error vector for aperture flux(es)                     [count]
#  13 BACKGROUND             Background at centroid position                            [count]
#  14 ELLIPTICITY            1 - B_IMAGE/A_IMAGE                                       
#  15 FLAGS                  Extraction flags                                          
         1      9.696     81.315 200.8946027 +36.1156699    59.88  0.006485625 -13.1017 -12.2311   0.0080     78058.62      574.373     449.8049    0.623  24
         2    191.955     29.861 200.8702051 +36.1218304    28.97  0.003137538 -11.9071 -11.4414   0.0172     37717.66     596.1022     679.3928    0.190   1
         3    136.477     10.783 200.8776916 +36.1237099    84.62  0.009165491 -14.3100 -13.0480   0.0041     165659.9     620.8491     363.3214    0.744  24
         4    144.393     85.891 200.8764989 +36.1156194    27.79  0.003010208 -12.2871 -11.3866   0.0180     35863.53     595.3561     1018.185    0.538   2
         5    395.249     57.022 200.8428457 +36.1195590     4.80 0.0005203943 -10.5912  99.0000  99.0000    -10709.53     580.0845     976.4796    0.051   0
         6     63.625    110.427 200.8873072 +36.1127020     9.04  0.000979224  -8.9392  99.0000  99.0000    -10566.36     580.0517     787.6186    0.328   2
         7    748.382    173.350 200.7952137 +36.1081261     8.27 0.0008958017 -10.4958 -10.7270   0.0327     19535.23     588.4434     1160.728    0.116   0
         8    326.457    232.848 200.8517921 +36.1003346     4.38 0.0004739761 -12.7356 -12.7869   0.0053     130246.5      633.751     1211.907    0.049   0
         9     77.810    252.595 200.8851558 +36.0973857    12.90  0.001396814 -11.9821 -11.3156   0.0192     33592.05     594.1932     1116.255    0.641  18
        10     78.514    248.495 200.8850683 +36.0978310     6.44 0.0006979567  -9.0983 -11.3152   0.0192     33580.09     594.4605     1121.249    0.264   3
        11    683.398    274.140 200.8037803 +36.0970261     1.31 0.0001418073  -8.1503  -7.7410   0.5049     1248.539     580.4912      1181.04    0.160   0
        12     79.188    381.838 200.8847474 +36.0834238     8.24 0.0008923311 -11.0635 -11.2493   0.0204     31601.95     593.4998     1116.239    0.488   0
        13    707.047    396.679 200.8004062 +36.0838599     4.25 0.0004599923  -9.9541  -9.9798   0.0647      9815.44     584.3646     1156.664    0.035   0
        14    347.846    410.562 200.8486207 +36.0811998     4.59 0.0004972597  -9.0075  -9.4934   0.1009     6271.057     582.8789     1205.699    0.072   0
        15     94.243    492.838 200.8825341 +36.0714783     4.01 0.0004344067 -11.4683 -11.6508   0.0142     45742.43     599.5377     1185.032    0.026   0
        16    737.334    461.884 200.7962342 +36.0769104     3.88 0.0004199253 -11.2904 -11.3296   0.0190     34029.24     594.6654     1132.188    0.010   0
        17     83.029    900.002 200.8833372 +36.0274418     4.94 0.0005353485  -9.9912 -11.2423   0.0205     31400.19     593.2703     1027.519    0.586   0
        18    372.891    978.395 200.8443080 +36.0199190     3.26 0.0003526391  -8.6831  -9.2388   0.1275     4960.477     582.2348     1078.212    0.096   0
        19    673.125    945.367 200.8040746 +36.0244574     3.71 0.0004016979 -10.6527 -10.7548   0.0319     20041.18     588.6746      992.759    0.103   0
        20    202.990    769.659 200.8674611 +36.0419213     4.00 0.0004332656  -8.8564  -9.4412   0.1059     5977.231     582.6548     1166.446    0.032   0
        21    691.823    742.848 200.8018920 +36.0464024     3.87 0.0004187743  -8.0375  -8.3413   0.2907     2170.346     580.9864     1064.631    0.250   0
        22     76.597    743.602 200.8844703 +36.0443218     3.45 0.0003736096  -9.2620 -11.2086   0.0212      30440.8      592.882     1056.799    0.709   0
        23    663.988    643.821 200.8057887 +36.0570145     3.90 0.0004226761  -8.0683  -7.9272   0.4253     1482.176     580.4934     1105.868    0.496   0
        24     82.738    619.515 200.8838602 +36.0577513     4.73 0.0005120914  -9.7925 -11.1248   0.0228     28178.39     592.2006     1119.125    0.547   0
        25     80.474    682.668 200.8840550 +36.0509192    10.35  0.001120928 -11.5735 -11.3394   0.0188      34335.6     594.7621     1089.207    0.449   0
        26     76.994    663.499 200.8845553 +36.0529792     6.83 0.0007398059 -10.7841 -11.3449   0.0187     34511.89     594.6762     1078.702    0.242   2
        27     78.056    828.315 200.8841282 +36.0351722    11.85  0.001283695 -11.7668 -11.2891   0.0197     32783.32     594.0933     1031.937    0.492   0
        28     81.412    758.763 200.8837979 +36.0426993     2.49 0.0002693883  -9.2540 -11.2878   0.0197     32743.02     593.9642     1071.331    0.399   0
        29    614.133    829.907 200.8121786 +36.0367451     3.54 0.0003829977 -10.2890 -10.3781   0.0449     14165.59      586.239       1061.1    0.028   0
        30    653.881    850.096 200.8068113 +36.0346911     4.03 0.0004363841  -9.2640  -9.5516   0.0957     6616.779     582.9456     1037.049    0.061   0
        31     82.189    794.795 200.8836314 +36.0388081     3.45  0.000373177  -9.3615 -11.2924   0.0196        32882     593.8784      1062.78    0.652   0
