#   1 NUMBER                 Running object number                                     
#   2 X_IMAGE                Object position along x                                    [pixel]
#   3 Y_IMAGE                Object position along y                                    [pixel]
#   4 ALPHA_J2000            Right ascension of barycenter (J2000)                      [deg]
#   5 DELTA_J2000            Declination of barycenter (J2000)                          [deg]
#   6 FWHM_IMAGE             FWHM assuming a gaussian core                              [pixel]
#   7 FWHM_WORLD             FWHM assuming a gaussian core                              [deg]
#   8 MAG_BEST               Best of MAG_AUTO and MAG_ISOCOR                            [mag]
#   9 MAG_APER               Fixed aperture magnitude vector                            [mag]
#  10 MAGERR_APER            RMS error vector for fixed aperture mag.                   [mag]
#  11 FLUX_APER              Flux vector within fixed circular aperture(s)              [count]
#  12 FLUXERR_APER           RMS error vector for aperture flux(es)                     [count]
#  13 BACKGROUND             Background at centroid position                            [count]
#  14 ELLIPTICITY            1 - B_IMAGE/A_IMAGE                                       
#  15 FLAGS                  Extraction flags                                          
         1    840.362     79.536 200.9201912 +36.1167291   133.68   0.01442227 -14.4975 -12.3652   0.0061     88323.95     499.5208     737.9924    0.612  16
         2    821.531      9.461 200.9228538 +36.1242136    78.94  0.008516173 -13.5189 -12.2788   0.0062     81567.77      465.421     437.2264    0.780  24
         3    701.813    186.007 200.9385151 +36.1048571     5.04 0.0005435558 -15.5036 -15.5309   0.0007      1630646     1010.213     916.1343    0.096   4
         4    788.916    183.729 200.9268642 +36.1053633     5.02  0.000541397 -15.0246 -15.0561   0.0009      1053072     855.5359     915.8755    0.093   0
         5    142.935    194.442 201.0132805 +36.1022478     4.49 0.0004846712 -13.2546 -13.3050   0.0029     209886.3     557.0165      868.027    0.063   0
         6    565.274    192.520 200.9567722 +36.1037449     4.11 0.0004434613  -8.7539  -9.3679   0.0887     5586.638     456.2882     910.5853    0.047   0
         7    354.565    256.414 200.9848319 +36.0962289     5.45 0.0005883172  -8.4794  -8.4363   0.2083     2368.767     454.4194     898.9526    0.306   0
         8    643.251    317.028 200.9460812 +36.0905819     4.71 0.0005082566 -10.9057 -11.0015   0.0202     25154.03     466.8487     910.3688    0.140   0
         9    283.424    363.237 200.9941229 +36.0845162     6.54  0.000705537  -9.3249  -9.4028   0.0859     5769.175     456.2863      890.107    0.387   0
        10    519.975    415.969 200.9623678 +36.0795626     0.00            0  -7.9414  -8.0104   0.3081     1600.168     453.9964     900.8755    0.003   0
        11    220.308    425.690 201.0024327 +36.0776020     6.53 0.0007047316  -9.2210  -9.2106   0.1024     4833.326     455.8752     876.2361    0.352   0
        12     48.542    474.108 201.0253035 +36.0718617     5.81 0.0006263136  -9.1335  -9.0365   0.1201     4117.122     455.4696     832.8301    0.226   0
        13    162.313    514.930 201.0099985 +36.0678206     4.43 0.0004774773 -12.9883 -13.0374   0.0035     164046.9     536.1241     856.1011    0.108   0
        14     56.442    513.172 201.0241621 +36.0676825     3.27  0.000352319  -6.9803  -7.1787   0.6622     743.8237     453.5374     829.9763    0.320   0
        15    473.005    881.992 200.9676761 +36.0292720     0.00            0  -7.0165  99.0000  99.0000    -724.5057     453.0502     818.6301    0.017   0
        16    560.683    689.224 200.9563549 +36.0502811     6.20  0.000668927 -10.3443 -10.4086   0.0344     14568.92     461.1329     878.8811    0.015   0
        17    883.396    965.803 200.9126437 +36.0214862     3.99 0.0004306479  -9.4822 -10.9642   0.0208     24303.31      466.231     783.3629    0.594   0
        18    132.573    866.379 201.0132191 +36.0299101     7.64 0.0008240222  -9.0342  -9.2738   0.0966     5122.908     455.8939     771.4207    0.398   0
        19    916.233    883.971 200.9084187 +36.0303898     4.27 0.0004611341  -8.1839  99.0000  99.0000    -17541.52     451.6502     746.2129    0.306  16
        20    244.433    704.770 200.9986099 +36.0476449     4.51 0.0004864316 -10.2645 -10.3398   0.0366     13674.75     460.6227     839.6616    0.178   0
        21     70.504    757.690 201.0217519 +36.0414141     5.84 0.0006295515  -8.6723  -8.6402   0.1728      2858.23     454.7908     792.0837    0.198   0
        22    554.060    710.156 200.9571970 +36.0480086     4.21 0.0004546151  -9.6933  -9.9114   0.0540     9216.058      458.209      874.613    0.091   0
        23    788.242    581.720 200.9261442 +36.0625336     4.43 0.0004775527 -10.3216 -10.4336   0.0336     14909.33     461.3048     901.5746    0.146   0
        24    508.838    656.345 200.9633561 +36.0536623     4.21 0.0004542985 -10.2988 -10.4752   0.0324     15491.59     461.6706      881.249    0.093   0
        25    726.375    548.377 200.9344866 +36.0659364     4.31 0.0004653393  -8.3982  -8.7504   0.1561     3163.506     454.8437     902.3264    0.119   0
        26    886.360    671.482 200.9128407 +36.0531670     9.08 0.0009792857 -10.7256 -10.7955   0.0242      20806.2     464.5021     838.1698    0.319   0
        27    880.499    932.682 200.9130977 +36.0250418     5.39 0.0005818895  -9.8932 -10.9898   0.0204     24882.92     466.7409     794.4844    0.708   0
