#   1 NUMBER                 Running object number                                     
#   2 X_IMAGE                Object position along x                                    [pixel]
#   3 Y_IMAGE                Object position along y                                    [pixel]
#   4 ALPHA_J2000            Right ascension of barycenter (J2000)                      [deg]
#   5 DELTA_J2000            Declination of barycenter (J2000)                          [deg]
#   6 FWHM_IMAGE             FWHM assuming a gaussian core                              [pixel]
#   7 FWHM_WORLD             FWHM assuming a gaussian core                              [deg]
#   8 MAG_BEST               Best of MAG_AUTO and MAG_ISOCOR                            [mag]
#   9 MAG_APER               Fixed aperture magnitude vector                            [mag]
#  10 MAGERR_APER            RMS error vector for fixed aperture mag.                   [mag]
#  11 FLUX_APER              Flux vector within fixed circular aperture(s)              [count]
#  12 FLUXERR_APER           RMS error vector for aperture flux(es)                     [count]
#  13 BACKGROUND             Background at centroid position                            [count]
#  14 ELLIPTICITY            1 - B_IMAGE/A_IMAGE                                       
#  15 FLAGS                  Extraction flags                                          
         1    833.388    184.725 200.9202128 +36.2164801   182.53   0.01969413 -15.7910 -12.2251   0.0097     77633.78     691.1727     1163.767    0.909  16
         2    518.459     47.715 200.9627165 +36.2303046     5.82 0.0006279262  -9.7897  -9.7559   0.0905     7986.597      665.635     1217.807    0.275   0
         3    470.881     88.399 200.9690124 +36.2257885     5.71 0.0006163805 -10.2998 -10.2028   0.0601     12053.68     666.9932     1236.112    0.274   0
         4    537.892    143.966 200.9599133 +36.2200071     5.52 0.0005954042  -9.6522  -9.4910   0.1154      6257.46     664.8918     1281.876    0.312   0
         5    606.545    164.280 200.9506672 +36.2180223     7.58 0.0008173216 -10.9095 -10.9079   0.0316     23076.93     671.3157     1302.507    0.210   0
         6    261.005    294.010 200.9967213 +36.2030503     4.22 0.0004550297  -8.8753  -9.6949   0.0957     7550.297     665.1724     1294.678    0.013   0
         7    187.766    329.481 201.0064636 +36.1990167     4.84 0.0005227368 -10.1776  -9.9842   0.0734     9855.348      666.262     1291.675    0.137   0
         8    441.341    389.964 200.9723498 +36.1932602     4.52 0.0004873947  -9.7817  -9.9858   0.0733     9869.805      666.286     1365.096    0.157   0
         9    863.626    630.000 200.9152731 +36.1686652     4.10 0.0004419062 -12.2131 -11.8732   0.0132     56141.08     683.1545     1327.078    0.095   0
        10    888.161    887.855 200.9114743 +36.1409960    58.46   0.00630762 -13.7701 -12.4248   0.0081     93311.77     696.9273     559.7351    0.140  16
        11    158.676    789.125 201.0093894 +36.1494831     4.80 0.0005179653  -9.1643 -10.5150   0.0452     16069.49     668.7196     1315.312    0.276   0
        12    441.817    822.423 200.9713928 +36.1467387     2.16 0.0002329907  -8.4907  -9.0600   0.1714      4207.24     663.9148     1358.436    0.308   0
        13    862.514    699.988 200.9152829 +36.1611328     3.74 0.0004038487  -8.1965  99.0000  99.0000    -7808.843     662.5349     1330.802    0.380   0
        14    306.255    474.351 200.9902786 +36.1837837     4.25 0.0004588196 -10.4785 -10.5603   0.0434     16754.76     668.8644     1369.021    0.120   0
        15    883.764    448.118 200.9129358 +36.1882896     3.83 0.0004133438 -11.8329 -10.4021   0.0501     14482.28     667.9958     1104.868    0.084   0
        16    841.071    830.304 200.9178963 +36.1470519    79.41  0.008568141 -13.8618 -12.8204   0.0058     134323.9     711.4521     1084.762    0.481  16
        17    442.934    502.204 200.9719043 +36.1811904     4.20 0.0004527493 -12.2173 -12.2402   0.0095     78716.37     691.5462     1384.992    0.068   0
        18    797.908    802.972 200.9237328 +36.1498679     9.79  0.001056357 -11.5782 -11.4790   0.0188     39047.09     677.1453     1331.479    0.346   2
        19    168.088    542.383 201.0086505 +36.1760548     4.42 0.0004763825 -10.4436 -10.5693   0.0430     16892.74     668.9345     1348.083    0.114   0
        20    430.118    542.707 200.9735380 +36.1767955     4.15 0.0004479599 -12.1103 -12.1934   0.0099      75398.3     690.4536     1385.933    0.071   0
        21     97.447    723.818 201.0177301 +36.1563259     4.06 0.0004378818  -8.7769  -7.6174   0.6461     1114.227     662.9365     1312.713    0.108   0
        22    824.512    486.080 200.9208010 +36.1840353     6.91 0.0007451407 -10.2469 -10.9204   0.0312     23342.71     671.3222     1331.825    0.156   0
