#   1 NUMBER                 Running object number                                     
#   2 X_IMAGE                Object position along x                                    [pixel]
#   3 Y_IMAGE                Object position along y                                    [pixel]
#   4 ALPHA_J2000            Right ascension of barycenter (J2000)                      [deg]
#   5 DELTA_J2000            Declination of barycenter (J2000)                          [deg]
#   6 FWHM_IMAGE             FWHM assuming a gaussian core                              [pixel]
#   7 FWHM_WORLD             FWHM assuming a gaussian core                              [deg]
#   8 MAG_BEST               Best of MAG_AUTO and MAG_ISOCOR                            [mag]
#   9 MAG_APER               Fixed aperture magnitude vector                            [mag]
#  10 MAGERR_APER            RMS error vector for fixed aperture mag.                   [mag]
#  11 FLUX_APER              Flux vector within fixed circular aperture(s)              [count]
#  12 FLUXERR_APER           RMS error vector for aperture flux(es)                     [count]
#  13 BACKGROUND             Background at centroid position                            [count]
#  14 ELLIPTICITY            1 - B_IMAGE/A_IMAGE                                       
#  15 FLAGS                  Extraction flags                                          
         1    838.856     81.381 238.0187337 +32.9330753   151.09    0.0161542 -16.5808 -14.6542   0.0025     727235.7     1641.378     2265.303    0.590  16
         2    829.010     10.922 238.0201261 +32.9405429    99.52   0.01064037 -16.2312 -14.6075   0.0024       696637     1566.272    -219.3684    0.807  25
         3    135.485     82.673 238.1087721 +32.9310532    88.39  0.009450577 -15.5964 -12.8983   0.0117     144313.4     1550.137      2887.33    0.865  18
         4    371.521     81.820 238.0785586 +32.9317836    72.75  0.007778381 -15.8201 -12.6978   0.0140     119986.4     1546.166     3172.336    0.892   2
         5     67.738    120.943 238.1173683 +32.9267982     5.57 0.0005957159 -13.0912 -13.0881   0.0098     171884.5     1554.407     3109.867    0.029   0
         6    702.416    197.589 238.0359805 +32.9203559     6.70 0.0007160294 -11.5353 -11.6618   0.0360     46210.02     1533.546      3683.24    0.119   0
         7    114.821    262.208 238.1110617 +32.9119032     5.49  0.000587321 -13.1462 -13.1987   0.0089       190316     1556.776     3214.151    0.028   0
         8    763.589    282.206 238.0279914 +32.9115186     5.64 0.0006030525 -11.6215 -11.7786   0.0324     51458.36     1534.401     3683.257    0.039   0
         9    879.145    382.730 238.0130147 +32.9011322    19.90  0.002128146 -13.4097 -12.3531   0.0192     87348.34     1540.665      3352.63    0.508   2
        10    582.837    333.447 238.0510270 +32.9055892     5.41 0.0005785185 -10.5735 -10.6961   0.0875     18987.07     1529.791     3631.194    0.084   0
        11    289.675    347.549 238.0885167 +32.9033021     6.10 0.0006524215 -10.3991 -10.3412   0.1213     13691.85      1528.71     3497.292    0.113   0
        12    881.694    463.841 238.0125375 +32.8925126    19.88  0.002125743 -13.3837 -12.3538   0.0191     87404.88      1540.76      3284.72    0.595   2
        13    452.664    387.975 238.0675808 +32.8994418     6.78 0.0007252807 -10.2377 -10.5936   0.0961     17276.16     1529.468     3573.666    0.194   0
        14    513.066    438.751 238.0597539 +32.8942036     5.41 0.0005785684 -11.2418 -10.5623   0.0989     16784.73     1529.043     3580.086    0.013   0
        15    272.142    498.285 238.0904657 +32.8872237     5.68  0.000607726 -11.7585 -11.8051   0.0316     52725.48     1535.295      3408.23    0.025   0
        16    881.497    508.352 238.0124799 +32.8877782    15.81  0.001690184 -13.0027 -12.3386   0.0194     86187.21     1540.691     3298.714    0.325   2
        17     16.003    499.994 238.1232343 +32.8863445     3.69 0.0003950169  -9.5714  -9.1764   0.3541     4683.475     1526.934     2909.702    0.001   0
        18    811.698    871.011 238.0207321 +32.8490250     5.36 0.0005732775 -12.0221 -11.9236   0.0284     58807.18     1536.156     3151.917    0.042   0
        19    883.219    819.259 238.0116810 +32.8547171   180.24   0.01927064 -16.4643 -13.2158   0.0088     193338.2     1557.896      2885.16    0.943  18
        20      5.635   1007.948 238.1235475 +32.8322951    33.99  0.003634506 -13.8009 -12.4000   0.0156     91204.92     1307.195      375.304    0.784  24
        21    303.572    761.456 238.0859311 +32.8593203     6.22 0.0006646021 -10.1581 -10.1627   0.1429     11616.67     1528.586     3043.894    0.133   0
        22    382.741    705.639 238.0759129 +32.8654700     5.68  0.000607255 -12.2024 -12.2737   0.0206     81183.95     1539.922     3239.329    0.040   0
        23    861.230    795.444 238.0145380 +32.8571921     9.78  0.001046128 -11.9757 -12.3544   0.0191      87447.8     1540.682     3220.176    0.134   3
