#   1 NUMBER                 Running object number                                     
#   2 X_IMAGE                Object position along x                                    [pixel]
#   3 Y_IMAGE                Object position along y                                    [pixel]
#   4 ALPHA_J2000            Right ascension of barycenter (J2000)                      [deg]
#   5 DELTA_J2000            Declination of barycenter (J2000)                          [deg]
#   6 FWHM_IMAGE             FWHM assuming a gaussian core                              [pixel]
#   7 FWHM_WORLD             FWHM assuming a gaussian core                              [deg]
#   8 MAG_BEST               Best of MAG_AUTO and MAG_ISOCOR                            [mag]
#   9 MAG_APER               Fixed aperture magnitude vector                            [mag]
#  10 MAGERR_APER            RMS error vector for fixed aperture mag.                   [mag]
#  11 FLUX_APER              Flux vector within fixed circular aperture(s)              [count]
#  12 FLUXERR_APER           RMS error vector for aperture flux(es)                     [count]
#  13 BACKGROUND             Background at centroid position                            [count]
#  14 ELLIPTICITY            1 - B_IMAGE/A_IMAGE                                       
#  15 FLAGS                  Extraction flags                                          
         1    833.786    204.840 327.8172750 +28.9450626   237.26    0.0256278 -17.9307 -14.3178   0.0055     533478.6      2723.83     5067.392    0.898  56
         2    424.709     89.470 327.8681348 +28.9564515     6.96  0.000751858 -12.6983 -12.6757   0.0248     117568.6     2686.063     5376.955    0.247   0
         3    443.429    102.948 327.8657869 +28.9550471     7.24 0.0007820163 -12.7322 -12.7997   0.0221       131792     2687.236     5469.887    0.264   0
         4     43.833     93.494 327.9152179 +28.9550260     6.14 0.0006632779 -11.1498 -11.4584   0.0759     38314.18     2678.375     3707.023    0.218   0
         5    196.903    131.299 327.8961975 +28.9513516     7.47 0.0008066871 -13.1916 -13.2312   0.0149       196095     2694.564     5019.964    0.240   0
         6    706.321    205.954 327.8330311 +28.9446184     6.87 0.0007419228 -11.5799 -11.7098   0.0603     48296.38     2679.608     6147.028    0.281   0
         7    584.730    219.440 327.8480307 +28.9428537     6.68 0.0007211117 -11.8578 -12.0321   0.0448     64989.62     2681.014     6029.939    0.192   0
         8    436.334    239.423 327.8663276 +28.9403180     6.35 0.0006859466 -11.9895 -12.0837   0.0427     68154.88      2681.31     5898.708    0.234   0
         9    602.057    302.783 327.8456848 +28.9339146     5.85 0.0006315726 -12.1667 -12.1657   0.0396     73497.86     2681.732     6235.246    0.148   0
        10    261.018    293.994 327.8878655 +28.9339816     0.00            0  -9.0811 -10.9460   0.1216     23900.26     2675.819     5814.449    0.011   0
        11    566.926    336.066 327.8499462 +28.9302368     5.83 0.0006301011 -11.6165 -11.4928   0.0736      39546.8     2678.641     6303.135    0.189   0
        12    498.533    347.341 327.8583729 +28.9288458     6.13 0.0006617106 -10.9508 -11.2890   0.0887     32780.22     2677.934     6281.038    0.356   0
        13    265.810    430.173 327.8869344 +28.9193153     5.97 0.0006451163 -12.7981 -12.8622   0.0209       139598     2686.757     6208.883    0.106   0
        14    695.455    558.790 327.8335165 +28.9065579     4.87  0.000526139 -10.9289  99.0000  99.0000    -21699.69     2674.645     6564.514    0.143   0
        15    888.649    888.781 327.8088462 +28.8714783    53.54   0.00578324 -16.1914 -14.5702   0.0044     673075.8      2737.13     673.4964    0.150  17
        16    836.104    826.927 327.8154871 +28.8780127    79.29   0.00856415 -15.1423 -14.8880   0.0033     901962.6     2757.957     4781.739    0.190  16
        17     53.023    825.700 327.9122410 +28.8761259     4.02 0.0004345909 -10.7005 -12.1179   0.0414     70335.79     2681.664     5472.821    0.078   0
        18    110.200    792.813 327.9052593 +28.8798206     8.77 0.0009473895 -12.9938 -13.1437   0.0162     180911.4     2690.448      5732.75    0.352   2
        19    102.511    794.754 327.9062045 +28.8795912     9.43  0.001018137 -13.1061 -13.1383   0.0162     180016.6     2691.794     5694.555    0.586   0
        20    104.302    691.805 327.9062410 +28.8906928     6.52 0.0007042373 -11.0101 -11.7585   0.0576     50510.56     2679.135     5965.217    0.232   0
        21    742.955    610.088 327.8275217 +28.9011495     5.00 0.0005396613 -11.2320 -10.6974   0.1529     19009.76     2676.799      6546.54    0.097   0
        22    797.196    541.425 327.8209845 +28.9086887     5.19 0.0005611193 -14.5288 -14.5567   0.0045     664754.7     2735.038     6521.473    0.109   0
        23    857.101    517.051 327.8136396 +28.9114680     5.38 0.0005814782 -11.2720  -9.8276   0.3406     8531.573     2675.745     5787.301    0.096   0
        24    304.444    493.800 327.8820014 +28.9125573     5.35 0.0005783509 -13.1760 -13.1251   0.0164     177850.4     2690.465     6374.193    0.132   0
        25    503.924    486.351 327.8573652 +28.9138757     5.50 0.0005944819 -11.1352 -11.5363   0.0707     41163.65     2678.716     6507.564    0.146   0
        26    222.818    456.903 327.8921817 +28.9163223     6.54  0.000706004 -10.8528 -11.1919   0.0970     29975.18     2677.898     6177.091    0.089   0
        27    235.505    886.679 327.8895437 +28.8700295     3.57 0.0003852666 -11.4338  99.0000  99.0000    -381481.8     2674.872     4850.806    0.035   0
        28    747.360    501.389 327.8272408 +28.9128775     5.48 0.0005918902 -12.0297 -12.1757   0.0393     74180.85     2681.267     6526.315    0.154   0
        29    570.889    823.397 327.8482640 +28.8777171     4.74 0.0005115318 -12.2505 -11.6126   0.0659      44162.2      2678.92     6430.919    0.085   0
        30    447.908    854.494 327.8633820 +28.8740489     6.02 0.0006505029 -13.0693 -12.9987   0.0185     158293.2     2690.077     6052.439    0.038   0
        31    263.863    852.641 327.8861249 +28.8737723    10.33  0.001116217 -12.8352 -12.7304   0.0236     123636.6     2686.251     5934.223    0.380   0
        32    162.635    846.496 327.8986466 +28.8741711     8.35  0.000901776 -12.6956 -12.9721   0.0189     154474.7      2689.12     5731.952    0.402   0
        33    531.596    710.366 327.8533957 +28.8898000     5.02 0.0005425957 -12.9629 -13.0762   0.0172     170013.2     2689.887      6605.68    0.095   0
        34    796.079    688.327 327.8207674 +28.8928511     5.06 0.0005469913 -13.1644 -13.2388   0.0148     197473.3     2693.565     6575.555    0.090   0
        35    651.163    648.181 327.8387726 +28.8968093     3.93 0.0004249434 -10.2694 -10.9676   0.1192     24380.99      2676.62     6612.884    0.257   0
        36    666.526    587.013 327.8370230 +28.9034420     5.09 0.0005496743 -10.6516 -10.3279   0.2149     13526.11     2675.984     6573.854    0.157   0
        37    810.149    568.396 327.8193184 +28.9058143     4.68 0.0005058263 -10.5689  99.0000  99.0000    -20357.01     2674.266     6426.196    0.175   0
        38    300.806    552.302 327.8823057 +28.9062419     5.53 0.0005974423 -12.2032 -12.3479   0.0335     86928.53     2682.456     6414.972    0.108   0
