#   1 NUMBER                 Running object number                                     
#   2 X_IMAGE                Object position along x                                    [pixel]
#   3 Y_IMAGE                Object position along y                                    [pixel]
#   4 ALPHA_J2000            Right ascension of barycenter (J2000)                      [deg]
#   5 DELTA_J2000            Declination of barycenter (J2000)                          [deg]
#   6 FWHM_IMAGE             FWHM assuming a gaussian core                              [pixel]
#   7 FWHM_WORLD             FWHM assuming a gaussian core                              [deg]
#   8 MAG_BEST               Best of MAG_AUTO and MAG_ISOCOR                            [mag]
#   9 MAG_APER               Fixed aperture magnitude vector                            [mag]
#  10 MAGERR_APER            RMS error vector for fixed aperture mag.                   [mag]
#  11 FLUX_APER              Flux vector within fixed circular aperture(s)              [count]
#  12 FLUXERR_APER           RMS error vector for aperture flux(es)                     [count]
#  13 BACKGROUND             Background at centroid position                            [count]
#  14 ELLIPTICITY            1 - B_IMAGE/A_IMAGE                                       
#  15 FLAGS                  Extraction flags                                          
         1    217.620    199.724 327.7673277 +28.9462184     8.57 0.0009274923  -9.2073  -9.2487   0.0559     5006.073     257.6213     547.3093    0.250   0
         2    603.040    211.551 327.7195303 +28.9458809     8.55 0.0009247591  -8.8371  -8.9884   0.0707     3938.882     256.6047     545.7903    0.337   0
         3    156.092    297.406 327.7747333 +28.9355285     7.79 0.0008432106  -8.8755  -8.9832   0.0711      3919.86     256.5299     546.0795    0.210   0
         4    219.420    635.350 327.7661255 +28.8992249     5.57 0.0006027718 -10.8971 -10.9532   0.0124     24058.42     275.4706     543.4757    0.050   0
         5    743.050    823.878 327.7008420 +28.8801555     5.72 0.0006186968 -10.4635 -10.5261   0.0179     16234.02     268.3027      541.153    0.049   0
         6    724.444    813.572 327.7031691 +28.8812228     6.03 0.0006522164  -8.6839  -8.9520   0.0731     3808.732     256.4215     541.2817    0.059   0
         7    813.553    790.870 327.6921805 +28.8838853     1.11 0.0001197497  -8.0079  -8.4380   0.1167     2372.459     255.0103     540.6609    0.134   0
         8    556.841    736.164 327.7241003 +28.8891706     6.71 0.0007264712  -8.7084  -8.8485   0.0803       3462.7     256.1333     542.3141    0.234   0
         9    268.962    713.584 327.7598125 +28.8909060     5.65 0.0006114143  -8.8661  -9.0448   0.0672     4148.875     256.7389     543.3813    0.060   0
        10    203.278    563.280 327.7682874 +28.9069605     5.44 0.0005887725  -7.9933  -8.3982   0.1211     2287.029     254.9974     544.2441    0.278   0
        11    516.956    560.378 327.7294294 +28.9080390     7.43 0.0008035853  -8.8166  -9.0865   0.0647     4311.416     256.9182     543.3426    0.223   0
        12    520.633    535.496 327.7290288 +28.9107323     7.47   0.00080835  -8.2839  -8.6526   0.0960     2890.922     255.5322     543.3986    0.234   0
        13    895.987    501.311 327.6825945 +28.9153216     6.29 0.0006807585 -10.1434 -10.2296   0.0233     12354.36     264.6494     541.2978    0.148   0
        14     17.572    462.477 327.7915251 +28.9173774     5.99 0.0006480167  -9.2297  -9.2587   0.0554     5052.419     257.6453     540.9327    0.214   0
        15    221.948    452.289 327.7662236 +28.9189807     0.79  8.53119e-05  -6.7694  -7.6164   0.2476     1113.191     253.8084     544.4662    0.090   0
        16    316.862    774.106 327.7537436 +28.8844937     4.51 0.0004878791  -7.8481  -8.5666   0.1038     2670.802     255.3663     542.5235    0.235   0
        17    292.931    681.477 327.7569152 +28.8944286     5.60 0.0006058923 -10.3495 -10.4002   0.0200     14457.62     266.6288     543.2186    0.033   0
