#   1 NUMBER                 Running object number                                     
#   2 X_IMAGE                Object position along x                                    [pixel]
#   3 Y_IMAGE                Object position along y                                    [pixel]
#   4 ALPHA_J2000            Right ascension of barycenter (J2000)                      [deg]
#   5 DELTA_J2000            Declination of barycenter (J2000)                          [deg]
#   6 FWHM_IMAGE             FWHM assuming a gaussian core                              [pixel]
#   7 FWHM_WORLD             FWHM assuming a gaussian core                              [deg]
#   8 MAG_BEST               Best of MAG_AUTO and MAG_ISOCOR                            [mag]
#   9 MAG_APER               Fixed aperture magnitude vector                            [mag]
#  10 MAGERR_APER            RMS error vector for fixed aperture mag.                   [mag]
#  11 FLUX_APER              Flux vector within fixed circular aperture(s)              [count]
#  12 FLUXERR_APER           RMS error vector for aperture flux(es)                     [count]
#  13 BACKGROUND             Background at centroid position                            [count]
#  14 ELLIPTICITY            1 - B_IMAGE/A_IMAGE                                       
#  15 FLAGS                  Extraction flags                                          
         1    192.556     30.929 200.8675784 +36.1251710    29.65  0.003188146 -13.6163 -13.1253   0.0102     177875.3     1667.222     1374.221    0.288  19
         2    142.192     88.087 200.8742374 +36.1189695    55.44   0.00596053 -14.6869 -13.0626   0.0108     167894.7     1665.771     3168.466    0.743   3
         3     11.579     79.851 200.8917853 +36.1195602    68.80  0.007396966 -14.7286 -14.0312   0.0043       409722     1639.652      139.877    0.578  24
         4    135.677     11.284 200.8752494 +36.1271404    89.71  0.009644734 -16.0600 -14.8631   0.0021     881538.4     1703.521    -386.7471    0.746  24
         5     77.843    115.283 200.8828264 +36.1159299    60.64  0.006519921 -14.0215 -12.8916   0.0126     143424.6     1662.323     2380.842    0.417  19
         6    377.644     90.909 200.8426256 +36.1191796     4.11 0.0004415915 -10.9796  99.0000  99.0000    -12583.98     1640.565     3898.507    0.115   0
         7     77.576    163.633 200.8827750 +36.1107765    25.24  0.002713889 -13.1671 -12.6160   0.0162     111272.5     1657.251     3574.858    0.125   0
         8    308.900    265.942 200.8515457 +36.1003772     4.36 0.0004692992 -12.5065 -12.5575   0.0171     105436.9     1656.417     4128.724    0.145   0
         9    688.431    429.506 200.8003334 +36.0837550     4.56 0.0004900424  -9.6365 -10.0772   0.1661     10736.95     1642.061     3827.486    0.254   0
        10    731.978    446.129 200.7944623 +36.0820750     3.35 0.0003600275 -10.5900 -10.5603   0.1065     16753.79     1643.163     3723.654    0.460   0
        11   1023.130    445.994 200.7553963 +36.0826940     4.45 0.0004781425  -9.8428  99.0000  99.0000    -4210.799     1431.967     3110.395    0.216  16
        12     77.319    415.908 200.8823552 +36.0838899   109.51     0.011774 -15.9565  99.0000  99.0000            0            0     3553.186    0.908  51
        13     76.056    260.909 200.8828038 +36.1004061    83.09   0.00893318  99.0000  99.0000  99.0000            0            0     3567.233    0.785  50
        14     79.893    713.604 200.8814742 +36.0521689   137.08   0.01473823 -16.4390 -13.0904   0.0105       172252     1666.242     3448.366    0.930  50
        15     77.227    529.702 200.8821627 +36.0717622    20.43  0.002196229 -13.2979 -13.0657   0.0107     168378.1     1666.026      3522.69    0.509  51
        16    718.492    494.846 200.7961897 +36.0768545     4.21 0.0004526396 -11.1594 -11.3105   0.0535     33434.29     1645.698     3679.926    0.185   0
        17    757.149    917.265 200.7902954 +36.0319161     3.89 0.0004179468  -8.7414  -7.6739   1.5178     1173.685     1640.373     2842.072    0.705   0
        18     85.193   1003.621 200.8802421 +36.0212721     6.01 0.0006458574 -11.6092 -12.2691   0.0222     80841.77     1652.009     3055.863    0.552   2
        19     87.728    993.305 200.8799208 +36.0223772     6.17 0.0006637641 -11.4658 -12.3971   0.0198     90955.45     1654.368     3132.624    0.493   0
        20    595.513    863.572 200.8120609 +36.0372981     4.58 0.0004926388 -10.2484 -10.5526   0.1073     16635.32     1643.005     3315.363    0.282   0
        21    654.214    979.489 200.8039927 +36.0250683     4.10 0.0004404754 -10.5823 -10.9674   0.0733     24375.04     1644.275     2946.902    0.028   0
