#   1 NUMBER                 Running object number                                     
#   2 X_IMAGE                Object position along x                                    [pixel]
#   3 Y_IMAGE                Object position along y                                    [pixel]
#   4 ALPHA_J2000            Right ascension of barycenter (J2000)                      [deg]
#   5 DELTA_J2000            Declination of barycenter (J2000)                          [deg]
#   6 FWHM_IMAGE             FWHM assuming a gaussian core                              [pixel]
#   7 FWHM_WORLD             FWHM assuming a gaussian core                              [deg]
#   8 MAG_BEST               Best of MAG_AUTO and MAG_ISOCOR                            [mag]
#   9 MAG_APER               Fixed aperture magnitude vector                            [mag]
#  10 MAGERR_APER            RMS error vector for fixed aperture mag.                   [mag]
#  11 FLUX_APER              Flux vector within fixed circular aperture(s)              [count]
#  12 FLUXERR_APER           RMS error vector for aperture flux(es)                     [count]
#  13 BACKGROUND             Background at centroid position                            [count]
#  14 ELLIPTICITY            1 - B_IMAGE/A_IMAGE                                       
#  15 FLAGS                  Extraction flags                                          
         1    834.149    196.097 238.0207966 +33.0293720   223.20     0.023935 -17.1089 -13.5072   0.0066     252858.2     1532.755     2696.795    0.898  24
         2    458.481    122.369 238.0691825 +33.0362061     6.11 0.0006549475 -14.1457 -14.2050   0.0035     480857.2     1569.422     2980.018    0.240   0
         3    436.021    197.250 238.0719622 +33.0281542     4.90  0.000525459 -10.2961 -10.3853   0.1137     14259.71     1493.205     3095.031    0.177   0
         4     60.770    251.514 238.1201071 +33.0213137     7.69  0.000824408 -10.8021 -10.9495   0.0677     23976.74     1494.831     2765.918    0.350   0
         5    175.722    271.357 238.1053059 +33.0195203     5.44 0.0005833762 -11.7573 -11.8029   0.0310     52620.55     1499.656     2985.405    0.236   0
         6    299.217    287.410 238.0894130 +33.0181536     2.62 0.0002812565  -9.3914  -9.4828   0.2608     6210.152     1491.309     3140.622    0.397   0
         7    261.021    293.991 238.0943117 +33.0173446     4.23 0.0004540942  -8.9542 -10.1328   0.1434     11300.65     1492.077     3122.509    0.012   0
         8    491.336    361.605 238.0646196 +33.0107716     4.79 0.0005134314 -12.3692 -12.3281   0.0191     85353.37     1504.935     3331.857    0.160   0
         9      2.725    432.443 238.1272954 +33.0018452     4.80 0.0005150164 -11.1032 -11.1438   0.0437     28676.41     1155.151     2889.356    0.270  24
        10    719.869    885.871 238.0345284 +32.9554632     2.93 0.0003146042  -9.4718  99.0000  99.0000    -156598.5     1491.026     2327.233    0.136   0
        11    888.725    888.567 238.0128412 +32.9556359    54.17  0.005809141 -15.4312 -13.7843   0.0051     326384.9     1544.579     571.1979    0.145  17
        12    839.011    829.166 238.0193063 +32.9618387    77.49  0.008310264 -14.4584 -14.1528   0.0037     458276.5       1565.5     2457.022    0.242  16
        13     49.393    848.401 238.1206803 +32.9575963     3.45 0.0003694432 -10.0622 -11.9510   0.0270     60311.55      1500.56     2849.833    0.697   0
        14    715.044    775.343 238.0353011 +32.9672430     4.35 0.0004664927 -10.2834 -10.5005   0.1023     15855.68     1493.514      3457.15    0.051   0
        15    101.093    781.569 238.1141403 +32.9648729     5.03 0.0005394347 -12.5374 -12.4756   0.0167     97775.24     1507.081     3055.614    0.067   0
        16    722.786    648.720 238.0344821 +32.9807744     4.36 0.0004670469 -11.3208 -11.3958   0.0449     36167.46     1496.742     3438.916    0.092   0
        17    713.073    683.796 238.0356811 +32.9770054     4.73 0.0005068647 -11.0504 -11.2564   0.0511     31809.17     1496.014     3454.949    0.157   0
        18    707.652    785.571 238.0362363 +32.9661314     4.45 0.0004771962 -11.0161 -11.0944   0.0593     27400.13     1495.529     3456.832    0.083   0
