#   1 NUMBER                 Running object number                                     
#   2 X_IMAGE                Object position along x                                    [pixel]
#   3 Y_IMAGE                Object position along y                                    [pixel]
#   4 ALPHA_J2000            Right ascension of barycenter (J2000)                      [deg]
#   5 DELTA_J2000            Declination of barycenter (J2000)                          [deg]
#   6 FWHM_IMAGE             FWHM assuming a gaussian core                              [pixel]
#   7 FWHM_WORLD             FWHM assuming a gaussian core                              [deg]
#   8 MAG_BEST               Best of MAG_AUTO and MAG_ISOCOR                            [mag]
#   9 MAG_APER               Fixed aperture magnitude vector                            [mag]
#  10 MAGERR_APER            RMS error vector for fixed aperture mag.                   [mag]
#  11 FLUX_APER              Flux vector within fixed circular aperture(s)              [count]
#  12 FLUXERR_APER           RMS error vector for aperture flux(es)                     [count]
#  13 BACKGROUND             Background at centroid position                            [count]
#  14 ELLIPTICITY            1 - B_IMAGE/A_IMAGE                                       
#  15 FLAGS                  Extraction flags                                          
         1    839.003     80.758 200.9181296 +36.1191116   145.94   0.01580829 -15.5161 -13.5449   0.0036     261794.7     857.2648     1165.198    0.597  16
         2    828.586     10.476 200.9196191 +36.1266504    96.58   0.01046114 -14.4482 -13.4810   0.0036     246825.6     813.0903     256.6667    0.812  24
         3    231.450     82.994 201.0000755 +36.1172348    10.45  0.001131808 -11.8260 -11.7166   0.0177     48600.85     792.8085     1461.513    0.368   0
         4     95.839     82.360 201.0183675 +36.1169302    11.90   0.00128901 -12.2178 -11.7635   0.0170     50747.09     793.5712     1376.948    0.254   2
         5    119.360     81.262 201.0151964 +36.1171132    15.42  0.001669895 -12.6651 -11.7722   0.0168     51153.55     793.6346     1382.308    0.307   2
         6    181.777     79.162 201.0067805 +36.1175111     7.42 0.0008035404 -11.1917 -11.6834   0.0183     47137.83     792.3039     1402.917    0.402   0
         7    196.659     85.486 201.0047648 +36.1168711     8.03 0.0008701671 -11.1374 -11.6952   0.0181     47651.38     792.6169     1457.504    0.700  16
         8     80.942     84.246 201.0203742 +36.1166860     7.98 0.0008647745 -11.3388 -11.6857   0.0182     47238.43     792.4435     1389.934    0.461   0
         9    160.693     83.839 201.0096180 +36.1169496    13.86  0.001501508 -12.4159 -11.7126   0.0178     48422.02     792.7306     1428.354    0.326   2
        10    340.336     79.827 200.9853930 +36.1178731     4.23 0.0004579396  -9.9843 -11.5440   0.0207      41455.6     790.6387     1477.428    0.667   0
        11    266.747     81.877 200.9953160 +36.1174516     5.34 0.0005787942 -10.5313 -11.5711   0.0202      42505.4     790.9922     1470.314    0.640   0
        12    142.807     81.804 201.0120333 +36.1171195     9.11 0.0009872381 -11.6478 -11.7407   0.0173     49690.55     793.0012     1403.167    0.621  16
        13    246.858     83.165 200.9979970 +36.1172585     5.77  0.000624892 -10.7162 -11.6512   0.0188     45757.74     791.9979     1468.988    0.330   0
        14    206.018     84.996 201.0035031 +36.1169496     5.56 0.0006018368 -10.6433 -11.6671   0.0185     46435.97     791.8018     1462.922    0.394   0
        15    684.411    207.008 200.9388268 +36.1051088     5.55 0.0006013583 -15.2757 -15.2943   0.0009      1311329     1122.259     1679.893    0.051   0
        16    771.544    204.682 200.9270787 +36.1055913     5.60 0.0006067122 -14.8134 -14.8373   0.0013     860831.3       1017.3     1678.278    0.047   0
        17    124.965    216.004 201.0142611 +36.1026229     5.69 0.0006167861 -12.9996 -13.0484   0.0054     165714.2     828.7305     1540.473    0.043   0
        18    625.804    338.142 200.9465683 +36.0908346     6.19 0.0006699867 -10.7484 -10.8404   0.0393     21684.86     784.1879     1671.204    0.027   0
        19    143.921    536.948 201.0112790 +36.0681234     5.71 0.0006189623 -12.7280 -12.7755   0.0069     128882.2     817.8159     1508.052    0.052   0
        20    884.166    794.795 200.9111882 +36.0423595   114.58   0.01241064 -15.3233 -12.1001   0.0125     69190.33     799.0822     1406.532    0.945  18
        21    542.985    711.586 200.9572676 +36.0504083     5.91 0.0006402787  -9.7746  -9.9990   0.0848     9990.944     780.3195     1575.012    0.249   0
        22    226.133    727.175 200.9999480 +36.0478700     5.83  0.000631444 -10.0628 -10.0357   0.0820     10334.07     780.7579     1454.937    0.075   0
        23    491.005    678.200 200.9643150 +36.0538626     5.92 0.0006412333  -9.9267 -10.0757   0.0791     10721.79     780.5536     1586.234    0.240   0
        24    812.022    822.192 200.9208771 +36.0392193     0.00            0  -7.8091  99.0000  99.0000    -4429.866     777.0239     1530.455    0.046   0
        25    536.111    732.279 200.9581681 +36.0481621     6.78  0.000734081  -9.4758  -9.7551   0.1061     7980.982     780.0041     1560.626    0.169   0
        26      3.393   1004.798 201.0295895 +36.0173685     3.46 0.0003742462  -9.6157 -11.1917   0.0226     29968.96     624.7943      458.514    0.422  16
        27    770.613    603.200 200.9267218 +36.0626855     5.69 0.0006167967  -9.9948  -9.8974   0.0931     9097.882     779.9018     1650.146    0.114   0
