#   1 NUMBER                 Running object number                                     
#   2 X_IMAGE                Object position along x                                    [pixel]
#   3 Y_IMAGE                Object position along y                                    [pixel]
#   4 ALPHA_J2000            Right ascension of barycenter (J2000)                      [deg]
#   5 DELTA_J2000            Declination of barycenter (J2000)                          [deg]
#   6 FWHM_IMAGE             FWHM assuming a gaussian core                              [pixel]
#   7 FWHM_WORLD             FWHM assuming a gaussian core                              [deg]
#   8 MAG_BEST               Best of MAG_AUTO and MAG_ISOCOR                            [mag]
#   9 MAG_APER               Fixed aperture magnitude vector                            [mag]
#  10 MAGERR_APER            RMS error vector for fixed aperture mag.                   [mag]
#  11 FLUX_APER              Flux vector within fixed circular aperture(s)              [count]
#  12 FLUXERR_APER           RMS error vector for aperture flux(es)                     [count]
#  13 BACKGROUND             Background at centroid position                            [count]
#  14 ELLIPTICITY            1 - B_IMAGE/A_IMAGE                                       
#  15 FLAGS                  Extraction flags                                          
         1    271.485     70.827 237.9626122 +33.0444769     8.81 0.0009456455  -9.5342  -8.6534   0.1726     2892.998     459.7018     788.5815    0.732   3
         2    278.289     76.609 237.9617272 +33.0438772     6.93 0.0007442479  -9.8739  -9.6460   0.0695     7217.823     462.0478     788.4722    0.706   3
         3    289.996     86.092 237.9602053 +33.0428949     9.74  0.001044966 -10.0450 -10.1618   0.0435     11606.69     464.3781     788.1658    0.785   3
         4    299.432     93.845 237.9589785 +33.0420913     9.51  0.001021157  -9.8041  -9.8046   0.0601      8353.04     462.6103     788.0939    0.820   3
         5    307.802    100.697 237.9578904 +33.0413813     6.99 0.0007504987  -9.1559  -9.2637   0.0986     5075.454     460.7841     788.2661    0.633   3
         6     82.591    179.204 237.9867542 +33.0324320     3.35 0.0003590714  -9.6893 -10.8782   0.0227     22453.04     470.1052     783.6184    0.674   0
         7    722.680    198.269 237.9043387 +33.0320056     6.47 0.0006940928  -9.1385  -9.2286   0.1018     4914.133     460.8512     740.6152    0.425   0
         8     66.616    197.786 237.9887806 +33.0304084     3.09 0.0003321274  -8.9453 -10.9245   0.0218      23430.8     470.5871     763.1159    0.415   0
         9     80.173    269.681 237.9869205 +33.0227712    10.76  0.001155006 -11.1872 -11.0661   0.0192      26694.5     472.4308     782.5441    0.735   0
        10    935.414    408.710 237.8766482 +33.0100719     7.65 0.0008212788 -11.9337 -11.9595   0.0088     60786.43     490.2002     728.2626    0.083   0
        11     91.259    456.109 237.9851955 +33.0029060     5.54 0.0005941842  -9.8429 -10.8589   0.0231      22057.9     470.0593     803.4896    0.794   0
        12     71.716    516.583 237.9876130 +32.9964030     4.37 0.0004692528  -9.5517 -10.9765   0.0208     24580.97     471.3363     782.5573    0.443   0
        13      5.934    809.490 237.9956042 +32.9649790    35.59  0.003819049 -11.9966 -11.1780   0.0150     29594.35     408.8695     520.6488    0.680  24
        14    160.095    829.084 237.9757462 +32.9632817    77.73  0.008342555 -13.5554 -11.8193   0.0099     53419.94     486.4532     736.0286    0.669   2
        15     78.683    554.153 237.9866565 +32.9924118    11.42    0.0012258 -11.4475 -11.1137   0.0184     27891.97     473.1645     790.7336    0.276   2
        16     79.519    771.738 237.9862006 +32.9691957    73.31   0.00786724 -13.6727 -11.8449   0.0097     54694.41     487.1443     735.5396    0.633  19
        17     71.995    482.990 237.9876310 +32.9999884     4.15 0.0004450472  -9.5271 -11.1558   0.0177      28995.1     473.5213     783.2312    0.430   0
        18     77.486    495.621 237.9869043 +32.9986546     5.57 0.0005980504 -10.0047 -11.0805   0.0190     27050.96     472.6571     789.3347    0.288   0
