#   1 NUMBER                 Running object number                                     
#   2 X_IMAGE                Object position along x                                    [pixel]
#   3 Y_IMAGE                Object position along y                                    [pixel]
#   4 ALPHA_J2000            Right ascension of barycenter (J2000)                      [deg]
#   5 DELTA_J2000            Declination of barycenter (J2000)                          [deg]
#   6 FWHM_IMAGE             FWHM assuming a gaussian core                              [pixel]
#   7 FWHM_WORLD             FWHM assuming a gaussian core                              [deg]
#   8 MAG_BEST               Best of MAG_AUTO and MAG_ISOCOR                            [mag]
#   9 MAG_APER               Fixed aperture magnitude vector                            [mag]
#  10 MAGERR_APER            RMS error vector for fixed aperture mag.                   [mag]
#  11 FLUX_APER              Flux vector within fixed circular aperture(s)              [count]
#  12 FLUXERR_APER           RMS error vector for aperture flux(es)                     [count]
#  13 BACKGROUND             Background at centroid position                            [count]
#  14 ELLIPTICITY            1 - B_IMAGE/A_IMAGE                                       
#  15 FLAGS                  Extraction flags                                          
         1    851.680     87.325 200.9159299 +36.1177843   119.80    0.0129378 -14.8010 -12.6019   0.0053     109837.9     535.5673     770.1882    0.505  19
         2    817.446     46.145 200.9205995 +36.1221092    70.01  0.007561094 -13.4528 -11.9774   0.0090     61798.58     512.5758     627.9927    0.806  19
         3    824.562      9.565 200.9197117 +36.1260650    85.80  0.009266105 -13.5934 -12.4339   0.0057     94089.55     496.3711     426.4641    0.803  24
         4    681.291    202.942 200.9385783 +36.1048310     5.56 0.0006008928 -15.4825 -15.5118   0.0007      1602177     1016.354     976.2387    0.095   4
         5    768.465    200.570 200.9268871 +36.1053521     4.84 0.0005229697 -15.0096 -15.0431   0.0009      1040502     867.2667     977.0969    0.071   0
         6    121.421    211.656 201.0136742 +36.1021581     4.61 0.0004975793 -13.2329 -13.2795   0.0031       205018     578.2473     912.7155    0.048   0
         7    544.248    209.586 200.9569520 +36.1036959     6.29 0.0006790031  -8.5336  -9.0468   0.1264     4156.368     483.6047      969.735    0.256   0
         8    333.738    273.630 200.9850707 +36.0961566     5.12 0.0005534264  -8.7248  -9.1377   0.1163     4519.361     483.9143     953.2397    0.152   0
         9    622.620    334.081 200.9462042 +36.0905475     4.54  0.000490577 -10.8653 -10.9582   0.0222     24169.38     493.9218     969.0265    0.082   0
        10    262.227    380.229 200.9944570 +36.0844694     9.00 0.0009724178  -9.4415  -9.4579   0.0867     6069.436     484.5791     940.1371    0.364   0
        11    198.418    442.893 201.0028931 +36.0775307     7.46 0.0008061425  -9.0710  -9.1763   0.1122      4683.04     483.9582     921.7599    0.368   0
        12     26.906    491.863 201.0257983 +36.0717251     5.64  0.000608783  -9.1283  -9.3741   0.0936     5619.008     484.4685     869.3024    0.322   0
        13    140.534    532.678 201.0104802 +36.0676932     4.59 0.0004956427 -12.9651 -13.0115   0.0038       160184     558.5392     899.7051    0.134   0
        14    884.494    806.001 200.9102150 +36.0405909     3.77 0.0004069693  -9.2214 -11.0151   0.0211     25470.11     494.4603     864.4071    0.719   0
        15    894.847    901.926 200.9086524 +36.0303057     4.27 0.0004613473 -10.6561 -10.9361   0.0226     23682.55     493.6354     814.8745    0.197   0
        16    110.301    884.921 201.0138419 +36.0297155     6.40 0.0006909752  -8.9689  -9.0651   0.1243     4226.905     483.6954     785.1858    0.329   0
        17    885.640    878.155 200.9099298 +36.0328344     8.95 0.0009669234 -11.1576 -11.1207   0.0192      28073.5     495.9203      839.127    0.538   2
        18     48.333    775.786 201.0223634 +36.0412576     4.10 0.0004423244  -8.5416  -8.8185   0.1558     3368.108     483.2649     817.3156    0.188   0
        19    222.672    722.732 200.9990958 +36.0475106     4.56 0.0004926894 -10.2556 -10.1987   0.0441     12007.78     487.7542     878.8815    0.199   0
        20    539.387    706.851 200.9566651 +36.0502009     5.76 0.0006225648 -10.2549 -10.3509   0.0384     13814.91     488.6259     927.6757    0.014   0
        21    887.002    939.987 200.9096346 +36.0261885     5.09 0.0005497746  -9.8610 -11.0718   0.0200     26836.03     495.0444     821.7198    0.700   0
        22    883.192    814.200 200.9103746 +36.0397052     5.14 0.0005548848  -9.8795 -11.0288   0.0208     25795.11     494.5848     864.1771    0.665   0
        23    532.890    727.810 200.9574966 +36.0479269     3.98 0.0004294687  -9.6883  -9.9227   0.0567     9312.907     486.3305     921.3625    0.097   0
        24    767.445    598.889 200.9262882 +36.0625103     4.08 0.0004408514 -10.3179 -10.4323   0.0357     14890.18     489.2025     959.4849    0.096   0
        25    487.675    673.988 200.9636605 +36.0535759     4.03 0.0004352179 -10.2145 -10.2635   0.0416     12747.32     488.0524     932.9921    0.130   0
        26    705.644    565.448 200.9346373 +36.0659184     5.05 0.0005448525  -8.3236  -8.6205   0.1869     2806.607     482.9879      960.519    0.164   0
        27    865.650    689.175 200.9129546 +36.0530984     5.80 0.0006267215  -9.3160 -10.4709   0.0344     15430.45     489.4383     931.6704    0.358   0
        28    885.314    968.622 200.9098086 +36.0231037     5.91 0.0006381142 -10.2692 -11.0747   0.0200     26908.58     495.2798     820.1462    0.631   0
        29    885.198    924.611 200.9099044 +36.0278367     3.45 0.0003729582  -9.1326 -11.0777   0.0199     26983.23      495.132     828.6851    0.414   0
