#   1 NUMBER                 Running object number                                     
#   2 X_IMAGE                Object position along x                                    [pixel]
#   3 Y_IMAGE                Object position along y                                    [pixel]
#   4 ALPHA_J2000            Right ascension of barycenter (J2000)                      [deg]
#   5 DELTA_J2000            Declination of barycenter (J2000)                          [deg]
#   6 FWHM_IMAGE             FWHM assuming a gaussian core                              [pixel]
#   7 FWHM_WORLD             FWHM assuming a gaussian core                              [deg]
#   8 MAG_BEST               Best of MAG_AUTO and MAG_ISOCOR                            [mag]
#   9 MAG_APER               Fixed aperture magnitude vector                            [mag]
#  10 MAGERR_APER            RMS error vector for fixed aperture mag.                   [mag]
#  11 FLUX_APER              Flux vector within fixed circular aperture(s)              [count]
#  12 FLUXERR_APER           RMS error vector for aperture flux(es)                     [count]
#  13 BACKGROUND             Background at centroid position                            [count]
#  14 ELLIPTICITY            1 - B_IMAGE/A_IMAGE                                       
#  15 FLAGS                  Extraction flags                                          
         1    839.598     80.746 200.9177559 +36.1190649   143.65   0.01551279 -15.2346 -13.2416   0.0040     197991.2     728.7809     998.4535    0.598  16
         2    828.240     10.253 200.9193953 +36.1266160    94.83   0.01024023 -14.1326 -13.1514   0.0041     182208.4     687.6144     329.3378    0.813  24
         3    673.242     39.030 200.9401502 +36.1231109     0.91 9.789139e-05  -8.3260  99.0000  99.0000    -5012.319     657.4932     987.8096    0.096   0
         4    260.883     80.430 200.9954187 +36.1175493     4.86 0.0005250663  -9.9435 -11.3219   0.0215     33787.34     670.2354     1217.221    0.361   0
         5    231.751     82.473 200.9993245 +36.1172502     4.71 0.0005088407 -10.0930 -11.4026   0.0200     36396.01      671.153     1218.918    0.540   0
         6    136.803     83.198 201.0120646 +36.1169129     3.88 0.0004192404  -9.5657 -11.4273   0.0196     37233.84     671.3011     1187.176    0.764   0
         7    187.242     85.147 201.0052926 +36.1168412     5.15 0.0005556908 -10.0555 -11.3578   0.0209     34923.82     670.7321     1218.777    0.757   0
         8    683.498    206.376 200.9384959 +36.1051413     5.20 0.0005618681 -15.3764 -15.4001   0.0008      1445572     1074.771     1389.394    0.024   0
         9    770.610    204.059 200.9268114 +36.1056214     5.21 0.0005627824 -14.9071 -14.9366   0.0011     943300.6     950.7358     1388.046    0.019   0
        10    124.123    215.269 201.0135334 +36.1026750     5.24 0.0005658434 -13.1011 -13.1534   0.0043     182535.2     723.5947     1283.698    0.006   0
        11    624.807    337.532 200.9461518 +36.0908802     5.49 0.0005933064 -10.7769 -10.8620   0.0327     22121.42     665.8329     1379.591    0.021   0
        12     29.995    495.505 201.0256638 +36.0722795     3.73 0.0004027816  -8.6122  -8.9069   0.1958     3653.987     658.7883     1203.812    0.375   0
        13    143.052    536.314 201.0104292 +36.0682012     5.29 0.0005709027 -12.8399 -12.8843   0.0054     142467.9     709.6855      1259.25    0.003   0
        14    883.747    855.394 200.9105745 +36.0358731    78.60  0.008487673 -14.6762 -11.8162   0.0138     53269.82     677.3731     1151.866    0.876  18
        15    769.621    602.396 200.9262895 +36.0627805     5.83 0.0006293949 -10.2254 -10.3310   0.0530     13564.57     662.3354     1362.281    0.041   0
        16    884.133   1013.360 200.9102668 +36.0188860     4.30 0.0004643252 -10.1109 -11.4330   0.0195     37428.42     671.5557     1084.766    0.265   0
        17    895.823    905.368 200.9088748 +36.0305305    11.40  0.001230621 -10.6025 -10.9666   0.0297     24357.98     666.6172     1078.509    0.204   3
        18    224.863    726.430 200.9991263 +36.0479793     6.05 0.0006532809 -10.1191 -10.0979   0.0657     10944.03     661.7153     1217.007    0.018   0
        19    541.533    710.237 200.9566952 +36.0505761    10.13  0.001093976 -10.0524 -10.1359   0.0634     11333.39       661.77     1304.657    0.135   0
        20    178.210    665.842 201.0054873 +36.0543678     1.06 0.0001146295  -7.5156  -9.0426   0.1728     4140.383     658.9543     1223.842    0.226   0
        21    535.190    731.455 200.9575099 +36.0482773     5.29  0.000570819  -9.5454  -9.5840   0.1051     6816.888     660.0245     1292.927    0.086   0
        22    489.882    677.492 200.9636761 +36.0539591     5.67  0.000612158 -10.0437 -10.0333   0.0697     10311.58     661.4393     1314.056    0.115   0
