#   1 NUMBER                 Running object number                                     
#   2 X_IMAGE                Object position along x                                    [pixel]
#   3 Y_IMAGE                Object position along y                                    [pixel]
#   4 ALPHA_J2000            Right ascension of barycenter (J2000)                      [deg]
#   5 DELTA_J2000            Declination of barycenter (J2000)                          [deg]
#   6 FWHM_IMAGE             FWHM assuming a gaussian core                              [pixel]
#   7 FWHM_WORLD             FWHM assuming a gaussian core                              [deg]
#   8 MAG_BEST               Best of MAG_AUTO and MAG_ISOCOR                            [mag]
#   9 MAG_APER               Fixed aperture magnitude vector                            [mag]
#  10 MAGERR_APER            RMS error vector for fixed aperture mag.                   [mag]
#  11 FLUX_APER              Flux vector within fixed circular aperture(s)              [count]
#  12 FLUXERR_APER           RMS error vector for aperture flux(es)                     [count]
#  13 BACKGROUND             Background at centroid position                            [count]
#  14 ELLIPTICITY            1 - B_IMAGE/A_IMAGE                                       
#  15 FLAGS                  Extraction flags                                          
         1    833.472    196.780 238.0206352 +33.0289336   206.25   0.02209372 -16.2355 -12.6186   0.0085     111541.3     876.8452     1474.035    0.908  24
         2    456.737    120.897 238.0691135 +33.0359673    10.11  0.001082811 -14.1959 -14.1517   0.0023     457801.2     970.5604     1595.435    0.112   0
         3    434.001    194.640 238.0719113 +33.0280425     5.50 0.0005892221  -9.8713 -10.1120   0.0830     11086.23     847.3397     1646.303    0.425   0
         4    173.647    269.504 238.1052019 +33.0193216    10.57  0.001132209 -11.7981 -11.7844   0.0180      51733.2      859.624     1598.248    0.163   0
         5     58.708    249.990 238.1199857 +33.0210718     9.58  0.001026398 -10.6544 -10.7453   0.0465     19866.17     850.2821     1499.449    0.514   0
         6    261.016    294.000 238.0939485 +33.0169601     4.20 0.0004504053  -8.8583  -9.6878   0.1225     7501.363      846.186     1660.163    0.010   0
         7    489.799    360.037 238.0644805 +33.0105696     9.17 0.0009825299 -12.3662 -12.3770   0.0106     89291.71     870.1308     1754.639    0.100   0
         8      3.050    431.179 238.1268203 +33.0015978     9.46  0.001013655 -10.3699 -10.5091   0.0451     15982.24     664.3572     1565.485    0.438  24
         9    800.715    800.992 238.0238860 +32.9644365    29.09  0.003115643 -12.5522 -12.0205   0.0146     64298.37      863.107     1711.675    0.386   1
        10    888.179    888.289 238.0125314 +32.9553736    56.08  0.006007672 -14.5744 -12.8711   0.0068       140751     885.1113      557.782    0.146  17
        11    841.028    829.051 238.0186715 +32.9615575    73.49  0.007871859 -14.1350 -13.2440   0.0049     198422.2      901.231     1355.665    0.426  18
        12     99.397    780.724 238.1138686 +32.9646158    12.28  0.001314963 -12.6245 -11.9020   0.0162     57652.05     861.1797     1640.094    0.090   0
        13    706.320    783.651 238.0360207 +32.9660221     9.47  0.001014541 -11.2881 -11.2682   0.0288     32158.21     854.0067     1818.041    0.133   2
        14    712.592    773.975 238.0352316 +32.9670710    10.43  0.001116913 -10.2306 -10.6354   0.0514     17953.46     849.3159     1818.248    0.334   3
        15    518.013    763.446 238.0602057 +32.9676478     4.61 0.0004942469  -8.5850  -9.5926   0.1338     6871.485     846.3098     1808.126    0.397   0
        16    816.721    853.227 238.0217509 +32.9589130     0.84 8.960497e-05 -10.2603 -11.3473   0.0268     34587.35     854.5522     1425.181    0.131   3
        17    721.358    647.252 238.0343087 +32.9806035     9.11 0.0009758528 -11.3074 -11.3221   0.0275     33794.08     854.4618      1810.79    0.045   0
        18    711.758    682.202 238.0354846 +32.9768512    11.45  0.001226151 -10.9661 -10.9501   0.0385     23990.47     851.2806     1819.087    0.136   0
