#   1 NUMBER                 Running object number                                     
#   2 X_IMAGE                Object position along x                                    [pixel]
#   3 Y_IMAGE                Object position along y                                    [pixel]
#   4 ALPHA_J2000            Right ascension of barycenter (J2000)                      [deg]
#   5 DELTA_J2000            Declination of barycenter (J2000)                          [deg]
#   6 FWHM_IMAGE             FWHM assuming a gaussian core                              [pixel]
#   7 FWHM_WORLD             FWHM assuming a gaussian core                              [deg]
#   8 MAG_BEST               Best of MAG_AUTO and MAG_ISOCOR                            [mag]
#   9 MAG_APER               Fixed aperture magnitude vector                            [mag]
#  10 MAGERR_APER            RMS error vector for fixed aperture mag.                   [mag]
#  11 FLUX_APER              Flux vector within fixed circular aperture(s)              [count]
#  12 FLUXERR_APER           RMS error vector for aperture flux(es)                     [count]
#  13 BACKGROUND             Background at centroid position                            [count]
#  14 ELLIPTICITY            1 - B_IMAGE/A_IMAGE                                       
#  15 FLAGS                  Extraction flags                                          
         1     10.583     80.839 237.9944478 +32.9329293    64.88  0.006952791 -13.6518 -12.8338   0.0064     135990.5     797.8596     395.5393    0.599  24
         2    143.202     87.243 237.9774240 +32.9326093    43.31  0.004641572 -13.1890 -11.9903   0.0142     62536.28     817.2011     1406.815    0.704   0
         3    192.469     30.229 237.9711919 +32.9388230    32.91  0.003527035 -12.5277 -11.9701   0.0145      61384.3     817.1353     798.3412    0.250  17
         4    135.990     11.042 237.9784680 +32.9407150    87.04  0.009328374 -14.8885 -13.6700   0.0031     293770.4     851.2056     231.8076    0.744  24
         5     65.003    109.472 237.9874211 +32.9300252    21.92  0.002349557  -8.8881  99.0000  99.0000    -10557.23     797.9308     984.2346    0.580   0
         6    915.963     83.762 237.8782892 +32.9350487     5.72 0.0006129197 -11.8535 -11.3717   0.0248     35372.97     809.1158     1410.908    0.082   0
         7    421.732     86.769 237.9416918 +32.9334143     5.57 0.0005972146 -11.4023 -11.3655   0.0250     35172.23      808.987     1598.989    0.049   0
         8     75.102    253.052 237.9859004 +32.9147428    48.09  0.005153484 -14.0169 -12.0149   0.0139     63964.68     817.8143     1543.377    0.694   2
         9    552.808    134.717 237.9248040 +32.9286531     5.16 0.0005525162 -10.9331 -10.3706   0.0619     14067.86     802.3713     1693.046    0.045   0
        10    987.640    190.193 237.8689413 +32.9238876     5.16 0.0005531408 -14.7942 -14.8306   0.0013     855573.9     1031.702     1526.317    0.057   0
        11    181.564    251.184 237.9722480 +32.9152325     5.18  0.000555397 -11.9383 -12.0201   0.0138     64271.85      817.798      1742.89    0.039   0
        12    251.633    265.314 237.9632388 +32.9139162     5.34 0.0005719879  -9.6251  -9.9515   0.0910      9563.46     801.0115     1742.336    0.150   0
        13     78.587    394.640 237.9852315 +32.8996546    27.40  0.002936536 -13.4493 -11.8450   0.0162     54701.32     814.8007     1566.633    0.446   2
        14    567.885    406.062 237.9224649 +32.8997593    24.17  0.002590268 -17.0394 -17.0447   0.0003      6574898     1981.036     1706.492    0.215   4
        15    885.354    304.529 237.8818976 +32.9114274     5.68 0.0006085856  -9.2584  -9.3081   0.1642     5287.161     799.6307     1562.851    0.097   0
        16    782.040    336.189 237.8951026 +32.9077790     4.82 0.0005164584 -12.1747 -12.2405   0.0113     78740.25     822.1871     1619.338    0.024   0
        17    154.863    369.842 237.9754882 +32.9025070     4.93 0.0005287689 -12.8306 -12.8775   0.0065     141576.4     841.1837     1741.392    0.070   0
        18     79.888    761.341 237.9844902 +32.8605564    69.37  0.007434391 -14.9402 -11.9154   0.0152     58363.59     816.1885      1479.06    0.896  18
        19    337.949    370.834 237.9520065 +32.9028981     5.59 0.0005991699  -8.9432  -9.7004   0.1146     7588.848     800.4851     1731.899    0.393   0
        20    205.553    394.562 237.9689491 +32.9000092     5.01 0.0005364727 -11.8718 -11.9820   0.0143     62057.97     817.2973     1737.899    0.036   0
        21     77.082    546.120 237.9851871 +32.8834980    30.57  0.003275675 -13.5433 -11.9247   0.0151     58869.18     816.3434     1531.793    0.572   2
        22    372.258    453.393 237.9474808 +32.8941872     5.43 0.0005818868 -10.0642 -10.3089   0.0655      13290.6     802.0616     1722.536    0.208   0
        23    962.540    496.996 237.8717221 +32.8911067     4.69 0.0005028947 -12.6617 -12.7049   0.0075     120767.3     834.9116     1418.478    0.076   0
        24    230.881    525.737 237.9654985 +32.8860905     6.25 0.0006703319  -9.3076  -9.5829   0.1276      6810.03     800.3318     1722.082    0.288   0
        25    749.990    646.363 237.8987594 +32.8746196     4.57 0.0004899459  -9.7037  -9.8087   0.1037     8384.872     800.4861     1491.534    0.158   0
        26     86.901    988.295 237.9832363 +32.8363752     8.10 0.0008685523 -11.4012 -11.3786   0.0247     35600.77     809.3643     1392.386    0.165   0
        27     84.285    943.553 237.9836415 +32.8411389    18.87  0.002021906 -12.8927 -11.7824   0.0171     51635.08     814.1693     1388.073    0.243   2
        28    753.058    942.084 237.8979339 +32.8430943     4.74  0.000507902 -12.7026 -12.7369   0.0073     124385.7     836.1883     1290.857    0.140   0
        29    708.117    668.880 237.9040947 +32.8721076     4.47 0.0004786059  -8.6881  -8.5297   0.3361     2581.542     798.9197     1509.322    0.205   0
        30    687.619    689.658 237.9066921 +32.8698376     4.36 0.0004677067 -11.5789 -11.6439   0.0194     45454.46     812.1805     1512.596    0.045   0
        31    312.893    575.661 237.9549063 +32.8809892     5.38 0.0005768726  -9.5066  -9.5130   0.1361     6385.764     800.1318     1712.301    0.181   0
        32    153.754    808.129 237.9749490 +32.8557689     4.43 0.0004746089 -11.8397 -11.8776   0.0157     56370.86     815.4454     1633.754    0.071   0
        33    532.885    663.861 237.9265677 +32.8721761     6.65 0.0007123401  -9.1902  -9.4337   0.1464     5935.892     800.0137     1628.609    0.120   0
        34    438.696    614.095 237.9387182 +32.8772301     4.58  0.000490494 -12.6188 -12.6774   0.0077     117745.5     834.3734     1687.186    0.063   0
        35    721.825    877.673 237.9020311 +32.8498799     4.55 0.0004879093 -11.9039 -11.9502   0.0147     60268.38     816.7277     1363.461    0.090   0
        36    587.541    947.003 237.9191395 +32.8421301     4.38 0.0004689764  -9.9535 -10.0866   0.0804     10830.13     801.2944     1410.779    0.159   0
        37    651.960   1001.576 237.9108029 +32.8364824     4.67 0.0005003212 -12.5373 -12.5757   0.0084     107217.6     830.8878      1329.81    0.140   0
        38    402.853    780.080 237.9430620 +32.8594344     3.88 0.0004162489  -8.8740  -8.8808   0.2433     3567.169     799.2506     1616.103    0.212   0
        39    577.864    562.561 237.9209521 +32.8830981     4.82 0.0005165521  -9.3415  -9.5588   0.1304     6660.936     800.0826     1647.974    0.475   0
        40     84.070    890.997 237.9837513 +32.8467424    23.30  0.002496627 -13.2924 -11.8916   0.0155        57100     815.6468     1425.106    0.464   2
        41    777.783    830.629 237.8949274 +32.8550444     4.69 0.0005030985 -10.7599 -10.8329   0.0406     21536.09     804.5157     1352.134    0.093   0
