#   1 NUMBER                 Running object number                                     
#   2 X_IMAGE                Object position along x                                    [pixel]
#   3 Y_IMAGE                Object position along y                                    [pixel]
#   4 ALPHA_J2000            Right ascension of barycenter (J2000)                      [deg]
#   5 DELTA_J2000            Declination of barycenter (J2000)                          [deg]
#   6 FWHM_IMAGE             FWHM assuming a gaussian core                              [pixel]
#   7 FWHM_WORLD             FWHM assuming a gaussian core                              [deg]
#   8 MAG_BEST               Best of MAG_AUTO and MAG_ISOCOR                            [mag]
#   9 MAG_APER               Fixed aperture magnitude vector                            [mag]
#  10 MAGERR_APER            RMS error vector for fixed aperture mag.                   [mag]
#  11 FLUX_APER              Flux vector within fixed circular aperture(s)              [count]
#  12 FLUXERR_APER           RMS error vector for aperture flux(es)                     [count]
#  13 BACKGROUND             Background at centroid position                            [count]
#  14 ELLIPTICITY            1 - B_IMAGE/A_IMAGE                                       
#  15 FLAGS                  Extraction flags                                          
         1    852.537     88.662 200.9150489 +36.1167203   118.00   0.01273911 -14.6571 -12.4211   0.0058     92990.53     498.2997     739.3094    0.501  19
         2    817.309     46.140 200.9198613 +36.1212008    66.92  0.007224862 -13.2545 -11.8105   0.0098     52988.98     477.8453     618.3028    0.798  19
         3    821.197      9.372 200.9194118 +36.1251610    77.83   0.00840221 -13.4701 -12.2356   0.0064     78386.23     459.5636     443.8934    0.779  24
         4    360.009     25.994 200.9812900 +36.1222040     4.20 0.0004530704  -8.4531  -9.2937   0.0941     5217.951     451.9727     697.8944    0.004   0
         5    217.744     26.235 201.0003872 +36.1218105     1.53 0.0001648821  -7.2684  -8.8604   0.1400     3500.855     451.1738     688.7289    0.220   0
         6    745.984     56.961 200.9294146 +36.1198591     2.53 0.0002729094  -9.1740 -10.1054   0.0449     11019.43     455.2456     770.6146    0.371   0
         7    673.768    190.728 200.9388419 +36.1053050     4.69 0.0005058341 -15.5090 -15.5385   0.0007      1642092     1011.357     908.2125    0.086   4
         8    761.000    188.300 200.9271390 +36.1057856     4.54 0.0004898765 -15.0281 -15.0618   0.0009      1058556     854.9552     908.9755    0.065   0
         9    113.678    199.244 201.0139939 +36.1029515     4.17 0.0004503599 -13.2534 -13.3044   0.0029     209776.1     553.8112     855.1639    0.018   0
        10    536.741    197.198 200.9572196 +36.1042622     4.28 0.0004618068  -8.4130  -8.8713   0.1385     3536.056     451.0667     903.1313    0.212   0
        11    729.829    209.921 200.9312797 +36.1033841     5.39 0.0005820984  -8.3928  -9.0727   0.1152     4256.957     451.5799     909.5277    0.470   0
        12    325.971    260.971 200.9853757 +36.0968703     4.71 0.0005080184  -8.7515  -8.6248   0.1737     2817.909     450.7446     889.3661    0.054   0
        13    615.071    321.809 200.9464570 +36.0910728     4.21 0.0004547012 -10.8581 -10.9351   0.0212     23661.95     462.1856     903.1273    0.103   0
        14    254.819    368.157 200.9947021 +36.0851703     8.72 0.0009414352  -9.4092  -9.4175   0.0840     5847.891     452.4094     879.1052    0.236   0
        15    524.128    414.149 200.9584740 +36.0809205     1.02 0.0001102271  -7.6621  -7.5663   0.4595     1062.978     449.7701     894.9152    0.162   0
        16    190.663    430.310 201.0031809 +36.0783262     7.57 0.0008175072  -9.0712  -9.0810   0.1143     4289.448     451.6358     864.2933    0.280   0
        17     18.951    479.499 201.0261145 +36.0725930     4.67 0.0005043633  -9.0900  -9.1770   0.1047     4685.865       451.83     819.0967    0.104   0
        18    132.853    520.280 201.0107487 +36.0685093     4.05 0.0004374356 -12.9746 -13.0212   0.0036     161617.2     531.6594     844.3716    0.042   0
        19    887.157    888.855 200.9088385 +36.0308324     4.24 0.0004582664 -11.2539 -11.2273   0.0163     30968.11     466.1453     789.1537    0.061   0
        20    453.229    652.109 200.9675027 +36.0551728     4.44 0.0004793975  -8.1247  -8.2684   0.2410     2029.299     450.3703     873.8669    0.367   0
        21    305.826    628.408 200.9873221 +36.0573406     3.41  0.000368365  -8.0337  -9.1082   0.1115     4398.368     451.4686     859.9274    0.405   0
        22    525.474    715.198 200.9576855 +36.0485790     3.72 0.0004012967  -9.6885  -9.8886   0.0546     9025.105     454.1365     866.2728    0.071   0
        23    531.868    694.300 200.9568700 +36.0508405     5.54  0.000597578 -10.1477 -10.2527   0.0393     12620.34     456.2241     871.6947    0.076   0
        24    760.133    586.485 200.9264681 +36.0630017     3.84 0.0004146553 -10.3280 -10.3963   0.0345     14405.68     457.2388     895.3145    0.047   0
        25    480.144    661.464 200.9638737 +36.0542366     3.85 0.0004161504 -10.1858 -10.3197   0.0369     13424.01     456.6142       874.59    0.089   0
        26    698.283    552.980 200.9348313 +36.0664458     4.51 0.0004869785  -8.5070  -8.6662   0.1673      2927.47     450.8813     896.1945    0.221   0
        27    858.377    676.635 200.9131129 +36.0535619     4.01 0.0004333853  -8.0943  -9.7184   0.0638     7715.219     453.4401      877.464    0.384   0
        28    215.031    710.187 200.9993305 +36.0483194     4.04 0.0004356803 -10.2446 -10.3035   0.0375     13224.84     456.3551     828.0031    0.070   0
        29    102.753    872.350 201.0140486 +36.0306044     5.10 0.0005508706  -8.9609  -9.1207   0.1102     4449.333     451.6864     756.7781    0.132   0
        30     65.991    690.963 201.0193591 +36.0499965     3.44 0.0003714261  -6.9195  -7.7350   0.3934     1241.696      449.806      803.397    0.008   0
        31    884.005    822.206 200.9093914 +36.0379854     3.82 0.0004126902  -9.1301 -10.8574   0.0227     22027.06     461.1766     810.2315    0.380   0
        32     39.791    763.752 201.0227195 +36.0421076     6.98 0.0007531772  -8.4984  -8.0496   0.2947      1658.96     450.1267      779.383    0.234   0
