#   1 NUMBER                 Running object number                                     
#   2 X_IMAGE                Object position along x                                    [pixel]
#   3 Y_IMAGE                Object position along y                                    [pixel]
#   4 ALPHA_J2000            Right ascension of barycenter (J2000)                      [deg]
#   5 DELTA_J2000            Declination of barycenter (J2000)                          [deg]
#   6 FWHM_IMAGE             FWHM assuming a gaussian core                              [pixel]
#   7 FWHM_WORLD             FWHM assuming a gaussian core                              [deg]
#   8 MAG_BEST               Best of MAG_AUTO and MAG_ISOCOR                            [mag]
#   9 MAG_APER               Fixed aperture magnitude vector                            [mag]
#  10 MAGERR_APER            RMS error vector for fixed aperture mag.                   [mag]
#  11 FLUX_APER              Flux vector within fixed circular aperture(s)              [count]
#  12 FLUXERR_APER           RMS error vector for aperture flux(es)                     [count]
#  13 BACKGROUND             Background at centroid position                            [count]
#  14 ELLIPTICITY            1 - B_IMAGE/A_IMAGE                                       
#  15 FLAGS                  Extraction flags                                          
         1    852.186     88.408 200.9163947 +36.1183548   110.50   0.01195032 -15.4455 -13.3211   0.0037     213038.5     734.5574     1003.311    0.487  19
         2    816.665     46.261 200.9212416 +36.1227867    76.49  0.008272251 -14.1823 -12.7856   0.0059     130092.5     705.9716     710.9285    0.791  19
         3    828.764     10.279 200.9196552 +36.1266775    95.36   0.01031294 -14.1435 -13.1625   0.0041     184076.6     689.1301     323.3391    0.814  24
         4    232.228     82.449 201.0000501 +36.1173984     7.36 0.0007956973 -11.0280 -11.4768   0.0188     38968.54     672.9111     1207.102    0.273   0
         5    148.552     80.311 201.0113428 +36.1174080     7.19 0.0007777058 -11.0239 -11.4636   0.0190     38497.54     672.8272      1162.09    0.377   0
         6    110.995     86.243 201.0164016 +36.1166725     7.87 0.0008509298 -10.9757 -11.4453   0.0193     37853.33     672.3872      1178.06    0.785   0
         7    399.737     83.012 200.9774485 +36.1177749     4.31 0.0004656586  -9.8166 -11.3463   0.0211     34557.25     671.2885     1261.754    0.633   0
         8    203.352     83.528 201.0039446 +36.1172069     6.48  0.000700476 -10.6968 -11.4327   0.0195     37418.88     672.2986     1206.588    0.361   0
         9    263.799     83.608 200.9957889 +36.1173567     3.45 0.0003726086  -9.4646 -11.2909   0.0222     32836.18     670.4644     1232.388    0.421   0
        10    193.002     85.484 201.0053382 +36.1169698     3.76 0.0004069543  -9.6211 -11.3979   0.0201     36238.75     671.8231     1208.076    0.386   0
        11     96.126     84.593 201.0184101 +36.1168103     5.71 0.0006180202 -10.5261 -11.4389   0.0194     37630.99     672.3593     1166.536    0.170   0
        12    685.438    208.653 200.9387359 +36.1050311     5.17 0.0005590101 -15.3652 -15.3919   0.0008      1434692     1072.739     1392.902    0.014   0
        13    772.497    206.258 200.9269944 +36.1055096     5.22 0.0005646182 -14.8964 -14.9269   0.0011     934869.7     949.1354     1394.386    0.017   0
        14    126.501    217.899 201.0141237 +36.1025891     5.21 0.0005629639 -13.1044 -13.1537   0.0043       182594     724.6464     1270.614    0.061   0
        15    626.634    339.821 200.9464955 +36.0908087     5.17 0.0005593074 -10.7731 -10.8396   0.0334     21668.34     666.3791     1380.994    0.056   0
        16    638.011    494.850 200.9447569 +36.0742059     4.52 0.0004884512  -9.5867  -9.7631   0.0893     8040.019     661.3578     1365.869    0.113   0
        17     31.876    497.886 201.0264880 +36.0723016     4.51 0.0004880127  -8.9644  -9.0465   0.1725     4155.434      659.962     1185.226    0.213   0
        18    265.957    504.691 200.9949140 +36.0721878     2.28 0.0002460511  -9.6749  -9.5464   0.1090     6585.137      660.789      1307.42    0.311   0
        19    145.334    538.894 201.0111312 +36.0682019     5.19 0.0005611476 -12.8299 -12.8850   0.0054     142558.9     710.4415         1244    0.077   0
        20    883.590    764.238 200.9112978 +36.0459289    72.35  0.007824097 -14.8851 -11.7378   0.0148     49556.75     676.6885     1198.555    0.894  18
        21    885.190    949.793 200.9108465 +36.0260261    70.49  0.007622872 -14.2012 -11.9302   0.0125      59164.7     680.1207      1096.04    0.777  18
        22    771.435    604.531 200.9266228 +36.0627791     5.21 0.0005639339 -10.1904 -10.2770   0.0558     12905.74     663.1575     1364.905    0.064   0
        23    889.346   1018.976 200.9101986 +36.0186144     6.20 0.0006703117 -10.6525 -11.2550   0.0219     31768.36     639.4127     1057.827    0.091  16
        24    492.030    679.945 200.9641936 +36.0539733     5.45 0.0005896369 -10.0691 -10.0539   0.0684     10509.07     662.3275     1306.883    0.048   0
        25    897.554    907.171 200.9092342 +36.0306298     9.95  0.001076581 -11.6609 -11.3445   0.0211     34499.92     671.2488     1069.065    0.038   2
        26    543.914    712.543 200.9571555 +36.0506098     9.19 0.0009937977  -9.8868 -10.1034   0.0654     10998.74     662.4752     1299.464    0.074   0
        27    227.248    728.927 200.9998215 +36.0480298     5.56 0.0006012104 -10.2303 -10.2630   0.0565     12740.32     663.0397     1200.975    0.096   0
        28    537.067    733.541 200.9580505 +36.0483394     5.76 0.0006231692  -9.7166  -9.9509   0.0752     9557.562     661.9127     1286.447    0.153   0
