#   1 NUMBER                 Running object number                                     
#   2 X_IMAGE                Object position along x                                    [pixel]
#   3 Y_IMAGE                Object position along y                                    [pixel]
#   4 ALPHA_J2000            Right ascension of barycenter (J2000)                      [deg]
#   5 DELTA_J2000            Declination of barycenter (J2000)                          [deg]
#   6 FWHM_IMAGE             FWHM assuming a gaussian core                              [pixel]
#   7 FWHM_WORLD             FWHM assuming a gaussian core                              [deg]
#   8 MAG_BEST               Best of MAG_AUTO and MAG_ISOCOR                            [mag]
#   9 MAG_APER               Fixed aperture magnitude vector                            [mag]
#  10 MAGERR_APER            RMS error vector for fixed aperture mag.                   [mag]
#  11 FLUX_APER              Flux vector within fixed circular aperture(s)              [count]
#  12 FLUXERR_APER           RMS error vector for aperture flux(es)                     [count]
#  13 BACKGROUND             Background at centroid position                            [count]
#  14 ELLIPTICITY            1 - B_IMAGE/A_IMAGE                                       
#  15 FLAGS                  Extraction flags                                          
         1    833.322    184.037 200.9230171 +36.2151333   181.67   0.01959563 -15.8098 -12.2558   0.0096     79855.78     706.4808     1182.218    0.909  16
         2    539.220     34.452 200.9627425 +36.2303769     7.06 0.0007620513  -9.8760 -10.0302   0.0720     10282.33     681.4165     1233.831    0.291   0
         3    491.531     75.089 200.9690447 +36.2258657     6.82 0.0007358855 -10.2227  -9.9867   0.0749     9878.297     681.3636      1253.65    0.245   0
         4    558.203    130.594 200.9599913 +36.2200883     7.11  0.000766999  -9.9801 -10.1754   0.0630     11753.37     681.8226      1299.22    0.231   0
         5    627.255    151.013 200.9506957 +36.2180921     8.38 0.0009040621 -10.8973 -10.9315   0.0316     23581.99     686.2596     1319.388    0.260   0
         6    261.010    293.996 200.9994481 +36.2016366     4.21 0.0004542877  -8.8664  -9.6690   0.1002     7372.109     680.0997     1314.433    0.016   0
         7    208.883    316.568 201.0063804 +36.1990539     5.83 0.0006289381 -10.1561 -10.1073   0.0671     11038.94      681.694     1312.042    0.238   0
         8    461.941    377.052 200.9723528 +36.1932912     5.87 0.0006334097  -9.2127  -8.7236   0.2388     3086.341     678.6756      1382.59    0.164   0
         9    904.560    435.427 200.9129467 +36.1882901     4.32 0.0004662855 -11.1979  99.0000  99.0000    -19673.98     677.5761     963.1046    0.089   0
        10    884.308    617.160 200.9152782 +36.1686793     4.34 0.0004678546 -11.5691  99.0000  99.0000    -16201.74     677.6144     1190.331    0.078   0
        11    327.093    461.747 200.9902275 +36.1837833     5.11 0.0005511529 -10.5827 -10.7390   0.0377     19752.12     684.9579     1387.104    0.102   0
        12    267.115    446.208 200.9982941 +36.1852783     1.80 0.0001944283  -8.0761  -9.5693   0.1098     6725.389      680.053     1372.871    0.140   0
        13    888.028    887.961 200.9142133 +36.1395542    58.89  0.006352083 -13.8184 -12.4674   0.0080     97041.91     712.4818     546.9819    0.147  16
        14    463.554    489.446 200.9718924 +36.1812034     4.57 0.0004933777 -12.2378 -12.2995   0.0092     83135.49     707.6956     1404.316    0.064   0
        15    189.183    529.599 201.0085455 +36.1760758     5.16 0.0005562907 -10.4221 -10.5368   0.0453     16395.09     683.3134     1368.325    0.158   0
        16    118.642    710.761 201.0175863 +36.1563753     5.12 0.0005520406  -9.1626  -9.6399   0.1029     7176.961     680.2953      1336.97    0.148   0
        17    450.788    529.990 200.9735139 +36.1768040     4.48 0.0004837371 -12.1119 -12.1793   0.0103     74426.16     704.3171     1404.076    0.064   0
        18    179.783    777.393 201.0092531 +36.1493879     3.43 0.0003703204  -8.5714 -10.1205   0.0662     11173.54     681.4385     1343.889    0.409   0
        19    841.280    830.405 200.9205913 +36.1456129    80.91  0.008727129 -13.9102 -12.8508   0.0057     138135.4     726.7043     1089.274    0.491  16
        20    844.782    472.738 200.9208743 +36.1841047     7.45 0.0008034895 -11.1466 -11.2292   0.0241      31023.6     688.9841         1298    0.237   0
