#   1 NUMBER                 Running object number                                     
#   2 X_IMAGE                Object position along x                                    [pixel]
#   3 Y_IMAGE                Object position along y                                    [pixel]
#   4 ALPHA_J2000            Right ascension of barycenter (J2000)                      [deg]
#   5 DELTA_J2000            Declination of barycenter (J2000)                          [deg]
#   6 FWHM_IMAGE             FWHM assuming a gaussian core                              [pixel]
#   7 FWHM_WORLD             FWHM assuming a gaussian core                              [deg]
#   8 MAG_BEST               Best of MAG_AUTO and MAG_ISOCOR                            [mag]
#   9 MAG_APER               Fixed aperture magnitude vector                            [mag]
#  10 MAGERR_APER            RMS error vector for fixed aperture mag.                   [mag]
#  11 FLUX_APER              Flux vector within fixed circular aperture(s)              [count]
#  12 FLUXERR_APER           RMS error vector for aperture flux(es)                     [count]
#  13 BACKGROUND             Background at centroid position                            [count]
#  14 ELLIPTICITY            1 - B_IMAGE/A_IMAGE                                       
#  15 FLAGS                  Extraction flags                                          
         1    852.366     88.739 238.0171449 +32.9324539   116.85   0.01255609 -14.7292 -12.5088   0.0056     100817.9      517.069     759.8529    0.465  19
         2    816.340     46.513 238.0218556 +32.9368756    70.93  0.007621166 -13.3590 -11.9689   0.0088     61312.44     497.6142     628.8088    0.762  19
         3    821.691      9.575 238.0212365 +32.9408405    80.48  0.008647932 -13.5824 -12.3540   0.0060     87418.51     479.8763      436.122    0.782  24
         4    489.000     46.327 238.0639441 +32.9360279     6.68 0.0007178965  -9.7445  -5.0328   4.9071     103.0649     465.7039     784.1742    0.130   0
         5    245.401     72.762 238.0952129 +32.9325457     6.26 0.0006726278  -9.9262 -10.5938   0.0298     17279.07     474.7574     833.1892    0.211   0
         6     61.717    116.929 238.1187410 +32.9273229     5.88 0.0006315726 -13.8308 -13.8636   0.0019     351118.5     626.5165     868.9059    0.041   0
         7    726.914    126.256 238.0332037 +32.9281110     5.99 0.0006436652 -10.3093  -9.6079   0.0732     6968.604     469.5058     939.4594    0.171   0
         8    748.608    130.962 238.0304059 +32.9276649     6.05  0.000649633 -10.0705  -8.4107   0.2192     2313.482     466.9022     939.6457    0.160   0
         9    621.374    137.278 238.0467514 +32.9266527     5.63 0.0006049852  -8.2002  99.0000  99.0000    -1916.742     465.7541     938.0697    0.096   0
        10    369.127    146.862 238.0791620 +32.9249538    11.21  0.001204817  -9.8662  -9.8272   0.0599     8528.399     470.3617     924.6875    0.151   0
        11    745.959    148.172 238.0307141 +32.9258171     3.93 0.0004223912  -7.8738  99.0000  99.0000    -2060.263     465.7145     939.7315    0.500   0
        12    697.838    194.228 238.0368138 +32.9207641     6.51 0.0006994299 -11.8594 -11.9439   0.0090     59919.24      496.852     939.9396    0.121   0
        13    474.741    186.332 238.0655086 +32.9210154     6.89 0.0007405999  -9.1359  -9.6026   0.0735     6934.898     469.4355     931.9615    0.082   0
        14    319.473    189.406 238.0854627 +32.9202699     5.99 0.0006434154  -9.7894  -9.8870   0.0567     9011.963     470.5143     921.1049    0.122   0
        15    108.983    258.173 238.1123854 +32.9123449     5.72 0.0006145551 -13.8030 -13.8378   0.0020     342869.7     623.0784     881.8545    0.072   0
        16    758.995    278.975 238.0287929 +32.9118614     5.72 0.0006148793 -12.2227 -12.2856   0.0067     82081.18     507.7116     940.1688    0.141   0
        17    231.965    278.561 238.0965375 +32.9104981    11.74  0.001261436 -10.4035 -10.3932   0.0358     14364.42     473.4275     908.8075    0.120   0
        18    578.058    329.868 238.0519537 +32.9059389     5.50 0.0005907447 -11.3099 -11.3966   0.0145      36194.2     484.7674     934.6697    0.134   0
        19      3.295    319.585 238.1258479 +32.9054882     7.01 0.0007532189  -8.4284  -7.8665   0.2844     1401.466     367.0668     854.3325    0.389  16
        20    284.336    343.605 238.0896791 +32.9036828     5.21 0.0005594429 -11.1539 -11.1859   0.0175     29809.62      481.438     917.1482    0.105   0
        21     40.024    346.877 238.1210730 +32.9026697     7.24 0.0007784255  -9.1868  -9.2857   0.0982     5179.622     468.5392     862.7454    0.263   0
        22    447.592    384.468 238.0686176 +32.8997510     5.29 0.0005679769 -10.8603 -10.9077   0.0225        23071     477.9645     926.2366    0.158   0
        23    508.209    435.339 238.0607296 +32.8944721     5.06 0.0005433785 -12.1789 -12.2183   0.0071     77143.77     505.4445     926.5557    0.130   0
        24    155.432    452.700 238.1060320 +32.8916656     5.43 0.0005831753  -9.9332 -10.0781   0.0477     10746.02     471.5259     884.2044    0.151   0
        25    539.473    460.429 238.0566639 +32.8918719     7.04 0.0007561723  -8.9771  -9.1478   0.1115     4561.786     468.1832     926.8676    0.449   0
        26    266.925    494.556 238.0916224 +32.8874907     5.13 0.0005515285 -12.4704 -12.5129   0.0056       101192     517.2261     905.8188    0.127   0
        27     10.179    495.692 238.1246126 +32.8866716     6.52 0.0007004542 -10.4622 -10.4105   0.0331      14595.4     445.2133     844.3252    0.204  16
        28    437.074    502.255 238.0697428 +32.8871248     5.05 0.0005423721  -9.6814  -9.6349   0.0714     7144.227      469.547      922.075    0.211   0
        29    776.350    515.947 238.0261185 +32.8865613     5.12 0.0005502244  -8.5623  -8.4122   0.2189     2316.806     466.9828     930.9633    0.233   0
        30    888.336    976.863 238.0108737 +32.8375574     3.95 0.0004247521  -9.3047 -10.8594   0.0235     22067.87     477.4652     791.3592    0.607   0
        31    509.765   1025.997 238.0594005 +32.8313019     5.20 0.0005582775  -8.7215  -8.2116   0.2120     1925.974      375.944     799.6849    0.305  24
        32    797.500   1019.991 238.0224596 +32.8327063     4.60  0.000493806  -9.9482  -9.8876   0.0531       9016.7     440.6513     832.3407    0.267  16
        33    592.135    719.498 238.0494042 +32.8643031     5.29 0.0005683969  -8.1858  -8.1535   0.2777      1825.56     466.7855     900.9428    0.329   0
        34    377.812    702.126 238.0769718 +32.8655886     4.99 0.0005359388 -12.8034 -12.8542   0.0042     138567.6     534.9636     885.7733    0.146   0
        35    625.770    699.546 238.0451208 +32.8665264     6.03 0.0006482126  -8.2752  -8.3616   0.2293     2211.174     466.9657     906.9314    0.314   0
        36    881.208    750.210 238.0122093 +32.8617808     3.87 0.0004155046  -9.0499 -10.9118   0.0224     23159.96     477.8184     855.8686    0.764   0
        37    298.755    758.034 238.0870198 +32.8593962     4.98 0.0005349111 -10.8590 -10.8652   0.0234     22185.58     477.4883     860.6531    0.202   0
        38    716.857    711.695 238.0333956 +32.8654680    11.32    0.0012167 -10.0811 -10.0794   0.0476     10758.72     471.5457     907.9908    0.406   0
        39    883.708    814.556 238.0117688 +32.8549051     4.32 0.0004646693  -9.4551 -10.9764   0.0212     24579.35     478.7528     836.3853    0.440   0
        40    628.660    784.090 238.0445895 +32.8574915     6.57 0.0007062401  -8.5677  -8.5310   0.1963     2584.732     467.1919     886.0568    0.104   0
        41    856.623    792.723 238.0152888 +32.8571694     4.71 0.0005063009 -11.9336 -12.0583   0.0082      66573.8      500.226     881.4276    0.221   0
        42    127.215    633.592 238.1093014 +32.8722416     5.98 0.0006430533 -10.0372 -10.1534   0.0445     11517.09     471.7264     855.8608    0.236   0
        43    882.877    833.511 238.0118405 +32.8528756     4.75 0.0005106794  -9.7301 -10.9537   0.0216     24070.85     478.5898     833.7021    0.268   0
        44    375.867    723.665 238.0771801 +32.8632796     5.30 0.0005691626  -8.2744  -9.1852   0.1077     4721.693      468.334     879.0795    0.279   0
        45    254.810    851.099 238.0924835 +32.8493238     4.93 0.0005292991  -8.3042  -8.5510   0.1927      2632.57     467.1124     822.1558    0.371   0
        46    905.815    625.307 238.0092792 +32.8752044     4.70 0.0005049864 -11.2736 -11.0893   0.0191     27271.46     480.1949     820.7468    0.191   0
        47    884.186    860.398 238.0116225 +32.8500033     6.07 0.0006522481 -10.1923 -11.0242   0.0203     25684.86     479.1376     825.4473    0.414   0
        48    807.656    868.104 238.0214385 +32.8489782     4.16 0.0004468541 -12.8206 -12.8644   0.0042     139878.7     535.6333     874.3301    0.140   0
        49    884.131    931.258 238.0114983 +32.8424242     5.43 0.0005837381  -9.8860 -11.0334   0.0201      25902.7     479.4178     806.5917    0.800   0
        50    883.804    942.611 238.0115192 +32.8412091     3.72 0.0003993526  -9.1453 -11.0076   0.0206     25294.36     478.9595     804.4988    0.620   0
        51    355.610   1006.237 238.0792357 +32.8330026     7.49 0.0008051681  -8.7806  -8.2999   0.2426     2089.153     466.7689     780.3951    0.350   0
