#   1 NUMBER                 Running object number                                     
#   2 X_IMAGE                Object position along x                                    [pixel]
#   3 Y_IMAGE                Object position along y                                    [pixel]
#   4 ALPHA_J2000            Right ascension of barycenter (J2000)                      [deg]
#   5 DELTA_J2000            Declination of barycenter (J2000)                          [deg]
#   6 FWHM_IMAGE             FWHM assuming a gaussian core                              [pixel]
#   7 FWHM_WORLD             FWHM assuming a gaussian core                              [deg]
#   8 MAG_BEST               Best of MAG_AUTO and MAG_ISOCOR                            [mag]
#   9 MAG_APER               Fixed aperture magnitude vector                            [mag]
#  10 MAGERR_APER            RMS error vector for fixed aperture mag.                   [mag]
#  11 FLUX_APER              Flux vector within fixed circular aperture(s)              [count]
#  12 FLUXERR_APER           RMS error vector for aperture flux(es)                     [count]
#  13 BACKGROUND             Background at centroid position                            [count]
#  14 ELLIPTICITY            1 - B_IMAGE/A_IMAGE                                       
#  15 FLAGS                  Extraction flags                                          
         1    841.268     80.047 200.9171136 +36.1185030   133.97   0.01446077 -14.4977 -12.3778   0.0061     89352.17     500.0446     737.6727    0.609  16
         2    821.405      9.467 200.9199115 +36.1260370    78.91  0.008517553 -13.5200 -12.2726   0.0062     81102.52       465.31     438.9404    0.779  24
         3    679.239    202.490 200.9385939 +36.1048589     5.56 0.0005998932 -15.5007 -15.5297   0.0007      1628888     1009.863      918.387    0.100   4
         4    766.451    200.084 200.9269107 +36.1053731     4.50 0.0004859016 -15.0256 -15.0595   0.0009      1056291     856.5018     918.7678    0.066   0
         5    119.332    211.151 201.0136115 +36.1022604     4.13 0.0004457884 -13.2420 -13.2935   0.0029     207675.5     556.0528     863.0618    0.037   0
         6    542.614    208.715 200.9568917 +36.1037868     5.17 0.0005578065  -8.5229  -9.2034   0.1031     4801.285     455.8298     911.0698    0.199   0
         7    735.595    222.237 200.9310031 +36.1029000     3.43 0.0003702146  -8.2254  -9.0012   0.1241     3985.423     455.2928     919.2089    0.405   0
         8    331.435    273.092 200.9850631 +36.0962348     4.37 0.0004713833  -8.6543  -8.7782   0.1522     3245.439     454.9629     898.0942    0.203   0
         9    620.567    333.594 200.9462007 +36.0905844     4.20 0.0004535455 -10.8533 -10.9299   0.0215     23548.63     465.8861     911.5295    0.093   0
        10    259.872    380.225 200.9944362 +36.0844971     7.96 0.0008595739  -9.2082  -9.3498   0.0902     5494.157     456.2861     887.3149    0.269   0
        11    196.305    442.797 201.0028258 +36.0775759     7.03  0.000759176  -9.1919  -9.2571   0.0982     5044.767     455.9378     870.4036    0.269   0
        12     24.379    491.421 201.0257577 +36.0718267     5.21 0.0005620444  -9.0465  -9.1134   0.1119     4419.253     455.4927     826.7742    0.166   0
        13    500.982    508.964 200.9618777 +36.0713679     0.00            0  -6.9837  -8.0490   0.2974     1658.084     454.0771     897.4982    0.003   0
        14    138.330    532.319 201.0104097 +36.0677721     3.96  0.000427505 -12.9816 -13.0331   0.0036     163402.2     535.8756     850.9964    0.044   0
        15    108.164    884.772 201.0137294 +36.0297704     7.08  0.000764144  -9.0759  -9.3391   0.0911     5440.481     456.2057     752.1683    0.075   0
        16    459.123    664.883 200.9671760 +36.0544726     4.47 0.0004825409  -8.2046  -8.4254   0.2105     2344.984     454.5446     878.7563    0.237   0
        17    220.451    722.447 200.9990243 +36.0475685     3.99 0.0004310794 -10.2439 -10.2501   0.0397      12590.7       460.12      833.682    0.052   0
        18    892.923    901.428 200.9086264 +36.0303019     3.97 0.0004288767 -10.6461 -10.9337   0.0214     23631.41     466.0677     782.5712    0.168   0
        19     62.166    816.875 201.0200273 +36.0369345     0.97 0.0001047799  -7.2979  -8.3419   0.2273     2171.458     454.4236     767.1415    0.212   0
        20    881.292    800.562 200.9103756 +36.0411177     4.82 0.0005202187  -9.4907 -10.8844   0.0224     22582.12     465.4921        826.9    0.710   0
        21    530.903    727.358 200.9574395 +36.0479651     3.64 0.0003928398  -9.6525  -9.9189   0.0536     9280.587     458.3053     871.6155    0.126   0
        22    537.506    706.536 200.9565961 +36.0502244     5.26 0.0005680054 -10.2063 -10.2748   0.0388     12880.01     460.3276     876.5792    0.077   0
        23    765.466    598.480 200.9262749 +36.0625172     3.95 0.0004263824 -10.3497 -10.4457   0.0332     15075.88     461.5061     902.6696    0.081   0
        24    485.531    673.464 200.9636221 +36.0536279     3.70 0.0003992117 -10.2251 -10.3758   0.0354     14135.15      460.971     879.2034    0.040   0
        25    703.558    565.005 200.9346320 +36.0659367     5.65 0.0006103093  -8.5501  -9.0935   0.1140     4339.137     455.5125      903.817    0.260   0
        26    863.852    688.316 200.9129251 +36.0531407     3.55 0.0003836814  -8.7976 -10.2761   0.0388     12895.04     460.3484     880.1042    0.263   0
        27     45.827    775.716 201.0222997 +36.0413122     4.06 0.0004386952  -8.6660  -8.7698   0.1534     3220.539     454.9876     781.4449    0.210   0
