#   1 NUMBER                 Running object number                                     
#   2 X_IMAGE                Object position along x                                    [pixel]
#   3 Y_IMAGE                Object position along y                                    [pixel]
#   4 ALPHA_J2000            Right ascension of barycenter (J2000)                      [deg]
#   5 DELTA_J2000            Declination of barycenter (J2000)                          [deg]
#   6 FWHM_IMAGE             FWHM assuming a gaussian core                              [pixel]
#   7 FWHM_WORLD             FWHM assuming a gaussian core                              [deg]
#   8 MAG_BEST               Best of MAG_AUTO and MAG_ISOCOR                            [mag]
#   9 MAG_APER               Fixed aperture magnitude vector                            [mag]
#  10 MAGERR_APER            RMS error vector for fixed aperture mag.                   [mag]
#  11 FLUX_APER              Flux vector within fixed circular aperture(s)              [count]
#  12 FLUXERR_APER           RMS error vector for aperture flux(es)                     [count]
#  13 BACKGROUND             Background at centroid position                            [count]
#  14 ELLIPTICITY            1 - B_IMAGE/A_IMAGE                                       
#  15 FLAGS                  Extraction flags                                          
         1    831.700    153.776 238.0210972 +33.0332507   185.75   0.01990493 -15.8720 -12.3545   0.0091     87460.57      730.808     1205.151    0.904  18
         2    455.274    117.710 238.0694982 +33.0360397     7.56 0.0008096191 -14.2192 -14.2504   0.0019     501383.8      860.838     1310.478    0.175   0
         3    432.305    191.503 238.0723253 +33.0281064     7.44 0.0007971399 -10.3668 -10.3978   0.0531     14425.71     705.5584     1347.028    0.225   0
         4     56.872    246.370 238.1204410 +33.0211828     9.64  0.001032691 -10.8276 -10.8655   0.0347     22191.65     708.0697     1237.234    0.309   0
         5    172.346    266.635 238.1055794 +33.0193542     7.18 0.0007691412 -11.8327 -11.8700   0.0140     55976.86     719.9188     1311.863    0.221   0
         6    295.580    281.840 238.0897305 +33.0180854     8.92 0.0009563126  -9.5862  -9.8321   0.0891     8566.863     703.1835     1360.618    0.219   0
         7    283.453    283.825 238.0912842 +33.0178392     7.08 0.0007590912  -9.3569  -9.7940   0.0923     8271.503     703.1377     1358.287    0.324   0
         8    261.006    293.999 238.0941492 +33.0166903     4.21 0.0004509796  -8.8455  -9.4801   0.1231     6195.188     702.2213     1358.032    0.008   0
         9    488.323    357.145 238.0648579 +33.0106033     6.22 0.0006667233 -12.4868 -12.5128   0.0079     101185.3     735.4881     1425.504    0.136   0
        10      2.047    428.159 238.1271663 +33.0016413     5.62 0.0006021518  -9.6638  -9.8407   0.0668     8635.301     530.7803     1284.566    0.523  24
        11    712.330    771.119 238.0354281 +32.9670926     5.72 0.0006130115 -10.5022 -10.5287   0.0471     16273.24     706.0556     1472.863    0.113   0
        12    888.135    888.039 238.0126818 +32.9551155    58.14  0.006229918 -13.8885 -12.5502   0.0076     104728.6     736.5974     544.2926    0.141  16
        13    841.024    830.560 238.0188183 +32.9611135    77.54  0.008309139 -13.8860 -12.9108   0.0056     145991.4     750.4713     1120.164    0.478  16
        14    663.360    780.454 238.0416971 +32.9659602     8.55 0.0009160141 -10.1060 -10.3121   0.0574      13330.1      704.993     1472.553    0.130   0
        15     98.110    777.386 238.1142364 +32.9646819     5.80 0.0006213519 -11.7244 -11.7757   0.0152     51320.15     718.2999     1343.459    0.124   0
        16    552.433    673.880 238.0561066 +32.9770120     7.02 0.0007524302  -9.0541  -9.3164   0.1431     5328.172     702.0707     1467.824    0.230   0
        17    710.205    679.426 238.0358491 +32.9768636     5.79 0.0006203681 -10.8672 -10.9455   0.0322      23889.6     708.3753     1472.544    0.135   0
        18    797.244    799.739 238.0244855 +32.9642781    11.62    0.0012457 -11.6704 -11.5535   0.0186     41819.79     714.9275     1404.478    0.542   2
        19    720.079    644.611 238.0346381 +32.9806035     5.61 0.0006009501 -11.4269 -11.4775   0.0199     38992.96     713.9383     1466.271    0.110   0
        20    716.972    882.009 238.0346533 +32.9552819     4.25 0.0004559405 -10.1003  99.0000  99.0000    -37946.78     699.9132      1160.56    0.065   0
        21    704.956    781.430 238.0363577 +32.9659726     5.51 0.0005901189 -11.1984 -11.2648   0.0241      32057.4      711.486      1472.55    0.102   0
