#   1 NUMBER                 Running object number                                     
#   2 X_IMAGE                Object position along x                                    [pixel]
#   3 Y_IMAGE                Object position along y                                    [pixel]
#   4 ALPHA_J2000            Right ascension of barycenter (J2000)                      [deg]
#   5 DELTA_J2000            Declination of barycenter (J2000)                          [deg]
#   6 FWHM_IMAGE             FWHM assuming a gaussian core                              [pixel]
#   7 FWHM_WORLD             FWHM assuming a gaussian core                              [deg]
#   8 MAG_BEST               Best of MAG_AUTO and MAG_ISOCOR                            [mag]
#   9 MAG_APER               Fixed aperture magnitude vector                            [mag]
#  10 MAGERR_APER            RMS error vector for fixed aperture mag.                   [mag]
#  11 FLUX_APER              Flux vector within fixed circular aperture(s)              [count]
#  12 FLUXERR_APER           RMS error vector for aperture flux(es)                     [count]
#  13 BACKGROUND             Background at centroid position                            [count]
#  14 ELLIPTICITY            1 - B_IMAGE/A_IMAGE                                       
#  15 FLAGS                  Extraction flags                                          
         1    833.367    184.449 200.9209108 +36.2139852   182.47   0.01970678 -15.8127 -12.2762   0.0095     81372.99     714.5684     1201.101    0.911  16
         2    521.306     20.425 200.9631362 +36.2307525     6.57 0.0007097748  -9.6901  -9.6083   0.1072     6971.368     687.9687     1243.367    0.313   0
         3    473.689     61.161 200.9694346 +36.2262257     6.53 0.0007054764 -10.3270 -10.3691   0.0534     14048.28     690.5548     1261.118    0.286   0
         4    540.760    117.030 200.9603123 +36.2204029     6.04 0.0006524107 -10.0597 -10.3067   0.0565     13263.78       690.29     1308.218    0.160   0
         5    609.437    137.232 200.9510542 +36.2184263     8.96 0.0009675904 -10.7690 -10.7778   0.0368     20469.25      692.933     1333.512    0.252   0
         6    261.024    293.999 200.9974399 +36.2005210   -13.57  -0.00146563  -8.7600  -9.6907   0.0993      7521.19     687.9752     1338.025    0.007   0
         7    190.485    302.730 201.0068808 +36.1993720     5.39 0.0005824419 -10.2710 -10.3311   0.0553     13565.16     690.4954     1319.726    0.210   0
         8    444.167    363.574 200.9727213 +36.1935641     4.66 0.0005031524  -9.3619  -8.8539   0.2143     3479.861     686.7181     1399.564    0.085   0
         9    478.967    402.997 200.9679665 +36.1894192     3.41 0.0003683745  -7.3436  -8.9442   0.1972      3781.71      686.615     1421.692    0.001   0
        10    887.012    422.023 200.9132043 +36.1885473     4.38 0.0004734594 -11.6218  -9.2145   0.1538      4850.57      686.946     1092.171    0.084   0
        11    841.073    830.108 200.9184860 +36.1444573    79.01  0.008533297 -13.9561 -12.8984   0.0055     144334.5     736.2668      1102.74    0.463  16
        12    888.214    887.946 200.9120436 +36.1383616    57.87  0.006250133 -13.8394 -12.4978   0.0078     99793.45     720.9658      544.757    0.142  16
        13    445.925    476.070 200.9722349 +36.1814514     4.28 0.0004621616 -12.2457 -12.3446   0.0090     86664.68     716.4731     1427.082    0.080   0
        14    866.828    604.245 200.9155193 +36.1688608     4.32 0.0004660446 -12.0631 -11.6188   0.0172     44414.22      701.462     1325.903    0.086   0
        15    170.939    516.053 201.0090162 +36.1763356     4.52 0.0004881149 -10.3325 -10.4516   0.0495     15158.33     690.8988     1381.417    0.067   0
        16    309.147    448.234 200.9906380 +36.1840488     4.46 0.0004818681 -10.4322 -10.6452   0.0415     18117.08     692.1223     1407.133    0.061   0
        17    433.121    516.646 200.9738612 +36.1770432     4.20 0.0004536042 -12.0396 -12.0938   0.0112     68788.61     710.1895     1426.857    0.087   0
        18    828.215    460.172 200.9210069 +36.1842698     6.09 0.0006578107 -11.0995 -11.3588   0.0217     34955.95     697.8544     1353.791    0.075   0
        19    100.520    697.482 201.0180425 +36.1565835     5.43 0.0005866682  -9.2128  -9.9139   0.0810     9237.537     688.9075     1353.689    0.032   0
