#   1 NUMBER                 Running object number                                     
#   2 X_IMAGE                Object position along x                                    [pixel]
#   3 Y_IMAGE                Object position along y                                    [pixel]
#   4 ALPHA_J2000            Right ascension of barycenter (J2000)                      [deg]
#   5 DELTA_J2000            Declination of barycenter (J2000)                          [deg]
#   6 FWHM_IMAGE             FWHM assuming a gaussian core                              [pixel]
#   7 FWHM_WORLD             FWHM assuming a gaussian core                              [deg]
#   8 MAG_BEST               Best of MAG_AUTO and MAG_ISOCOR                            [mag]
#   9 MAG_APER               Fixed aperture magnitude vector                            [mag]
#  10 MAGERR_APER            RMS error vector for fixed aperture mag.                   [mag]
#  11 FLUX_APER              Flux vector within fixed circular aperture(s)              [count]
#  12 FLUXERR_APER           RMS error vector for aperture flux(es)                     [count]
#  13 BACKGROUND             Background at centroid position                            [count]
#  14 ELLIPTICITY            1 - B_IMAGE/A_IMAGE                                       
#  15 FLAGS                  Extraction flags                                          
         1    752.726     60.440 327.8253908 +28.8507222     6.48 0.0006998813 -13.0152 -12.9935   0.0038     157546.6     549.9249     790.0309    0.390   2
         2    843.105     77.907 327.8141859 +28.8490664   137.10   0.01480413 -14.9600 -12.4085   0.0061     91917.38     519.3303     737.3583    0.612  19
         3    590.768     33.361 327.8454599 +28.8532325     4.59 0.0004960387 -12.9718 -12.9192   0.0040     147121.6     545.1766      767.435    0.060   0
         4    820.688      9.677 327.8171223 +28.8563615    78.84  0.008513243 -13.6191 -12.3748   0.0059     89106.84     487.5336     434.8859    0.769  24
         5    478.014     12.491 327.8594375 +28.8551957     4.36  0.000470444 -11.9108 -11.4816   0.0134     39140.93     481.1808     695.0396    0.141  16
         6    643.323     23.451 327.8389938 +28.8544327     4.93 0.0005320645  -8.7182  99.0000  99.0000    -38485.21      472.937     719.9402    0.390   0
         7    793.896     62.825 327.8203003 +28.8505684     9.68  0.001045494 -11.4608 -11.6152   0.0122     44267.52     495.7598     745.8806    0.180   3
         8    813.456     72.996 327.8178597 +28.8495215    10.97  0.001184884 -11.0616 -11.1476   0.0184     28777.49     487.7953     773.2884    0.162   3
         9    565.337     84.690 327.8484727 +28.8476380     4.86 0.0005245123 -12.8086 -12.8827   0.0041     142253.1     542.9511      903.563    0.070   0
        10    617.013     98.095 327.8420577 +28.8463242     4.83 0.0005215703 -13.1447 -13.2023   0.0032     190953.9      564.908     938.6604    0.111   0
        11    356.721     68.012 327.8742779 +28.8489053     7.15 0.0007719502  -9.6182 -10.3122   0.0391     13331.55     479.8533     833.1345    0.320   0
        12    320.469     80.969 327.8787221 +28.8474169     4.99   0.00053916  -9.3264 -10.5223   0.0323     16177.72     481.3601      865.508    0.375   0
        13    533.208     85.387 327.8524388 +28.8474818     3.45 0.0003720432  -8.6126 -10.2359   0.0419      12426.5     479.2628     901.5945    0.411   0
        14    735.162    109.613 327.8274384 +28.8453803     4.88 0.0005272211 -12.3810 -12.3734   0.0063     88996.62     517.7391      940.569    0.109   0
        15     33.135    118.745 327.9141093 +28.8426083     4.88 0.0005268813  -9.7350  -8.9964   0.1300     3967.738     474.9631     862.8489    0.085   0
        16    511.812    137.907 327.8549498 +28.8417691     4.78 0.0005158142 -11.1517 -11.0500   0.0201     26302.82     486.6293      934.652    0.140   0
        17      3.870    131.877 327.9176895 +28.8411177     4.74 0.0005116935  -8.9638  99.0000  99.0000    -250.0902     378.8569     858.6217    0.146  16
        18    586.714    194.458 327.8455594 +28.8358656     4.71 0.0005088334 -14.7022 -14.7361   0.0011     784233.9     784.7205     940.9192    0.068   0
        19    415.833    144.173 327.8667864 +28.8408504     5.00  0.000539648  -9.4556  -9.2188   0.1060     4869.915     475.4377     929.9012    0.116   0
        20    171.593    142.777 327.8969503 +28.8403762     4.75 0.0005126342  -9.1562  -8.8583   0.1475     3493.827      474.527     891.7003    0.202   0
        21    696.371    194.494 327.8320187 +28.8361379     4.78 0.0005163074 -14.4215 -14.4581   0.0013     607092.3     726.0786     942.8962    0.075   0
        22    359.845    155.449 327.8736718 +28.8394930     4.89 0.0005283663 -10.0854 -10.2203   0.0425     12249.02     479.3418     923.9679    0.157   0
        23    120.940    190.788 327.9030827 +28.8350732     4.53 0.0004896815 -12.1756 -12.2464   0.0070     79166.69     513.0199     884.6443    0.040   0
        24    350.339    181.326 327.8747804 +28.8366806     5.20 0.0005613849  -9.3632  -9.6621   0.0707     7325.776     476.7804     924.1868    0.171   0
        25    771.043    181.434 327.8228301 +28.8377323     7.15 0.0007717102  -9.5118 -10.0173   0.0511     10160.34     478.2247     942.4851    0.429   0
        26    495.744    191.094 327.8568009 +28.8359980     5.40 0.0005833436  -9.6032  -9.8834   0.0578     8981.591     477.6611     934.8178    0.155   0
        27    170.061    201.563 327.8969899 +28.8340387     4.91 0.0005300916  -9.9497 -10.2587   0.0410        12691     479.5591     895.0916    0.137   0
        28    387.556    219.943 327.8700877 +28.8326150     4.57 0.0004932591 -12.3272 -12.3902   0.0062     90383.77     518.4939     929.5732    0.089   0
        29    175.619    220.190 327.8962563 +28.8320461     4.53 0.0004888118 -11.8920 -11.9683   0.0089     61280.85     504.0655     896.2338    0.054   0
        30    490.592    207.582 327.8573958 +28.8342085     5.26 0.0005679965  -9.2409  -9.5883   0.0756     6843.994     476.2887     934.4812    0.164   0
        31    440.621    207.915 327.8635655 +28.8340458     5.09  0.000549729  -8.4191  -8.7927   0.1567     3289.151     474.6591     932.8716    0.275   0
        32    768.501    218.123 327.8230535 +28.8337729     5.41 0.0005839342  -8.7045  -9.1304   0.1150     4489.113     475.2641     942.9445    0.113   0
        33     95.687    244.903 327.9060628 +28.8291778     4.49 0.0004851765 -12.7850 -12.8379   0.0043     136506.7     540.3221     878.7001    0.041   0
        34    145.700    228.715 327.8999288 +28.8310507     4.19 0.0004528225  -8.2449  -8.5713   0.1921       2682.5     474.3795     890.0016    0.194   0
        35    798.429    243.296 327.8192960 +28.8311357     4.92 0.0005311267 -10.6422 -10.6542   0.0287     18267.54     482.4574     943.0227    0.119   0
        36    760.055    265.069 327.8239806 +28.8286938     4.71 0.0005085356 -12.6884 -12.7404   0.0047     124780.8     534.7627     942.8441    0.100   0
        37     73.149    269.943 327.9087816 +28.8264219     4.46  0.000482014 -11.6808 -11.7503   0.0108     50134.59     498.6589       872.02    0.039   0
        38    807.240    263.189 327.8181591 +28.8290145     9.08 0.0009805599 -10.2230 -10.1703   0.0445     11698.67      478.949     942.7072    0.095   0
        39    413.311    284.457 327.8667454 +28.8257298     4.52 0.0004876395 -11.4706 -11.5354   0.0130     41130.96     494.2012      930.686    0.091   0
        40    692.206    270.217 327.8323454 +28.8279690     4.71 0.0005081355  -8.8142  -9.1314   0.1148     4493.042     475.0531     942.5656    0.243   0
        41    776.259    277.378 327.8219494 +28.8274083     5.03 0.0005428772 -10.1097 -10.3630   0.0373     13970.07     480.2386     942.8823    0.101   0
        42     66.337    285.652 327.9095826 +28.8247117     4.65 0.0005017949 -10.3918 -10.4702   0.0339     15420.05     480.9139     869.8389    0.087   0
        43     22.815    282.615 327.9149639 +28.8249265     3.43 0.0003707619  -7.6749  -7.3769   0.5756     892.7792     473.1948     858.4621    0.416   0
        44    611.200    295.460 327.8422847 +28.8250455     4.73 0.0005106159 -10.4610 -10.5266   0.0322     16241.31     481.3012     939.2662    0.141   0
        45    438.435    292.666 327.8636227 +28.8249093     5.07 0.0005474513  -9.2348  -9.4072   0.0892     5792.675     475.9759     931.5706    0.141   0
        46    832.774    292.521 327.8149342 +28.8259180     4.24  0.000457628  -8.5709  99.0000  99.0000    -5836.919     472.8834     940.2672    0.183   0
        47    472.763    296.331 327.8593752 +28.8246015     4.83 0.0005215717  -9.1062  -9.1339   0.1146     4503.607     475.2318     932.9299    0.146   0
        48    556.100    297.486 327.8490828 +28.8246881     6.04 0.0006518721  -8.6626  -8.7825   0.1582     3258.295     474.6829     935.3891    0.427   0
        49    160.201    302.584 327.8979504 +28.8231294     3.41 0.0003678566  -7.9935  -7.6696   0.4396     1169.061     473.2605     891.3531    0.395   0
        50    747.127    313.618 327.8254571 +28.8234308     4.57 0.0004930497 -10.2927 -10.3978   0.0362     14425.37      480.515     941.0778    0.118   0
        51    599.062    311.214 327.8437442 +28.8233175     5.05 0.0005452777  -9.8372 -10.0219   0.0509     10203.69     478.2474      937.405    0.156   0
        52    292.360    330.714 327.8815622 +28.8204377     4.38  0.000473417 -11.8742 -11.9432   0.0091     59879.27     503.5709     916.6172    0.073   0
        53    251.927    314.713 327.8865947 +28.8220581     4.08 0.0004402518  -8.5248  -9.0975   0.1185     4354.991     475.2335     909.9831    0.264   0
        54    219.586    320.244 327.8905736 +28.8213793     4.70 0.0005079528  -8.2451  -8.5333   0.1988     2590.156     474.1974     904.2942    0.344   0
        55    822.826    325.289 327.8160819 +28.8223627     4.49 0.0004844875  -9.5744  -7.9878   0.3282     1567.193     473.6845     938.7637    0.062   0
        56    391.598    348.166 327.8692661 +28.8188105     4.45 0.0004805005 -12.0489 -12.1189   0.0078     70395.16     508.6155     925.6007    0.075   0
        57     89.311    355.097 327.9065688 +28.8172892     4.43 0.0004785826 -12.9706 -13.0228   0.0037     161852.7     551.9133     873.9012    0.017   0
        58    149.760    340.961 327.8991418 +28.8189679     4.71  0.000508873  -9.9099  -9.9699   0.0534     9726.372     478.0508     888.7545    0.103   0
        59    900.162    336.437 327.8065061 +28.8213544     4.82 0.0005207434  -9.0268  99.0000  99.0000    -8052.886     472.9236     839.9077    0.215   0
        60    330.218    353.930 327.8768296 +28.8180331     4.75 0.0005129944  -9.5527  -9.6668   0.0704     7357.615     476.8104     921.2775    0.062   0
        61    120.256    384.633 327.9026731 +28.8141868     4.52 0.0004878785 -12.3417 -12.4092   0.0061     91977.52      519.274     879.8634    0.174   0
        62    758.680    385.346 327.8238536 +28.8157317     4.57 0.0004935896 -12.0050 -12.0898   0.0080     68533.58      507.899     936.7037    0.117   3
        63    756.744    397.854 327.8240618 +28.8143793     4.59 0.0004960209 -10.9179 -11.0639   0.0198     26641.87     486.7385     935.9948    0.156   3
        64    908.749    387.153 327.8053219 +28.8159116     4.18 0.0004514293  -9.5919  99.0000  99.0000    -13445.15     472.8968     817.0665    0.213   0
        65    593.954    402.392 327.8441480 +28.8134811     4.63 0.0004996508  -9.8013  -9.8791   0.0580     8946.301     477.5367     932.7424    0.115   0
        66     40.887    398.606 327.9124358 +28.8124766     4.17 0.0004505195  -8.6063  -8.6894   0.1723     2990.627     474.4485     858.3015    0.206   0
        67    618.795    425.518 327.8410238 +28.8110521     4.50 0.0004856129 -12.4568 -12.5254   0.0056     102370.6     524.1693     932.6101    0.084   0
        68    561.383    404.840 327.8481629 +28.8131351     4.42 0.0004768304  -9.5811  -9.3696   0.0923     5595.292     475.7525     931.5248    0.124   0
        69    445.948    426.581 327.8623595 +28.8105004     4.51 0.0004872408  -9.9034  -9.9654   0.0536     9686.532      477.977     925.6128    0.093   0
        70    512.091    439.500 327.8541618 +28.8092762     4.55  0.000491814 -10.1590 -10.0224   0.0509     10208.86     478.3295      928.075    0.134   0
        71    482.221    432.593 327.8578664 +28.8099446     5.31 0.0005728593  -9.0681  -8.7996   0.1557     3309.975     474.4301     927.1564    0.076   0
        72    285.037    447.425 327.8821714 +28.8078446     4.30 0.0004642931 -11.0741 -11.1225   0.0188     28120.14     487.4972     912.3659    0.037   0
        73    316.011    444.033 327.8783563 +28.8082892     4.37 0.0004716846  -9.1839  -8.9363   0.1373     3754.074      474.704     916.9637    0.211   0
        74    494.216    486.559 327.8562507 +28.8041608     4.38 0.0004734314 -12.3543 -12.4251   0.0060     93330.14     519.8152     925.2171    0.054   0
        75    877.555    469.084 327.8089721 +28.8070066     4.54 0.0004904808 -11.7723 -11.8818   0.0096     56585.06     501.9832     898.3267    0.139   0
        76    179.096    457.816 327.8952231 +28.8064535     4.37 0.0004715727 -10.3884 -10.4519   0.0344     15162.79     480.8722     887.9694    0.050   0
        77    832.866    450.655 327.8145342 +28.8088808     4.75 0.0005129908  -7.9044  99.0000  99.0000    -6464.608     472.8701     932.7215    0.269   0
        78    142.271    454.521 327.8997773 +28.8067138     4.08  0.000440825  -8.3229  -8.2126   0.2670     1927.712     473.9549     879.8224    0.024   0
        79    549.654    496.970 327.8493813 +28.8031794     4.41  0.000476669 -11.5927 -11.6625   0.0117     46236.66     496.7646      927.375    0.064   0
        80    330.529    485.206 327.8764603 +28.8038903     4.42  0.000477658  -9.6490  -9.6556   0.0711     7281.785     476.7176     916.4225    0.112   0
        81    235.986    499.624 327.8880944 +28.8020952     4.44 0.0004793036  -9.5867  -9.6486   0.0715     7235.313     476.5339     898.1768    0.042   0
        82     81.329    495.576 327.9071955 +28.8021336     4.61 0.0004973336  -9.3380  -9.5182   0.0806     6416.504     476.3167     861.0989    0.091   0
        83    413.688    567.506 327.8659882 +28.7952352     4.30 0.0004643525 -14.4880 -14.5261   0.0012     646332.4     739.4747      917.832    0.041   0
        84    467.919    891.948 327.8584825 +28.7604177     4.31 0.0004657032 -10.7090 -10.7633   0.0260     20198.78     483.5226     838.7233    0.114   0
        85    847.415   1026.992 327.8113240 +28.7468222     4.48 0.0004837931  -9.7834  -9.8162   0.0481     8442.436     373.7218     831.9018    0.129  24
        86    853.058   1009.366 327.8106710 +28.7487353     4.56 0.0004924133 -10.8668 -10.9470   0.0220      23921.9     485.4046     832.8455    0.085   0
        87    873.596   1006.959 327.8081429 +28.7490458     4.74 0.0005121654  -9.8511 -10.5989   0.0301     17360.03     481.8688     814.2664    0.171   0
        88    782.216    981.010 327.8194811 +28.7516135     4.40  0.000475365 -14.6219 -14.6564   0.0011     728706.6     766.6861     843.6407    0.075   0
        89    366.102    983.709 327.8708152 +28.7502726     4.62 0.0004987385 -12.8074 -12.8665   0.0042     140156.8     542.0551     792.3798    0.097   0
        90    237.406    988.106 327.8866825 +28.7494702     5.00 0.0005396992 -10.3143 -10.2818   0.0402     12963.78     479.6485     766.2513    0.169   0
        91    151.502    860.992 327.8976042 +28.7629448     4.36 0.0004711784  -8.5849  -8.5627   0.1935     2661.318     474.2083     800.8176    0.256   0
        92    303.594    800.161 327.8789903 +28.7698885     4.48 0.0004834618 -10.6173 -10.7671   0.0259     20269.63     483.3629      849.218    0.043   0
        93    115.067    842.431 327.9021473 +28.7648508     4.86 0.0005249095  -9.8501  -9.6611   0.0707     7319.002     476.7636     797.7667    0.172   0
        94    600.751    805.303 327.8423073 +28.7700887     4.34 0.0004687796 -10.2522 -10.3687   0.0371      14043.6       480.29     878.8694    0.098   0
        95    288.379    882.091 327.8806611 +28.7610226     4.51  0.000486738 -10.4996 -10.5251   0.0322     16219.03     481.3947     819.0396    0.115   0
        96    323.295    795.758 327.8765702 +28.7704132     4.32 0.0004669093 -12.1653 -12.2412   0.0071     78789.64     512.8608     853.1625    0.070   0
        97     53.377    795.683 327.9098790 +28.7697283     4.94 0.0005334863 -10.1843 -10.2649   0.0408     12763.05     479.6098     797.0663    0.097   0
        98    343.039    848.869 327.8740001 +28.7647414     4.37 0.0004718116 -10.5201 -10.5770   0.0308     17013.99     481.7812     838.7489    0.090   0
        99    764.913    909.150 327.8217930 +28.7593124     4.21 0.0004548512  -8.7211  -8.4655   0.2116     2433.243     474.2081     863.3651    0.028   0
       100    648.062    785.556 327.8365179 +28.7723353     4.24  0.000458088 -10.5773 -10.6208   0.0296     17714.94     482.1579     890.0817    0.086   0
       101    113.428    867.201 327.9022865 +28.7621779     4.80   0.00051842 -11.1375 -11.1972   0.0176      30120.9     488.4055      786.309    0.142   0
       102    724.942    858.161 327.8268511 +28.7647059     5.43 0.0005867261  -8.5178  -8.5774   0.1910     2697.483     474.3607      877.145    0.403   0
       103    911.839    885.486 327.8037214 +28.7622285     3.99 0.0004308366  -8.8693  99.0000  99.0000    -10058.73     472.8968     768.5477    0.157   0
       104    661.122    748.881 327.8349970 +28.7763196     4.49 0.0004844232  -8.1171  -7.7453   0.4103     1253.504     473.6392     901.4989    0.210   0
       105    510.838    767.740 327.8534967 +28.7739085     3.86 0.0004166641  -8.9061  -8.8186   0.1530     3368.672      474.701     881.6312    0.047   0
       106    707.543    769.536 327.8292171 +28.7742107     4.31 0.0004650879 -10.5535 -10.5922   0.0303     17254.26     481.9058     898.5054    0.081   0
       107    881.993    764.490 327.8077006 +28.7751904     3.74 0.0004037103  -9.0863 -10.9246   0.0225     23432.86     485.1266     851.3355    0.378   0
       108    495.500    732.640 327.8554772 +28.7776514     4.54 0.0004897155  -9.6868  -9.8099   0.0617     8393.702     477.2605     890.5151    0.034   0
       109    636.021    882.168 327.8377642 +28.7618960     4.13 0.0004461618  -9.0150  -8.8939   0.1428     3610.579     474.7218     861.7397    0.124   0
       110    629.470    740.407 327.8389243 +28.7771529     4.24 0.0004579948 -12.3454 -12.3969   0.0062     90940.49     518.7379     901.5645    0.068   0
       111     81.598    731.099 327.9065613 +28.7767593     4.68 0.0005057465 -10.6439 -10.7511   0.0263     19972.71     483.2224     823.0762    0.060   0
       112    580.129    710.110 327.8450889 +28.7802927     4.50 0.0004856235  -9.2327  -9.4542   0.0855     6048.787     476.1502     903.2856    0.138   0
       113    605.854    714.137 327.8419040 +28.7799237     4.49 0.0004845737  -8.2387  -7.8666   0.3670     1401.596     473.6105     905.7919    0.190   0
       114    234.925    716.115 327.8876771 +28.7787679     4.34 0.0004688688 -11.2029 -11.3083   0.0160        33366     490.2832     859.3139    0.044   0
       115    603.812    644.195 327.8423299 +28.7874541     4.44 0.0004796798  -9.4120  -9.2205   0.1058     4877.723     475.2821     919.3931    0.110   0
       116    304.540    641.855 327.8792730 +28.7869467     4.75 0.0005124368  -9.6513  -9.8242   0.0609     8505.265     477.3322     890.2393    0.083   0
       117    778.636    699.751 327.8206153 +28.7819075     4.74 0.0005116934  -9.6249  -9.6968   0.0685     7563.461     476.9183     914.7731    0.120   0
       118    409.871    686.411 327.8661609 +28.7824147     4.23 0.0004568185 -14.0231 -14.0620   0.0017     421502.9     659.0773     899.0953    0.040   0
       119    687.967    918.401 327.8312647 +28.7581229     4.36 0.0004705464 -11.2994 -11.3688   0.0151     35279.91     491.0263     855.2687    0.094   0
       120    548.785    619.053 327.8491842 +28.7900240     4.34 0.0004689491 -11.0492 -11.1622   0.0182     29164.98     488.0716     921.1453    0.069   0
       121    179.004    929.493 327.8940367 +28.7556353     5.22 0.0005632297 -10.1082 -10.0959   0.0476     10923.43     478.5574     777.5457    0.181   0
       122     87.767    650.381 327.9060059 +28.7854716     4.45 0.0004809266 -10.3875 -10.4914   0.0332     15723.65     481.0453      843.534    0.081   0
       123    785.264    658.255 327.8198995 +28.7863949     4.65 0.0005021919  -9.8996 -10.0344   0.0503     10321.56      478.309     921.9787    0.160   0
       124    390.231    672.412 327.8686200 +28.7838730     4.56 0.0004928613  -9.3872  -9.6560   0.0710     7284.368     476.5596     899.9805    0.094   0
       125    462.656    660.221 327.8597118 +28.7853705     4.65  0.000501867  -9.4770  -9.6313   0.0727     7120.364     476.6595     908.3101    0.045   0
       126    437.736    655.655 327.8627990 +28.7857992     4.25 0.0004586429 -12.9221 -12.9657   0.0039     153559.1      548.086     908.3586    0.036   0
       127    882.507    921.998 327.8072515 +28.7582217     3.16 0.0003411038  -9.0699 -10.9808   0.0214     24678.94     485.6771     812.8745    0.383   0
       128    524.644    589.907 327.8522366 +28.7931032     4.55 0.0004913886  -8.7822  -9.4224   0.0880     5874.217     475.9788      922.804    0.213   0
       129    525.085    926.698 327.8513420 +28.7568185     5.26 0.0005678006  -8.3875  -8.0245   0.3174      1620.99     473.8064     834.6848    0.265   0
       130    791.491    827.759 327.8187139 +28.7681480     4.37 0.0004720274 -10.5780 -10.5869   0.0305     17169.27     481.8617      886.358    0.151   0
       131    654.931    849.207 327.8355124 +28.7654948     4.24 0.0004579494 -13.3202 -13.3660   0.0028     222031.2     578.4759     874.6107    0.050   0
       132    626.256    978.014 327.8387313 +28.7515450     4.41  0.000476128 -11.1086 -11.2038   0.0175     30305.94     488.6815     827.2344    0.081   0
       133    852.007    830.360 327.8112397 +28.7680189     4.40 0.0004749665 -11.2761 -11.4084   0.0146     36590.37     491.7703     873.9728    0.085   0
       134    537.721    603.015 327.8505898 +28.7917240     4.32 0.0004661605 -12.8687 -12.9344   0.0040     149201.7     546.0948      923.085    0.078   0
       135    298.855    586.805 327.8801136 +28.7928633     4.31 0.0004658029 -12.4593 -12.5331   0.0055     103096.9     524.5156     898.4902    0.049   0
       136    691.788    599.745 327.8315814 +28.7924645     4.38 0.0004725974 -10.6057 -10.6913   0.0277     18901.88     482.7729     927.6095    0.051   0
       137    457.527    992.674 327.8595127 +28.7495392     4.70 0.0005073008 -10.3771 -10.4389   0.0349     14982.34     480.8442     801.1035    0.116   0
       138    883.512    847.505 327.8073098 +28.7662501     3.75 0.0004047781  -9.1870 -10.8960   0.0231     22823.38     484.8516     829.2198    0.587   0
       139    450.148    543.138 327.8615489 +28.7979533     4.41 0.0004766705  -8.7532  -9.0268   0.1264     4080.397     474.9691      922.212    0.124   0
       140     23.114    559.835 327.9142171 +28.7950600     4.75 0.0005131976 -10.4352 -10.5177   0.0324     16109.33     481.3246     838.9681    0.041   0
       141    758.672    564.126 327.8234137 +28.7964698     4.76 0.0005141633  -8.2129  -8.4522   0.2143     2403.735     474.2459      930.574    0.249   0
       142    835.946    554.375 327.8138992 +28.7977136     4.59 0.0004960497  -9.0288  99.0000  99.0000    -1314.915     472.9102     929.1356    0.110   0
       143    269.017    973.908 327.8828182 +28.7510808     5.27 0.0005690189  -9.2979  -9.3337   0.0954     5413.729     475.7901      778.686    0.104   0
       144    581.253    914.721 327.8444412 +28.7582508     5.43  0.000586735  -8.2565  -8.6107   0.1852     2781.493     474.4183     843.7957    0.397   0
       145    295.686    836.911 327.8798735 +28.7659089     5.29 0.0005708229  -8.4214  -8.1403   0.2853     1803.578      473.876     836.0511    0.278   0
