#   1 NUMBER                 Running object number                                     
#   2 X_IMAGE                Object position along x                                    [pixel]
#   3 Y_IMAGE                Object position along y                                    [pixel]
#   4 ALPHA_J2000            Right ascension of barycenter (J2000)                      [deg]
#   5 DELTA_J2000            Declination of barycenter (J2000)                          [deg]
#   6 FWHM_IMAGE             FWHM assuming a gaussian core                              [pixel]
#   7 FWHM_WORLD             FWHM assuming a gaussian core                              [deg]
#   8 MAG_BEST               Best of MAG_AUTO and MAG_ISOCOR                            [mag]
#   9 MAG_APER               Fixed aperture magnitude vector                            [mag]
#  10 MAGERR_APER            RMS error vector for fixed aperture mag.                   [mag]
#  11 FLUX_APER              Flux vector within fixed circular aperture(s)              [count]
#  12 FLUXERR_APER           RMS error vector for aperture flux(es)                     [count]
#  13 BACKGROUND             Background at centroid position                            [count]
#  14 ELLIPTICITY            1 - B_IMAGE/A_IMAGE                                       
#  15 FLAGS                  Extraction flags                                          
         1    852.903     89.105 200.9156096 +36.1178206   110.60     0.011941 -15.2291 -13.0932   0.0041     172691.6     659.3212     933.7457    0.476  19
         2    816.504     46.151 200.9205677 +36.1223344    74.10  0.008000465 -13.9172 -12.5662   0.0065     106286.3     633.4708     701.0283    0.789  19
         3    827.355     10.009 200.9191753 +36.1262524    92.81   0.01002073 -13.9401 -12.9234   0.0045     147691.6      615.027     388.1333    0.814  24
         4    225.483     87.012 200.9997749 +36.1162027     3.51 0.0003785756  -9.7956 -11.1575   0.0225     29041.52     602.1331     1117.762    0.190   0
         5    680.452    203.883 200.9385383 +36.1049771     4.42 0.0004771106 -15.4630 -15.4972   0.0007      1580790      1067.05      1246.35    0.088   4
         6    767.625    201.433 200.9268509 +36.1054942     4.18  0.000451245 -14.9897 -15.0286   0.0010      1026730     928.1528     1247.556    0.059   0
         7    120.605    212.556 201.0136066 +36.1023885     3.96 0.0004278711 -13.2098 -13.2674   0.0036       202746     670.3412       1144.5    0.013   0
         8    543.633    210.432 200.9568765 +36.1038725     3.93 0.0004242561  -8.4861  -9.2300   0.1307      4920.58     592.1002     1236.928    0.134   0
         9    332.736    274.487 200.9850430 +36.0963617     5.11 0.0005518093  -8.6906  -8.7492   0.2033     3159.997     591.4396      1210.41    0.033   0
        10    650.973    294.911 200.9423296 +36.0951022     1.49 0.0001606834  -7.2584  -8.2792   0.3131     2049.654     590.8867     1242.766    0.063   0
        11    621.758    334.911 200.9461758 +36.0907154     3.96 0.0004271258 -10.8709 -11.0141   0.0256     25447.09     600.7045     1235.135    0.042   0
        12    261.143    381.242 200.9944458 +36.0846689     4.99 0.0005387318  -9.0483  -9.1944   0.1350     4761.667     592.0663       1188.7    0.394   0
        13    198.067    443.663 201.0027866 +36.0777683     5.36 0.0005782179  -8.8711  -8.8570   0.1841     3489.887     591.5125     1159.578    0.297   0
        14    883.478    789.826 200.9102890 +36.0425556    68.63  0.007410182 -14.6709 -11.5950   0.0152     43449.97     608.1669     1080.116    0.898  18
        15     25.720    492.938 201.0257996 +36.0719525     4.58  0.000494436  -8.9840  -9.0472   0.1546     4158.059      591.878     1075.488    0.196   0
        16    139.634    533.663 201.0104519 +36.0679153     3.85 0.0004154227 -12.9444 -12.9882   0.0045     156781.8     653.1099     1123.021    0.040   0
        17    221.692    723.854 200.9990979 +36.0477084     3.93 0.0004240054 -10.2154 -10.1804   0.0547     11807.44      595.034     1091.474    0.100   0
        18    109.150    886.131 201.0138755 +36.0299213     4.52 0.0004877312  -8.8229  -8.6922   0.2141     2998.279     591.2047     943.2778    0.199   0
        19    531.975    728.733 200.9575047 +36.0481022     3.48 0.0003754504  -9.6368  -9.8041   0.0772     8349.037     593.5958     1161.838    0.029   0
        20    538.579    707.808 200.9566573 +36.0503717     5.07 0.0005470351 -10.0204 -10.1226   0.0577     11195.69     594.4788     1171.866    0.105   0
        21     46.971    777.184 201.0224128 +36.0414500     3.84 0.0004140567  -8.4399  -6.9877   1.0272     623.8449     590.0662     995.3326    0.172   0
        22    766.660    599.835 200.9262786 +36.0626485     3.64 0.0003926203 -10.2901 -10.3864   0.0453     14274.35      596.053      1222.79    0.017   0
        23    486.809    674.927 200.9636554 +36.0537555     3.40 0.0003665573 -10.1455 -10.1588   0.0558      11575.3     594.8536     1176.974    0.054   0
        24    893.122    902.807 200.9088003 +36.0304337     6.65  0.000717845 -11.9722 -11.4561   0.0172     38233.91     605.9214     1003.783    0.179   2
        25    884.322    953.181 200.9098919 +36.0249914    49.76  0.005372055 -13.9336 -11.6477   0.0145     45614.16     609.0559      1011.75    0.782  18
        26    704.852    566.468 200.9346229 +36.0660571     4.61 0.0004979377  -8.6053  -9.2013   0.1342     4791.958     591.9626     1222.875    0.152   0
