#   1 NUMBER                 Running object number                                     
#   2 X_IMAGE                Object position along x                                    [pixel]
#   3 Y_IMAGE                Object position along y                                    [pixel]
#   4 ALPHA_J2000            Right ascension of barycenter (J2000)                      [deg]
#   5 DELTA_J2000            Declination of barycenter (J2000)                          [deg]
#   6 FWHM_IMAGE             FWHM assuming a gaussian core                              [pixel]
#   7 FWHM_WORLD             FWHM assuming a gaussian core                              [deg]
#   8 MAG_BEST               Best of MAG_AUTO and MAG_ISOCOR                            [mag]
#   9 MAG_APER               Fixed aperture magnitude vector                            [mag]
#  10 MAGERR_APER            RMS error vector for fixed aperture mag.                   [mag]
#  11 FLUX_APER              Flux vector within fixed circular aperture(s)              [count]
#  12 FLUXERR_APER           RMS error vector for aperture flux(es)                     [count]
#  13 BACKGROUND             Background at centroid position                            [count]
#  14 ELLIPTICITY            1 - B_IMAGE/A_IMAGE                                       
#  15 FLAGS                  Extraction flags                                          
         1      9.957     81.346 237.9943783 +32.9335627    60.96  0.006549831 -13.2127 -12.3459   0.0076     86767.97       608.63     437.2687    0.608  24
         2    143.167     86.926 237.9772404 +32.9333037    35.79  0.003845709 -12.7868 -11.5356   0.0166     41138.27     628.6683      1073.96    0.694   0
         3    192.301     30.108 237.9710163 +32.9395043    28.51  0.003063213 -11.9569 -11.4096   0.0186     36630.48     626.9745     696.0544    0.182   1
         4    136.253     10.837 237.9782558 +32.9414239    84.86   0.00911791 -14.4026 -13.1632   0.0039     184191.4     655.4814     341.0327    0.743  24
         5    914.606     89.475 237.8780395 +32.9349411     4.95 0.0005314475 -11.9278 -11.8587   0.0124     55397.98     634.2133     1109.231    0.102   0
         6    420.783     92.264 237.9415344 +32.9334292     4.96  0.000532802 -11.4762 -11.5450   0.0165     41494.98     628.7764     1225.234    0.051   0
         7     65.050    109.364 237.9872474 +32.9307062    15.90  0.001708911  -9.9954  99.0000  99.0000    -8404.235     612.0731     810.4986    0.614   0
         8    551.781    140.326 237.9246132 +32.9286141     4.83 0.0005186695 -10.9048 -10.7163   0.0348     19342.97     619.9576     1258.524    0.118   0
         9    986.125    195.660 237.8686806 +32.9237577     5.13 0.0005510583 -14.7010 -14.7307   0.0012     780366.7     874.5502     1149.849    0.039   0
        10     76.518    266.964 237.9855096 +32.9138803     6.99 0.0007512353 -10.7986 -11.3867   0.0190     35864.54     626.5676     1173.453    0.505   0
        11     74.714    236.987 237.9857916 +32.9170816     5.22 0.0005608412 -10.3059 -11.4044   0.0187     36454.97     626.7693     1161.704    0.431   2
        12    180.635    256.765 237.9721417 +32.9152342     4.88 0.0005246979 -11.8359 -11.9121   0.0119     58190.44     635.3632     1288.662    0.035   0
        13    250.642    270.948 237.9631184 +32.9138936     4.88 0.0005248522  -9.2111  -9.3807   0.1180     5653.172     614.4468     1288.657    0.077   0
        14    566.705    411.238 237.9222626 +32.8996771    11.62  0.001248173 -16.9548 -16.9595   0.0003      6078514     1847.654     1264.148    0.118   4
        15    884.471    309.979 237.8815740 +32.9112852     6.73 0.0007231617  -9.0332  -9.2936   0.1279      5217.34     614.2522     1170.298    0.284   0
        16    619.241    317.235 237.9156587 +32.9098604     2.04 0.0002193919  -7.5009  -8.0648   0.3956     1682.313     612.7944     1261.557    0.251   0
        17    780.813    341.709 237.8948501 +32.9076391     4.95 0.0005322146 -12.0776 -12.1396   0.0097     71754.83     640.7278     1205.432    0.035   0
        18     73.153    328.169 237.9858399 +32.9073259     3.93 0.0004220053  -9.5714 -11.2646   0.0212     32050.78     624.9763     1147.861    0.257   0
        19    153.856    375.391 237.9753876 +32.9024798     4.94 0.0005305664 -12.7311 -12.7797   0.0056     129382.6     662.7518     1286.084    0.022   0
        20    337.203    376.517 237.9518183 +32.9028200     4.94 0.0005311581  -8.7684  -9.3409   0.1224     5449.702     614.2087     1280.439    0.264   0
        21     77.003    392.488 237.9852377 +32.9004569     3.75 0.0004024179  -9.5881 -11.3563   0.0195     34876.45     626.1055     1165.137    0.380   0
        22    204.601    400.239 237.9688239 +32.8999503     5.03 0.0005409411 -11.7776 -11.8779   0.0122     56385.61     634.4354     1284.325    0.034   0
        23     76.188    400.666 237.9853288 +32.8995802     6.69 0.0007192153 -10.6380 -11.3486   0.0196     34629.67     626.0408      1158.57    0.401   0
        24    371.227    458.781 237.9473114 +32.8941070     5.69 0.0006116117  -9.8900 -10.0555   0.0636     10524.21     616.1675     1274.299    0.075   0
        25    961.079    502.398 237.8714307 +32.8908916     4.97 0.0005344604 -12.5593 -12.6099   0.0064     110657.1     655.6341     1076.809    0.049   0
        26     77.280    554.460 237.9849318 +32.8831348    22.78  0.002447755 -12.7851 -11.4423   0.0180     37748.74     627.4034     1154.007    0.504   2
        27    229.666    531.754 237.9653858 +32.8859480     6.10 0.0006557653  -9.1218  -9.4223   0.1136     5873.816     614.3641      1274.05    0.080   0
        28    706.699    674.427 237.9038546 +32.8718738     4.08 0.0004378592  -8.5186  -8.3806   0.2958     2250.389     613.0089      1134.49    0.517   0
        29    751.663    947.809 237.8976497 +32.8427458     5.11 0.0005487268 -12.5746 -12.6103   0.0064     110692.5     655.7122     993.4077    0.033   0
        30     85.580    949.564 237.9832067 +32.8409002     5.55 0.0005966443 -10.2354 -11.1836   0.0228     29747.18     623.9861     1074.561    0.511   0
        31     77.011    635.996 237.9848303 +32.8744141     4.98 0.0005346837 -10.1891 -11.3747   0.0192      35470.8     626.1397     1141.976    0.581   0
        32    437.557    619.664 237.9385266 +32.8770660     4.95 0.0005317454 -12.5172 -12.5657   0.0067     106236.3     653.9786      1249.93    0.040   0
        33    650.661   1007.371 237.9105298 +32.8361281     5.11 0.0005485468 -12.4247 -12.4600   0.0073      96385.8     650.3162     1021.231    0.051   0
        34    720.512    883.382 237.9017520 +32.8495600     5.16 0.0005548326 -11.7893 -11.8389   0.0127     54397.18     633.9357       1041.1    0.049   0
        35    531.889    669.937 237.9263242 +32.8719233     4.93 0.0005301238  -9.1986  -9.4391   0.1119     5965.343     614.5565     1208.674    0.068   0
        36    776.523    836.297 237.8946301 +32.8547327     5.18 0.0005566357 -10.6696 -10.7485   0.0338     19925.75     620.1241     1032.693    0.090   0
        37    748.519    652.050 237.8985159 +32.8743693     4.99 0.0005366394  -9.5484  -9.5729   0.0990     6748.069     614.9094     1122.392    0.138   0
        38     77.697    675.687 237.9846760 +32.8701709    13.46  0.001446766 -12.0547 -11.5098   0.0170     40172.92      628.318     1137.589    0.378   0
        39    152.689    813.813 237.9748113 +32.8555882     5.05 0.0005422312 -11.7519 -11.7927   0.0132     52127.77     633.0066     1216.076    0.082   0
        40    401.017    785.292 237.9429541 +32.8592613     4.24 0.0004552602  -8.5397  -7.6755   0.5660     1175.457     612.5876     1203.791    0.085   0
        41     79.996    800.984 237.9841716 +32.8567764     2.22 0.0002387302  -9.4638 -11.3233   0.0201      33830.5     625.4336     1107.058    0.009   0
        42     79.740    754.855 237.9842815 +32.8617092     9.19 0.0009873857 -11.4066 -11.3625   0.0194     35076.59     626.1685     1124.669    0.355   0
        43     81.671    719.595 237.9840921 +32.8654851     6.60 0.0007095856 -10.7576 -11.3575   0.0195     34913.62     626.1373     1147.664    0.307   0
        44    686.310    695.221 237.9064419 +32.8695998     5.04 0.0005413521 -11.4812 -11.5265   0.0167     40793.58     628.4806     1136.405    0.040   0
        45     77.316    700.785 237.9846830 +32.8674858     6.47  0.000695717 -10.6901 -11.3896   0.0189     35960.84     626.4876     1124.874    0.279   0
        46    611.380    545.799 237.9163067 +32.8853961     3.44 0.0003691383  -8.4981  -8.3562   0.3024     2200.325     612.6599     1219.099    0.421   0
        47    311.883    581.243 237.9547387 +32.8808615     5.77 0.0006198811  -9.6154  -9.6656   0.0909     7349.286     615.1021     1266.978    0.069   0
        48    586.355    952.940 237.9188760 +32.8417910     5.02 0.0005391316  -9.8624  -9.9955   0.0672     9958.729     616.0585     1071.161    0.056   0
        49     99.611    556.088 237.9820593 +32.8830173     5.90 0.0006342223  -8.8574  -9.1106   0.1512     4407.974     613.8364      1271.45    0.234   0
        50     85.209    875.834 237.9833772 +32.8487845    11.92  0.001280753 -11.9845 -11.3425   0.0197     34435.48     625.7601     1100.185    0.733   0
        51    576.970    568.343 237.9206931 +32.8829002     7.35 0.0007895359  -9.4428  -9.5098   0.1049     6366.668     614.7198     1223.089    0.073   0
        52     85.921    994.219 237.9830885 +32.8361252    10.01  0.001075818 -10.6740 -10.8057   0.0321     21003.56     620.5927     1062.997    0.115   0
        53     82.396    690.667 237.9840472 +32.8685807     8.41 0.0009036477  -9.3944 -11.3816   0.0191     35696.69      626.416     1156.023    0.567   1
