#   1 NUMBER                 Running object number                                     
#   2 X_IMAGE                Object position along x                                    [pixel]
#   3 Y_IMAGE                Object position along y                                    [pixel]
#   4 ALPHA_J2000            Right ascension of barycenter (J2000)                      [deg]
#   5 DELTA_J2000            Declination of barycenter (J2000)                          [deg]
#   6 FWHM_IMAGE             FWHM assuming a gaussian core                              [pixel]
#   7 FWHM_WORLD             FWHM assuming a gaussian core                              [deg]
#   8 MAG_BEST               Best of MAG_AUTO and MAG_ISOCOR                            [mag]
#   9 MAG_APER               Fixed aperture magnitude vector                            [mag]
#  10 MAGERR_APER            RMS error vector for fixed aperture mag.                   [mag]
#  11 FLUX_APER              Flux vector within fixed circular aperture(s)              [count]
#  12 FLUXERR_APER           RMS error vector for aperture flux(es)                     [count]
#  13 BACKGROUND             Background at centroid position                            [count]
#  14 ELLIPTICITY            1 - B_IMAGE/A_IMAGE                                       
#  15 FLAGS                  Extraction flags                                          
         1    150.043     78.804 327.7737785 +28.8496588    69.54  0.007513641 -14.5868 -12.7417   0.0127     124933.6     1456.786     2474.636    0.821  19
         2    191.973     30.817 327.7687093 +28.8549365    32.88  0.003552375 -13.5076 -13.0003   0.0100     158527.9      1462.38     1225.566    0.321  19
         3     11.418     79.962 327.7909099 +28.8491864    68.30  0.007379749 -14.5497 -13.8339   0.0046     341630.3     1436.283     225.4731    0.580  24
         4    135.237     11.261 327.7757686 +28.8569029    89.68  0.009689895 -15.8502 -14.6370   0.0023     715846.5     1496.972    -177.6148    0.747  24
         5    459.372     27.199 327.7356650 +28.8559897     6.18 0.0006681295  -9.3589  99.0000  99.0000    -82730.44     1434.901      1741.18    0.522   0
         6     65.110    109.729 327.7842027 +28.8461124    29.37  0.003173047  99.0000  99.0000  99.0000    -15264.23     1435.632     1672.067    0.476   2
         7    274.219     67.600 327.7584566 +28.8511761     3.44 0.0003714305  -8.6655  99.0000  99.0000    -154938.2     1434.739     2808.222    0.417   0
         8    716.922    138.275 327.7035743 +28.8446467     5.82 0.0006292103 -15.7556 -15.7861   0.0009      2062782     1758.597     3261.761    0.187   4
         9     85.399    121.885 327.7816663 +28.8448528    35.01  0.003782799 -13.3357 -12.6438   0.0138     114156.9     1455.055     2383.767    0.610   3
        10    919.570    105.391 327.6786021 +28.8486829     6.49 0.0007009396 -11.0556 -11.2597   0.0490     31905.55      1440.49     2966.949    0.062   0
        11    188.621    111.742 327.7689324 +28.8462045     4.69 0.0005072285 -10.1197  99.0000  99.0000    -96096.96     1435.551     3449.265    0.085   0
        12     77.145    162.376 327.7825901 +28.8404673    26.41  0.002853272 -12.9161 -12.4792   0.0161     98106.01     1452.496     3011.292    0.431   3
        13     80.417    142.867 327.7822321 +28.8425785    14.93  0.001613291 -11.4893 -12.2282   0.0202     77851.43     1448.965     2701.871    0.236   3
        14    265.283    160.870 327.7593416 +28.8410994     5.44  0.000587523 -10.9488 -11.1153   0.0560     27933.51     1440.489     3478.424    0.043   0
        15    402.160    168.927 327.7424061 +28.8405702     5.30 0.0005726737 -11.5772 -11.6826   0.0333     47101.21      1443.69     3437.896    0.013   0
        16    898.901    235.805 327.6808607 +28.8345743     5.18 0.0005600004 -13.3363 -13.3904   0.0071     227075.7      1474.21     3069.233    0.124   0
        17    524.304    281.403 327.7270493 +28.8287461     5.11 0.0005523878 -15.9790 -16.0113   0.0008      2538208     1824.581     3405.295    0.014   4
        18    269.855    257.888 327.7585485 +28.8306522     5.01 0.0005409521 -13.3161 -13.3700   0.0072     222850.8      1473.81     3475.852    0.004   0
        19   1025.539    238.394 327.6652044 +28.8346001     6.39 0.0006904288  -9.7401  99.0000  99.0000    -866.9593     1171.509     2892.777    0.319  16
        20    510.358    258.127 327.7288267 +28.8312211     4.94 0.0005334834 -12.8658 -12.9824   0.0102     155947.1     1462.417     3413.778    0.021   0
        21    464.054    290.169 327.7344744 +28.8276529     4.98 0.0005382771 -15.3468 -15.3889   0.0013      1430727      1666.22     3427.009    0.028   6
        22    655.588    254.734 327.7108870 +28.8319427     5.01 0.0005410615 -11.7880 -11.8417   0.0288     54534.33     1444.977     3361.343    0.068   0
        23    316.304    254.723 327.7528158 +28.8311087     5.18 0.0005597511 -11.6602 -11.7253   0.0320     48992.66     1444.018     3462.166    0.031   0
        24    479.023    279.357 327.7326497 +28.8288554     4.91 0.0005307046 -14.1078 -14.1608   0.0036     461653.6     1513.583     3424.813    0.041   3
        25    667.836    258.915 327.7093637 +28.8315219     4.78 0.0005169034 -10.2258 -10.2731   0.1214     12860.08     1437.708       3352.6    0.105   0
        26    763.908    268.003 327.6974702 +28.8307762     4.95 0.0005348031 -11.7995 -11.8755   0.0279     56262.45     1444.953     3231.506    0.073   0
        27    208.106    271.304 327.7661477 +28.8290522     5.24 0.0005663412 -11.7463 -11.8618   0.0283     55556.71     1445.476     3484.166    0.072   0
        28    572.952    270.582 327.7210625 +28.8300321     5.09 0.0005497526 -10.3080 -10.2759   0.1211     12893.63     1437.633     3393.051    0.099   0
        29    185.533    294.089 327.7688834 +28.8265397     5.14 0.0005550464 -11.9500 -12.1063   0.0226     69582.56     1447.618     3483.743    0.059   0
        30    100.173    309.722 327.7793946 +28.8246411     4.30 0.0004650534  -8.9980  99.0000  99.0000    -1106.958      1435.47      3476.61    0.309   0
        31    260.377    312.930 327.7595903 +28.8246952     5.21 0.0005633982 -10.7536 -10.8812   0.0694     22515.63     1439.548     3469.961    0.054   0
        32    200.802    333.809 327.7669029 +28.8222960     4.87 0.0005260501 -13.2722 -13.3680   0.0072     222427.7     1473.303     3477.304    0.020   0
        33    840.247    319.347 327.6879193 +28.8254264     6.44 0.0006957144  -9.6083  -9.6674   0.2120     7361.295     1436.751     3082.092    0.135   0
        34    209.592    363.469 327.7657468 +28.8191206     5.45 0.0005885042 -11.4761 -11.7371   0.0317     49525.09     1444.069     3469.892    0.059   0
        35    542.556    390.551 327.7245410 +28.8170248     4.64  0.000501656  -9.6752 -10.4206   0.1060     14731.83     1438.074     3387.394    0.009   0
        36    815.352    421.177 327.6907634 +28.8143888     4.96 0.0005361431 -10.9878 -10.9931   0.0626     24958.99     1439.729     3023.984    0.150   0
        37    341.728    440.807 327.7492383 +28.8111119     4.62 0.0004992514 -13.3145 -13.3864   0.0071     226230.7     1474.186     3428.856    0.018   0
        38    962.749    463.487 327.6724551 +28.8101838     5.07 0.0005482017 -15.4851 -15.5185   0.0011      1612120     1693.183     2717.544    0.106   4
        39    169.065    442.936 327.7705667 +28.8104530     4.70 0.0005077783 -11.5445 -11.6891   0.0331     47384.94      1443.78     3456.178    0.034   0
        40    803.335    447.687 327.6921877 +28.8115018     5.72 0.0006180881 -11.8167 -11.8609   0.0283     55507.24     1445.306     3012.656    0.228   0
        41    268.347    486.067 327.7581986 +28.8060508     4.63 0.0004998646 -14.7404 -14.7788   0.0021     815669.6     1570.857     3434.382    0.042   0
        42   1011.271    462.913 327.6664613 +28.8103624     5.01 0.0005413623 -11.1092 -10.7454   0.0787     19869.16     1439.088      2642.01    0.190   0
        43     35.206    478.171 327.7870216 +28.8063194     4.51 0.0004872901 -11.7515  99.0000  99.0000    -49728.84     1434.942     2087.833    0.101   0
        44    946.284    506.699 327.6743917 +28.8054858     4.79 0.0005176097 -13.7111 -13.7533   0.0051     317179.6     1489.921     2680.343    0.107   0
        45     80.518    749.476 327.7807794 +28.7771866   169.12   0.01827355 -16.2552 -12.9156   0.0108     146633.9     1460.904     2904.369    0.951  50
        46     76.659    408.583 327.7820654 +28.8139250   107.32   0.01159623 -15.7709  99.0000  99.0000            0            0     3009.631    0.902  51
        47     74.770    262.324 327.7826462 +28.8296869    83.10  0.008978812  99.0000  99.0000  99.0000            0            0     3004.055    0.790  50
        48    343.716    525.674 327.7487940 +28.8019681     4.75  0.000513126 -10.9592 -11.0333   0.0604     25901.36     1440.176      3408.15    0.011   0
        49    122.557    973.931 327.7750558 +28.7530956     4.16 0.0004491781 -12.1423 -11.9998   0.0249     63085.18     1446.334     2904.255    0.114   0
        50    164.864    997.845 327.7697750 +28.7506234     4.29 0.0004635129 -11.9539 -11.9885   0.0252     62431.73     1446.181     2903.789    0.095   0
        51     57.005    989.006 327.7831148 +28.7513063     4.24 0.0004578037 -12.6262 -12.6351   0.0139     113254.2      1454.66     2089.703    0.058   0
        52     56.278    963.720 327.7832646 +28.7540304     4.13 0.0004462667 -11.4317 -11.6202   0.0353     44469.92     1443.436     2098.008    0.073   0
        53    257.423    790.227 327.7588332 +28.7732352     3.27 0.0003535859  -9.1947  -9.1461   0.3424     4554.341     1436.101     3254.792    0.392   0
        54    138.043    842.752 327.7734536 +28.7672754     4.08 0.0004412348 -11.3907 -10.7469   0.0786     19895.28     1439.052      3158.51    0.110   0
        55    143.174    796.635 327.7729290 +28.7722597     3.98   0.00043032 -10.7151  -9.9182   0.1683     9274.521     1436.963     3239.021    0.040   0
        56    493.646    802.071 327.7296296 +28.7725426     4.66 0.0005039696  -9.3928  99.0000  99.0000    -1083.098     1435.348     3051.846    0.265   0
        57    247.524    666.317 327.7603472 +28.7865680     5.98 0.0006463823  -9.5321  -8.7732   0.4828     3230.609     1436.114      3385.73    0.007   0
        58    154.482    620.919 327.7719477 +28.7912300     4.54 0.0004910268 -10.7967 -10.7086   0.0814     19206.89     1438.973     3421.952    0.058   0
        59    880.290    755.460 327.6819804 +28.7785098     4.79 0.0005173837 -10.6187 -10.5851   0.0911     17140.98     1438.614     2437.677    0.149   0
        60    670.220    715.014 327.7080207 +28.7823599     4.49 0.0004851622  -9.6700  -9.6881   0.2079     7503.006     1436.289      2893.77    0.183   0
        61    311.760    870.288 327.7519345 +28.7647395     5.59 0.0006040757  -9.5711 -10.1272   0.1388     11242.66     1437.386     3117.915    0.115   0
        62    843.775    760.455 327.6864793 +28.7778831     4.89  0.000528082 -10.6175 -10.6761   0.0838     18640.12     1438.794     2499.629    0.177   0
        63    262.857    743.278 327.7582724 +28.7783098     4.59 0.0004959849  -9.9256 -10.0769   0.1454      10734.1     1437.541     3306.108    0.046   0
        64    523.485    674.990 327.7262384 +28.7863153     3.45 0.0003732801  -9.6023 -10.2691   0.1218     12812.85     1437.578      3189.37    0.157   0
        65    940.788    723.575 327.6745798 +28.7820930     4.98 0.0005381632 -10.5688 -10.2564   0.1232     12663.86     1437.025     2366.458    0.197   0
        66    377.517    742.649 327.7441114 +28.7786619     4.29 0.0004634888 -12.0703 -12.1330   0.0221     71317.66     1448.079     3257.267    0.094   0
        67    255.027    639.879 327.7594826 +28.7894368     5.13 0.0005538868  -9.9643  -9.9782   0.1592     9801.305     1437.176     3394.232    0.163   0
        68    723.437    626.695 327.7016495 +28.7920105     4.43 0.0004782898 -10.4861 -10.3305   0.1152      13557.8     1437.748     2922.002    0.067   0
        69    123.606    707.732 327.7755562 +28.7817944     3.88 0.0004195192  -9.5828  99.0000  99.0000    -20711.48     1435.348      3329.63    0.100   0
        70    865.744    680.139 327.6839482 +28.7865943     4.44 0.0004798535 -10.4278 -10.2446   0.1246     12526.43     1437.569         2576    0.077   0
        71    270.376    906.632 327.7569601 +28.7607190     4.18 0.0004522034 -11.7859 -11.7135   0.0324     48463.18     1443.765     3074.284    0.146   0
        72    148.206    608.399 327.7727525 +28.7925639     4.35  0.000470224 -11.2757 -10.6935   0.0825     18941.66     1438.441     3425.845    0.053   0
        73    569.569    652.175 327.7205985 +28.7888878     4.83  0.000521877  -9.8499  -9.2999   0.2972     5247.509     1436.221     3149.793    0.179   0
        74    297.839    650.440 327.7541693 +28.7884046     4.65 0.0005021332  -9.8046 -10.2361   0.1256     12428.62     1437.714     3377.186    0.102   0
        75    711.705    838.504 327.7026133 +28.7691487     4.68 0.0005056158 -11.4661 -11.5680   0.0370     42383.09     1443.237     2620.361    0.091   0
        76    879.359    830.756 327.6819244 +28.7703906     5.00 0.0005406773 -12.9254 -12.8682   0.0113     140367.3     1459.831     2301.586    0.187   0
        77    384.362    954.937 327.7427705 +28.7557941     4.59 0.0004955636 -10.4005 -10.5428   0.0948     16486.52     1438.419     2938.538    0.096   0
        78    883.803    889.596 327.6812421 +28.7640583     3.44 0.0003713708  -9.0711  99.0000  99.0000    -3023.061     1434.983     2078.182    0.407   0
        79    310.004   1009.978 327.7518241 +28.7496766     4.37 0.0004720954 -10.4580 -10.4563   0.1025      15224.3      1437.47     2879.571    0.230   0
        80    457.455    885.088 327.7339066 +28.7635042     4.31 0.0004652546 -12.3038 -12.3825   0.0176     89740.83     1451.055     2971.964    0.098   0
        81    409.392    842.764 327.7399409 +28.7679482     4.34 0.0004691991 -10.8808 -10.8838   0.0692     22570.05     1439.031     3079.382    0.113   0
        82    623.679    584.924 327.7140693 +28.7962700     4.67 0.0005050565 -11.1913 -11.2697   0.0486        32202      1441.31     3140.719    0.103   0
        83    427.436    549.157 327.7383962 +28.7996436     4.50 0.0004864411 -12.3575 -12.4282   0.0168     93598.34      1451.76     3375.646    0.049   0
        84    461.291    814.022 327.7335979 +28.7711746     4.25 0.0004591568 -13.4628 -13.5126   0.0063     254118.7     1479.026     3068.852    0.080   0
