#   1 NUMBER                 Running object number                                     
#   2 X_IMAGE                Object position along x                                    [pixel]
#   3 Y_IMAGE                Object position along y                                    [pixel]
#   4 ALPHA_J2000            Right ascension of barycenter (J2000)                      [deg]
#   5 DELTA_J2000            Declination of barycenter (J2000)                          [deg]
#   6 FWHM_IMAGE             FWHM assuming a gaussian core                              [pixel]
#   7 FWHM_WORLD             FWHM assuming a gaussian core                              [deg]
#   8 MAG_BEST               Best of MAG_AUTO and MAG_ISOCOR                            [mag]
#   9 MAG_APER               Fixed aperture magnitude vector                            [mag]
#  10 MAGERR_APER            RMS error vector for fixed aperture mag.                   [mag]
#  11 FLUX_APER              Flux vector within fixed circular aperture(s)              [count]
#  12 FLUXERR_APER           RMS error vector for aperture flux(es)                     [count]
#  13 BACKGROUND             Background at centroid position                            [count]
#  14 ELLIPTICITY            1 - B_IMAGE/A_IMAGE                                       
#  15 FLAGS                  Extraction flags                                          
         1    341.368    147.176 327.7524599 +28.9525051     6.29 0.0006798806  -8.4398  -8.5837   0.1029     2713.116     257.1497      553.475    0.308   3
         2    341.999    151.547 327.7523716 +28.9520354     0.23 2.488187e-05  -8.6377  -8.7961   0.0848     3299.379     257.6764     553.4522    0.250   3
         3    220.110    203.269 327.7673505 +28.9461622     7.84 0.0008481038  -9.4872  -9.5616   0.0425     6677.651     261.0247     553.4034    0.239   0
         4    213.015    248.087 327.7681266 +28.9413126     1.01 0.0001095747  -7.0958  -8.2752   0.1364     2042.142     256.5037     552.9418    0.025   0
         5    158.610    300.751 327.7747435 +28.9355015     8.08 0.0008738794  -9.0661  -9.1873   0.0595     4730.827     259.1251     552.3425    0.259   0
         6    643.874    372.336 327.7144872 +28.9289570     4.80 0.0005194468  -7.9839  -8.2661   0.1376     2025.146     256.5157      549.728    0.260   0
         7    583.124    391.011 327.7219683 +28.9267980     5.83 0.0006300616  -7.8967  -7.8846   0.1950     1425.129     255.8945     550.0635    0.394   0
         8    786.472    594.330 327.6963367 +28.9053613     0.79 8.533653e-05  -7.4020  -8.1205   0.1572     1770.931     256.2893     547.9589    0.134   0
         9    295.453    684.668 327.7569215 +28.8944413     5.55 0.0005995993 -10.6290 -10.6982   0.0156     19022.22     272.5378     548.7755    0.075   0
        10     80.250    641.375 327.7836618 +28.8985835     1.08  0.000116793  -7.8131  -7.9894   0.1772     1569.425     256.0497     548.7523    0.058   0
        11    205.667    566.762 327.7683065 +28.9069352     6.48 0.0007002399  -8.2171  -8.5048   0.1106     2523.036      256.972     550.4212    0.142   0
        12    519.558    563.711 327.7294511 +28.9080247     6.57 0.0007100864  -9.1412  -9.2601   0.0557     5058.663     259.4553     549.6917    0.192   0
        13    523.069    538.791 327.7290724 +28.9107201     7.71 0.0008335329  -8.4798  -8.6443   0.0974     2869.033     257.3155     549.9464    0.140   0
        14    898.484    504.618 327.6826663 +28.9152994     6.19 0.0006695817 -10.3934 -10.4522   0.0193     15166.01     269.0181      546.869    0.139   0
        15     20.281    465.691 327.7914924 +28.9173783     6.42 0.0006942888  -9.6035  -9.7156   0.0370     7695.503     261.9628     545.7443    0.217   0
        16    726.803    816.965 327.7032291 +28.8812148     6.42 0.0006945994  -8.9277  -9.2614   0.0556     5064.635     259.3622     547.3683    0.128   0
        17    745.554    827.124 327.7008856 +28.8801640     5.89 0.0006371109 -10.7208 -10.7896   0.0144     20694.37     274.1008     547.2087    0.101   0
        18    559.098    739.606 327.7241609 +28.8891547     5.89 0.0006364461  -9.0044  -9.0894   0.0650      4322.74     258.6886     548.8406    0.226   0
        19    271.551    716.565 327.7598077 +28.8909441     6.02  0.000651153  -9.2080  -9.3058   0.0534     5276.128     259.6577     548.9828    0.047   0
        20    284.998    653.512 327.7582869 +28.8977752     3.75 0.0004049831  -7.6396  -8.1843   0.1482     1878.172     256.3224     549.0989    0.380   0
        21    221.852    638.603 327.7661382 +28.8992288     5.59 0.0006041987 -11.1714 -11.2307   0.0099     31066.43     283.3513     549.9269    0.077   0
