#   1 NUMBER                 Running object number                                     
#   2 X_IMAGE                Object position along x                                    [pixel]
#   3 Y_IMAGE                Object position along y                                    [pixel]
#   4 ALPHA_J2000            Right ascension of barycenter (J2000)                      [deg]
#   5 DELTA_J2000            Declination of barycenter (J2000)                          [deg]
#   6 FWHM_IMAGE             FWHM assuming a gaussian core                              [pixel]
#   7 FWHM_WORLD             FWHM assuming a gaussian core                              [deg]
#   8 MAG_BEST               Best of MAG_AUTO and MAG_ISOCOR                            [mag]
#   9 MAG_APER               Fixed aperture magnitude vector                            [mag]
#  10 MAGERR_APER            RMS error vector for fixed aperture mag.                   [mag]
#  11 FLUX_APER              Flux vector within fixed circular aperture(s)              [count]
#  12 FLUXERR_APER           RMS error vector for aperture flux(es)                     [count]
#  13 BACKGROUND             Background at centroid position                            [count]
#  14 ELLIPTICITY            1 - B_IMAGE/A_IMAGE                                       
#  15 FLAGS                  Extraction flags                                          
         1    754.758     58.727 327.8254255 +28.8508049     6.41 0.0006927606 -12.9703 -13.0172   0.0040     161015.8     587.5317     842.1342    0.058   3
         2    842.231     76.569 327.8145789 +28.8490990   144.92   0.01565275 -15.2501 -12.6552   0.0053     115364.2     567.7216     782.6036    0.604  19
         3    593.604     31.341 327.8453960 +28.8533540     5.41 0.0005846295 -12.9772 -12.8868   0.0044     142803.4      579.653     813.3513    0.182   0
         4    820.224      9.943 327.8174557 +28.8562256    81.26  0.008776634 -13.8266 -12.6237   0.0052     112065.6      535.619     409.0281    0.767  24
         5    480.889     10.545 327.8593685 +28.8553121     5.05 0.0005459636 -11.7642 -11.1274   0.0192     28247.39     500.2202     721.4626    0.279  16
         6      3.213      7.998 327.9183757 +28.8543702     3.77 0.0004071272  -7.8938  -8.1037   0.2246     1743.657      360.631     667.3083    0.381  16
         7    796.437     61.098 327.8202719 +28.8506529     9.53  0.001029206 -11.1151 -11.2185   0.0187     30717.09     529.1354     778.2027    0.121   3
         8    568.031     83.198 327.8484298 +28.8477006     5.84 0.0006302629 -12.8488 -12.9331   0.0042     149021.4     582.2256     985.4929    0.111   0
         9    359.769     66.139 327.8741934 +28.8490141     8.47  0.000915229 -10.0204 -10.4293   0.0382     14849.58     521.7139     897.8106    0.188   0
        10    619.741     96.625 327.8420108 +28.8463830     5.78 0.0006245474 -13.1751 -13.2283   0.0033     195584.4     602.1111     1037.296    0.123   0
        11    322.420     77.869 327.8787778 +28.8476552     5.28 0.0005701057  -9.6134 -10.6940   0.0300     18948.89     523.6602     935.6837    0.330   2
        12    737.877    108.104 327.8273925 +28.8454409     5.87 0.0006342433 -12.4118 -12.3826   0.0067     89754.83      556.357     1038.161    0.128   0
        13     35.874    117.305 327.9140706 +28.8426731     5.48 0.0005919832  -9.7342  -8.6367   0.1966     2848.926     515.8586     944.9053    0.129   0
        14    514.563    136.377 327.8549050 +28.8418346     5.40 0.0005835168 -11.1861 -11.0309   0.0221     25844.99     526.8285     1030.962    0.131   0
        15      6.530    130.306 327.9176623 +28.8411963     5.20 0.0005611839  -9.1388  99.0000  99.0000    -2023.607     445.3561     939.9545    0.133  16
        16    418.730    142.262 327.8667262 +28.8409586     5.97 0.0006451284  -9.4428  -8.7594   0.1757     3189.683     516.0237     1025.968    0.236   0
        17    589.435    192.967 327.8455218 +28.8359232     5.37 0.0005794733 -14.7324 -14.7683   0.0011     807802.9     817.6443     1038.127    0.100   0
        18    174.417    141.472 327.8969008 +28.8404232     5.37 0.0005798388  -9.1136  -8.4245   0.2390     2343.221      515.657     980.1206    0.146   0
        19    699.072    193.035 327.8319820 +28.8361900     5.56 0.0006004155 -14.4524 -14.4909   0.0013     625712.8     759.9619     1040.305    0.120   0
        20    362.521    153.891 327.8736397 +28.8395630     5.49 0.0005927439 -10.0437 -10.1453   0.0494     11432.38      519.973     1019.752    0.170   0
        21    123.712    189.284 327.9030448 +28.8351404     5.04 0.0005448154 -12.2311 -12.3040   0.0072     83480.85     553.5035      972.089    0.084   0
        22    353.002    179.926 327.8747518 +28.8367328     5.84 0.0006304036  -9.4864  -9.6707   0.0762     7383.766     517.9505     1019.879    0.148   0
        23    773.617    179.504 327.8228082 +28.8378342     7.30 0.0007885778  -9.6347 -10.1039   0.0513     11004.63     519.8105     1040.261    0.256   0
        24    498.583    189.588 327.8567498 +28.8360591     5.34 0.0005767694  -9.7974 -10.0863   0.0521     10827.53     519.5092     1030.982    0.246   0
        25    172.778    200.197 327.8969587 +28.8340895     5.26 0.0005680515 -10.0322 -10.2901   0.0433     13063.12     520.5695     985.2565    0.104   0
        26    390.268    218.426 327.8700559 +28.8326777     5.05 0.0005450268 -12.3701 -12.4251   0.0065     93330.47     558.0419     1025.146    0.117   0
        27    178.350    218.622 327.8962252 +28.8321180     4.99 0.0005391682 -11.9289 -11.9966   0.0094     62895.98     544.1541     986.5667    0.078   0
        28    493.541    206.262 327.8573320 +28.8342493     6.42 0.0006928972  -9.2653  -9.7107   0.0734     7661.024     518.1132     1030.684    0.076   0
        29    443.524    206.501 327.8635082 +28.8340974     5.54 0.0005979846  -8.5414  -8.8905   0.1558     3599.137     516.2221     1029.006    0.288   0
        30    771.481    216.631 327.8229834 +28.8338271     6.98 0.0007542336  -8.8465  -9.2969   0.1073     5233.308     517.0129     1040.449    0.257   0
        31     98.444    243.319 327.9060318 +28.8292517     4.93 0.0005326557 -12.8293 -12.8729   0.0045     140978.9     578.9561     964.5367    0.043   0
        32    149.037    227.048 327.8998243 +28.8311349     4.13 0.0004461541  -8.3178  -8.5533   0.2123     2638.222     515.7855     978.8405    0.428   0
        33    801.132    241.776 327.8192619 +28.8311907     5.57 0.0006014309 -10.6717 -10.6760   0.0305     18637.57     523.5259     1040.439    0.164   0
        34    762.756    263.628 327.8239488 +28.8287400     5.43 0.0005864641 -12.7128 -12.7715   0.0048     128411.1     573.4381     1040.442    0.146   0
        35     75.913    268.311 327.9087522 +28.8265003     4.77 0.0005152093 -11.7411 -11.8101   0.0111     52970.04     539.6301     956.4811    0.064   0
        36    809.796    261.493 327.8181450 +28.8290870    10.00  0.001080533 -10.1934 -10.1397   0.0496     11373.26     519.8726     1039.986    0.113   0
        37    778.818    275.919 327.8219361 +28.8274552     5.71 0.0006170678 -10.1590 -10.4079   0.0389     14559.42      521.503     1040.387    0.190   0
        38    694.761    268.859 327.8323328 +28.8280069     5.99 0.0006466561  -8.6971  -8.9194   0.1517     3696.143     516.2981     1040.068    0.329   0
        39    416.053    282.926 327.8667151 +28.8257909     4.95 0.0005345737 -11.5095 -11.5861   0.0135     43097.43     534.9948     1027.738    0.109   0
        40    101.315    274.849 327.9055994 +28.8258607     4.33 0.0004673759  -8.2504  -9.0018   0.1407     3987.788     516.4683     964.5025    0.316   0
        41     69.154    283.966 327.9095481 +28.8247957     4.88 0.0005275315 -10.4212 -10.5266   0.0349     16242.03      522.309     953.7108    0.055   0
        42    613.977    293.963 327.8422482 +28.8250991     5.13 0.0005539677 -10.5206 -10.6007   0.0326      17389.6     522.7864     1036.382    0.126   0
        43    835.396    291.337 327.8149128 +28.8259339     6.37 0.0006876883  -8.5985  99.0000  99.0000     -7620.13     514.4033     1038.162    0.202   0
        44    441.238    291.127 327.8635852 +28.8249705     5.56 0.0006000798  -9.2715  -9.4919   0.0897      6262.87     517.5105     1027.994    0.069   0
        45    475.367    294.909 327.8593617 +28.8246490     5.96 0.0006438033  -9.1701  -9.3911   0.0984     5707.279     517.2131     1028.445    0.166   0
        46    559.277    295.481 327.8489990 +28.8247984     4.66 0.0005029408  -8.7525  -9.0709   0.1320     4249.644     516.5805     1031.658    0.249   0
        47    795.038    300.026 327.8198757 +28.8248972     3.45 0.0003721552  -6.9516  -5.5699   3.3058     169.0269     514.5146     1039.667    0.028   0
        48    162.870    301.151 327.8979337 +28.8231833     3.99 0.0004304886  -8.3618  -7.2856   0.6811     820.7836     514.7875     981.4645    0.204   0
        49    749.835    312.221 327.8254284 +28.8234704     5.38  0.000581232 -10.3060 -10.4208   0.0384     14734.25     521.5007      1039.07    0.195   0
        50    601.809    309.576 327.8437132 +28.8233859     5.31 0.0005737589  -9.9556 -10.1407   0.0496     11384.01     519.7336     1034.105    0.183   0
        51    255.044    313.027 327.8865231 +28.8221384     6.57 0.0007096542  -8.7318  -9.2225   0.1149     4886.332     516.8016     1004.063    0.093   0
        52    295.058    329.160 327.8815428 +28.8205013     4.66 0.0005036475 -11.8975 -11.9577   0.0097     60685.23     543.1926     1012.404    0.098   0
        53    222.023    319.175 327.8905853 +28.8213916     3.91 0.0004221994  -8.2487  -8.8375   0.1635     3427.802     516.0521     996.2967    0.200   0
        54    467.679    320.142 327.8602499 +28.8219099     4.96 0.0005357105  -8.6010  -9.3870   0.0988      5685.74     517.2895     1027.628    0.548   0
        55    825.557    323.862 327.8160505 +28.8224038     5.20 0.0005612621  -9.5588  99.0000  99.0000    -1615.461      514.447     1036.372    0.224   0
        56     92.071    353.460 327.9065466 +28.8173643     4.69 0.0005069359 -13.0149 -13.0586   0.0038     167280.7     590.1788     960.9429    0.026   0
        57    394.304    346.672 327.8692456 +28.8188653     4.82 0.0005208492 -12.0782 -12.1453   0.0083     72133.03     548.4088     1021.993    0.111   0
        58    903.427    334.750 327.8064093 +28.8214231     4.99 0.0005393323  -8.8645  99.0000  99.0000    -16300.88      514.447      906.233    0.386   0
        59    152.695    339.262 327.8990962 +28.8190497     4.70 0.0005077058  -9.8823  -9.8732   0.0633     8897.476      518.825     978.3689    0.137   0
        60    332.963    352.188 327.8768062 +28.8181155     4.78 0.0005159719  -9.5685  -9.5414   0.0858     6554.872     517.5792     1017.339    0.074   0
        61    122.954    382.976 327.9026607 +28.8142621     4.76 0.0005138107 -12.3735 -12.4340   0.0064     94105.63     558.2952     967.2603    0.173   0
        62    761.338    383.842 327.8238371 +28.8157795     5.01 0.0005406666 -12.0389 -12.1262   0.0084     70870.55     547.7919     1033.811    0.128   2
        63    759.503    396.375 327.8240339 +28.8144241     5.09 0.0005493808 -10.9880 -11.1749   0.0195      29508.8     528.6209     1032.733    0.173   3
        64    911.960    385.652 327.8052352 +28.8159578     4.26 0.0004602994  -9.4588  99.0000  99.0000    -22479.54     514.5198     878.1806    0.283   0
        65    596.705    401.057 327.8441233 +28.8135131     4.91 0.0005307918  -9.9253 -10.0055   0.0561     10050.89     519.3804     1029.014    0.225   0
        66     44.384    396.906 327.9123269 +28.8125593     5.01 0.0005411707  -8.7638  -8.8069   0.1682      3332.49     516.1074     939.9191    0.212   0
        67    564.257    403.258 327.8481243 +28.8131945     5.07 0.0005471446  -9.7504  -9.5709   0.0835     6735.219     517.6953     1028.208    0.156   0
        68    621.469    423.984 327.8410106 +28.8111040     4.79 0.0005172242 -12.4856 -12.5541   0.0058     105108.8      563.254     1029.005    0.123   0
        69    448.749    424.829 327.8623336 +28.8105789     4.75  0.000512592  -9.9642 -10.0060   0.0561     10055.53     519.3394     1021.914    0.124   0
        70    485.051    431.171 327.8578362 +28.8099869     5.30 0.0005727168  -9.0506  -8.5250   0.2179     2570.478     515.7092     1023.528    0.166   0
        71    514.798    437.971 327.8541470 +28.8093288     4.57 0.0004933377 -10.1414  -9.9502   0.0590     9551.681     518.8804     1024.611    0.129   0
        72    287.809    445.868 327.8821525 +28.8079039     4.44 0.0004798771 -11.1265 -11.1898   0.0192     29917.44        528.8     1006.158    0.114   0
        73    319.012    442.535 327.8783083 +28.8083423     5.07  0.000547133  -9.2588  -9.4327   0.0947     5930.359     517.3499     1010.818    0.213   0
        74    496.934    485.063 327.8562387 +28.8042082     4.57  0.000493696 -12.3730 -12.4560   0.0063     96027.01     559.1951     1021.644    0.130   0
        75    880.118    467.618 327.8089726 +28.8070446     4.89 0.0005282364 -11.8530 -11.9745   0.0096      61632.5     543.6009     981.0945    0.158   0
        76    181.830    456.140 327.8952114 +28.8065269     4.45 0.0004807022 -10.4470 -10.4972   0.0359     15807.83     522.1729     978.4872    0.069   0
        77    145.074    452.623 327.8997580 +28.8068121     4.81 0.0005198597  -8.5032  -8.4644   0.2304     2430.772     515.6705      967.985    0.255   0
        78    333.151    483.531 327.8764626 +28.8039596     4.58 0.0004945449  -9.7813  -9.9839   0.0572     9853.039     519.1554      1010.74    0.145   0
        79    552.391    495.432 327.8493671 +28.8032300     4.52 0.0004878887 -11.6345 -11.7258   0.0119      49014.7     537.5856     1023.498    0.133   0
        80     84.360    493.686 327.9071521 +28.8022309     4.87 0.0005263175  -9.3733  -9.5112   0.0882     6374.951     517.5646     944.5441    0.080   0
        81    238.609    497.880 327.8880992 +28.8021728     4.60 0.0004970158  -9.6634  -9.7293   0.0722     7793.617     518.2205     989.7756    0.152   0
        82    416.412    565.942 327.8659833 +28.7952879     4.33 0.0004672366 -14.5139 -14.5546   0.0013     663492.2     772.2803     1011.744    0.084   0
        83    885.296    955.499 327.8071783 +28.7544723     5.74 0.0006195151 -10.3281 -11.2319   0.0185     31099.36     529.5282      868.517    0.314   0
        84    850.106   1025.892 327.8113539 +28.7467981     4.56 0.0004925546  -9.9678  -9.9077   0.0498     9185.185     420.9227     906.0496    0.217  24
        85    855.741   1007.777 327.8107015 +28.7487646     4.54 0.0004907604 -10.9171 -11.0470   0.0218     26229.04     527.0533     906.7868    0.196   0
        86    460.292    990.963 327.8595373 +28.7495893     4.41 0.0004760778 -10.3815 -10.4251   0.0383     14792.05     521.5714     871.0826    0.168   0
        87    784.847    979.414 327.8195167 +28.7516459     4.31  0.000466014 -14.6493 -14.6883   0.0012     750461.6      799.901     920.8809    0.158   0
        88    240.351    986.169 327.8866880 +28.7495491     5.03 0.0005432968 -10.2917 -10.0847   0.0522     10811.41     519.6888     831.1525    0.209   0
        89    368.919    981.905 327.8708341 +28.7503348     4.48 0.0004834807 -12.8479 -12.9083   0.0043       145648     580.9558     857.6025    0.173   0
        90    727.605    857.081 327.8268722 +28.7646888     4.42 0.0004770449  -8.7292  -8.7418   0.1785     3138.584     515.9119     960.2654    0.212   0
        91    345.872    847.174 327.8740060 +28.7647979     4.08 0.0004401874 -10.6155 -10.6705   0.0307     18543.79     523.4382     917.3453    0.153   0
        92    854.605    828.773 327.8112659 +28.7680553     4.14 0.0004472576 -11.3152 -11.5059   0.0145     40028.21     533.3621     956.4603    0.172   0
        93    794.159    826.124 327.8187323 +28.7681909     4.20 0.0004534288 -10.6133 -10.6226   0.0320     17744.21     523.0132     972.5944    0.157   0
        94    298.482    835.176 327.8798838 +28.7659709     6.18 0.0006677549  -8.6547  -8.7994   0.1693      3309.34     516.0237     913.1524    0.161   0
        95    117.927    840.501 327.9021531 +28.7649369     4.65 0.0005020297  -9.9393  -9.6958   0.0745     7556.308     518.1494     867.0599    0.206   0
        96    291.186    880.321 327.8806739 +28.7610867     4.39 0.0004737891 -10.6036 -10.6587   0.0310     18343.57      523.271     892.4866    0.183   0
        97    884.152    866.479 327.8075301 +28.7640643     5.89 0.0006362419 -10.2690 -11.1581   0.0198     29055.49      528.449     897.3228    0.509   0
        98    603.529    803.694 327.8423128 +28.7701332     4.18 0.0004519209 -10.2420 -10.2287   0.0458     12344.74      520.469     967.2881    0.132   0
        99    657.592    847.582 327.8355353 +28.7655380     4.03 0.0004356263 -13.3585 -13.4130   0.0029     231840.1     616.7261     957.4344    0.129   0
       100     56.272    793.775 327.9098774 +28.7698151     5.16 0.0005569937 -10.2883 -10.3859   0.0397     14268.53     521.3779     866.5941    0.203   0
       101    326.067    794.095 327.8765796 +28.7704687     4.10 0.0004428577 -12.1915 -12.2438   0.0076      78980.4     551.5486     935.5998    0.120   0
       102    116.477    865.232 327.9022710 +28.7622677     4.81 0.0005189708 -11.1677 -11.2139   0.0188     30589.05     529.1174     855.4503    0.213   0
       103    306.281    798.504 327.8790108 +28.7699432     4.19 0.0004526069 -10.5829 -10.7308   0.0290     19603.24     523.9011     929.3185    0.162   0
       104    884.996    796.175 327.8075923 +28.7716439     9.93  0.001072483 -11.4520 -11.2067   0.0189      30386.3     528.8234     913.1028    0.449   2
       105    914.750    884.054 327.8037125 +28.7622456     3.33 0.0003593629  -8.7733  99.0000  99.0000    -19433.53     514.4324     820.2814    0.232   0
       106    638.492    880.597 327.8378133 +28.7619319     4.36 0.0004705852  -9.1542  -9.1777   0.1197     4689.012     516.6337     942.2961    0.157   0
       107    884.087    770.814 327.8077646 +28.7743752     6.40 0.0006916186 -10.3019 -11.1538   0.0198     28940.26     528.3378     922.7167    0.724   0
       108    650.818    783.997 327.8365237 +28.7723744     4.09 0.0004417166 -10.6108 -10.6526   0.0311     18241.36     523.0074     977.2559    0.134   0
       109    883.153    909.664 327.8075512 +28.7594073     3.95 0.0004265691  -9.2927 -11.1745   0.0195     29498.57     528.5452       885.36    0.767   0
       110    710.164    768.033 327.8292373 +28.7742432     4.23 0.0004564966 -10.6382 -10.7327   0.0290     19636.51     523.9026     986.8353    0.169   0
       111    470.682    890.300 327.8584989 +28.7604650     4.09 0.0004415258 -10.7825 -10.8631   0.0258     22143.03     525.1544      916.611    0.157   0
       112     84.453    729.271 327.9065587 +28.7768396     4.65 0.0005024777 -10.6469 -10.7491   0.0285     19935.85     524.0169     898.9337    0.147   0
       113    690.579    916.797 327.8312988 +28.7581602     4.06 0.0004388849 -11.3246 -11.4160   0.0157     36845.62     531.8401     934.5486    0.177   0
       114    632.171    738.841 327.8389335 +28.7771949     4.08 0.0004410273 -12.3813 -12.4337   0.0064     94072.42     558.2938     991.0676    0.125   0
       115    513.527    766.014 327.8535116 +28.7739686     3.78 0.0004087369  -8.8112  -8.8620   0.1599     3505.785     516.1624      968.886    0.188   0
       116    880.723    744.822 327.8082414 +28.7771683     5.79 0.0006252747 -10.0013 -11.0406   0.0219     26075.05     527.0229     938.0158    0.720   0
       117    582.934    708.675 327.8450831 +28.7803229     4.33 0.0004676045  -9.2043  -9.3840   0.0991     5669.984      517.224     994.5135    0.236   0
       118    498.274    731.147 327.8554784 +28.7776882     4.17  0.000449851  -9.8528  -9.8481   0.0648     8694.022     518.6547     979.5334    0.125   0
       119    663.424    747.206 327.8350560 +28.7763714     3.44 0.0003714645  -7.9766  -8.2723   0.2747     2036.718     515.2033     990.8143    0.415   0
       120    609.016    712.312 327.8418552 +28.7799962     5.07 0.0005479503  -8.3823  -8.6908   0.1871     2994.417     515.9291     995.7145    0.286   0
       121    879.347    711.179 327.8084908 +28.7807910     4.69 0.0005067235  -9.7493 -11.0573   0.0216     26479.73     527.1722     951.8639    0.650   0
       122    237.760    714.316 327.8876737 +28.7788430     4.25 0.0004585767 -11.1933 -11.2649   0.0179     32058.33     529.8394       943.71    0.109   0
       123    606.487    642.840 327.8423343 +28.7874777     4.51 0.0004868425  -9.4781  -9.5244   0.0871     6453.169     517.6024     1011.794    0.177   0
       124    412.581    684.800 327.8661677 +28.7824675     4.10 0.0004433126 -14.0547 -14.0934   0.0017     433874.9     693.7857      989.492    0.082   0
       125    781.215    698.166 327.8206343 +28.7819504     4.28   0.00046198  -9.6388  -9.7743   0.0693     8122.789     518.3071     1008.281    0.181   0
       126    307.221    640.086 327.8792815 +28.7870202     4.41 0.0004767946  -9.7551  -9.9889   0.0570     9898.272     519.2637      979.284    0.083   0
       127    887.207    920.588 327.8070251 +28.7582398     3.44 0.0003720585  -9.1762 -11.0628   0.0215     26615.02     527.0375     872.6866    0.422   0
       128    527.349    588.304 327.8522345 +28.7931572     4.74 0.0005115136  -8.7744  -9.3560   0.1016     5525.725     517.1543     1018.118    0.122   0
       129    527.359    925.261 327.8514202 +28.7568395     4.65 0.0005018751  -8.5021  -8.8603   0.1601     3500.566     516.1453     909.3555    0.237   0
       130     90.625    648.675 327.9059959 +28.7855421     4.64 0.0005014325 -10.4811 -10.5858   0.0331     17151.59     522.7585     922.2739    0.088   0
       131    465.414    658.673 327.8597097 +28.7854169     4.54 0.0004899378  -9.5711  -9.7102   0.0735     7657.187     518.1836     999.7833    0.169   0
       132    392.870    670.743 327.8686348 +28.7839329     4.57    0.0004939  -9.3638  -9.5329   0.0864     6503.596     517.5689     990.5828    0.208   0
       133    440.395    654.080 327.8628090 +28.7858488     4.11 0.0004436899 -12.9562 -13.0029   0.0040     158906.3     586.5441     999.7462    0.105   0
       134    787.942    656.647 327.8199029 +28.7864421     4.71 0.0005083621  -9.9156 -10.0293   0.0549     10273.94     519.4301     1017.038    0.167   0
       135    181.894    927.707 327.8940447 +28.7557012     4.73 0.0005111962 -10.1433 -10.1177   0.0507     11144.84     519.9355     843.2885    0.233   0
       136    301.622    585.173 327.8801068 +28.7929245     4.23 0.0004566302 -12.4825 -12.5653   0.0058     106199.9     563.6318     989.7479    0.073   0
       137    880.248    954.113 327.8078045 +28.7546093     5.13  0.000553857 -10.0357 -11.2077   0.0189     30415.83      529.078     880.2222    0.758   0
       138    271.890    972.074 327.8828308 +28.7511485     4.56 0.0004921611  -9.2613  -9.3607   0.1012     5549.656     517.1948      843.527    0.140   0
       139    882.488    877.698 327.8077089 +28.7628510     5.76     0.000622 -10.2529 -11.1887   0.0192     29886.34     528.8419     898.0388    0.236   0
       140     25.986    558.011 327.9141993 +28.7951482     4.83 0.0005213512 -10.4387 -10.4726   0.0367     15454.52      521.731     917.8413    0.044   0
       141    540.398    601.431 327.8505920 +28.7917751     4.30 0.0004640053 -12.8896 -12.9535   0.0042     151844.5     583.4495     1018.464    0.116   0
       142    551.488    617.537 327.8491843 +28.7900670     4.26 0.0004600584 -11.0622 -11.1863   0.0193     29820.05     528.8106       1016.4    0.131   0
       143    694.455    598.184 327.8315824 +28.7925107     4.48 0.0004841125 -10.6556 -10.7133   0.0295     19289.79     523.7372     1023.777    0.190   0
       144    876.027   1005.146 327.8082046 +28.7490984     7.23 0.0007813976 -10.3643 -10.8490   0.0261     21857.58     525.0185     879.4262    0.353   0
       145    154.542    858.689 327.8975897 +28.7630702     5.06 0.0005466786  -8.9194  -9.2275   0.1143     4909.201     516.8996     869.6701    0.032   0
       146    452.902    541.640 327.8615376 +28.7979994     5.70 0.0006157839  -9.0536  -9.1887   0.1185     4736.637     516.7292     1017.478    0.252   0
       147    761.418    563.368 327.8233993 +28.7964300     5.35 0.0005781266  -8.4795  -8.7332   0.1799     3113.751     515.8418     1026.589    0.153   0
       148    838.652    552.987 327.8138894 +28.7977407     4.45 0.0004807651  -9.0068  99.0000  99.0000    -3322.874     514.4615     1025.425    0.180   0
       149    628.851    976.375 327.8387733 +28.7515846     4.33 0.0004672279 -11.1543 -11.2440   0.0183     31449.02     529.5094     902.1172    0.205   0
       150    583.936    913.131 327.8444677 +28.7582888     5.50 0.0005940485  -8.5235  -8.9342   0.1496     3746.914     516.2936     921.6564    0.371   0
       151    767.467    907.633 327.8218323 +28.7593393     4.80 0.0005188308  -8.8314  -9.0584   0.1335     4201.101     516.4846     944.1271    0.377   0
