#   1 NUMBER                 Running object number                                     
#   2 X_IMAGE                Object position along x                                    [pixel]
#   3 Y_IMAGE                Object position along y                                    [pixel]
#   4 ALPHA_J2000            Right ascension of barycenter (J2000)                      [deg]
#   5 DELTA_J2000            Declination of barycenter (J2000)                          [deg]
#   6 FWHM_IMAGE             FWHM assuming a gaussian core                              [pixel]
#   7 FWHM_WORLD             FWHM assuming a gaussian core                              [deg]
#   8 MAG_BEST               Best of MAG_AUTO and MAG_ISOCOR                            [mag]
#   9 MAG_APER               Fixed aperture magnitude vector                            [mag]
#  10 MAGERR_APER            RMS error vector for fixed aperture mag.                   [mag]
#  11 FLUX_APER              Flux vector within fixed circular aperture(s)              [count]
#  12 FLUXERR_APER           RMS error vector for aperture flux(es)                     [count]
#  13 BACKGROUND             Background at centroid position                            [count]
#  14 ELLIPTICITY            1 - B_IMAGE/A_IMAGE                                       
#  15 FLAGS                  Extraction flags                                          
         1    833.965    197.210 238.0216741 +33.0297211   220.62   0.02370686 -17.0907 -13.5171   0.0066     255164.9       1550.1     2715.493    0.899  24
         2    458.824    122.394 238.0700528 +33.0367163     5.67 0.0006093393 -14.1479 -14.2089   0.0036     482551.3     1586.146     2997.941    0.167   0
         3    436.114    196.935 238.0728013 +33.0286686     5.32 0.0005714407 -10.1679  -9.9591   0.1704     9630.005     1510.621     3116.013    0.086   0
         4     61.026    251.567 238.1208735 +33.0217769     7.77 0.0008348282 -10.7274 -10.8936   0.0721     22774.28     1512.539     2780.551    0.405   0
         5    176.122    271.440 238.1060384 +33.0199688     5.29  0.000567912 -11.7135 -11.7626   0.0325     50705.09     1517.149     3004.163    0.186   0
         6    261.025    294.027 238.0950769 +33.0177847     4.21 0.0004523353  -8.8588 -10.0298   0.1596     10277.92     1510.387     3141.765    0.009   0
         7    491.713    361.649 238.0652823 +33.0111758     4.73 0.0005086163 -12.3572 -12.2828   0.0202     81866.62     1522.487     3354.924    0.042   0
         8      2.961    432.486 238.1279097 +33.0022334     4.85 0.0005210718 -11.1572 -11.0937   0.0467     27383.62     1178.495     2911.827    0.179  24
         9    807.985    578.478 238.0241654 +32.9888067     0.34 3.697771e-05  -8.1473  99.0000  99.0000     -32992.6     1508.771     3385.721    0.304   0
        10    720.246    885.906 238.0347485 +32.9556357     3.22 0.0003460159  -9.5474  99.0000  99.0000    -142437.8     1508.941     2324.575    0.205   0
        11    841.489    830.647 238.0193031 +32.9618827    70.96  0.007625455 -14.8766 -14.1706   0.0037     465833.2     1584.241     2382.477    0.438  18
        12    799.040    799.743 238.0248227 +32.9650789    33.52  0.003602244 -13.4617 -12.7001   0.0138     120241.5     1528.817     3284.406    0.521   3
        13    707.986    785.693 238.0365467 +32.9663381     4.42 0.0004747283 -11.0099 -11.0000   0.0654     25118.33     1513.097     3480.383    0.041   0
        14    715.535    775.426 238.0356002 +32.9674583     4.45 0.0004785122 -10.1438 -10.0551   0.1559     10520.76     1510.683     3480.383    0.074   0
        15    264.832    852.497 238.0932998 +32.9579684     4.20 0.0004517849 -10.5839 -11.9083   0.0284      57988.2     1518.391     3154.113    0.563   0
        16    101.439    781.560 238.1144449 +32.9651138     5.72 0.0006148975 -12.6145 -12.4741   0.0170     97638.84     1525.074     3073.055    0.068   0
        17    723.159    648.770 238.0349041 +32.9810474     4.41 0.0004736992 -11.3447 -11.3898   0.0457     35968.46     1514.804     3458.709    0.075   0
        18    713.422    683.894 238.0360763 +32.9772583     4.77 0.0005130923 -11.0149 -11.2070   0.0541     30395.81     1513.969     3475.816    0.044   0
        19    888.747    888.642 238.0131067 +32.9557968    54.34  0.005839397 -15.4493 -13.7959   0.0051     329878.9     1562.763      568.561    0.144  17
