#   1 NUMBER                 Running object number                                     
#   2 X_IMAGE                Object position along x                                    [pixel]
#   3 Y_IMAGE                Object position along y                                    [pixel]
#   4 ALPHA_J2000            Right ascension of barycenter (J2000)                      [deg]
#   5 DELTA_J2000            Declination of barycenter (J2000)                          [deg]
#   6 FWHM_IMAGE             FWHM assuming a gaussian core                              [pixel]
#   7 FWHM_WORLD             FWHM assuming a gaussian core                              [deg]
#   8 MAG_BEST               Best of MAG_AUTO and MAG_ISOCOR                            [mag]
#   9 MAG_APER               Fixed aperture magnitude vector                            [mag]
#  10 MAGERR_APER            RMS error vector for fixed aperture mag.                   [mag]
#  11 FLUX_APER              Flux vector within fixed circular aperture(s)              [count]
#  12 FLUXERR_APER           RMS error vector for aperture flux(es)                     [count]
#  13 BACKGROUND             Background at centroid position                            [count]
#  14 ELLIPTICITY            1 - B_IMAGE/A_IMAGE                                       
#  15 FLAGS                  Extraction flags                                          
         1    754.676     58.298 327.8254267 +28.8507699     6.98 0.0007532777 -12.9641 -13.0077   0.0041       159617     606.4866     866.5314    0.023   3
         2    841.855     76.393 327.8146185 +28.8490377   144.84   0.01563899 -15.3162 -12.7542   0.0051     126384.4      592.547     799.6564    0.599  19
         3    593.502     30.991 327.8453942 +28.8533081     6.32 0.0006824002 -12.9500 -12.8210   0.0048     134394.2     595.9442     842.2083    0.186   0
         4    820.993     10.039 327.8173557 +28.8561353    82.61  0.008919284 -13.9244 -12.7320   0.0049     123821.5     560.3965     394.4775    0.769  24
         5    480.926     10.453 327.8593453 +28.8552370     5.86 0.0006330683 -11.6519 -10.6540   0.0306     18264.41      514.874     737.8438    0.314  16
         6    796.565     60.581 327.8202491 +28.8506286    10.47  0.001130875 -11.2592 -11.3169   0.0178     33632.48     551.9995     798.6368    0.046   3
         7    567.965     82.849 327.8484197 +28.8476562     6.32 0.0006820816 -12.8502 -12.9251   0.0044     147928.8     601.6358     1029.797    0.103   0
         8    619.630     96.230 327.8420078 +28.8463445     6.15 0.0006638452 -13.1675 -13.2189   0.0035     193894.8     620.3898     1082.109    0.134   0
         9    359.208     65.702 327.8742370 +28.8489754     8.02 0.0008655164 -10.0787 -10.5268   0.0364     16245.72     544.0681     931.1599    0.276   0
        10    323.558     79.149 327.8786050 +28.8474357     4.39 0.0004734733  -9.4222 -10.8767   0.0265     22422.91      547.048     976.0956    0.568   0
        11    413.469     84.992 327.8674895 +28.8470348     4.60 0.0004970987  -9.4766 -10.6706   0.0319      18545.9     545.2286     1017.265    0.592   0
        12    737.755    107.780 327.8273951 +28.8453961     6.20 0.0006695936 -12.4009 -12.3617   0.0071     88040.64      576.199     1087.152    0.150   0
        13     35.779    116.887 327.9140403 +28.8426321     6.37 0.0006878289  -9.7100  -8.1577   0.3185     1832.651     537.5105     982.8819    0.176   0
        14    514.456    135.995 327.8548949 +28.8417949     5.82 0.0006288986 -11.1612 -10.9550   0.0247      24099.1     547.6945     1079.038    0.158   0
        15      6.376    129.985 327.9176372 +28.8411450     7.00 0.0007553813  -9.0989  99.0000  99.0000    -2835.848     462.3377     977.5835    0.214  16
        16    589.375    192.567 327.8455062 +28.8358883     5.88 0.0006346106 -14.7334 -14.7666   0.0011     806532.2     831.4053     1086.452    0.109   0
        17    418.727    142.253 327.8666982 +28.8408784     6.84 0.0007380064  -9.3662  -8.4982   0.2329     2507.808     537.7941     1073.124    0.319   0
        18    174.465    141.043 327.8968573 +28.8403860     6.92 0.0007476648  -9.2513  -8.6703   0.1988      2938.34     537.9791     1021.337    0.266   0
        19    698.991    192.660 327.8319735 +28.8361535     6.00 0.0006481613 -14.4561 -14.4914   0.0013     626005.8      775.213     1088.729    0.117   0
        20    362.435    153.560 327.8736197 +28.8395172     6.02 0.0006497047 -10.0497  -9.9854   0.0596     9866.021     541.2792     1066.185    0.167   0
        21    123.638    188.846 327.9030118 +28.8351049     5.61 0.0006054609 -12.2210 -12.2942   0.0075     82729.98     573.9896     1012.912    0.109   0
        22    352.870    179.473 327.8747361 +28.8367008     6.21 0.0006709827  -9.4671  -9.6784   0.0789      7436.41     540.2011     1066.632    0.283   0
        23    498.301    189.154 327.8567581 +28.8360264     5.91 0.0006382387  -9.7966  -9.9925   0.0592     9930.762     541.2488     1079.061    0.177   0
        24    172.667    199.595 327.8969322 +28.8340726     5.69 0.0006146575 -10.0260 -10.2566   0.0465     12666.09     542.5108     1026.963    0.176   0
        25    390.199    218.011 327.8700318 +28.8326432     5.59 0.0006038916 -12.3618 -12.4200   0.0068     92894.24     578.0756     1072.479    0.135   0
        26    178.264    218.209 327.8961945 +28.8320813     5.58 0.0006030218 -11.9449 -12.0038   0.0097      63319.5     565.3857     1028.368    0.126   0
        27    493.176    205.528 327.8573503 +28.8342491     5.99  0.000646801  -9.1461  -9.4265   0.0994     5896.608     539.4427     1078.606    0.256   0
        28    442.785    206.411 327.8635689 +28.8340265     3.45  0.000372504  -8.2382  -8.7899   0.1781     3280.667     537.9716     1076.737    0.407   0
        29    771.244    216.939 327.8229942 +28.8337180     6.18 0.0006669257  -8.7449  -9.1201   0.1316     4446.563     538.6946     1089.206    0.026   0
        30     98.347    242.949 327.9059976 +28.8292105     5.51 0.0005946936 -12.8247 -12.8705   0.0046     140664.4     598.5823     1005.382    0.079   0
        31    801.024    241.488 327.8192581 +28.8311473     6.10 0.0006585935 -10.6425 -10.5205   0.0366      16150.9     544.1293     1089.664    0.171   0
        32    762.666    263.208 327.8239404 +28.8287113     5.94  0.000641754 -12.7041 -12.7593   0.0051       126976      592.879     1088.978    0.138   0
        33     75.824    267.944 327.9087147 +28.8264594     5.39 0.0005815497 -11.7264 -11.7548   0.0121     50339.77     559.6461     996.3242    0.085   0
        34    809.759    261.020 327.8181323 +28.8290645    10.20  0.001101213 -10.0335  -9.8881   0.0651     9020.914     540.7983      1089.06    0.059   0
        35    415.914    282.508 327.8666972 +28.8257592     5.47 0.0005903285 -11.4924 -11.5641   0.0143     42233.77     556.0279     1074.926    0.118   0
        36    694.698    268.313 327.8323183 +28.8279912     6.66  0.000718629  -8.7924  -9.0079   0.1459     4010.324     538.5981      1087.92    0.102   0
        37    778.716    275.589 327.8219289 +28.8274173     6.41 0.0006916485 -10.2435 -10.3992   0.0408     14443.97     543.2995     1089.103    0.235   0
        38     69.013    283.636 327.9095158 +28.8247511     5.61  0.000606062 -10.4289 -10.4672   0.0384     15376.77     543.6836     993.2608    0.112   0
        39    613.834    293.545 327.8422385 +28.8250696     5.70 0.0006157564 -10.5148 -10.6173   0.0335     17657.05     544.8358     1083.603    0.173   0
        40    441.112    290.778 327.8635663 +28.8249319     5.94 0.0006413564  -9.2180  -9.4713   0.0954     6145.007     539.5276     1075.389    0.190   0
        41    835.533    290.836 327.8148781 +28.8259160     6.44 0.0006949667  -8.3929  99.0000  99.0000    -9190.823     536.6423      1086.77    0.287   0
        42    475.298    294.298 327.8593376 +28.8246391     6.49 0.0007002887  -9.1083  -9.2537   0.1165      5028.87     539.2822     1076.231    0.072   0
        43    559.296    295.401 327.8489662 +28.8247324     4.52 0.0004876008  -8.7452  -8.6212   0.2080     2808.634     537.8582     1079.062    0.203   0
        44    749.657    311.751 327.8254279 +28.8234484     6.13 0.0006620555 -10.3392 -10.4377   0.0394     14965.18     543.5693     1087.109    0.161   0
        45    601.786    309.154 327.8436873 +28.8233575     5.86 0.0006322476  -9.9189 -10.0486   0.0562     10457.88     541.4321     1081.807    0.139   0
        46    294.980    328.762 327.8815099 +28.8204679     5.19  0.000560208 -11.8934 -11.9535   0.0101     60448.93     564.0283     1056.714    0.106   0
        47    255.121    312.856 327.8864696 +28.8220800     4.54 0.0004901267  -8.6895  -9.1769   0.1249     4685.428     538.9265     1047.807    0.206   0
        48    825.376    323.429 327.8160528 +28.8223789     6.18 0.0006675336  -9.5043  99.0000  99.0000    -2764.182     536.5967     1084.886    0.190   0
        49    394.223    346.262 327.8692164 +28.8188348     5.27 0.0005691472 -12.0890 -12.1512   0.0085     72525.69     569.4276     1068.292    0.135   0
        50     91.986    353.064 327.9065048 +28.8173296     5.29  0.000570791 -13.0101 -13.0477   0.0040     165606.3     608.9505      1001.33    0.039   0
        51    903.330    334.403 327.8064036 +28.8213902     5.67 0.0006124455  -8.7270  99.0000  99.0000    -19783.23     536.6119     940.8073    0.326   0
        52    152.515    338.994 327.8990692 +28.8190011     5.57 0.0006009325  -9.9205 -10.0338   0.0570     10315.75     541.3815      1019.43    0.149   0
        53    332.981    351.898 327.8767615 +28.8180719     5.45 0.0005889297  -9.6084  -9.6730   0.0793     7399.208     540.1537     1063.205    0.138   0
        54    122.889    382.538 327.9026162 +28.8142333     5.29  0.000571579 -12.3767 -12.4428   0.0066     94865.32     579.2228     1008.026    0.154   0
        55    761.260    383.470 327.8238208 +28.8157498     5.49 0.0005931551 -12.0329 -12.0902   0.0090     68560.38     567.6984      1081.86    0.165   3
        56    759.390    395.955 327.8240212 +28.8143998     5.54 0.0005979919 -10.9672 -11.0928   0.0218     27360.28     549.1514     1080.858    0.159   3
        57    912.011    385.136 327.8052094 +28.8159453     4.43 0.0004785331  -9.3819  99.0000  99.0000    -26504.62     536.6727      909.589    0.304   0
        58    596.594    400.547 327.8441036 +28.8134970     5.68  0.000613188  -9.8728  -9.8939   0.0648     9069.409     540.7906     1076.792    0.180   0
        59     44.019    396.336 327.9123159 +28.8125437     6.50  0.000702313  -8.6756  -8.8479   0.1689     3460.685     538.2521     977.0934    0.230   0
        60    563.995    402.929 327.8481213 +28.8131583     5.39 0.0005819699  -9.6709  -9.3737   0.1043     5616.551     539.2524     1075.183    0.179   0
        61    621.458    423.619 327.8409780 +28.8110736     5.25  0.000566713 -12.4896 -12.5569   0.0060     105382.9     583.7028     1076.798    0.131   0
        62    448.619    424.462 327.8623083 +28.8105468     5.82 0.0006281506 -10.0327 -10.0085   0.0583     10078.16     541.3621     1068.514    0.207   0
        63    485.088    430.906 327.8577913 +28.8099448     6.71 0.0007241294  -8.9547  -8.0948   0.3375     1729.476     537.4929     1070.325    0.310   0
        64    514.641    437.555 327.8541274 +28.8093030     4.93 0.0005324702 -10.1751  -9.9098   0.0638     9203.169     540.9729     1071.056    0.156   0
        65    287.704    445.438 327.8821166 +28.8078779     5.05 0.0005448798 -11.1245 -11.1620   0.0205     29161.92     550.0303     1050.709    0.107   0
        66    318.732    442.237 327.8782950 +28.8083018     6.31 0.0006817275  -9.4514  -9.6268   0.0827     7090.997     539.9054     1055.995    0.258   0
        67    880.069    467.146 327.8089534 +28.8070296     5.53 0.0005966522 -11.8732 -11.9663   0.0100     61166.23      564.375     1024.136    0.174   0
        68    181.733    455.674 327.8951697 +28.8065041     5.36  0.000578639 -10.4612 -10.4728   0.0382     15456.75     543.8253     1020.706    0.090   0
        69    144.804    452.397 327.8997356 +28.8067625     3.44 0.0003716724  -8.3850  -8.0964   0.3369     1731.998     537.2817     1008.999    0.411   0
        70    496.811    484.659 327.8562116 +28.8041826     4.98 0.0005374351 -12.3775 -12.4441   0.0066     94983.32     579.2034      1067.92    0.129   0
        71    552.259    495.079 327.8493428 +28.8031998     5.01 0.0005405478 -11.6334 -11.7229   0.0124     48881.63     559.0672      1069.38    0.147   0
        72    333.075    483.189 327.8764228 +28.8039258     4.91 0.0005299575  -9.7672  -9.9392   0.0621     9455.495     540.9991     1055.717    0.151   0
        73     84.423    493.398 327.9070842 +28.8021896     5.71 0.0006162875  -9.4265  -9.4908   0.0936     6256.427     539.3829     983.2932    0.087   0
        74    238.636    497.665 327.8880417 +28.8021253     5.92 0.0006396005  -9.5840  -9.7248   0.0756     7760.703     540.2908     1033.443    0.133   0
        75    416.317    565.527 327.8659451 +28.7952656     4.85  0.000523162 -14.5157 -14.5545   0.0013     663410.6     787.2558     1056.695    0.095   0
        76    657.485    847.159 327.8354938 +28.7655285     4.64 0.0005009769 -13.3555 -13.4059   0.0030     230344.8     634.9724     998.7195    0.145   0
        77    850.025   1025.510 327.8113076 +28.7467922     4.99 0.0005389333  -9.9359  -9.9589   0.0501      9628.55     443.8221     940.4028    0.253  24
        78    855.622   1007.450 327.8106609 +28.7487520     4.97 0.0005368945 -10.9233 -11.0439   0.0228     26154.19     548.6912     941.2006    0.247   0
        79    460.127    990.598 327.8594871 +28.7495762     5.01 0.0005405473 -10.3392 -10.4158   0.0402     14666.72      543.372     902.8577    0.249   0
        80    784.756    978.950 327.8194717 +28.7516464     4.91 0.0005297138 -14.6520 -14.6877   0.0012     750009.6     814.2719     956.9014    0.163   0
        81    240.159    985.815 327.8866322 +28.7495326     5.46 0.0005899198 -10.3827 -10.3768   0.0417     14148.36     543.1334     853.4758    0.199   0
        82    368.819    981.430 327.8707728 +28.7503327     4.89 0.0005277554 -12.8439 -12.8960   0.0045     144018.9     599.8867     889.2068    0.152   0
        83    271.870    971.719 327.8827558 +28.7511324     5.39 0.0005821392  -9.4388  -9.6734   0.0792     7402.518     540.1703     870.7239    0.212   0
        84    345.735    846.695 327.8739554 +28.7647913     4.78 0.0005160326 -10.6082 -10.6768   0.0318     18652.34     545.3222     952.9459    0.148   0
        85    298.333    834.672 327.8798334 +28.7659661     4.09 0.0004413531  -8.3185  -8.3615   0.2641     2211.021     537.7471     949.4274    0.431   0
        86    854.547    828.323 327.8112276 +28.7680499     4.86  0.000524316 -11.3375 -11.5244   0.0148     40714.98     555.3446     996.7804    0.178   0
        87    794.012    825.804 327.8187022 +28.7681707     4.72 0.0005095509 -10.6028 -10.6440   0.0327     18096.05     544.8428      1014.68    0.175   0
        88    914.827    883.868 327.8036565 +28.7622146     3.92 0.0004231458  -8.6172  99.0000  99.0000    -20539.91     536.7182     846.5919    0.277   0
        89    887.572    867.650 327.8070581 +28.7638945    11.08  0.001196227 -11.5440 -11.1953   0.0199     30069.18     550.4721     919.5015    0.279   2
        90    886.918    843.876 327.8071962 +28.7664546     6.95  0.000750805 -10.6990 -11.1831   0.0201     29731.76     550.3781     929.4767    0.668   2
        91    290.978    879.874 327.8806280 +28.7610770     4.82  0.000520014 -10.6224 -10.6753   0.0318      18626.5     545.3104     924.9901    0.148   0
        92    117.933    840.164 327.9020753 +28.7649130     5.38 0.0005808737  -9.8109  -9.3418   0.1074     5454.225     539.1772     900.3541    0.077   0
        93    116.386    864.764 327.9022043 +28.7622585     5.13 0.0005537777 -11.1452 -11.1491   0.0207      28815.1      549.843     887.5638    0.112   0
        94    767.447    906.909 327.8217822 +28.7593655     4.03 0.0004348386  -8.7445  -8.8950   0.1618     3614.252     538.3839     982.9322    0.209   0
        95    883.357    832.696 327.8076626 +28.7676503     6.16 0.0006649016 -10.4378 -11.2434   0.0190     31432.07     551.1055     943.5211    0.189   2
        96    470.556    889.824 327.8584498 +28.7604608     4.93 0.0005328364 -10.7855 -10.8699   0.0267        22283     546.8798     952.4821    0.180   0
        97    638.301    880.481 327.8377789 +28.7618900     5.07   0.00054773  -8.9448  -8.6784   0.1974     2960.419     538.0348     982.9105    0.296   0
        98    886.368    820.733 327.8073201 +28.7689468     7.09 0.0007659593 -10.7489 -11.2083   0.0197     30430.28     550.6656     939.2814    0.498   0
        99    306.078    798.107 327.8789690 +28.7699256     4.76 0.0005142081 -10.5919 -10.7305   0.0302     19597.43     545.7254     969.1212    0.122   0
       100    603.462    803.292 327.8422663 +28.7701194     4.70 0.0005070481 -10.2025 -10.1824   0.0498     11829.03     542.2001     1009.673    0.195   0
       101    882.376    791.806 327.8078826 +28.7720538    15.63  0.001687302 -12.1871 -11.2750   0.0185     32358.18     551.2742      959.644    0.302   0
       102    325.982    793.656 327.8765245 +28.7704558     4.60 0.0004968269 -12.1957 -12.2539   0.0078     79721.12     572.5922     974.3385    0.124   0
       103    690.518    916.352 327.8312493 +28.7581559     4.77 0.0005149699 -11.3219 -11.4004   0.0165     36320.29     553.3922     973.6365    0.224   0
       104    710.017    767.613 327.8292071 +28.7742310     4.68 0.0005052671 -10.6132 -10.6414   0.0328     18053.78     544.8384     1030.891    0.202   0
       105    650.681    783.537 327.8364890 +28.7723666     4.64 0.0005011071 -10.5747 -10.6315   0.0331     17888.97      545.017     1020.808    0.186   0
       106    584.065    912.831 327.8443902 +28.7582681     4.48 0.0004833722  -8.3435  -8.2020   0.3058     1909.002     537.5764     960.0013    0.222   0
       107     56.279    793.234 327.9098000 +28.7698110     5.36 0.0005790184 -10.3095 -10.4210   0.0401     14736.75     543.4792     897.5231    0.072   0
       108    307.127    639.811 327.8792344 +28.7869842     4.99 0.0005390841  -9.8881 -10.1802   0.0499     11804.95     542.1138     1021.499    0.187   0
       109    498.103    730.669 327.8554444 +28.7776790     4.91 0.0005298721  -9.8477  -9.9128   0.0637     9228.142     540.9845     1021.543    0.176   0
       110    513.156    765.475 327.8535013 +28.7739666     5.23 0.0005642879  -8.9046  -9.0062   0.1461     4004.013     538.5346     1010.628    0.326   0
       111    781.307    697.908 327.8205809 +28.7819196     4.82 0.0005203188  -9.6617  -9.8950   0.0647     9078.526     540.9454     1052.514    0.182   0
       112    632.081    738.422 327.8388945 +28.7771809     4.65 0.0005020042 -12.3783 -12.4248   0.0067     93311.57     578.5096      1036.74    0.148   0
       113    582.725    708.138 327.8450587 +28.7803200     5.05 0.0005450447  -9.2339  -9.1573   0.1272     4601.862     538.7969     1039.787    0.329   0
       114     84.433    728.817 327.9064891 +28.7768241     5.22 0.0005638414 -10.6631 -10.7894   0.0287     20690.63     546.0917     932.3456    0.056   0
       115    880.133    744.424 327.8082740 +28.7771535     7.52 0.0008117197 -10.6944 -11.1387   0.0209     28542.38     549.8375     980.5197    0.392   0
       116    608.596    711.814 327.8418576 +28.7799889     3.43 0.0003706588  -8.0236  -7.3394   0.6760     862.4688     536.8467     1042.391    0.409   0
       117    237.708    713.882 327.8876150 +28.7788262     4.75 0.0005128125 -11.1767 -11.2246   0.0194     30890.57     550.8894     982.8887    0.102   0
       118    787.886    656.326 327.8198703 +28.7864164     4.81  0.000519541  -9.8515 -10.0623   0.0555     10590.86     541.6439     1062.069    0.159   0
       119     90.558    648.237 327.9059365 +28.7855221     5.15 0.0005555966 -10.5247 -10.6377   0.0329     17992.09     545.0194     959.0115    0.111   0
       120    882.504    705.988 327.8080745 +28.7813008     4.96 0.0005350338 -10.0493 -11.0986   0.0217     27507.34      549.337     981.6056    0.640   0
       121    412.503    684.365 327.8661210 +28.7824515     4.70 0.0005074989 -14.0558 -14.0946   0.0018     434353.5     710.7244     1031.599    0.104   0
       122    606.560    642.405 327.8422792 +28.7874625     5.02  0.000541874  -9.3233  -9.2427   0.1175     4978.375     538.8356     1059.801    0.186   0
       123    551.311    617.013 327.8491593 +28.7900593     4.79 0.0005167841 -11.0634 -11.1532   0.0206     28925.86     549.9822     1063.802    0.173   0
       124    527.312    924.752 327.8513620 +28.7568406     3.96 0.0004278385  -8.5163  -8.4852   0.2357     2477.894      537.856     946.4974    0.202   0
       125    884.829    682.346 327.8078449 +28.7838540     4.18 0.0004514539  -9.6099 -11.0875   0.0219     27226.33     549.2388     981.4621    0.121   0
       126    465.336    658.290 327.8596664 +28.7853948     4.61  0.000497925  -9.5965  -9.8086   0.0700     8383.612     540.6091     1043.529    0.204   0
       127    392.936    670.310 327.8685702 +28.7839162     5.43 0.0005867099  -9.5767  -9.8869   0.0652     9010.513     540.8989     1032.415    0.165   0
       128    440.322    653.678 327.8627645 +28.7858284     4.70 0.0005073452 -12.9638 -13.0129   0.0041     160381.5     606.8688       1043.1    0.120   0
       129    181.845    927.246 327.8939721 +28.7556941     4.98 0.0005380167 -10.0955 -10.0023   0.0587     10021.61     541.3209     873.2341    0.133   0
       130    527.511    588.338 327.8521669 +28.7930890     4.91 0.0005297213  -8.7918  -9.3486   0.1067       5488.3     539.2686      1065.01    0.252   0
       131    727.396    856.239 327.8268467 +28.7647251     6.34 0.0006848426  -8.6328  -8.9088   0.1597      3660.47     538.2086     1001.816    0.394   0
       132    885.008    958.227 327.8071553 +28.7541286     7.18 0.0007755543 -10.8170 -11.3050   0.0180     33267.16     551.7454     898.8094    0.162   2
       133    628.803    975.967 327.8387164 +28.7515778     4.83 0.0005214851 -11.1598 -11.2639   0.0187     32031.21     551.1999     935.9809    0.199   0
       134    883.080    902.185 327.8075287 +28.7601623     6.79 0.0007330492 -10.7202 -11.2739   0.0185      32326.2     551.4666     920.6251    0.555   0
       135    540.308    601.021 327.8505566 +28.7917547     4.88 0.0005269251 -12.8918 -12.9551   0.0043       152069     603.3672     1065.599    0.121   0
       136    301.522    584.805 327.8800633 +28.7928967     4.82 0.0005199786 -12.4924 -12.5681   0.0060     106470.2     584.0707     1033.248    0.090   0
       137    694.385    597.891 327.8315508 +28.7924791     5.07 0.0005473464 -10.6812 -10.7661   0.0293     20250.49     546.0394     1070.447    0.185   0
       138     25.937    557.638 327.9141395 +28.7951174     5.23 0.0005648737 -10.4227 -10.5178   0.0367     16111.16      544.126     953.9234    0.010   0
       139    838.133    552.515 327.8139220 +28.7977270     4.66 0.0005031046  -8.8858  99.0000  99.0000    -5104.388     536.7485     1072.276    0.169   0
       140    452.493    540.994 327.8615416 +28.7980006     5.42 0.0005854341  -8.8059  -9.0513   0.1401     4173.682     538.5377     1062.988    0.173   0
       141    876.012   1004.889 327.8081521 +28.7490786     7.64 0.0008248736 -10.6178 -10.9888   0.0239     24860.62     548.1163     911.1606    0.270   0
       142    761.678    562.906 327.8233318 +28.7964169     4.82 0.0005199139  -8.1398  -8.3746   0.2609     2237.988      537.699     1073.841    0.266   0
       143    154.738    858.736 327.8974881 +28.7630063     4.59  0.000495347  -8.6973  -8.1133   0.3318     1759.177     537.4915     904.0961    0.282   0
       144    884.148    981.103 327.8072060 +28.7516617     6.41 0.0006919364 -10.5720 -11.2007   0.0198     30219.95     550.5702     895.1764    0.441   0
       145    881.660    946.992 327.8075955 +28.7553309     5.06 0.0005466738 -10.0414 -11.2821   0.0184     32571.22     551.5629     909.2753    0.468   0
