#   1 NUMBER                 Running object number                                     
#   2 X_IMAGE                Object position along x                                    [pixel]
#   3 Y_IMAGE                Object position along y                                    [pixel]
#   4 ALPHA_J2000            Right ascension of barycenter (J2000)                      [deg]
#   5 DELTA_J2000            Declination of barycenter (J2000)                          [deg]
#   6 FWHM_IMAGE             FWHM assuming a gaussian core                              [pixel]
#   7 FWHM_WORLD             FWHM assuming a gaussian core                              [deg]
#   8 MAG_BEST               Best of MAG_AUTO and MAG_ISOCOR                            [mag]
#   9 MAG_APER               Fixed aperture magnitude vector                            [mag]
#  10 MAGERR_APER            RMS error vector for fixed aperture mag.                   [mag]
#  11 FLUX_APER              Flux vector within fixed circular aperture(s)              [count]
#  12 FLUXERR_APER           RMS error vector for aperture flux(es)                     [count]
#  13 BACKGROUND             Background at centroid position                            [count]
#  14 ELLIPTICITY            1 - B_IMAGE/A_IMAGE                                       
#  15 FLAGS                  Extraction flags                                          
         1    785.823    108.788 327.6976969 +28.9578169     2.02   0.00021838  -7.1688  -7.3336   0.4005     857.9348       316.39     600.7365    0.130   0
         2    219.932    205.645 327.7674201 +28.9460259     6.99 0.0007544942  -9.4697  -9.6331   0.0489     7132.264     321.4149     632.2188    0.132   0
         3    518.819    247.031 327.7303738 +28.9422869     1.55 0.0001671594  -7.4694  -7.9470   0.2281     1509.416     316.9846     624.6349    0.008   0
         4    158.663    302.342 327.7747569 +28.9354584     6.96 0.0007515678  -9.1494  -9.2138   0.0716     4847.463     319.6417     631.4869    0.070   0
         5    205.745    568.412 327.7682875 +28.9069050     6.55 0.0007077972  -8.7250  -9.3181   0.0651       5336.4     320.0415     630.3586    0.118   0
         6    931.005    848.669 327.6780096 +28.8784389     0.98 0.0001058787  -8.3274  -9.3057   0.0659     5275.673     319.9676     607.1835    0.165   0
         7    745.788    828.877 327.7009373 +28.8801351     5.85 0.0006313933 -10.5834 -10.6133   0.0203     17591.42     329.4583     619.3899    0.105   0
         8    726.928    818.677 327.7032914 +28.8811895     5.11 0.0005519986  -8.6590  -8.9067   0.0948     3653.313     318.7506     620.4868    0.174   0
         9    559.329    741.032 327.7241822 +28.8891570     5.98 0.0006454614  -9.0060  -9.1877   0.0733     4732.209     319.5869      624.425    0.105   0
        10    221.954    640.392 327.7661090 +28.8991888     5.37 0.0005798492 -11.0626 -11.1084   0.0132     27755.27     337.0659      628.974    0.038   0
        11    519.630    565.767 327.7295077 +28.9079463     6.28 0.0006777599  -9.2160  -9.4959   0.0554     6285.679     320.7734     630.6002    0.158   0
        12    522.899    540.083 327.7291655 +28.9107215     7.18 0.0007754577  -8.4969  -8.6796   0.1166     2963.843      318.236     630.2737    0.084   0
        13    898.535    506.363 327.6828262 +28.9152451     5.92  0.000639238 -10.3970 -10.4708   0.0231     15428.09     327.8385     607.0865    0.128   0
        14     20.701    467.396 327.7914019 +28.9173379     5.71 0.0006162517  -9.5017  -9.4014   0.0604     5761.868     320.3208     595.3981    0.127   0
        15     79.018    773.521 327.7834427 +28.8844970     3.75 0.0004050598  -8.7816 -10.6145   0.0203     17611.62     329.5079     599.1517    0.383   0
        16    271.647    718.605 327.7597787 +28.8908821     5.34 0.0005769802  -9.0810  -9.2152   0.0715     4853.682     319.6112     628.8351    0.110   0
        17    295.625    686.468 327.7568944 +28.8944027     5.57 0.0006013998 -10.5257 -10.5835   0.0209     17115.15     329.1653     628.4448    0.059   0
