#   1 NUMBER                 Running object number                                     
#   2 X_IMAGE                Object position along x                                    [pixel]
#   3 Y_IMAGE                Object position along y                                    [pixel]
#   4 ALPHA_J2000            Right ascension of barycenter (J2000)                      [deg]
#   5 DELTA_J2000            Declination of barycenter (J2000)                          [deg]
#   6 FWHM_IMAGE             FWHM assuming a gaussian core                              [pixel]
#   7 FWHM_WORLD             FWHM assuming a gaussian core                              [deg]
#   8 MAG_BEST               Best of MAG_AUTO and MAG_ISOCOR                            [mag]
#   9 MAG_APER               Fixed aperture magnitude vector                            [mag]
#  10 MAGERR_APER            RMS error vector for fixed aperture mag.                   [mag]
#  11 FLUX_APER              Flux vector within fixed circular aperture(s)              [count]
#  12 FLUXERR_APER           RMS error vector for aperture flux(es)                     [count]
#  13 BACKGROUND             Background at centroid position                            [count]
#  14 ELLIPTICITY            1 - B_IMAGE/A_IMAGE                                       
#  15 FLAGS                  Extraction flags                                          
         1    839.557     79.448 327.8149514 +28.8487356   144.21   0.01557776 -14.9501 -12.8526   0.0049     138374.1     620.5904     851.1884    0.617  18
         2    755.054     58.516 327.8254401 +28.8507810     6.47 0.0006986674 -12.9347 -13.0022   0.0043     158815.2     628.7994      903.332    0.139   3
         3    593.922     31.102 327.8454118 +28.8533318     5.28 0.0005698311 -12.9631 -12.8146   0.0050     133604.8     618.6372     871.1013    0.127   0
         4    820.930     10.110 327.8174159 +28.8561633    83.81  0.009052943 -14.0171 -12.8434   0.0047     137203.3     588.2263     377.4047    0.771  24
         5    481.389     10.361 327.8593641 +28.8552833     4.87 0.0005261849 -11.5983 -10.4361   0.0389     14943.55     535.8641     753.9898    0.245  16
         6    568.376     82.972 327.8484438 +28.8476762     5.76 0.0006217698 -12.8518 -12.9383   0.0045     149739.7     625.0521      1078.78    0.148   0
         7    359.794     66.294 327.8742513 +28.8489456     8.29 0.0008953969 -10.0736 -10.5345   0.0378     16359.97     569.1788     972.3358    0.567   0
         8    620.023     96.428 327.8420315 +28.8463559     5.74 0.0006203864 -13.1699 -13.2228   0.0036     194586.7     642.7391     1136.107    0.179   0
         9    323.020     79.495 327.8787623 +28.8474290     3.27  0.000353266  -9.2653 -10.8865   0.0275     22624.57     572.0488     1021.666    0.381   0
        10    414.046     84.332 327.8675057 +28.8471392     5.68 0.0006133355  -9.8677 -10.8123   0.0294     21131.24     571.3019     1059.884    0.333   0
        11    738.153    107.908 327.8274112 +28.8454147     5.79 0.0006256422 -12.4097 -12.3586   0.0074     87786.27     599.8654     1141.548    0.181   0
        12     36.251    116.964 327.9140958 +28.8426548     5.12 0.0005533965  -9.6729  -7.2549   0.7655     797.9147     562.4449     1028.047    0.122   0
        13    514.873    136.190 327.8549259 +28.8418047     5.40 0.0005833075 -11.1634 -10.8821   0.0276     22533.41      571.962     1133.739    0.187   0
        14      7.008    129.949 327.9176761 +28.8411795     5.13 0.0005536249  -9.0530  99.0000  99.0000    -3892.555     492.3885     1022.577    0.079  16
        15    419.146    142.179 327.8667365 +28.8409167     5.54 0.0005981736  -9.3293  -7.4716   0.6271     974.1901     562.5074     1126.999    0.260   0
        16    174.742    141.303 327.8969288 +28.8403875     6.48 0.0007000503  -9.1283  -8.0428   0.3708     1648.554     562.8229     1071.514    0.241   0
        17    589.739    192.740 327.8455428 +28.8358980     5.44 0.0005876689 -14.7327 -14.7674   0.0011     807179.5      848.191     1140.993    0.137   0
        18    362.905    153.666 327.8736559 +28.8395356     5.50 0.0005940599 -10.0391 -10.0379   0.0594     10355.16     566.6771     1119.008    0.212   0
        19    699.369    192.808 327.8320009 +28.8361660     5.46 0.0005892829 -14.4549 -14.4929   0.0014     626825.5     793.1407     1143.008    0.141   0
        20    124.034    189.002 327.9030760 +28.8351158     5.08 0.0005482564 -12.2313 -12.2955   0.0078     82836.11     597.5895     1060.764    0.085   0
        21    353.429    179.692 327.8747636 +28.8367061     5.04 0.0005448158  -9.4437  -9.7716   0.0758     8102.987     565.6511     1118.938    0.142   0
        22    773.971    179.805 327.8228166 +28.8377543     7.71 0.0008333314  -9.8573 -10.2719   0.0480      12845.6     567.5386     1142.871    0.163   0
        23    498.933    189.317 327.8567675 +28.8360378     5.87 0.0006344705  -9.6647  -9.9929   0.0619     9934.361     566.5388     1133.401    0.184   0
        24    173.114    199.847 327.8969872 +28.8340729     5.16 0.0005578481  -9.9402 -10.2096   0.0508     12129.82     567.4595     1077.828    0.161   0
        25    390.586    218.215 327.8700810 +28.8326482     5.14 0.0005555299 -12.3771 -12.4369   0.0069     94356.08     602.3599     1125.816    0.144   0
        26    178.700    218.345 327.8962521 +28.8320934     5.01 0.0005410961 -11.9166 -11.9837   0.0103     62155.01     588.9955     1079.556    0.109   0
        27    493.899    205.734 327.8573499 +28.8342555     6.00 0.0006485775  -9.3480  -9.5888   0.0896     6847.015     565.1115     1132.788    0.134   0
        28    443.558    205.889 327.8635676 +28.8341112     5.24 0.0005659365  -8.5276  -8.8080   0.1835     3335.791     563.5243     1130.859    0.318   0
        29    771.718    216.340 327.8230086 +28.8338105     6.15 0.0006648074  -9.0066  -9.2440   0.1230     4984.414     564.3503     1143.641    0.203   0
        30     98.742    243.073 327.9060677 +28.8292224     5.00 0.0005403462 -12.8268 -12.8753   0.0048       141294      621.708     1050.765    0.079   0
        31    149.689    226.837 327.8998147 +28.8311035     3.54 0.0003823942  -8.1321  -7.2727   0.7530     811.0868     562.3555     1070.149    0.288   0
        32    801.438    241.579 327.8192780 +28.8311641     5.35 0.0005775252 -10.6709 -10.5467   0.0374     16546.15      569.292     1144.369    0.209   0
        33    763.073    263.359 327.8239653 +28.8287206     5.38 0.0005806885 -12.7149 -12.7668   0.0052     127850.4     616.3074     1143.646    0.192   0
        34    810.405    261.055 327.8181245 +28.8290871    10.47  0.001131167 -10.0337  -9.8067   0.0734     8368.834     565.6738     1144.034    0.196   0
        35     76.268    268.098 327.9087821 +28.8264671     4.96 0.0005360017 -11.7392 -11.7884   0.0122     51924.78     584.7288     1041.071    0.069   0
        36    416.382    282.627 327.8667397 +28.8257707     5.15 0.0005567368 -11.5067 -11.5744   0.0148     42634.25      580.543     1127.944    0.159   0
        37    695.180    268.176 327.8323396 +28.8280316     4.58 0.0004947951  -8.7298  -9.1140   0.1385     4421.936     563.8792     1142.646    0.029   0
        38    779.160    275.668 327.8219492 +28.8274340     5.46 0.0005892983 -10.0468 -10.2466   0.0491     12549.68     567.5657     1143.927    0.228   0
        39     69.532    283.747 327.9095757 +28.8247630     5.08 0.0005483541 -10.4293 -10.4447   0.0410     15062.29       568.64     1038.198    0.069   0
        40    614.315    293.738 327.8422665 +28.8250731     5.30 0.0005722968 -10.5407 -10.6732   0.0333     18589.65     570.3297      1138.42    0.195   0
        41    441.304    290.992 327.8636414 +28.8249322     5.63 0.0006084559  -9.3150  -9.6487   0.0848     7235.985     565.1729      1128.57    0.229   0
        42    835.525    291.003 327.8149513 +28.8259216     4.87 0.0005261808  -8.4454  99.0000  99.0000    -10906.41      561.963     1141.993    0.172   0
        43    475.502    294.616 327.8594091 +28.8246282     6.24 0.0006745395  -9.1296  -9.0545   0.1463     4186.081     563.9331     1129.784    0.389   0
        44    559.595    295.324 327.8490212 +28.8247643     5.29 0.0005717886  -8.9738  -9.2488   0.1224     5006.255     564.1699     1133.203    0.140   0
        45    750.117    311.934 327.8254506 +28.8234523     5.42 0.0005854063 -10.3118 -10.3837   0.0434     14239.47     568.4354     1142.063    0.219   0
        46    602.047    309.382 327.8437444 +28.8233559     5.36 0.0005786758  -9.9475 -10.1261   0.0548     11231.26     566.9847     1136.028    0.181   0
        47    295.381    328.939 327.8815722 +28.8204708     4.91 0.0005308129 -11.9054 -11.9702   0.0104     61389.36     588.7463     1108.031    0.149   0
        48    254.981    313.189 327.8865999 +28.8220653     4.60 0.0004966604  -8.7897  -9.3866   0.1078     5683.861     564.3276     1098.657    0.195   0
        49    825.828    323.666 327.8160722 +28.8223766     5.29 0.0005715123  -9.4356  99.0000  99.0000     -5167.91     562.0743     1139.866    0.219   0
        50    394.644    346.461 327.8692706 +28.8188347     4.90 0.0005292426 -12.0946 -12.1653   0.0088     73469.94     593.7937     1119.615    0.161   0
        51     92.426    353.223 327.9065780 +28.8173331     4.90 0.0005291435 -13.0138 -13.0551   0.0041       166735     631.7848     1046.909    0.060   0
        52    903.506    334.461 327.8064530 +28.8214063     5.42 0.0005849616  -8.7182  99.0000  99.0000    -23304.18     562.1061     977.3442    0.344   0
        53    152.940    339.179 327.8991389 +28.8190025     4.99 0.0005392965  -9.9186  -9.9434   0.0648     9492.429      566.249     1067.877    0.157   0
        54    333.450    352.057 327.8768146 +28.8180759     5.16 0.0005570499  -9.5785  -9.6071   0.0881     6963.911     565.1158     1114.329    0.192   0
        55    123.327    382.744 327.9026896 +28.8142305     4.94 0.0005339281 -12.3803 -12.4381   0.0069     94461.62     602.5817     1054.978    0.221   0
        56    761.631    383.642 327.8238592 +28.8157515     5.21 0.0005630598 -12.0297 -12.1069   0.0092     69625.09     592.2029      1136.87    0.180   3
        57    759.793    396.058 327.8240568 +28.8144086     5.29 0.0005710096 -10.9714 -11.1305   0.0220     28327.73     574.4269     1135.779    0.220   3
        58    912.219    385.311 327.8052577 +28.8159466     4.42 0.0004770304  -9.2598  99.0000  99.0000    -31957.61     562.0743     948.1028    0.299   0
        59    597.096    400.971 327.8441376 +28.8134709     5.08 0.0005487789  -9.8799  -9.9588   0.0639     9627.914     566.3088     1129.203    0.186   0
        60     44.648    396.357 327.9123726 +28.8125606     5.79 0.0006252954  -8.6990  -8.6525   0.2116      2890.76     563.3745     1022.732    0.153   0
        61    564.532    403.040 327.8481541 +28.8131659     5.30 0.0005727422  -9.7190  -9.4568   0.1011     6063.725     564.7174     1127.919    0.239   0
        62    621.813    423.791 327.8410308 +28.8110733     4.96 0.0005355089 -12.4949 -12.5676   0.0062     106423.5     607.3623     1129.206    0.167   0
        63    740.033    402.866 327.8264810 +28.8136253     1.13 0.0001222551  -7.9758  -8.2022   0.3202     1909.296      562.907     1135.104    0.016   0
        64    449.068    424.723 327.8623612 +28.8105368     5.17  0.000558238 -10.0173 -10.0202   0.0604     10187.33     566.5715     1119.889    0.215   0
        65    485.295    430.921 327.8578726 +28.8099605     4.23 0.0004564947  -9.0522  -8.4709   0.2501     2445.566     563.1451     1121.601    0.082   0
        66    515.054    437.652 327.8541816 +28.8093102     4.80 0.0005186528 -10.1878 -10.0253   0.0601     10236.01     566.5457     1123.089    0.181   0
        67    288.107    445.543 327.8821880 +28.8078834     4.82 0.0005204144 -11.1303 -11.1836   0.0210     29746.59     575.1684     1101.399    0.162   0
        68    319.545    442.069 327.8783141 +28.8083380     4.94 0.0005332903  -9.3259  -9.4777   0.0992     6181.117     564.7219     1108.446    0.089   0
        69    880.461    467.280 327.8089874 +28.8070321     5.02 0.0005418458 -11.8765 -11.9813   0.0103      62015.6     589.0728     1072.232    0.210   0
        70    182.185    455.835 327.8952428 +28.8065031     4.76 0.0005144333 -10.4473 -10.4315   0.0415      14879.9     568.5598     1068.388    0.092   0
        71    145.114    451.869 327.8998302 +28.8068354     4.51 0.0004874462  -8.4378  -8.0320   0.3745     1632.337     562.8475     1055.945    0.189   0
        72    497.219    484.751 327.8562711 +28.8041882     4.69 0.0005069984 -12.3811 -12.4517   0.0068     95651.71     603.1049     1119.866    0.162   0
        73    333.580    483.192 327.8764816 +28.8039411     4.93 0.0005329054  -9.7773  -9.9460   0.0646      9515.01     566.0064      1107.98    0.214   0
        74    552.686    495.210 327.8493969 +28.8032009     4.74 0.0005119914 -11.6523 -11.7330   0.0128     49338.62     583.5302     1121.789    0.165   0
        75     84.705    493.483 327.9071880 +28.8021946     5.03 0.0005433091  -9.3324  -9.3675   0.1098     5584.468     564.5527     1027.955    0.067   0
        76    239.178    497.741 327.8881032 +28.8021319     4.71 0.0005091535  -9.6086  -9.6440   0.0852     7204.154     565.2695     1082.834    0.101   0
        77    416.695    565.686 327.8660198 +28.7952602     4.52 0.0004886884 -14.5157 -14.5557   0.0013     664148.1     804.9855     1109.921    0.127   0
        78    887.583    956.691 327.8069601 +28.7542951    17.98  0.001942571 -12.3377 -11.4232   0.0169     37092.88     578.3372     926.1484    0.280   2
        79    850.488   1025.525 327.8113770 +28.7467831     4.37 0.0004725075  -9.9263  -9.8391   0.0584       8622.9     463.5024      979.725    0.253  24
        80    876.374   1004.879 327.8082306 +28.7490729     6.14 0.0006637631 -10.6276 -11.0249   0.0242     25700.65     573.3448     949.2227    0.265   0
        81    460.535    990.725 327.8595869 +28.7495559     4.56 0.0004928687 -10.4078 -10.4901   0.0393     15705.16     568.9854     938.3062    0.185   0
        82    785.128    979.183 327.8195528 +28.7516156     4.51 0.0004867811 -14.6544 -14.6925   0.0012     753338.1     832.2346     997.9924    0.166   0
        83    240.641    985.871 327.8867376 +28.7495198     5.18 0.0005591061 -10.3527 -10.3007   0.0468     13190.61     567.8637     886.4698    0.236   0
        84    369.195    981.648 327.8708818 +28.7503027     4.68 0.0005060553 -12.8422 -12.8999   0.0047     144525.7     622.9202     924.6947    0.184   0
        85    854.936    828.514 327.8112907 +28.7680304     4.39 0.0004742574 -11.3270 -11.5363   0.0153     41164.79     580.1102     1042.391    0.202   0
        86    794.468    825.917 327.8187610 +28.7681597     4.30 0.0004642441 -10.6351 -10.7114   0.0322     19255.24      570.637     1060.875    0.163   0
        87    915.221    883.658 327.8037198 +28.7622361     3.46 0.0003742191  -8.6045  99.0000  99.0000    -27047.57     562.0743     879.0709    0.187   0
        88    884.008    870.729 327.8076029 +28.7635522     7.98 0.0008621102 -11.1332 -11.3539   0.0180     34796.89     577.2974     969.6619    0.689   2
        89    116.730    864.929 327.9023258 +28.7622387     5.18 0.0005600747 -11.1415 -11.1343   0.0220     28427.51     574.6259      920.983    0.201   0
        90    155.117    858.146 327.8976041 +28.7630683     4.49 0.0004851944  -8.5849  -8.2985   0.2931     2086.358     563.0491     940.5674    0.177   0
        91    880.591    879.823 327.8080034 +28.7625635    10.47  0.001130729 -11.6793 -11.3880   0.0175     35910.01     577.5472     974.0961    0.336   2
        92    118.400    840.161 327.9021802 +28.7649127     5.16 0.0005577655  -9.8698  -9.3616   0.1103     5554.688      564.302     935.9446    0.222   0
        93    727.928    856.164 327.8269034 +28.7647332     4.76 0.0005140716  -8.8484  -9.1568   0.1332      4599.67     564.1006     1046.743    0.207   0
        94    885.436    795.548 327.8076029 +28.7716598     6.01 0.0006487523 -10.4972 -11.3590   0.0179     34961.89     577.4153     989.8799    0.663   2
        95    298.819    834.839 327.8799228 +28.7659481     5.42 0.0005856991  -8.7084  -8.8540   0.1758     3480.189     563.4932     990.3145    0.056   0
        96    886.199    808.241 327.8074791 +28.7702934    10.00   0.00107987 -11.6025 -11.3113   0.0187        33459     576.5628     983.1713    0.788   0
        97    291.453    880.002 327.8807226 +28.7610612     4.75 0.0005131975 -10.6044 -10.6386   0.0344     18006.39     569.8701     963.4529    0.213   0
        98    767.811    907.135 327.8218600 +28.7593386     4.59  0.000495669  -8.5665  -7.4714   0.6272     973.9642     562.4755     1028.275    0.314   0
        99    326.372    793.823 327.8766208 +28.7704395     4.45 0.0004811098 -12.1861 -12.2401   0.0082     78713.01     595.9521     1017.914    0.154   0
       100    603.838    803.416 327.8423463 +28.7701077     4.44 0.0004791317 -10.2345 -10.2554   0.0487      12652.3     567.5794     1056.509    0.172   0
       101    651.161    783.762 327.8365512 +28.7723452     4.32 0.0004664967 -10.5815 -10.6291   0.0347     17850.25     569.9741     1069.472    0.221   0
       102    306.546    798.311 327.8790573 +28.7699053     4.58 0.0004945461 -10.5493 -10.6438   0.0342     18092.68     570.0491      1011.96    0.188   0
       103     56.687    793.407 327.9099123 +28.7697935     5.36 0.0005787752 -10.2353 -10.2383   0.0495     12454.48     567.5081     934.9115    0.185   0
       104    710.430    767.719 327.8292727 +28.7742230     4.27 0.0004617257 -10.6395 -10.7121   0.0322     19268.15     570.5487     1079.147    0.158   0
       105    690.929    916.536 327.8313275 +28.7581330     4.27 0.0004609194 -11.3447 -11.4199   0.0170     36977.98     578.2567     1015.117    0.185   0
       106    470.986    890.017 327.8585385 +28.7604378     4.40 0.0004749813 -10.7555 -10.7709   0.0305     20339.98     570.8147     995.1083    0.209   0
       107    880.411    776.426 327.8082682 +28.7737084     9.90  0.001069876 -11.5166 -11.3676   0.0178     35239.77     577.2725      1012.11    0.432   2
       108    884.359    748.033 327.8078474 +28.7767788    12.97  0.001401537 -11.8896 -11.2910   0.0191     32840.88     576.4808     1008.263    0.235   2
       109    663.403    747.222 327.8351268 +28.7763146     3.14 0.0003387491  -8.2011  -8.6596   0.2102     2909.555      563.113     1082.871    0.407   0
       110    513.582    765.469 327.8535786 +28.7739706     4.13 0.0004461176  -8.9054  -8.7940   0.1858     3293.086      563.553     1058.643    0.290   0
       111    882.183    760.661 327.8080864 +28.7754122     8.25 0.0008911868 -10.9921 -11.3377   0.0183      34284.1     577.1373     1010.595    0.735   2
       112    632.459    738.569 327.8389674 +28.7771696     4.30 0.0004647425 -12.3908 -12.4496   0.0069     95464.98     603.0867      1084.46    0.168   0
       113    182.137    927.432 327.8941003 +28.7556692     5.16 0.0005570459 -10.0975  -9.9846   0.0624     9859.468     566.4742     905.3797    0.230   0
       114     84.917    729.004 327.9065852 +28.7768082     5.02 0.0005427869 -10.6983 -10.8441   0.0285     21758.88     571.5922     972.7384    0.117   0
       115    498.554    730.770 327.8555169 +28.7776729     4.73 0.0005108587  -9.7715  -9.8440   0.0710     8661.252     565.8661     1071.531    0.166   0
       116    583.180    708.235 327.8451233 +28.7803155     5.26 0.0005683076  -9.1295  -9.2846   0.1184     5173.939     564.2442     1089.647    0.149   0
       117    883.217    915.171 327.8075963 +28.7587598    12.84  0.001386731 -12.0096 -11.3974   0.0173     36221.71      577.775     953.7952    0.266   2
       118    238.113    714.048 327.8877094 +28.7788134     4.74 0.0005117913 -11.1779 -11.2467   0.0198     31526.91     575.9572     1027.034    0.169   0
       119     90.955    648.311 327.9060373 +28.7855217     4.92 0.0005319054 -10.4412 -10.5112   0.0386     16012.54     569.1518     1002.161    0.146   0
       120    412.872    684.537 327.8662058 +28.7824394     4.42 0.0004771851 -14.0576 -14.0951   0.0018     434567.3     730.2253     1081.186    0.132   0
       121    781.520    697.917 327.8206613 +28.7819248     4.23 0.0004570051  -9.5868  -9.6204   0.0871     7049.525     565.2169     1104.788    0.159   0
       122    606.985    642.479 327.8423410 +28.7874633     4.85 0.0005244481  -9.5404  -9.5002   0.0972     6310.558     564.8267     1110.392    0.320   0
       123    307.641    639.978 327.8793052 +28.7869749     5.08  0.000548439  -9.7695 -10.0824   0.0571      10788.3     566.7736     1070.392    0.173   0
       124    638.843    880.585 327.8378419 +28.7618776     4.70 0.0005082153  -9.0954  -9.1044   0.1397     4383.017     563.9095     1025.367    0.262   0
       125    527.881    925.293 327.8514314 +28.7567791     4.56 0.0004929327  -8.4689  -8.6659   0.2091     2926.595     563.3586     986.7194    0.270   0
       126    393.372    670.551 327.8686469 +28.7838975     4.95 0.0005346958  -9.4505  -9.6311   0.0862     7119.445     565.1846     1082.285    0.183   0
       127    465.720    658.202 327.8597445 +28.7854120     4.82 0.0005210067  -9.5639  -9.6851   0.0820     7482.223     565.2818     1094.648    0.198   0
       128    883.164    675.393 327.8081653 +28.7846059     8.41 0.0009079596 -11.1295 -11.2266   0.0202     30948.52     575.4887     1033.988    0.386   0
       129    440.741    653.822 327.8628390 +28.7858209     4.41 0.0004765863 -12.9609 -12.9996   0.0043     158435.4     628.5916     1094.436    0.133   0
       130    788.290    656.331 327.8199236 +28.7864244     4.70 0.0005076592  -9.8898  -9.9728   0.0631     9752.395     566.4269     1115.176    0.159   0
       131    883.290    853.876 327.8077312 +28.7653670    10.55  0.001139538 -11.3940 -11.3399   0.0182     34352.57     577.1979     978.3148    0.642   0
       132    301.922    584.939 327.8801445 +28.7928930     4.54  0.000489916 -12.4930 -12.5703   0.0062     106688.8     607.6628     1083.966    0.150   0
       133    657.863    847.335 327.8355730 +28.7655093     4.31  0.000465337 -13.3552 -13.4032   0.0031     229754.3     656.3571     1045.048    0.163   0
       134    272.129    971.696 327.8828858 +28.7511282     4.99 0.0005387153  -9.3530  -9.5205   0.0954     6429.829     564.9111      904.503    0.233   0
       135    540.703    601.180 327.8506232 +28.7917480     4.51 0.0004873992 -12.8969 -12.9591   0.0045     152633.8     626.3085     1117.185    0.163   0
       136    551.783    617.283 327.8492167 +28.7900402     4.59 0.0004958468 -11.0713 -11.1771   0.0211     29570.42     574.9986     1115.135    0.168   0
       137    694.725    597.994 327.8316137 +28.7924787     4.79 0.0005177368 -10.6343 -10.7367   0.0314     19709.52     570.6638     1123.673    0.214   0
       138    856.044   1007.575 327.8107334 +28.7487318     4.52 0.0004886537 -10.9276 -11.0639   0.0234     26641.49     573.7393     981.9888    0.253   0
       139    527.673    588.235 327.8522630 +28.7931105     4.52 0.0004882554  -8.8222  -9.4833   0.0987     6213.258     564.8311     1116.225    0.258   0
       140    839.007    552.654 327.8139057 +28.7977264     4.54 0.0004906324  -8.8871  99.0000  99.0000    -6512.277      561.963     1126.052    0.141   0
       141    453.435    541.290 327.8615420 +28.7979830     4.56 0.0004928012  -8.7520  -9.1285   0.1367      4481.46     564.0165     1115.643    0.192   0
       142     26.444    557.720 327.9142242 +28.7951203     5.14 0.0005547671 -10.4149 -10.4516   0.0408      15157.7     568.7762     994.7095    0.092   0
       143    761.858    563.149 327.8234070 +28.7964026     5.13 0.0005545383  -8.2456  -8.2069   0.3188     1917.521     562.8471     1127.555    0.419   0
       144    584.434    912.702 327.8444812 +28.7582788     4.08 0.0004412468  -8.2661  -8.8055   0.1839     3328.153     563.4733       1000.9    0.512   0
       145    629.151    976.186 327.8388109 +28.7515482     4.54 0.0004905401 -11.1636 -11.2751   0.0193     32361.36     576.2263     975.9304    0.219   0
       146    346.137    846.867 327.8740528 +28.7647722     4.49 0.0004845359 -10.6062 -10.6465   0.0341     18137.74     570.0688     995.1133    0.179   0
