#   1 NUMBER                 Running object number                                     
#   2 X_IMAGE                Object position along x                                    [pixel]
#   3 Y_IMAGE                Object position along y                                    [pixel]
#   4 ALPHA_J2000            Right ascension of barycenter (J2000)                      [deg]
#   5 DELTA_J2000            Declination of barycenter (J2000)                          [deg]
#   6 FWHM_IMAGE             FWHM assuming a gaussian core                              [pixel]
#   7 FWHM_WORLD             FWHM assuming a gaussian core                              [deg]
#   8 MAG_BEST               Best of MAG_AUTO and MAG_ISOCOR                            [mag]
#   9 MAG_APER               Fixed aperture magnitude vector                            [mag]
#  10 MAGERR_APER            RMS error vector for fixed aperture mag.                   [mag]
#  11 FLUX_APER              Flux vector within fixed circular aperture(s)              [count]
#  12 FLUXERR_APER           RMS error vector for aperture flux(es)                     [count]
#  13 BACKGROUND             Background at centroid position                            [count]
#  14 ELLIPTICITY            1 - B_IMAGE/A_IMAGE                                       
#  15 FLAGS                  Extraction flags                                          
         1    833.132    181.336 200.9192470 +36.2162418   175.71   0.01891704 -15.7144 -12.2133   0.0099     76790.34     697.4204     1172.218    0.910  16
         2    508.933     39.898 200.9628531 +36.2305573     6.84   0.00073637  -9.8217  -9.9385   0.0773     9448.985     672.8857     1221.351    0.385   0
         3    461.167     80.594 200.9691260 +36.2260427     6.65 0.0007156252 -10.3033 -10.1114   0.0660     11080.37     673.1905     1240.237    0.354   0
         4    528.200    136.260 200.9600433 +36.2202410     5.65 0.0006084077  -9.8142  -9.8030   0.0875     8340.422     672.2476     1285.703    0.291   0
         5    597.018    156.871 200.9508102 +36.2182163     7.30 0.0007861712 -10.6792 -10.7446   0.0370     19853.89     676.7218     1308.626    0.259   0
         6    261.003    294.001 200.9952960 +36.2025071     0.00            0  -8.8098  -9.3667   0.1306     5580.415      671.126     1302.783    0.003   0
         7    177.880    321.725 201.0063138 +36.1992855     5.49  0.000591121 -10.2042 -10.2584   0.0577     12686.66     674.1064     1288.589    0.258   0
         8    431.657    382.564 200.9723102 +36.1934609     4.90 0.0005277614  -9.5071  -9.7408   0.0927     7876.272     672.2635     1365.594    0.138   0
         9    874.480    440.868 200.9131039 +36.1884248     4.00 0.0004301125 -12.0042 -11.2340   0.0237     31158.87     680.8853     1172.118    0.073   0
        10     87.365    716.344 201.0173790 +36.1565564     4.35  0.000467945  -8.8174  -8.7487   0.2305      3158.38     670.4878     1304.454    0.148   0
        11    857.531    711.226 200.9147116 +36.1592815     3.99 0.0004296392  -9.5511  -9.8287   0.0855      8540.15      672.548     1325.524    0.168   0
        12    853.028    693.029 200.9153559 +36.1612274     5.39 0.0005802038  -9.9598 -10.4107   0.0502      14597.4     674.6456     1326.991    0.180   0
        13    296.497    467.101 200.9901252 +36.1839792     4.62 0.0004975661 -10.5603 -10.7132   0.0381     19288.18     676.8124      1368.54    0.171   0
        14    888.159    887.975 200.9102025 +36.1403439    59.00  0.006352261 -13.7994 -12.4373   0.0081      94389.7     703.6108     552.6279    0.149  16
        15    433.395    494.882 200.9717984 +36.1813781     4.28 0.0004609259 -12.2275 -12.3061   0.0091     83647.74     699.7474     1385.122    0.114   0
        16    840.888    830.275 200.9166428 +36.1464230    79.23  0.008530339 -13.8890 -12.8271   0.0058     135160.8     718.0923      1081.12    0.472  16
        17    148.968    782.205 201.0089987 +36.1496456     4.26 0.0004588771  -9.5023 -10.6408   0.0407     18043.55     675.7339      1310.04    0.194   0
        18    854.369    622.904 200.9153465 +36.1687781     4.16 0.0004482608 -12.4196 -12.5109   0.0076     101009.7     705.9949     1315.927    0.077   0
        19    158.185    534.825 201.0083989 +36.1762951     4.46 0.0004805197 -10.3994 -10.4659   0.0477     15358.88     674.7775     1342.095    0.166   0
        20    420.603    535.416 200.9734032 +36.1769795     4.21 0.0004532742 -12.1155 -12.2054   0.0099     76238.19      696.877     1384.394    0.121   0
        21    815.118    478.446 200.9209302 +36.1842162     7.40 0.0007965031 -10.0889 -10.7030   0.0384     19107.85     676.4648     1349.949    0.376   0
