#   1 NUMBER                 Running object number                                     
#   2 X_IMAGE                Object position along x                                    [pixel]
#   3 Y_IMAGE                Object position along y                                    [pixel]
#   4 ALPHA_J2000            Right ascension of barycenter (J2000)                      [deg]
#   5 DELTA_J2000            Declination of barycenter (J2000)                          [deg]
#   6 FWHM_IMAGE             FWHM assuming a gaussian core                              [pixel]
#   7 FWHM_WORLD             FWHM assuming a gaussian core                              [deg]
#   8 MAG_BEST               Best of MAG_AUTO and MAG_ISOCOR                            [mag]
#   9 MAG_APER               Fixed aperture magnitude vector                            [mag]
#  10 MAGERR_APER            RMS error vector for fixed aperture mag.                   [mag]
#  11 FLUX_APER              Flux vector within fixed circular aperture(s)              [count]
#  12 FLUXERR_APER           RMS error vector for aperture flux(es)                     [count]
#  13 BACKGROUND             Background at centroid position                            [count]
#  14 ELLIPTICITY            1 - B_IMAGE/A_IMAGE                                       
#  15 FLAGS                  Extraction flags                                          
         1    853.334     89.495 238.0167956 +32.9315123   112.27   0.01203154 -14.6406 -12.4641   0.0057     96748.59     506.6249     741.9965    0.461  19
         2    817.943     46.875 238.0214036 +32.9359584    74.07  0.007937339 -13.4383 -11.9746   0.0086     61637.24     488.9558     620.0703    0.746  19
         3    821.685      9.575 238.0209832 +32.9399461    79.27  0.008494349 -13.5464 -12.2986   0.0061     83066.07     469.7468     439.4115    0.776  24
         4    489.037     39.811 238.0636074 +32.9357895     6.10 0.0006533765  -9.6150  99.0000  99.0000    -121.6207     456.2767     752.9299    0.233   0
         5    293.749     58.215 238.0886278 +32.9332729     1.24 0.0001327949  -7.1920  -8.4492   0.2073     2397.099     457.6655     781.0159    0.220   0
         6     61.887    110.853 238.1182794 +32.9269958     6.60 0.0007070422 -13.8416 -13.8763   0.0019     355232.6     621.2077     848.3801    0.028   0
         7    726.997    120.055 238.0329521 +32.9279020     7.14 0.0007650048 -10.2717  -9.6975   0.0661     7568.471     460.4177     916.1418    0.095   0
         8    748.725    124.631 238.0301578 +32.9274747     7.01 0.0007515993  -9.9583  -7.2813   0.6067     817.5963      456.789     916.2495    0.134   0
         9    368.994    139.901 238.0788394 +32.9247772     9.02 0.0009670527  -9.8325  -9.8806   0.0559     8958.841     461.1465     901.1107    0.173   0
        10    697.989    188.080 238.0365630 +32.9205676     6.75 0.0007233876 -11.8808 -11.9368   0.0089     59528.65     487.8523     917.3024    0.090   0
        11    319.477    183.094 238.0851182 +32.9200308     6.67 0.0007149756  -9.8378  -9.9304   0.0534     9378.878     461.4635     898.0049    0.077   0
        12    475.009    179.963 238.0651753 +32.9208059     9.44  0.001011834  -9.2951  -9.3491   0.0908     5490.991     459.2498     909.5306    0.145   0
        13    109.185    252.041 238.1119715 +32.9120777     6.33 0.0006782365 -13.8054 -13.8382   0.0020     342979.6     616.1899     862.2033    0.045   0
        14    759.149    272.864 238.0285823 +32.9116982     6.59 0.0007061156 -12.2235 -12.2724   0.0067     81088.85     498.7194     917.8585    0.083   0
        15    231.877    271.602 238.0962040 +32.9103437    10.91  0.001168811 -10.3087 -10.2937   0.0384     13106.87     463.4152     886.8361    0.249   0
        16    578.261    323.693 238.0516973 +32.9057717     6.08 0.0006513686 -11.3313 -11.4355   0.0138     37515.49     476.5124     910.0414    0.079   0
        17      3.682    312.837 238.1253968 +32.9052913     6.98 0.0007483931  -8.6156  -8.4501   0.1653     2399.162     365.0685      833.814    0.129  16
        18    284.485    337.480 238.0893466 +32.9034696     5.96 0.0006388283 -11.1666 -11.2309   0.0165     31072.04     473.0948     893.6888    0.082   0
        19     40.387    340.253 238.1206428 +32.9024740     7.85 0.0008414519  -9.1463  -9.2950   0.0955     5223.878      459.207     842.6386    0.107   0
        20    447.770    378.357 238.0683405 +32.8995749     5.89 0.0006312102 -10.8880 -10.9524   0.0212     24042.29     469.3152     903.4077    0.042   0
        21    313.925    379.625 238.0855009 +32.8990597     1.58 0.0001695313  -7.4238  -7.2387   0.6311     786.0988     456.8104     895.9835    0.118   0
        22    508.459    429.212 238.0604749 +32.8943240     5.67 0.0006073143 -12.1963 -12.2412   0.0069     78794.43      497.639     903.2415    0.071   0
        23    155.621    446.389 238.1056859 +32.8914886     6.34 0.0006794941  -9.9122  -9.9427   0.0528     9485.971     461.3044       864.98    0.075   0
        24    539.010    454.018 238.0565169 +32.8917651     6.27 0.0006721185  -8.8928  -9.0792   0.1163     4282.307     458.5271     903.5108    0.418   0
        25    267.167    488.362 238.0913134 +32.8873323     5.61 0.0006007052 -12.4709 -12.5120   0.0055     101107.6     508.7366     885.1484    0.082   0
        26     10.418    489.464 238.1242287 +32.8864779     6.13 0.0006564918 -10.4949 -10.4832   0.0306      15605.4     439.0096     825.5472    0.147  16
        27    437.207    495.891 238.0695002 +32.8870128     5.70 0.0006102921  -9.7608  -9.7747   0.0616      8126.26     460.7844     898.6346    0.110   0
        28    776.144    508.805 238.0260243 +32.8865880     6.91 0.0007400447  -8.6252  -8.8335   0.1457     3415.014      458.144     907.2543    0.269   0
        29    888.847    968.167 238.0108461 +32.8379209     3.68 0.0003942688  -9.2214 -10.8948   0.0223     22799.96     468.6906     773.9241    0.261   0
        30    510.183   1019.227 238.0592836 +32.8314179     5.28 0.0005655218  -8.6803  -7.4461   0.4943     951.5384     433.0808      785.677    0.140  16
        31    797.845   1013.195 238.0224350 +32.8328670     5.30 0.0005674314  -9.9647  -9.8876   0.0555     9016.455     461.1649     816.0082    0.223   0
        32    906.135    619.071 238.0091834 +32.8751918     5.09 0.0005456293 -11.2121 -10.9565   0.0211     24132.62     469.4009      805.238    0.120   0
        33    807.955    861.621 238.0213818 +32.8490569     4.82 0.0005169049 -12.8356 -12.8765   0.0041     141455.2     528.1696     855.0103    0.116   0
        34    626.138    692.482 238.0449575 +32.8665836     5.84 0.0006260949  -8.3642  -8.4239   0.2123     2341.867     457.7254     886.7445    0.108   0
        35    127.437    627.030 238.1089917 +32.8721468     5.99 0.0006421679 -10.0948 -10.2402   0.0403     12475.57     463.1381     837.6265    0.145   0
        36    378.161    695.825 238.0767375 +32.8655273     5.25 0.0005625839 -12.8121 -12.8623   0.0041     139616.8     527.2764     866.4724    0.108   0
        37    299.151    751.593 238.0867713 +32.8593563     5.34 0.0005718893 -10.8974 -10.9424   0.0214     23822.05     469.1853     842.6075    0.169   0
        38    887.509    872.807 238.0111687 +32.8480851     6.05 0.0006486669 -10.0343 -10.9363   0.0215     23687.22     469.1385     795.4752    0.286   0
        39    628.777    777.431 238.0444812 +32.8575332     5.32 0.0005697299  -8.5290  -8.6570   0.1713     2902.642     457.8772     867.1989    0.234   0
        40    856.986    786.359 238.0152179 +32.8572182     5.51 0.0005903611 -11.9771 -12.0736   0.0079     67519.42     491.8942     862.6407    0.176   0
        41    717.474    704.694 238.0332303 +32.8655373    11.97  0.001282461 -10.1181 -10.0991   0.0458     10955.83     462.3043     887.7379    0.446   0
        42    356.403    999.445 238.0790201 +32.8330917     6.73 0.0007212338  -8.6475  -8.5448   0.1899     2617.594       457.67     767.0583    0.186   0
