#   1 NUMBER                 Running object number                                     
#   2 X_IMAGE                Object position along x                                    [pixel]
#   3 Y_IMAGE                Object position along y                                    [pixel]
#   4 ALPHA_J2000            Right ascension of barycenter (J2000)                      [deg]
#   5 DELTA_J2000            Declination of barycenter (J2000)                          [deg]
#   6 FWHM_IMAGE             FWHM assuming a gaussian core                              [pixel]
#   7 FWHM_WORLD             FWHM assuming a gaussian core                              [deg]
#   8 MAG_BEST               Best of MAG_AUTO and MAG_ISOCOR                            [mag]
#   9 MAG_APER               Fixed aperture magnitude vector                            [mag]
#  10 MAGERR_APER            RMS error vector for fixed aperture mag.                   [mag]
#  11 FLUX_APER              Flux vector within fixed circular aperture(s)              [count]
#  12 FLUXERR_APER           RMS error vector for aperture flux(es)                     [count]
#  13 BACKGROUND             Background at centroid position                            [count]
#  14 ELLIPTICITY            1 - B_IMAGE/A_IMAGE                                       
#  15 FLAGS                  Extraction flags                                          
         1     92.642    127.164 237.9861499 +33.0380087     4.19 0.0004488307  -9.1707 -10.4686   0.0328     15397.58     465.4745     790.0122    0.128   0
         2    928.017    167.005 237.8789323 +33.0358670     1.32 0.0001410887  -7.5616  -7.1659   0.6756     735.1313      457.312     657.2237    0.055   0
         3     87.878    170.756 237.9866731 +33.0333435     4.52 0.0004847524  -9.5464 -10.9447   0.0214     23871.36     470.0036      788.821    0.529   0
         4     76.803    184.401 237.9880659 +33.0318586     3.46 0.0003706824  -8.9956 -10.9771   0.0208     24595.58     470.2001      775.907    0.424   0
         5     76.397    200.806 237.9880848 +33.0301065     3.44  0.000368848  -9.0868 -11.0723   0.0191     26848.41     471.4716     777.0362    0.426   0
         6     78.918    272.038 237.9876177 +33.0225100    11.48   0.00122971 -11.3369 -11.0592   0.0193     26526.52     471.4138     781.9331    0.586   0
         7    935.953    408.094 237.8774600 +33.0101534     8.01 0.0008579881 -11.9630 -11.9768   0.0086      61759.8     489.7424     728.7109    0.120   0
         8    403.876    582.493 237.9453370 +32.9902057     6.74 0.0007225698  -9.1335  -9.8507   0.0576     8714.892     461.8458     822.4706    0.534   0
         9     79.767    771.751 237.9865013 +32.9691749    73.65  0.007891743 -13.6736 -11.8747   0.0094     56220.32     486.8821     735.4583    0.632  19
        10     22.485    695.955 237.9939957 +32.9771170     1.94 0.0002082732  -8.2643  99.0000  99.0000    -8158.298     457.1686     710.7649    0.217   0
        11     90.101    450.385 237.9858244 +33.0035029     5.60 0.0006002626  -9.9742 -10.8526   0.0232     21930.54     468.9575     802.3817    0.450   0
        12    160.394    829.430 237.9760531 +32.9632262    77.80  0.008335707 -13.5625 -11.8275   0.0098     53826.99     485.5056     738.2374    0.663   2
        13      5.889    811.042 237.9958895 +32.9647901    34.95  0.003745254 -11.9668 -11.1529   0.0153     28916.32     407.0422     525.5464    0.670  24
        14     66.131    482.018 237.9888335 +33.0000646     5.60  0.000599776  -9.9856 -11.0459   0.0195     26204.36     471.2555     777.5997    0.437   0
        15     68.294    508.424 237.9885030 +32.9972518     4.60 0.0004933152  -9.5714 -10.9917   0.0205      24928.7      470.528     780.2023    0.267   0
        16    139.742    535.096 237.9792902 +32.9945892     4.34 0.0004653758  -8.7146  -9.8464   0.0578     8680.765     461.8785     823.6122    0.312   0
        17     69.758    558.835 237.9882136 +32.9918748     9.04  0.000968442 -10.9551 -11.0747   0.0190     26907.18     471.6281     782.8627    0.455   2
