#   1 NUMBER                 Running object number                                     
#   2 X_IMAGE                Object position along x                                    [pixel]
#   3 Y_IMAGE                Object position along y                                    [pixel]
#   4 ALPHA_J2000            Right ascension of barycenter (J2000)                      [deg]
#   5 DELTA_J2000            Declination of barycenter (J2000)                          [deg]
#   6 FWHM_IMAGE             FWHM assuming a gaussian core                              [pixel]
#   7 FWHM_WORLD             FWHM assuming a gaussian core                              [deg]
#   8 MAG_BEST               Best of MAG_AUTO and MAG_ISOCOR                            [mag]
#   9 MAG_APER               Fixed aperture magnitude vector                            [mag]
#  10 MAGERR_APER            RMS error vector for fixed aperture mag.                   [mag]
#  11 FLUX_APER              Flux vector within fixed circular aperture(s)              [count]
#  12 FLUXERR_APER           RMS error vector for aperture flux(es)                     [count]
#  13 BACKGROUND             Background at centroid position                            [count]
#  14 ELLIPTICITY            1 - B_IMAGE/A_IMAGE                                       
#  15 FLAGS                  Extraction flags                                          
         1      9.724     81.671 200.8929058 +36.1156118    59.73  0.006465055 -13.1086 -12.2326   0.0080        78173     579.4166     441.6401    0.615  24
         2    142.483     87.673 200.8750652 +36.1153834    36.52  0.003953519 -12.6371 -11.4826   0.0167     39176.92     602.0344     1030.114    0.676   0
         3    192.557     29.935 200.8684487 +36.1217743    28.92  0.003130109 -11.9346 -11.3821   0.0183     35715.03     600.4982     685.4495    0.174   1
         4    136.774     10.776 200.8759769 +36.1236670    84.04  0.009097151 -14.3065 -13.0621   0.0041     167814.2     626.0582     354.4369    0.740  24
         5    382.219     56.307 200.8429266 +36.1195209     4.40 0.0004762993 -10.5443  99.0000  99.0000    -15153.89     585.4902     978.3267    0.050   0
         6     62.919    110.645 200.8857068 +36.1126524     9.68  0.001048044  -9.5210  99.0000  99.0000     -11491.2     585.5233     783.4507    0.582   2
         7    517.826     90.985 200.8246505 +36.1161981     4.43 0.0004793484  -8.8210  -9.3846   0.1125     5673.165     587.6766     1145.635    0.652   0
         8    734.668    172.231 200.7953838 +36.1080946     8.66 0.0009372368 -10.1858 -10.5501   0.0388     16596.88     592.5182     1170.137    0.392   0
         9    313.316    231.926 200.8518550 +36.1003466     4.10  0.000444039 -12.7413 -12.7938   0.0053     131073.5     639.0721     1220.034    0.036   0
        10     70.539    249.634 200.8844195 +36.0976717     7.55  0.000817258 -11.0081 -11.3764   0.0184     35527.76     600.5172     1085.624    0.278   0
        11     68.653    239.191 200.8846926 +36.0987931     6.08 0.0006586622 -10.3494 -11.2672   0.0202     32127.17     599.0026     1075.408    0.586   0
        12     78.230    269.755 200.8833486 +36.0955238     4.40 0.0004759852  -9.7917 -11.2883   0.0199     32758.85     599.2501     1121.827    0.684   2
        13     73.807    272.592 200.8839372 +36.0952036     3.43 0.0003710761  -9.3699 -11.3180   0.0193     33665.37     599.4825     1101.057    0.411   0
        14    998.476    307.497 200.7597234 +36.0942941     2.52 0.0002728081  -7.6447  99.0000  99.0000    -262.6979     585.5068     1073.443    0.561   0
        15     78.784    396.279 200.8830343 +36.0818665     5.95 0.0006438065 -10.3255 -11.2145   0.0212     30606.86     598.4164     1120.031    0.149   0
        16    693.557    395.434 200.8005065 +36.0838721     3.77 0.0004075861  -9.9834 -10.0734   0.0599      10699.4     590.0082      1166.85    0.070   0
        17    334.804    409.566 200.8486412 +36.0812361     4.02 0.0004352417  -8.8426  -9.3051   0.1210     5272.752     587.5393     1212.954    0.075   0
        18   1027.717    412.006 200.7556174 +36.0830998     3.92 0.0004247369  -9.8324  -9.6204   0.0690     7049.605     448.0399     1037.194    0.279  24
        19     77.794    423.591 200.8831154 +36.0789148     2.01 0.0002180905  -9.2464 -11.2080   0.0214     30424.18     598.1456     1111.975    0.401   0
        20    723.747    460.774 200.7963374 +36.0769107     3.67 0.0003969118 -11.3354 -11.4088   0.0178     36603.66     600.9326     1140.964    0.044   0
        21     81.034    491.841 200.8825511 +36.0715571     4.11 0.0004449587 -11.8792 -12.0065   0.0105     63474.02     612.0092     1125.071    0.081   0
        22     86.570    817.390 200.8811918 +36.0364294     5.49   0.00059378 -10.1853 -11.2203   0.0211     30769.66     598.2575     1084.449    0.501   0
        23    359.489    977.008 200.8442816 +36.0200539     3.45  0.000373784  -8.7641  -9.0140   0.1581     4032.568     587.1765     1085.207    0.147   0
        24     80.244    773.347 200.8821238 +36.0411642    11.00  0.001190317 -11.8147 -11.3280   0.0192     33979.65     599.8723     1065.127    0.724   0
        25    677.934    741.356 200.8019863 +36.0464792     4.65 0.0005030432  -8.3878  -8.9163   0.1730     3685.603     586.9957     1074.344    0.245   0
        26    649.746    642.376 200.8059458 +36.0570783     4.71 0.0005102553  -8.4261  -8.7846   0.1952     3264.748      586.866     1117.714    0.324   0
        27     76.116    656.332 200.8828994 +36.0537836     8.18 0.0008856047 -11.0724 -11.3605   0.0186     35010.98     600.3181     1078.272    0.574   0
        28    189.688    768.805 200.8674480 +36.0419994     3.65 0.0003946578  -8.7601  -9.4116   0.1098     5816.215      587.952     1173.223    0.191   0
        29     82.089    675.891 200.8820608 +36.0516910     8.56 0.0009260573 -11.3194 -11.3711   0.0184      35354.9      600.429     1104.843    0.625   2
        30     84.722    661.155 200.8817354 +36.0532901     5.67  0.000613649 -10.2431 -11.2115   0.0213     30520.86     598.3967     1124.375    0.644   0
        31    659.337    944.133 200.8041193 +36.0245308     3.58 0.0003874788 -10.6604 -10.7529   0.0322     20006.56     593.9714     1003.057    0.045   0
        32    640.100    849.048 200.8068702 +36.0347367     3.32 0.0003598637  -9.2593  -9.4589   0.1051      6075.12     588.0455     1047.506    0.101   0
        33     79.118    614.311 200.8825762 +36.0583295     4.87 0.0005270639 -10.0121 -11.2337   0.0209     31151.68     598.5954     1104.071    0.283   0
        34    600.638    828.727 200.8122010 +36.0368091     3.44 0.0003721858 -10.3278 -10.4580   0.0422     15247.07     591.9648     1070.977    0.067   0
        35     81.775    898.079 200.8816822 +36.0277034     6.42 0.0006953848 -10.6513 -11.3013   0.0196     33152.76     599.4791     1027.373    0.473   0
        36     76.195    632.201 200.8829345 +36.0563890     3.47 0.0003752802  -9.3311 -11.2901   0.0198     32812.41     599.1267     1083.795    0.656   0
