#   1 NUMBER                 Running object number                                     
#   2 X_IMAGE                Object position along x                                    [pixel]
#   3 Y_IMAGE                Object position along y                                    [pixel]
#   4 ALPHA_J2000            Right ascension of barycenter (J2000)                      [deg]
#   5 DELTA_J2000            Declination of barycenter (J2000)                          [deg]
#   6 FWHM_IMAGE             FWHM assuming a gaussian core                              [pixel]
#   7 FWHM_WORLD             FWHM assuming a gaussian core                              [deg]
#   8 MAG_BEST               Best of MAG_AUTO and MAG_ISOCOR                            [mag]
#   9 MAG_APER               Fixed aperture magnitude vector                            [mag]
#  10 MAGERR_APER            RMS error vector for fixed aperture mag.                   [mag]
#  11 FLUX_APER              Flux vector within fixed circular aperture(s)              [count]
#  12 FLUXERR_APER           RMS error vector for aperture flux(es)                     [count]
#  13 BACKGROUND             Background at centroid position                            [count]
#  14 ELLIPTICITY            1 - B_IMAGE/A_IMAGE                                       
#  15 FLAGS                  Extraction flags                                          
         1    840.026     81.015 200.9174374 +36.1189701   143.90   0.01555877 -15.2515 -13.2388   0.0040     197481.5       719.34     989.3697    0.597  16
         2    828.239     10.243 200.9191321 +36.1265485    94.97    0.0102683 -14.0982 -13.1280   0.0041     178317.8       677.41     332.3878    0.814  24
         3    248.596     80.203 200.9970314 +36.1175222     3.45  0.000373293  -9.3812 -11.3762   0.0202     35521.27     660.6945      1186.06    0.413   0
         4    101.795     79.586 201.0167878 +36.1171993     3.46 0.0003740153  -9.4914 -11.3907   0.0199     35998.46     660.8033     1129.638    0.423   0
         5    259.146     82.260 200.9956082 +36.1173289     4.48 0.0004848318  -9.8701 -11.3403   0.0209     34366.02     660.4009     1200.902    0.518   0
         6    227.231     81.858 200.9999038 +36.1172878     6.71 0.0007254505 -10.7902 -11.4151   0.0195     36817.31     661.4716     1190.216    0.636   0
         7    135.152     84.456 201.0122908 +36.1167644     4.39 0.0004742303  -9.8314 -11.4137   0.0195     36767.39     661.3631     1163.776    0.573   0
         8    680.999    206.778 200.9386431 +36.1050423     4.56 0.0004931815 -15.3743 -15.4050   0.0008      1452096     1069.911     1371.371    0.033   4
         9    768.058    204.337 200.9269326 +36.1055283     4.60 0.0004974377 -14.8988 -14.9354   0.0011     942214.6     943.4265     1374.135    0.040   0
        10    121.839    216.043 201.0138638 +36.1025829     4.62 0.0004992852 -13.1105 -13.1707   0.0042     185474.2     715.4365     1250.441    0.038   0
        11    544.698    213.147 200.9569729 +36.1040052     4.29 0.0004641291  -8.3460  -9.1510   0.1541     4575.142     649.0436     1361.042    0.311   0
        12    334.396    277.206 200.9851653 +36.0965694     2.94 0.0003182902  -8.4712  -9.0973   0.1618     4354.443     648.8307     1328.697    0.423   0
        13    622.305    337.880 200.9463350 +36.0907967     4.68 0.0005062722 -10.7462 -10.8412   0.0328     21701.73     655.6434      1359.61    0.031   0
        14    884.331    900.129 200.9102303 +36.0310235   109.41   0.01182989 -14.8216 -11.9494   0.0121     60223.03     670.2416     1113.799    0.918  18
        15     27.483    496.260 201.0260890 +36.0722070     5.25 0.0005681206  -8.8362  -8.7532   0.2221     3171.534     648.6672     1167.415    0.053   0
        16    140.656    537.094 201.0108001 +36.0681186     4.65 0.0005026698 -12.8471 -12.8994   0.0053     144467.8      700.944       1225.3    0.048   0
        17    222.584    727.182 200.9994698 +36.0479003     5.06 0.0005474651 -10.1562 -10.0886   0.0652     10849.87     651.2194     1186.235    0.009   0
        18    881.712    991.112 200.9104441 +36.0212356     5.25 0.0005671508  -8.5002 -11.4169   0.0195        36878     661.4228     1086.083    0.645   1
        19    766.903    602.603 200.9264741 +36.0627095     4.72 0.0005103407 -10.1509 -10.1821   0.0598     11826.39     651.7579     1343.548    0.103   0
        20    487.390    677.887 200.9639436 +36.0538944     4.86 0.0005255046 -10.0883 -10.1581   0.0612     11567.03     651.7494     1286.617    0.080   0
        21    539.092    710.736 200.9569394 +36.0504973     7.10 0.0007681763  -9.9515 -10.0202   0.0694     10188.13     651.3112     1280.745    0.063   0
        22    888.031   1000.294 200.9095809 +36.0202646     4.85 0.0005245768 -10.2459 -11.4035   0.0197     36425.87     661.2161     1061.086    0.385   0
        23    532.607    731.826 200.9577780 +36.0482132     5.21 0.0005631258  -9.5310  -9.6496   0.0975     7241.594      649.851     1269.387    0.091   0
