#   1 NUMBER                 Running object number                                     
#   2 X_IMAGE                Object position along x                                    [pixel]
#   3 Y_IMAGE                Object position along y                                    [pixel]
#   4 ALPHA_J2000            Right ascension of barycenter (J2000)                      [deg]
#   5 DELTA_J2000            Declination of barycenter (J2000)                          [deg]
#   6 FWHM_IMAGE             FWHM assuming a gaussian core                              [pixel]
#   7 FWHM_WORLD             FWHM assuming a gaussian core                              [deg]
#   8 MAG_BEST               Best of MAG_AUTO and MAG_ISOCOR                            [mag]
#   9 MAG_APER               Fixed aperture magnitude vector                            [mag]
#  10 MAGERR_APER            RMS error vector for fixed aperture mag.                   [mag]
#  11 FLUX_APER              Flux vector within fixed circular aperture(s)              [count]
#  12 FLUXERR_APER           RMS error vector for aperture flux(es)                     [count]
#  13 BACKGROUND             Background at centroid position                            [count]
#  14 ELLIPTICITY            1 - B_IMAGE/A_IMAGE                                       
#  15 FLAGS                  Extraction flags                                          
         1    840.217     81.289 238.0188597 +32.9329668   144.82   0.01552572 -15.2611 -13.2570   0.0040     200817.7     731.1506     1007.371    0.598  16
         2    827.195     10.231 238.0206342 +32.9405091    93.86   0.01006263 -14.1560 -13.1660   0.0041     184669.8     689.1503     332.8601    0.809  24
         3    493.240     46.185 238.0634523 +32.9357451     5.08 0.0005449351  -9.4041  99.0000  99.0000    -15284.54     658.7498     1070.909    0.031   0
         4    249.531     71.359 238.0946980 +32.9323726     7.42 0.0007953345 -10.7403 -11.2289   0.0235      31015.1     670.4901     1159.041    0.235   0
         5    117.854     85.564 238.1115783 +32.9304829     5.12 0.0005490928 -10.1603 -11.3885   0.0203     35923.72     672.3544     1193.835    0.727   0
         6     66.233    116.258 238.1181563 +32.9270619     4.42 0.0004742618 -13.7902 -13.8319   0.0025     341010.3     777.5627     1243.239    0.024   0
         7    730.956    125.678 238.0328202 +32.9279303     4.33 0.0004642364 -10.1065  99.0000  99.0000    -5721.668     658.8802     1396.768    0.104   0
         8    752.645    130.348 238.0300294 +32.9274924     4.17  0.000447023  -9.7482  99.0000  99.0000    -17126.78     658.8989     1396.871    0.104   0
         9    373.252    146.107 238.0787032 +32.9247509     4.90 0.0005255222  -9.2125  -9.3166   0.1347     5328.721     660.9362     1364.247    0.386   0
        10    701.946    193.639 238.0364441 +32.9206019     5.02 0.0005384602 -11.8521 -11.9459   0.0123     60027.81     681.2761     1396.929    0.074   0
        11    478.736    185.648 238.0651046 +32.9208308     4.62 0.0004957721  -9.1719  -9.7912   0.0871     8250.291     661.8734     1381.218    0.212   0
        12    323.846    188.654 238.0849797 +32.9200738     4.60 0.0004932587  -9.8987 -10.1090   0.0651     11055.67     663.0063     1354.433    0.098   0
        13    113.469    257.515 238.1118732 +32.9121321     4.28 0.0004588479 -13.7601 -13.8062   0.0025     333031.5     775.0406     1270.099    0.054   0
        14    763.086    278.315 238.0284735 +32.9117408     4.43 0.0004751665 -12.1866 -12.2611   0.0093      80249.5     688.4961     1396.775    0.110   0
        15    236.280    277.433 238.0960818 +32.9103576     4.14 0.0004441708  -9.5413 -10.3842   0.0506     14244.96     664.2263     1326.828    0.533   0
        16      7.391    318.795 238.1253900 +32.9052932     6.02 0.0006452024  -8.7841  -7.5557   0.6012     1052.623     582.7283     1206.506    0.202  16
        17    582.196    329.241 238.0516123 +32.9058065     4.28 0.0004586236 -11.2490 -11.3659   0.0207      35183.7     671.8782      1381.85    0.092   0
        18    288.651    342.956 238.0892606 +32.9035181     4.14 0.0004440119 -11.1306 -11.2023   0.0241     30263.09     670.2646     1342.551    0.078   0
        19     44.315    346.355 238.1206086 +32.9024598     5.24 0.0005621559  -9.0826  -9.1703   0.1541     4656.994     660.7192      1224.87    0.190   0
        20    451.803    383.888 238.0682630 +32.8996131     4.21 0.0004509165 -10.8142 -10.9710   0.0297     24456.92     668.0036      1364.31    0.064   0
        21    512.428    434.642 238.0604078 +32.8943704     4.05 0.0004338535 -12.1192 -12.1494   0.0103     72404.03      685.713     1365.168    0.083   0
        22    159.857    451.882 238.1056188 +32.8915356     4.70 0.0005036659  -9.8359  -9.9269   0.0770     9348.483     662.4734     1274.984    0.045   0
        23    542.835    460.015 238.0564684 +32.8917495     3.94 0.0004226914  -8.7574  -9.4685   0.1171     6129.168     661.0903     1365.834    0.507   0
        24    271.214    493.869 238.0912667 +32.8873741     4.04 0.0004330126 -12.4328 -12.4984   0.0076      99851.2     695.7185     1318.052    0.089   0
        25     14.554    495.056 238.1241936 +32.8865159     4.72 0.0005064939 -10.4117 -10.4169   0.0489     14680.75     661.2962     1183.528    0.153   0
        26    431.462    499.043 238.0706993 +32.8872748     1.95 0.0002091217  -7.9348  -7.6955   0.5980     1197.248     659.2598     1352.818    0.143   0
        27    441.372    501.494 238.0694242 +32.8870412     4.14 0.0004433418  -9.5634  -9.3621   0.1292     5556.827     660.9853     1353.235    0.069   0
        28    883.898    838.466 238.0121635 +32.8523347    85.79   0.00919725 -14.8955 -11.7806   0.0143     51553.68     678.1955      1163.67    0.909  18
        29    780.153    515.145 238.0259388 +32.8865304     4.20 0.0004497564  -8.4676  -8.6236   0.2546     2814.717     659.9102     1375.488    0.200   0
        30    383.556    762.098 238.0764471 +32.8590854     1.03 0.0001107883  -8.4934  -8.6878   0.2400     2986.238     659.9379     1239.293    0.215   0
        31    513.993   1025.311 238.0593242 +32.8313807     4.62 0.0004952499  -8.4888  99.0000  99.0000    -1272.721     541.4473     1098.688    0.347  16
        32    801.622   1019.278 238.0224532 +32.8328244     3.67 0.0003938954  -9.8507  -9.2931   0.1304     5214.594     626.1808     1170.222    0.110  16
        33    888.140   1007.712 238.0113764 +32.8342965     4.46 0.0004784208 -10.0842 -11.4938   0.0185     39585.48      673.751     1071.378    0.527   0
        34    360.116   1005.462 238.0790841 +32.8330649     4.12   0.00044149  -8.7943  -8.4088   0.3103     2309.507     659.8118     1051.956    0.156   0
        35    811.735    867.353 238.0213766 +32.8490550     3.58 0.0003838391 -12.7797 -12.8132   0.0058     133436.2     707.5799     1252.503    0.086   0
        36    909.692    624.614 238.0091619 +32.8752129     3.70 0.0003961772 -10.9255  99.0000  99.0000    -2585.174     658.8802     1129.628    0.086   0
        37    303.023    757.269 238.0867834 +32.8593730     4.08 0.0004370967 -10.8214 -10.8398   0.0334     21672.83     667.1265     1221.872    0.155   0
        38    131.465    633.056 238.1089800 +32.8721328     4.61 0.0004944934  -9.9560 -10.0960   0.0659     10924.94      662.957     1210.886    0.184   0
        39    632.935    783.000 238.0444311 +32.8575551     4.78 0.0005120758  -8.6733  -8.6922   0.2390     2998.455     659.8495     1280.147    0.291   0
        40    860.758    791.965 238.0151982 +32.8572304     4.31 0.0004620308 -12.0599 -12.2422   0.0095     78865.53     688.1719     1270.993    0.176   0
        41    720.922    710.335 238.0332525 +32.8655494     7.94 0.0008517667  -9.8345 -10.0382   0.0695     10357.65     662.7986     1328.781    0.195   0
        42    629.991    698.314 238.0449338 +32.8665786     3.01 0.0003221902  -8.4438  -8.9742   0.1845     3887.571     660.2792     1322.453    0.091   0
        43    382.053    701.429 238.0767317 +32.8655515     3.84 0.0004113326 -12.7709 -12.8350   0.0057     136144.5     708.6748     1275.208    0.082   0
        44    596.206    718.617 238.0492372 +32.8643191     3.43 0.0003679674  -8.0618  -8.2092   0.3726     1921.589     659.2737      1307.93    0.416   0
