#   1 NUMBER                 Running object number                                     
#   2 X_IMAGE                Object position along x                                    [pixel]
#   3 Y_IMAGE                Object position along y                                    [pixel]
#   4 ALPHA_J2000            Right ascension of barycenter (J2000)                      [deg]
#   5 DELTA_J2000            Declination of barycenter (J2000)                          [deg]
#   6 FWHM_IMAGE             FWHM assuming a gaussian core                              [pixel]
#   7 FWHM_WORLD             FWHM assuming a gaussian core                              [deg]
#   8 MAG_BEST               Best of MAG_AUTO and MAG_ISOCOR                            [mag]
#   9 MAG_APER               Fixed aperture magnitude vector                            [mag]
#  10 MAGERR_APER            RMS error vector for fixed aperture mag.                   [mag]
#  11 FLUX_APER              Flux vector within fixed circular aperture(s)              [count]
#  12 FLUXERR_APER           RMS error vector for aperture flux(es)                     [count]
#  13 BACKGROUND             Background at centroid position                            [count]
#  14 ELLIPTICITY            1 - B_IMAGE/A_IMAGE                                       
#  15 FLAGS                  Extraction flags                                          
         1    833.448    185.814 200.9201640 +36.2169813   186.16   0.02011033 -15.7780 -12.2343   0.0097     78290.92     696.7518     1175.691    0.915  24
         2    229.956     21.044 201.0015959 +36.2330098     0.00            0  -7.3800  -8.6099   0.2615     2779.549     669.2037     1129.523    0.049   0
         3    516.294     52.518 200.9630546 +36.2304386     6.16  0.000665791  -9.8333  -9.7999   0.0877     8316.494     671.3067     1233.083    0.282   0
         4    468.704     93.254 200.9693615 +36.2259192     5.87 0.0006340717 -10.3433 -10.3187   0.0545     13412.14     673.1454     1252.314    0.298   0
         5    535.608    148.564 200.9602548 +36.2201555     5.96 0.0006436091  -9.7128  -9.8285   0.0854     8538.875     671.1261     1295.622    0.247   0
         6    604.291    168.571 200.9509853 +36.2181958     8.66 0.0009350101 -10.8810 -10.9571   0.0305     24145.23     677.1385     1315.445    0.360   0
         7    261.014    293.999 200.9968274 +36.2037203     4.22 0.0004563481  -8.8991  -9.5492   0.1102     6602.067     670.2347     1306.014    0.004   0
         8    185.637    334.154 201.0068635 +36.1991818     5.11  0.000551563 -10.1767 -10.2747   0.0568     12879.02     673.0224      1301.63    0.182   0
         9    439.129    394.526 200.9726880 +36.1934086     4.62 0.0004985931  -9.8481 -10.2057   0.0605     12085.48     672.7463     1376.625    0.046   0
        10    440.741    506.804 200.9722305 +36.1813285     4.21 0.0004549755 -12.2016 -12.2155   0.0098     76948.64     696.1974     1390.335    0.080   0
        11    888.301    887.802 200.9113467 +36.1415759    58.43  0.006312033 -13.8168 -12.4615   0.0079     96513.82     703.1522     548.8891    0.146  16
        12    155.883    794.134 201.0098488 +36.1495876     4.06 0.0004387986  -9.1800 -10.6598   0.0399     18362.19     675.0748     1312.986    0.209   0
        13    864.871    722.835 200.9148321 +36.1592670     2.62 0.0002829684  -8.3332  99.0000  99.0000    -7771.706     668.1456     1326.832    0.188   0
        14    860.014    704.462 200.9155221 +36.1612311     5.13 0.0005542804  -8.8724  -8.1500   0.3991     1819.717     668.7695     1329.526    0.252   0
        15    881.629    452.671 200.9131401 +36.1883924     4.00 0.0004320501 -11.8642 -10.5916   0.0425     17244.12     674.5483     1123.707    0.060   0
        16    822.319    490.466 200.9210265 +36.1841596     4.36 0.0004708356  -9.6876 -10.5528   0.0440     16638.26     674.4174      1345.66    0.197   0
        17    799.970    799.439 200.9233853 +36.1508414    17.45  0.001885243 -12.5582 -11.5827   0.0173     42960.91     683.9946     1334.228    0.308   2
        18    165.766    546.871 201.0090650 +36.1762295     4.53 0.0004888576 -10.4629 -10.5994   0.0422     17367.84     674.6316     1349.536    0.110   0
        19     94.703    728.040 201.0182062 +36.1565249     4.53 0.0004889597  -8.7169  -7.9667   0.4724     1537.079      668.645     1312.683    0.045   0
        20    427.909    547.282 200.9738666 +36.1769353     4.17 0.0004501361 -12.1050 -12.1884   0.0101     75048.16     695.6236     1390.025    0.052   0
        21    841.148    830.359 200.9177941 +36.1476279    78.20  0.008448456 -13.8901 -12.8485   0.0057     137846.4     717.9259     1081.902    0.467  16
        22    303.994    479.040 200.9906528 +36.1839271     4.40 0.0004756145 -10.3443 -10.3599   0.0525     13930.79     673.1504     1378.236    0.158   0
        23    861.418    634.600 200.9154780 +36.1687545     4.20 0.0004535002 -12.3318 -12.2899   0.0092     82407.67      697.956     1315.757    0.053   0
