#   1 NUMBER                 Running object number                                     
#   2 X_IMAGE                Object position along x                                    [pixel]
#   3 Y_IMAGE                Object position along y                                    [pixel]
#   4 ALPHA_J2000            Right ascension of barycenter (J2000)                      [deg]
#   5 DELTA_J2000            Declination of barycenter (J2000)                          [deg]
#   6 FWHM_IMAGE             FWHM assuming a gaussian core                              [pixel]
#   7 FWHM_WORLD             FWHM assuming a gaussian core                              [deg]
#   8 MAG_BEST               Best of MAG_AUTO and MAG_ISOCOR                            [mag]
#   9 MAG_APER               Fixed aperture magnitude vector                            [mag]
#  10 MAGERR_APER            RMS error vector for fixed aperture mag.                   [mag]
#  11 FLUX_APER              Flux vector within fixed circular aperture(s)              [count]
#  12 FLUXERR_APER           RMS error vector for aperture flux(es)                     [count]
#  13 BACKGROUND             Background at centroid position                            [count]
#  14 ELLIPTICITY            1 - B_IMAGE/A_IMAGE                                       
#  15 FLAGS                  Extraction flags                                          
         1    853.208     89.526 238.0169275 +32.9319863   120.60   0.01293006 -14.7941 -12.5676   0.0054     106426.8      529.234     773.4536    0.508  19
         2    817.963     46.469 238.0215195 +32.9364829    69.41  0.007441866 -13.4315 -11.9551   0.0091     60538.51     507.0942     626.7452    0.810  19
         3    821.558      9.721 238.0211168 +32.9404132    80.58  0.008639197 -13.6433 -12.4237   0.0057      93212.7     492.8205     430.3103    0.775  24
         4    489.849     44.413 238.0636339 +32.9357921     6.76 0.0007252553  -9.4154  99.0000  99.0000    -1721.457     476.3412     794.5389    0.146   0
         5     63.083    114.823 238.1182841 +32.9270759     6.67 0.0007146923 -13.8234 -13.8478   0.0020     346040.7     632.4034     886.8262    0.069   0
         6    728.046    124.112 238.0329346 +32.9279516     6.56  0.000703598 -10.0870  -9.5122   0.0816     6380.886     479.7186     963.4285    0.036   0
         7    749.902    128.803 238.0301222 +32.9275116     6.49  0.000696154  -9.7279  99.0000  99.0000    -1025.992     476.2603     963.6696    0.091   0
         8    367.990    144.164 238.0791071 +32.9248089     5.45 0.0005841429  -9.4170  -9.8960   0.0575     9086.533     481.0198     946.5585    0.324   2
         9    699.232    192.082 238.0365225 +32.9206208     7.29 0.0007820968 -11.9107 -11.9187   0.0094     58542.74     506.1474     964.6813    0.029   0
        10    320.711    187.316 238.0851018 +32.9200724     6.84 0.0007330049  -9.8289  -9.9037   0.0571     9151.223     481.1068     943.0728    0.047   0
        11    477.000    183.991 238.0650526 +32.9208657     5.33 0.0005719629  -9.0865  -9.6595   0.0713     7307.834     480.0276      955.872    0.405   2
        12    110.382    256.083 238.1119732 +32.9121408     6.45  0.000691713 -13.7903 -13.8155   0.0020     335889.2     628.3674     902.8223    0.078   0
        13    760.400    276.858 238.0285372 +32.9117456     6.58 0.0007050054 -12.2259 -12.2650   0.0070     80536.03     516.7597     964.8455    0.050   0
        14    233.949    275.785 238.0960856 +32.9103894     9.32 0.0009989234 -10.1251 -10.2835   0.0404     12984.28      483.121     931.1453    0.440   0
        15    579.504    327.739 238.0516644 +32.9058163     6.46 0.0006929654 -11.3315 -11.3725   0.0152     35399.73     494.5973     957.8424    0.047   0
        16      3.339    317.894 238.1256009 +32.9052415     4.76 0.0005104589  -8.4298  -8.6946   0.1363     3004.917     377.1432     869.8037    0.261  16
        17    285.687    341.497 238.0893372 +32.9035253     6.27 0.0006717698 -11.1837 -11.2326   0.0172     31121.07      492.469     936.9901    0.050   0
        18     40.258    345.101 238.1208177 +32.9024445     6.57 0.0007046082  -9.1148  -9.4322   0.0878     5927.365      479.442     879.2452    0.193   0
        19    448.911    382.384 238.0683288 +32.8996221     6.33 0.0006788684 -10.8952 -10.9538   0.0221     24073.22     488.8518     949.0168    0.048   0
        20    509.727    433.221 238.0604432 +32.8943687     6.12 0.0006557271 -12.1583 -12.2015   0.0074     75962.13     514.7043     949.1901    0.068   0
        21    156.742    450.547 238.1056947 +32.8915267     6.66 0.0007140488  -9.8093  -9.9234   0.0561       9319.1      481.154     905.0681    0.198   0
        22    268.408    492.477 238.0913001 +32.8873697     6.14 0.0006579082 -12.4416 -12.4800   0.0058     98178.59     525.3111     928.0253    0.086   0
        23     11.353    493.752 238.1242702 +32.8865036     7.21 0.0007726778 -10.4128 -10.3586   0.0362     13913.08      463.566     862.3936    0.180  16
        24    438.440    500.080 238.0694774 +32.8870367     6.14 0.0006587514  -9.6833  -9.7670   0.0647     8068.833     480.5707     943.5168    0.100   0
        25    888.495    974.251 238.0109965 +32.8376980     4.74 0.0005077566  -9.7329 -11.0164   0.0208      25502.1     489.5951     804.5241    0.678   0
        26    511.545   1024.137 238.0592394 +32.8313335     4.57 0.0004897511  -8.4857  -6.7415   0.8852     497.2664     405.3075     816.8458    0.477  16
        27    799.388   1018.007 238.0223501 +32.8327852     6.00 0.0006433524  -9.8691  -9.7959   0.0609      8286.39     464.7815     850.7289    0.048  16
        28    357.437   1004.412 238.0790273 +32.8330062     4.44 0.0004760647  -8.3448  -7.6595   0.4472     1158.214     476.9083      795.198    0.717   0
        29    882.619    865.803 238.0119216 +32.8492515     3.43 0.0003678494  -9.0727 -11.0711   0.0198     26819.88     490.0056     841.3195    0.417   0
        30    300.269    755.991 238.0867718 +32.8593474     6.39 0.0006851476 -10.8869 -10.9533   0.0221     24061.76     488.8065      878.334    0.162   0
        31    858.256    790.543 238.0151649 +32.8572136     6.17 0.0006611766 -12.0816 -12.0856   0.0081     68270.37     510.9044     901.0099    0.090   0
        32    906.937    623.154 238.0091873 +32.8752046     6.90 0.0007394787 -11.0336 -10.8652   0.0239     22186.97     487.8336     834.7216    0.032   0
        33    379.381    700.016 238.0767202 +32.8655414     5.94 0.0006364687 -12.7904 -12.8319   0.0043     135758.4     542.7711     905.7524    0.091   0
        34    719.295    709.052 238.0331149 +32.8655244    10.78  0.001155592 -10.1599 -10.1428   0.0459      11405.5       482.33     929.6362    0.380   0
        35    128.466    631.557 238.1090137 +32.8721360     7.38  0.000791156 -10.0049 -10.0656   0.0493     10622.94     481.8576     874.5418    0.160   0
        36    809.186    865.902 238.0213368 +32.8490392     5.52 0.0005922448 -12.8057 -12.8473   0.0043     137695.7     543.8397     893.7205    0.053   0
        37    885.755    955.166 238.0113779 +32.8397265     5.61 0.0006014513 -10.0187 -11.1126   0.0191     27864.94     490.7478     812.2319    0.742   0
        38      3.482    737.981 238.1248593 +32.8604264     3.59 0.0003844234  -8.8951 -10.0888   0.0384     10851.99     383.9684     844.7526    0.379  16
        39    804.819    570.009 238.0223694 +32.8805938     1.41 0.0001507291  -7.3972  99.0000  99.0000    -1103.626     476.1525     951.8636    0.014   0
        40    881.510    881.510 238.0120388 +32.8475727     3.75   0.00040232  -9.3248 -11.0860   0.0196     27189.86     490.4431     838.7008    0.583   0
        41    876.269    915.293 238.0126573 +32.8439543     5.93 0.0006353564 -10.1965 -11.0753   0.0198     26923.71     490.3074     840.4457    0.300   0
