#   1 NUMBER                 Running object number                                     
#   2 X_IMAGE                Object position along x                                    [pixel]
#   3 Y_IMAGE                Object position along y                                    [pixel]
#   4 ALPHA_J2000            Right ascension of barycenter (J2000)                      [deg]
#   5 DELTA_J2000            Declination of barycenter (J2000)                          [deg]
#   6 FWHM_IMAGE             FWHM assuming a gaussian core                              [pixel]
#   7 FWHM_WORLD             FWHM assuming a gaussian core                              [deg]
#   8 MAG_BEST               Best of MAG_AUTO and MAG_ISOCOR                            [mag]
#   9 MAG_APER               Fixed aperture magnitude vector                            [mag]
#  10 MAGERR_APER            RMS error vector for fixed aperture mag.                   [mag]
#  11 FLUX_APER              Flux vector within fixed circular aperture(s)              [count]
#  12 FLUXERR_APER           RMS error vector for aperture flux(es)                     [count]
#  13 BACKGROUND             Background at centroid position                            [count]
#  14 ELLIPTICITY            1 - B_IMAGE/A_IMAGE                                       
#  15 FLAGS                  Extraction flags                                          
         1    832.112    170.729 327.8177329 +28.9487627   200.24   0.02161886 -16.0383 -12.5732   0.0081     106974.7     797.8358     1326.954    0.908  18
         2    854.965     39.477 327.8152312 +28.9629581     7.11 0.0007678416 -12.1329 -12.2406   0.0109     78751.32     788.8798     1094.174    0.194   3
         3    426.628     90.591 327.8680506 +28.9563800     6.48 0.0006999679 -13.0287 -13.0698   0.0052     169017.6     816.6821     1404.046    0.200   0
         4    445.337    103.897 327.8657045 +28.9549939     6.31 0.0006809932 -12.9240 -12.9728   0.0057     154566.4     812.5914     1417.993    0.196   0
         5     45.348     94.075 327.9151691 +28.9550330     6.28  0.000678294 -11.2773 -11.3605   0.0240     35010.58     774.9154     1104.034    0.158   0
         6    198.808    132.461 327.8961035 +28.9512911     6.54  0.000706134 -13.3918 -13.4331   0.0038     236177.3     837.2445     1333.178    0.216   0
         7    748.668    102.751 327.8282144 +28.9558780     5.77 0.0006230504  -9.0731  99.0000  99.0000    -1820.695     763.4073     1470.799    0.236   0
         8    471.717    134.909 327.8623661 +28.9517199     7.38  0.000796336  -9.5449  -9.9552   0.0868     9595.744     766.6508     1446.549    0.353   0
         9    708.165    206.851 327.8329628 +28.9445632     5.52 0.0005955871 -11.7732 -11.8468   0.0155     54790.14     781.2917      1536.56    0.139   0
        10    173.716    200.781 327.8990307 +28.9438676     6.14  0.000663187 -10.3598 -10.3269   0.0617     13513.45     768.0132     1366.261    0.249   0
        11    586.733    220.452 327.8479368 +28.9427943     5.50  0.000593361 -11.7815 -11.8580   0.0153     55360.32     781.3264     1516.426    0.131   0
        12    438.174    240.357 327.8662469 +28.9402762     5.57 0.0006015425 -12.1299 -12.1788   0.0115     74388.52     787.4332     1492.259    0.149   0
        13    300.055    242.805 327.8833102 +28.9396627     5.04 0.0005444594  -9.4289  -9.2467   0.1663     4996.554     765.0418     1449.457    0.231   0
        14    603.954    303.784 327.8456007 +28.9338608     5.33 0.0005756997 -12.3644 -12.4112   0.0093     92149.74     793.0521     1551.276    0.113   0
        15    261.023    294.003 327.8880041 +28.9340482     4.21 0.0004543025  -8.8572  -9.5876   0.1215     6839.889     765.4501     1471.415    0.007   0
        16    752.320    307.964 327.8272555 +28.9337811     5.55 0.0005988228  -9.7077  -8.6800   0.2800     2964.946     764.4855     1570.029    0.139   0
        17    568.734    337.075 327.8498701 +28.9301863     5.24 0.0005662402 -11.9235 -11.9515   0.0141     60337.22     783.0225     1563.783    0.102   0
        18    500.674    348.535 327.8582519 +28.9287807     5.40  0.000582687 -11.0337 -11.0948   0.0306     27411.52       772.46     1558.942    0.138   0
        19    145.153    359.702 327.9021554 +28.9266755     7.11 0.0007679612 -10.0956 -10.6912   0.0442     18901.38     769.6794     1452.031    0.270   0
        20    495.187    372.223 327.8588705 +28.9262151     5.28 0.0005700608 -10.4031 -10.2557   0.0658     12656.07     767.3258     1569.372    0.155   0
        21    329.598    374.210 327.8793271 +28.9255825     7.70 0.0008309303 -10.0656 -10.4653   0.0544     15350.62     768.2676      1540.49    0.355   0
        22    551.706    390.497 327.8518409 +28.9243888     5.28 0.0005703817  -9.2719  -9.9139   0.0901      9237.38     766.7276     1586.086    0.065   0
        23    267.820    431.346 327.8868161 +28.9192709     5.25 0.0005665777 -12.4999 -12.5812   0.0080     107766.6     798.0425     1541.909    0.104   0
        24    861.117    426.833 327.8135182 +28.9212465     5.38 0.0005808434 -10.7804 -10.8168   0.0394     21219.32     770.4319     1383.245    0.048   0
        25    572.898    824.323 327.8481403 +28.8777096     4.75 0.0005125309 -12.6595 -12.6557   0.0075     115424.7     800.4174     1579.865    0.056   0
        26    888.069    888.013 327.8090564 +28.8716337    56.97  0.006150978 -14.0076 -12.7007   0.0072       120307     801.9614     546.8497    0.150  16
        27    584.816    911.215 327.8464518 +28.8683792     4.08 0.0004400472 -10.7618  99.0000  99.0000    -149335.8      763.256     1071.673    0.059   0
        28    405.037    817.433 327.8688904 +28.8780290     5.38 0.0005806891  -9.6480  -9.6479   0.1150     7230.107     765.8575     1567.776    0.157   0
        29    673.252    802.432 327.8357996 +28.8803188     4.86 0.0005243882 -10.5914 -10.3035   0.0631     13225.24     767.8979      1619.68    0.070   0
        30    668.588    587.590 327.8369088 +28.9034505     4.94 0.0005334187 -10.9359 -10.9895   0.0337     24877.28       771.34     1606.887    0.043   0
        31    302.052    569.207 327.8822377 +28.9045074     5.15 0.0005564694 -10.4862 -10.6540   0.0458      18263.6     769.4293     1580.562    0.109   0
        32    302.934    553.344 327.8821688 +28.9062184     4.94 0.0005336658 -12.2918 -12.3661   0.0097     88395.52     791.8885     1579.115    0.072   0
        33    799.085    542.306 327.8208985 +28.9086536     4.90 0.0005294508 -14.8067 -14.8401   0.0013     863051.9     1007.264     1606.674    0.085   0
        34    859.043    517.978 327.8135505 +28.9114230     4.97 0.0005362723 -11.6086 -11.4120   0.0229     36712.05     775.3791     1468.685    0.085   0
        35    864.195    491.188 327.8129798 +28.9143216     4.65 0.0005020932  -8.8025  99.0000  99.0000    -22366.07     763.2344     1449.405    0.215   0
        36    505.929    487.352 327.8572549 +28.9138404     5.20  0.000560938 -11.0929 -11.2201   0.0273     30764.26     773.4377     1595.477    0.114   0
        37    224.936    457.714 327.8920478 +28.9163213     5.35 0.0005771128 -11.1763 -11.2727   0.0260     32291.06     774.1228      1536.55    0.145   0
        38     61.297    892.473 327.9111538 +28.8690703     4.30 0.0004637406 -10.3826  99.0000  99.0000    -53007.91     763.5369     1192.021    0.085   0
        39    749.319    502.204 327.8271461 +28.9128497     4.94 0.0005333781 -12.1192 -12.1876   0.0114     74998.94      787.606     1604.702    0.053   0
        40    803.116    802.302 327.8197597 +28.8806562    14.24  0.001537666 -12.0228 -11.7779   0.0165     51421.55     780.2553     1531.158    0.631   2
        41     55.247    826.544 327.9120697 +28.8761567     4.93 0.0005319917 -10.0978 -10.2668   0.0652     12785.81     767.7119     1413.213    0.093   0
        42    901.970    611.020 327.8080185 +28.9015065     3.59 0.0003878534  -8.2197  99.0000  99.0000    -101538.7     763.3209     1181.568    0.013   0
        43    796.160    764.974 327.8207109 +28.8846600     8.13 0.0008781585 -11.1558 -11.2921   0.0256     32873.38     774.1191     1585.921    0.139   0
        44    840.540    829.967 327.8150692 +28.8777689    75.78  0.008181912 -14.0194 -13.0771   0.0052     170155.6     817.4138     1219.475    0.472  16
        45    106.513    692.795 327.9060794 +28.8906956     5.51 0.0005948998 -10.8870 -11.0840   0.0309     27139.59     772.3292     1494.774    0.107   0
        46    306.457    494.775 327.8818817 +28.9125365     5.03 0.0005426405 -13.4652 -13.4986   0.0036     250867.9     841.7372      1572.07    0.078   0
        47    798.029    689.249 327.8206666 +28.8928219     4.75 0.0005126438 -13.3505 -13.4010   0.0040     229292.9     835.1863     1611.042    0.044   0
        48    533.557    711.313 327.8532817 +28.8897844     4.77  0.000514896 -13.1340 -13.1924   0.0047     189221.7     823.2244     1610.918    0.021   0
        49    600.926    648.838 327.8451154 +28.8966834     5.32 0.0005748692  -9.5180  -9.7175   0.1079     7709.192     766.0354     1610.971    0.096   0
        50    248.638    663.852 327.8885966 +28.8941763     6.59 0.0007120065  -9.4079 -10.1677   0.0714     11669.71     767.4128     1575.207    0.219   0
        51    652.857    649.229 327.8386991 +28.8967712     5.13 0.0005535152 -10.4749 -10.6924   0.0442     18921.78     769.7932     1613.999    0.117   0
        52    164.415    846.472 327.8985359 +28.8742895     5.82 0.0006284157  -9.5357  -9.4420   0.1390     5981.458     765.5359     1480.983    0.207   0
        53    812.145    569.175 327.8192187 +28.9057917     4.79 0.0005170353 -11.2708 -11.2860   0.0257     32689.73     774.2089     1584.633    0.088   0
        54    744.870    611.009 327.8274268 +28.9011180     4.83 0.0005219256 -11.6864 -11.6441   0.0186     45459.43     778.2367     1608.876    0.060   0
        55    697.403    559.627 327.8334182 +28.9065346     4.86 0.0005248275 -11.5898 -11.5364   0.0205     41166.92     776.5593     1607.635    0.086   0
        56    847.422    593.504 327.8148006 +28.9032584     4.87 0.0005253485 -10.0880 -10.3062   0.0629     13258.38     767.9087     1524.383    0.062   0
        57    361.554    571.796 327.8748802 +28.9043794     4.16 0.0004492651  -9.0391  -9.4791   0.1343     6189.291     765.3237      1587.91    0.160   0
        58    308.346    531.745 327.8815548 +28.9085588     4.99 0.0005390793 -10.3720 -10.3488   0.0605     13788.33     767.9953     1577.276    0.154   0
        59    237.676    887.490 327.8893836 +28.8700579     4.73  0.000510598 -12.5319 -11.6954   0.0178     47662.73     779.0289     1294.884    0.052   0
        60    449.920    855.586 327.8632510 +28.8740325     4.71 0.0005082535 -12.1015 -12.1021   0.0123     69317.07     785.8214     1527.325    0.025   0
