#   1 NUMBER                 Running object number                                     
#   2 X_IMAGE                Object position along x                                    [pixel]
#   3 Y_IMAGE                Object position along y                                    [pixel]
#   4 ALPHA_J2000            Right ascension of barycenter (J2000)                      [deg]
#   5 DELTA_J2000            Declination of barycenter (J2000)                          [deg]
#   6 FWHM_IMAGE             FWHM assuming a gaussian core                              [pixel]
#   7 FWHM_WORLD             FWHM assuming a gaussian core                              [deg]
#   8 MAG_BEST               Best of MAG_AUTO and MAG_ISOCOR                            [mag]
#   9 MAG_APER               Fixed aperture magnitude vector                            [mag]
#  10 MAGERR_APER            RMS error vector for fixed aperture mag.                   [mag]
#  11 FLUX_APER              Flux vector within fixed circular aperture(s)              [count]
#  12 FLUXERR_APER           RMS error vector for aperture flux(es)                     [count]
#  13 BACKGROUND             Background at centroid position                            [count]
#  14 ELLIPTICITY            1 - B_IMAGE/A_IMAGE                                       
#  15 FLAGS                  Extraction flags                                          
         1     10.776     80.484 237.9949434 +32.9344540    66.15  0.007140839 -13.7535 -12.9566   0.0061     152274.8     851.6339      381.743    0.597  24
         2    144.814     85.837 237.9776687 +32.9342431    47.88  0.005168692 -13.3786 -12.0683   0.0140     67193.89     869.0998     1496.534    0.745   0
         3    192.518     30.604 237.9716809 +32.9403251    33.06  0.003568399 -12.9375 -12.0841   0.0138     68177.49     869.4296     848.6196    0.245  17
         4    135.888     11.069 237.9790285 +32.9422764    87.39  0.009433247 -15.0018 -13.7823   0.0030     325781.2     904.7034     196.6363    0.745  24
         5     65.256    109.222 237.9878471 +32.9315061    21.89  0.002362635  -8.8100  99.0000  99.0000    -12396.76     849.7677     1030.559    0.590   0
         6    913.900     93.758 237.8786122 +32.9354438     4.55 0.0004914059 -12.0239 -11.9367   0.0158     59524.47     866.9615     1613.554    0.071   0
         7    419.984     96.362 237.9422065 +32.9338529     4.61 0.0004972224 -11.5431 -11.6263   0.0209     44722.95     862.6591     1806.281    0.051   0
         8     76.102    245.980 237.9860644 +32.9167979    46.30  0.004997808 -13.8480 -12.1052   0.0136     69514.48     869.9784     1657.817    0.599   2
         9    620.819     94.992 237.9163490 +32.9345372     1.37 0.0001480268  -8.1652  -8.7766   0.2849     3240.584     850.2642     1762.036    0.005   0
        10    985.603    200.100 237.8690938 +32.9241710     4.58  0.000494111 -14.7183 -14.7588   0.0014     800812.5     1059.255     1628.371    0.026   0
        11    550.863    144.558 237.9252209 +32.9290092     4.54 0.0004902065 -10.9158 -10.5794   0.0544     17051.87     854.6501      1823.49    0.038   0
        12    179.832    260.891 237.9726682 +32.9154734     4.55 0.0004911646 -11.8856 -11.9770   0.0153     61774.52     867.6572     1868.116    0.050   0
        13    249.921    274.934 237.9636057 +32.9141502     4.83 0.0005209693  -9.4934  -9.7624   0.1152     8034.736     852.1042     1867.118    0.087   0
        14     76.582    332.276 237.9857591 +32.9074994    17.65  0.001905026 -13.0564 -11.8806   0.0166     56527.11     866.2147     1663.174    0.468   2
        15    566.020    415.534 237.9225253 +32.8998473    11.99  0.001294347 -16.9596 -16.9688   0.0003      6131122     1946.161     1828.135    0.262   4
        16    883.518    314.513 237.8819294 +32.9115737     3.99 0.0004309163  -9.2338  -9.4939   0.1474     6274.194     851.4916     1665.373    0.029   0
        17     76.934    357.212 237.9856435 +32.9048130    16.30  0.001759371 -12.7123 -11.9082   0.0162     57981.39     866.6107      1660.05    0.272   2
        18    780.178    346.070 237.8951473 +32.9079010     4.45 0.0004803616 -12.1247 -12.1980   0.0125     75721.34     871.7602     1727.276    0.027   0
        19     77.962    392.107 237.9854126 +32.9010554    24.86  0.002683341 -13.3690 -11.9607   0.0155      60853.9     867.3683     1662.835    0.322   2
        20     79.492    689.014 237.9843785 +32.8690632    87.20  0.009413342 -15.3002 -12.0875   0.0138     68390.16     869.6317     1605.979    0.925  18
        21    152.961    379.585 237.9757940 +32.9026092     4.45 0.0004804325 -12.7452 -12.7683   0.0075       128037     886.4749     1864.119    0.051   0
        22    203.760    404.466 237.9691855 +32.9000659     4.51 0.0004866557 -11.8302 -11.9787   0.0152     61872.12     867.6382     1861.909    0.095   0
        23     76.812    420.596 237.9854803 +32.8979821    19.06  0.002057134 -12.8875 -11.9058   0.0163     57854.58     866.2205     1647.086    0.266   2
        24     77.818    445.678 237.9852801 +32.8952819    21.81   0.00235481 -13.1306 -11.9328   0.0159     59308.14     866.9698     1653.807    0.228   2
        25    370.432    463.098 237.9475691 +32.8941976     4.65 0.0005022225  -9.8462 -10.2147   0.0760     12186.99     853.3455     1842.907    0.060   0
        26    960.576    506.933 237.8714928 +32.8910386     4.49 0.0004843719 -12.5929 -12.6232   0.0086     112018.1     882.1078     1500.758    0.030   0
        27    706.008    678.692 237.9037900 +32.8718592     2.63 0.0002843386  -8.7276  -7.5363   0.8927     1034.041     849.9998     1602.153    0.088   0
        28    650.092   1012.015 237.9100755 +32.8357896     4.44 0.0004790189 -12.4392 -12.4405   0.0101     94665.39     877.1528     1400.802    0.044   0
        29     85.342    998.705 237.9827534 +32.8357049     6.24  0.000673672 -10.7614 -11.0719   0.0347     26839.53     857.6275     1466.007    0.154   0
        30    751.186    952.422 237.8972338 +32.8424793     4.55 0.0004914281 -12.5920 -12.6061   0.0087     110261.2     881.2158     1352.637    0.030   0
        31    400.659    789.664 237.9427742 +32.8590859     3.99 0.0004306072  -8.6970  -9.2648   0.1819     5080.646     851.1411     1715.049    0.416   0
        32    530.917    674.192 237.9263325 +32.8718788     4.52 0.0004883074  -9.4442  -9.7875   0.1125     8222.425     852.0394     1733.943    0.181   0
        33    228.509    535.963 237.9656320 +32.8859620     6.75 0.0007290192  -9.3276  -9.5757   0.1367     6764.955     851.6117     1843.022    0.265   0
        34    747.990    656.182 237.8984489 +32.8743960     5.02 0.0005414208  -9.6246  -9.7317   0.1184     7810.221     851.6547     1581.924    0.096   0
        35    685.719    699.670 237.9063435 +32.8695447     4.41 0.0004755992 -11.9311 -11.9766   0.0153     61752.21     867.7684     1604.718    0.024   0
        36    436.838    624.016 237.9385771 +32.8770344     4.42 0.0004766323 -12.5446 -12.5898   0.0088     108620.7     880.9589     1802.281    0.061   0
        37    151.809    818.104 237.9747108 +32.8553486     4.56 0.0004925622 -11.7396 -11.7546   0.0187     50332.11     864.3776     1736.483    0.030   0
        38    585.615    957.557 237.9185181 +32.8414871     4.84 0.0005219672 -10.0292 -10.2768   0.0718     12904.38     853.3882     1487.336    0.087   0
        39    611.589    549.777 237.9162923 +32.8855016     3.43 0.0003698089  -8.7602  -8.9788   0.2366     3904.164     850.4593     1744.752    0.402   0
        40    720.003    887.901 237.9014203 +32.8493502     4.52 0.0004879482 -11.8346 -11.8840   0.0166     56701.09     866.0526     1434.309    0.056   0
        41    775.885    840.857 237.8943588 +32.8545676     4.58 0.0004944602 -10.6670 -10.7224   0.0478     19452.27     855.4475     1421.733    0.073   0
        42    576.986    572.330 237.9206838 +32.8829790     4.86 0.0005247082  -9.5443  -9.9978   0.0928     9979.489     852.6507      1756.63    0.385   0
        43    311.031    585.578 237.9548734 +32.8808383     4.96 0.0005351304  -9.6214  -9.6848   0.1237     7480.641     851.7978      1831.08    0.123   0
        44     83.328    899.976 237.9832904 +32.8463391    51.10  0.005516328 -14.4897 -12.0587   0.0142     66601.72     869.1409      1497.23    0.792  18
