#   1 NUMBER                 Running object number                                     
#   2 X_IMAGE                Object position along x                                    [pixel]
#   3 Y_IMAGE                Object position along y                                    [pixel]
#   4 ALPHA_J2000            Right ascension of barycenter (J2000)                      [deg]
#   5 DELTA_J2000            Declination of barycenter (J2000)                          [deg]
#   6 FWHM_IMAGE             FWHM assuming a gaussian core                              [pixel]
#   7 FWHM_WORLD             FWHM assuming a gaussian core                              [deg]
#   8 MAG_BEST               Best of MAG_AUTO and MAG_ISOCOR                            [mag]
#   9 MAG_APER               Fixed aperture magnitude vector                            [mag]
#  10 MAGERR_APER            RMS error vector for fixed aperture mag.                   [mag]
#  11 FLUX_APER              Flux vector within fixed circular aperture(s)              [count]
#  12 FLUXERR_APER           RMS error vector for aperture flux(es)                     [count]
#  13 BACKGROUND             Background at centroid position                            [count]
#  14 ELLIPTICITY            1 - B_IMAGE/A_IMAGE                                       
#  15 FLAGS                  Extraction flags                                          
         1    835.378    289.246 200.9196193 +36.2056107   121.40   0.01311055 -15.1081 -12.3380   0.0099     86136.66     785.1392     1379.152    0.848  19
         2    831.528    137.085 200.9204166 +36.2219637   164.17   0.01772943 -15.9019 -12.5432   0.0083     104056.1     790.9681       1300.9    0.854  19
         3    517.898     51.748 200.9627193 +36.2301812     6.84 0.0007381409  -9.6989  -9.4767   0.1335     6175.795     759.3159     1402.835    0.374   0
         4    470.359     92.537 200.9690297 +36.2256476     6.26 0.0006762717 -10.4365 -10.5021   0.0521     15879.47     762.4614     1423.958    0.281   0
         5    537.164    147.894 200.9599481 +36.2199003     5.40  0.000583197  -9.5083  -9.2870   0.1589     5185.574      758.947     1482.986    0.273   0
         6    605.946    168.021 200.9506686 +36.2179474     8.28 0.0008938431 -10.8424 -10.8548   0.0378     21975.45     764.5425     1506.479    0.255   0
         7    261.003    293.997 200.9967683 +36.2033305     0.00            0  -8.8796  -9.4848   0.1325      6221.86     759.0745     1493.734    0.015   0
         8    187.328    333.556 201.0065876 +36.1988454     4.90 0.0005293533 -10.1567 -10.1953   0.0691     11970.73     761.2001     1488.975    0.155   0
         9    440.514    393.624 200.9724640 +36.1931741     4.95 0.0005346983  -9.8862 -10.3216   0.0615     13448.04     761.7064     1581.013    0.152   0
        10    442.316    506.050 200.9720069 +36.1810884     4.49 0.0004852128 -12.1664 -12.1764   0.0114     74224.06     781.4615     1599.099    0.064   0
        11    888.269    888.231 200.9114185 +36.1413510    56.79  0.006133107 -14.0048 -12.7009   0.0072       120326     796.0327     547.6479    0.139  16
        12    158.161    794.006 201.0096015 +36.1492340     3.96 0.0004279921  -9.2948 -10.9258   0.0354     23458.57      764.794     1501.748    0.509   0
        13    883.279    451.864 200.9128865 +36.1882666     4.43 0.0004780481 -11.7240  99.0000  99.0000    -3176.776     757.3441     1257.891    0.127   0
        14    744.091    508.002 200.9314764 +36.1818059     1.05 0.0001138772  -8.2186  -9.0293   0.2014     4089.993     758.5432     1597.519    0.046   0
        15    305.696    478.292 200.9904077 +36.1836495     4.53 0.0004894764 -10.3181 -10.2898   0.0633     13059.28     761.7492      1582.47    0.126   0
        16     96.915    727.647 201.0179539 +36.1561782     5.95 0.0006427457  -8.8211  -8.2431   0.4152     1982.597      758.041     1501.234    0.232   0
        17    167.517    546.127 201.0088316 +36.1759220     4.80 0.0005183549 -10.4985 -10.6240   0.0467     17766.12     763.1861     1549.101    0.109   0
        18    862.927    633.806 200.9152864 +36.1686373     4.43 0.0004786691 -12.2510 -12.1386   0.0118     71689.48     780.5047     1503.209    0.071   0
        19    841.269    830.570 200.9178331 +36.1474099    75.94  0.008200812 -14.0051 -13.0666   0.0052     168511.8     811.0247     1210.032    0.465  16
        20    802.723    799.935 200.9230639 +36.1505875    12.29  0.001327596 -11.9416 -11.6992   0.0176     47828.56     772.9501     1531.095    0.629   2
        21    429.560    546.549 200.9736426 +36.1766934     4.35 0.0004698544 -12.0636 -12.1484   0.0117     72337.99     780.8786     1598.792    0.072   0
