#   1 NUMBER                 Running object number                                     
#   2 X_IMAGE                Object position along x                                    [pixel]
#   3 Y_IMAGE                Object position along y                                    [pixel]
#   4 ALPHA_J2000            Right ascension of barycenter (J2000)                      [deg]
#   5 DELTA_J2000            Declination of barycenter (J2000)                          [deg]
#   6 FWHM_IMAGE             FWHM assuming a gaussian core                              [pixel]
#   7 FWHM_WORLD             FWHM assuming a gaussian core                              [deg]
#   8 MAG_BEST               Best of MAG_AUTO and MAG_ISOCOR                            [mag]
#   9 MAG_APER               Fixed aperture magnitude vector                            [mag]
#  10 MAGERR_APER            RMS error vector for fixed aperture mag.                   [mag]
#  11 FLUX_APER              Flux vector within fixed circular aperture(s)              [count]
#  12 FLUXERR_APER           RMS error vector for aperture flux(es)                     [count]
#  13 BACKGROUND             Background at centroid position                            [count]
#  14 ELLIPTICITY            1 - B_IMAGE/A_IMAGE                                       
#  15 FLAGS                  Extraction flags                                          
         1     10.534     80.966 237.9943217 +32.9328294    64.74  0.006935946 -13.5767 -12.7636   0.0064       127477     755.5385     408.9867    0.601  24
         2    141.381     88.077 237.9775348 +32.9324313    41.56  0.004452986 -13.1005 -11.9202   0.0143     58622.88     773.4218     1331.979    0.700   2
         3    191.410     30.568 237.9712098 +32.9387007    34.39  0.003684766 -12.8321 -12.0021   0.0133     63219.91     774.6363     779.7482    0.233  17
         4    135.713     11.004 237.9783815 +32.9406342    86.99  0.009319846 -14.7999 -13.5616   0.0033     265861.5     805.2726     263.1209    0.746  24
         5    915.487     82.973 237.8782930 +32.9350603     5.03 0.0005388397 -11.8438 -11.3729   0.0235     35412.49     765.8826      1326.59    0.107   0
         6    421.325     86.009 237.9416465 +32.9334148     4.76 0.0005099605 -11.3652 -11.3129   0.0248     33508.58     765.1557     1493.962    0.023   0
         7     64.321    109.284 237.9873813 +32.9299581    19.31  0.002068631 -10.0435  99.0000  99.0000    -8770.039     754.2773     940.7964    0.569   0
         8     74.295    252.599 237.9858783 +32.9147035    49.68  0.005322864 -14.0013 -11.9549   0.0139     60529.97     773.8925     1445.871    0.724   2
         9    552.340    133.980 237.9247773 +32.9286530     4.60 0.0004931787 -10.9786 -10.5665   0.0490     16849.49     759.7991     1587.904    0.037   0
        10    987.279    189.335 237.8689366 +32.9239079     4.86   0.00052085 -14.7998 -14.8345   0.0013     858614.4     999.1365     1438.166    0.068   0
        11    979.571    173.354 237.8699475 +32.9255918     7.02 0.0007526086  -9.1907 -10.9691   0.0339     24414.62     762.2631     1442.353    0.257   1
        12    181.161    250.416 237.9721833 +32.9152296     4.68 0.0005011853 -11.9257 -11.9922   0.0134     62646.81     774.6176     1633.191    0.041   0
        13    251.405    264.277 237.9631579 +32.9139437     5.56 0.0005961353  -9.7099 -10.0447   0.0789     10420.74     757.5534     1632.254    0.155   0
        14    567.529    405.300 237.9224261 +32.8997621    24.01  0.002571859 -17.0358 -17.0417   0.0003      6556367     1961.415     1602.631    0.210   4
        15    884.944    303.633 237.8818912 +32.9114498     4.93  0.000527951  -9.4584  -9.7334   0.1051     7822.953     756.8657     1471.538    0.150   0
        16    781.743    335.350 237.8950734 +32.9077939     4.63 0.0004964887 -12.1579 -12.2207   0.0109      77315.2     779.3992     1523.918    0.047   0
        17    437.850    356.859 237.9391191 +32.9045779     3.25  0.000347782  -8.9710  -9.7735   0.1013     8116.941     756.8565      1618.18    0.255   0
        18     78.964    369.087 237.9850976 +32.9022949    11.93  0.001278227 -12.1510 -11.7497   0.0167     50104.61     770.6426     1479.899    0.204   2
        19    154.438    369.060 237.9754246 +32.9025051     4.56 0.0004890565 -12.8196 -12.8668   0.0062     140186.7      799.392     1631.411    0.033   0
        20     79.144    395.059 237.9850339 +32.8995259    21.06  0.002255787 -12.6490 -11.7543   0.0166     50316.78     770.6487     1475.262    0.440   2
        21    337.682    369.944 237.9519375 +32.9029110     5.31  0.000568526  -9.0659  -9.3661   0.1472      5577.52     756.1876     1623.075    0.276   0
        22     79.596    691.933 237.9845119 +32.8678707    40.21  0.004308372 -14.2510 -11.8827   0.0148     56636.59      772.717     1430.852    0.667   2
        23    205.167    393.833 237.9688846 +32.9000023     4.56 0.0004890444 -11.8638 -11.9876   0.0135     62380.83     774.6148     1629.741    0.033   0
        24     77.170    546.160 237.9850505 +32.8834081    27.98  0.002997597 -13.3561 -11.8357   0.0155     54233.57     772.0017      1444.58    0.585   0
        25     78.484    434.900 237.9850562 +32.8952757    19.03  0.002038848 -12.9974 -11.7258   0.0171     49015.25     770.4354     1461.919    0.470   2
        26    371.708    452.430 237.9474513 +32.8942076     5.03 0.0005386993  -9.9701 -10.2394   0.0661     12466.96     758.3557     1615.427    0.077   0
        27     75.137    471.138 237.9854284 +32.8914024    10.79   0.00115581 -12.0425 -11.7101   0.0173      48309.1     770.1017      1434.64    0.296   0
        28    962.255    496.076 237.8717068 +32.8911330     4.63 0.0004957035 -12.6556 -12.6962   0.0072     119811.1     792.9942     1342.938    0.088   0
        29     82.013    483.384 237.9845282 +32.8901155     7.88 0.0008437682 -11.2665 -11.5216   0.0205     40609.61     767.3255     1491.464    0.322   2
        30     77.190    493.305 237.9851307 +32.8890442     6.70 0.0007174954 -11.3811 -11.6620   0.0181     46216.95     769.4431      1449.31    0.298   2
        31    230.463    525.005 237.9654405 +32.8860842     5.27 0.0005650097  -9.1572  -9.2294   0.1669     4917.489      755.799     1615.303    0.162   0
        32    752.702    941.301 237.8979117 +32.8431017     4.76 0.0005098093 -12.6996 -12.7357   0.0069     124242.8     794.7344     1227.352    0.126   0
        33     86.643    987.660 237.9831474 +32.8363559     8.28 0.0008869485 -11.3501 -11.3013   0.0251     33151.71     765.1232     1320.361    0.026   0
        34    777.534    829.763 237.8948933 +32.8550616     4.67 0.0005001568 -10.8181 -10.9109   0.0358     23139.19     761.8447     1282.567    0.094   0
        35     83.438    903.292 237.9836896 +32.8453435    26.46  0.002834664 -13.3050 -11.8031   0.0159     52629.12     771.4194     1333.335    0.345   2
        36    612.987    538.963 237.9164021 +32.8856312     3.55 0.0003803064  -8.7175  -8.6911   0.2738     2995.165     755.0989     1542.766    0.017   0
        37    153.396    807.381 237.9748779 +32.8557628     4.28 0.0004584922 -11.8416 -11.8932   0.0147     57184.69     772.6028     1534.518    0.019   0
        38    749.711    645.528 237.8987262 +32.8746332     4.37 0.0004685922  -9.7413  -9.9480   0.0863     9532.652     757.4728     1409.171    0.013   0
        39    587.145    946.215 237.9191090 +32.8421351     4.58 0.0004905052  -9.9359  -9.8791   0.0919     8946.021     757.2153     1337.531    0.087   0
        40    312.689    575.055 237.9548274 +32.8809714     4.94  0.000529559  -9.5619  -9.6396   0.1145     7175.263     756.6305     1607.438    0.219   0
        41     82.302    818.747 237.9839671 +32.8543556    36.35  0.003894025 -14.0551 -11.8362   0.0155     54258.26      771.968     1379.365    0.603   2
        42    707.646    667.928 237.9040830 +32.8721324     5.01 0.0005368959  -8.7472  -8.5840   0.3021      2713.89     755.0484     1426.044    0.286   0
        43    687.275    688.860 237.9066623 +32.8698460     4.37 0.0004682778 -11.6496 -11.6896   0.0176     47406.48     769.8505     1428.728    0.019   0
        44    532.388    663.246 237.9265445 +32.8721618     6.35 0.0006806069  -9.1740  -8.9572   0.2144     3827.064     755.3956     1532.873    0.144   0
        45    438.363    613.315 237.9386665 +32.8772326     4.36 0.0004669458 -12.6144 -12.6695   0.0074     116893.3     792.0332     1585.369    0.037   0
        46    651.609   1000.840 237.9107720 +32.8364830     4.63 0.0004958606 -12.5405 -12.5933   0.0079     108968.5     789.3647     1263.041    0.130   0
        47    100.020    550.010 237.9821167 +32.8830605     4.78 0.0005123156  -8.7148  -8.8544   0.2355     3481.348     755.0467     1611.684    0.013   0
        48     85.326    944.692 237.9833832 +32.8409340    11.39  0.001220751 -11.7762 -11.6588   0.0181     46079.09     769.3774     1323.174    0.481   0
        49    721.511    876.892 237.9020008 +32.8498868     4.57 0.0004899245 -11.8998 -11.9529   0.0139      60416.8     774.1055     1293.098    0.082   0
        50    578.027    561.648 237.9208482 +32.8831183     6.74 0.0007224904  -9.5768  -9.7588   0.1026     8007.972     756.8843     1549.996    0.109   0
        51    401.883    779.138 237.9430898 +32.8594516     4.47  0.000478794  -8.7448  -8.8921   0.2276     3604.599     755.5563     1521.443    0.199   0
