#   1 NUMBER                 Running object number                                     
#   2 X_IMAGE                Object position along x                                    [pixel]
#   3 Y_IMAGE                Object position along y                                    [pixel]
#   4 ALPHA_J2000            Right ascension of barycenter (J2000)                      [deg]
#   5 DELTA_J2000            Declination of barycenter (J2000)                          [deg]
#   6 FWHM_IMAGE             FWHM assuming a gaussian core                              [pixel]
#   7 FWHM_WORLD             FWHM assuming a gaussian core                              [deg]
#   8 MAG_BEST               Best of MAG_AUTO and MAG_ISOCOR                            [mag]
#   9 MAG_APER               Fixed aperture magnitude vector                            [mag]
#  10 MAGERR_APER            RMS error vector for fixed aperture mag.                   [mag]
#  11 FLUX_APER              Flux vector within fixed circular aperture(s)              [count]
#  12 FLUXERR_APER           RMS error vector for aperture flux(es)                     [count]
#  13 BACKGROUND             Background at centroid position                            [count]
#  14 ELLIPTICITY            1 - B_IMAGE/A_IMAGE                                       
#  15 FLAGS                  Extraction flags                                          
         1     10.031     81.477 200.8913739 +36.1189576    61.97  0.006662074 -13.2897 -12.4292   0.0074     93689.96     635.1736     432.7278    0.613  24
         2    143.387     86.772 200.8736082 +36.1187616    38.76  0.004167269 -12.8056 -11.5804   0.0166     42869.27     654.5368     1123.261    0.721   0
         3    192.563     30.114 200.8671691 +36.1249849    31.21  0.003355697 -12.1242 -11.5542   0.0170     41847.29     654.4105     717.7664    0.202  17
         4    136.132     10.846 200.8747203 +36.1268978    85.43  0.009184654 -14.4867 -13.2423   0.0037     198109.5     682.7292     328.7326    0.745  24
         5    288.621     31.104 200.8543768 +36.1251448     4.73 0.0005085911  -9.9219  99.0000  99.0000    -40276.81     638.2778     928.0011    0.276   0
         6    375.868     86.999 200.8426543 +36.1193808     5.00 0.0005378365 -11.3632 -11.3642   0.0201     35130.73     651.7335     1259.555    0.075   0
         7     64.465    108.698 200.8840737 +36.1161859    15.17  0.001630777  -9.9603  99.0000  99.0000    -14227.02     638.2598     833.6374    0.637   0
         8    537.569     94.405 200.8211107 +36.1190281     5.78 0.0006210799  -9.9551  -9.9699   0.0717     9726.703      641.807     1282.939    0.157   0
         9    728.028    202.827 200.7955551 +36.1078974     8.76 0.0009423088 -10.4017 -10.6224   0.0395      17740.5      645.064     1297.351    0.365   0
        10     71.137    241.447 200.8829286 +36.1019440    10.36  0.001113983 -11.7235 -11.5109   0.0177     40213.73     653.6804     1192.525    0.373   0
        11    307.120    262.150 200.8514766 +36.1003756     4.57 0.0004912825 -12.7266 -12.7840   0.0057     129893.9     687.3243     1350.145    0.042   0
        12     75.514    264.699 200.8823011 +36.0994584     7.22 0.0007764164 -10.9954 -11.4966   0.0179      39687.6     653.6731       1223.1    0.300   0
        13     74.412    275.846 200.8824262 +36.0982579     4.30 0.0004619417  -9.8893 -11.4120   0.0193     36711.45     652.3396     1210.888    0.309   0
        14     76.592    312.792 200.8820647 +36.0942950     3.45 0.0003707209  -9.4452 -11.3139   0.0211      33538.7     650.9455     1227.997    0.407   0
        15     78.168    329.833 200.8818220 +36.0924687     4.52 0.0004859853  -9.8996 -11.3183   0.0210     33674.94     651.2633      1233.18    0.350   0
        16     74.401    389.397 200.8822083 +36.0860596     5.41 0.0005817946 -10.3298 -11.4526   0.0186     38109.43     652.7692     1202.001    0.648   0
        17     73.252    362.014 200.8824141 +36.0889979     4.30 0.0004623515  -9.6408 -11.3458   0.0205     34541.24     651.6312     1199.535    0.631   0
        18     75.188    522.486 200.8818463 +36.0717646     4.46 0.0004798275 -12.0882 -12.0771   0.0106      67742.3     664.1946     1198.028    0.043   0
        19     70.794    397.997 200.8826717 +36.0851256     3.30 0.0003542806  -9.5348 -11.3621   0.0202     35061.95     651.6718     1182.079    0.381   0
        20    687.442    426.144 200.8005514 +36.0837976     4.31 0.0004631586 -10.0476 -10.1332   0.0617     11305.58     642.6549     1285.227    0.054   0
        21    328.819    440.276 200.8482520 +36.0813002     6.69 0.0007190931  -8.7592  -9.1483   0.1523     4563.661     640.0449     1341.103    0.144   0
        22   1022.586    442.995 200.7559181 +36.0828855     4.54 0.0004876381 -10.3349 -10.0724   0.0578     10689.48     569.2373     1123.434    0.159  16
        23     78.414    441.582 200.8815734 +36.0804648     4.72 0.0005070164 -10.0166 -11.3593   0.0202     34972.55     651.5844     1221.634    0.222   0
        24     76.596    459.789 200.8817801 +36.0785038     3.43 0.0003689965  -9.4352 -11.3458   0.0205     34540.56     651.3655     1214.383    0.418   0
        25    717.709    491.592 200.7964045 +36.0768486     4.06  0.000436232 -11.3144 -11.3757   0.0199      35505.6     651.9833     1251.187    0.038   0
        26     76.610    645.256 200.8814201 +36.0585800     5.88 0.0006326033 -10.6418 -11.4739   0.0183     38866.84     653.2004     1193.001    0.278   2
        27    353.484   1009.278 200.8439000 +36.0202426     4.03 0.0004337376  -8.6503  -8.4544   0.2882     2408.625     639.2025     1177.369    0.020   0
        28    653.550    976.081 200.8040580 +36.0246282     4.06 0.0004365861 -10.6588 -10.8009   0.0336     20909.93     646.4694     1078.398    0.113   0
        29     82.640    889.365 200.8801470 +36.0323734     5.73  0.000615727 -10.4861 -11.4315   0.0190     37377.38      652.736     1133.344    0.513   2
        30     80.997    842.143 200.8804566 +36.0374417     4.61 0.0004960173 -10.0241 -11.3718   0.0200     35377.58     651.8282     1145.302    0.234   0
        31     86.608    774.374 200.8798409 +36.0447374     5.69 0.0006121241 -10.3978 -11.4040   0.0194     36443.11     652.0953     1208.756    0.710   0
        32     84.192    804.673 200.8801039 +36.0414758     9.86  0.001060253 -11.6319 -11.4343   0.0189     37472.94     652.6843     1178.761    0.532   0
        33    183.493    799.896 200.8669047 +36.0422655     4.48 0.0004819981  -8.8139  -9.5559   0.1048     6642.805     641.0003     1283.912    0.141   0
        34     81.735    759.523 200.8805177 +36.0463192    10.35  0.001113254 -11.3646 -11.4922   0.0180     39524.02     653.5576     1184.299    0.688   2
        35     80.561    734.291 200.8807226 +36.0490265     8.54 0.0009181279 -11.3959 -11.5273   0.0174     40823.84     653.9842     1188.015    0.470   0
        36     80.640    719.558 200.8807406 +36.0506093    12.19  0.001310455 -12.0124 -11.5018   0.0178     39875.29      653.692     1193.205    0.237   2
        37     77.879    664.438 200.8812142 +36.0565229     9.07 0.0009751735 -11.5402 -11.5436   0.0171     41443.38     654.2209     1194.445    0.534   2
        38     78.756    679.919 200.8810677 +36.0548623    15.19  0.001632769 -12.3726 -11.5783   0.0166     42787.96     654.8226     1195.744    0.064   2
        39     86.610    952.521 200.8794973 +36.0256000     5.40 0.0005806378 -10.2543 -11.3079   0.0212     33355.97     651.1409     1125.111    0.213   0
        40     83.962    572.212 200.8805829 +36.0664473     6.81 0.0007320378 -10.5040 -11.1495   0.0245     28827.27     649.3288     1250.659    0.507   0
        41    594.657    860.333 200.8121024 +36.0369027     3.92 0.0004217924 -10.3319 -10.4887   0.0446     15684.13     644.2844     1162.143    0.059   0
        42    634.390    880.647 200.8067806 +36.0348284     3.91 0.0004207988  -9.1791  -9.4022   0.1206     5766.188     640.4424     1134.231    0.049   0
        43     79.568    869.308 200.8805942 +36.0345195     4.13 0.0004439128  -9.8691 -11.3688   0.0201     35280.86     651.8795     1127.546    0.533   0
        44     79.136    607.867 200.8811562 +36.0626035     4.52 0.0004855559  -9.9594 -11.3905   0.0197     35992.82     652.2055     1214.795    0.218   0
        45     80.502    627.859 200.8809359 +36.0604597     6.21 0.0006677143 -10.6828 -11.4087   0.0194      36598.9     652.4201     1222.413    0.539   2
