#   1 NUMBER                 Running object number                                     
#   2 X_IMAGE                Object position along x                                    [pixel]
#   3 Y_IMAGE                Object position along y                                    [pixel]
#   4 ALPHA_J2000            Right ascension of barycenter (J2000)                      [deg]
#   5 DELTA_J2000            Declination of barycenter (J2000)                          [deg]
#   6 FWHM_IMAGE             FWHM assuming a gaussian core                              [pixel]
#   7 FWHM_WORLD             FWHM assuming a gaussian core                              [deg]
#   8 MAG_BEST               Best of MAG_AUTO and MAG_ISOCOR                            [mag]
#   9 MAG_APER               Fixed aperture magnitude vector                            [mag]
#  10 MAGERR_APER            RMS error vector for fixed aperture mag.                   [mag]
#  11 FLUX_APER              Flux vector within fixed circular aperture(s)              [count]
#  12 FLUXERR_APER           RMS error vector for aperture flux(es)                     [count]
#  13 BACKGROUND             Background at centroid position                            [count]
#  14 ELLIPTICITY            1 - B_IMAGE/A_IMAGE                                       
#  15 FLAGS                  Extraction flags                                          
         1    839.970     80.296 200.9174986 +36.1189957   139.34   0.01503685 -14.8568 -12.8185   0.0048       134086     597.7273     838.9839    0.603  16
         2    828.189      9.796 200.9192065 +36.1265340    92.00  0.009928741 -13.7445 -12.7018   0.0050     120427.7     558.3965     393.8746    0.820  24
         3    681.587    206.883 200.9385245 +36.1049650     5.81 0.0006267538 -15.4438 -15.4749   0.0007      1548731     1031.763      1107.21    0.058   4
         4    768.734    204.430 200.9268348 +36.1054693     4.52 0.0004877404 -14.9711 -15.0074   0.0010      1006797     890.8795      1107.83    0.048   0
         5    121.938    215.754 201.0136045 +36.1024380     4.37 0.0004716725 -13.1933 -13.2415   0.0034       197971      623.849     1022.952    0.068   0
         6    544.770    214.267 200.9568701 +36.1037914     4.66 0.0005023708  -8.4517  -8.7853   0.1796     3266.854     540.2788     1099.542    0.331   0
         7     91.244    268.348 201.0176214 +36.0967025     2.44 0.0002633764  -8.4350  -8.5419   0.2246      2610.79     539.9752     1009.778    0.356   0
         8    333.897    277.649 200.9850464 +36.0963932     4.15 0.0004476878  -8.7425  -8.9455   0.1550     3786.225     540.5191     1077.348    0.196   0
         9    622.900    338.004 200.9461591 +36.0907216     4.27 0.0004603568 -10.8146 -10.8841   0.0264      22575.5     549.0061     1097.443    0.030   0
        10    262.495    384.748 200.9944229 +36.0846904     6.47 0.0006985468  -9.2337  -9.0910   0.1357     4328.982     540.7397     1059.823    0.298   0
        11    198.870    447.079 201.0028391 +36.0778164     6.14 0.0006623181  -8.9368  -8.8932   0.1627     3608.083     540.4518     1035.737    0.336   0
        12     27.341    495.998 201.0257528 +36.0720735     7.77 0.0008383922  -9.1654  -9.1901   0.1238     4742.685     540.7943     966.9178    0.233   0
        13    140.931    536.780 201.0104386 +36.0680190     4.27 0.0004611971 -12.9294 -12.9678   0.0043     153854.2     605.9932      1005.75    0.134   0
        14    883.581    932.664 200.9101228 +36.0275829    14.75  0.001591416 -12.2800 -11.4368   0.0161     37557.96     555.8754     913.3902    0.090   2
        15    881.976    880.247 200.9104315 +36.0332074    26.62  0.002872714 -13.2772 -11.4289   0.0162     37287.28     555.7684     939.7637    0.601   2
        16     48.673    780.304 201.0223404 +36.0416047     3.77 0.0004065974  -8.4933  -8.2800   0.2858     2051.207     539.7312      898.753    0.354   0
        17    533.057    731.890 200.9574839 +36.0481737     3.73 0.0004029578  -9.6698  -9.9479   0.0619     9531.713     543.1851     1034.097    0.019   0
        18    223.042    726.850 200.9990632 +36.0478421     4.28 0.0004615811 -10.2564 -10.2656   0.0463     12771.55     544.6893     977.3723    0.162   0
        19    882.890    723.213 200.9105893 +36.0500731     9.91  0.001069685 -11.4617 -11.3101   0.0180     33423.71     554.0426     987.4235    0.360   0
        20    539.510    710.998 200.9566572 +36.0504352     4.97 0.0005362253 -10.0985 -10.2310   0.0478     12370.76     544.3846     1041.884    0.107   0
        21    882.346    660.284 200.9107746 +36.0568294    10.65  0.001149821 -11.5752 -11.2055   0.0198     30352.18     552.7143     1007.747    0.546   2
        22    894.766    905.673 200.9086715 +36.0305120     6.59 0.0007111208 -11.1566 -11.2396   0.0192     31321.31      553.108     895.8127    0.087   2
        23    111.201    888.957 201.0137476 +36.0301159     3.04 0.0003283799  -8.6458  -8.5667   0.2195     2671.105     539.7902     854.8235    0.189   0
        24    882.870    785.934 200.9104799 +36.0433377    10.97  0.001183367 -11.5669 -11.3227   0.0178     33813.72     554.2333     969.7339    0.347   0
        25    887.497    761.206 200.9099037 +36.0460058    12.36  0.001334056 -11.6140 -11.1944   0.0200     30044.56     552.3968     965.1993    0.079   2
        26    531.912    756.002 200.9575928 +36.0455812     1.23 0.0001328195  -7.0447  -6.3877   1.6300     358.9978     538.8401      1024.57    0.025   0
        27    705.789    569.542 200.9346170 +36.0660876     5.87 0.0006333711  -8.6463  -9.3448   0.1075     5469.157     541.2362     1084.952    0.059   0
        28    487.847    677.999 200.9636462 +36.0538343     3.57 0.0003853103 -10.1374 -10.3039   0.0447     13229.65     544.6282     1045.892    0.046   0
        29    767.600    602.852 200.9262666 +36.0626813     3.78 0.0004083992 -10.2977 -10.4486   0.0392     15116.45     545.5387     1084.202    0.032   0
        30    865.652    692.889 200.9129551 +36.0532823     3.57 0.0003853309  -9.2815 -10.7376   0.0302     19725.44     547.8267     1047.267    0.267   0
        31    886.912    958.721 200.9096298 +36.0247938    17.90  0.001931841 -12.4446 -11.4397   0.0160     37660.29     556.0101     899.5209    0.165   2
