#   1 NUMBER                 Running object number                                     
#   2 X_IMAGE                Object position along x                                    [pixel]
#   3 Y_IMAGE                Object position along y                                    [pixel]
#   4 ALPHA_J2000            Right ascension of barycenter (J2000)                      [deg]
#   5 DELTA_J2000            Declination of barycenter (J2000)                          [deg]
#   6 FWHM_IMAGE             FWHM assuming a gaussian core                              [pixel]
#   7 FWHM_WORLD             FWHM assuming a gaussian core                              [deg]
#   8 MAG_BEST               Best of MAG_AUTO and MAG_ISOCOR                            [mag]
#   9 MAG_APER               Fixed aperture magnitude vector                            [mag]
#  10 MAGERR_APER            RMS error vector for fixed aperture mag.                   [mag]
#  11 FLUX_APER              Flux vector within fixed circular aperture(s)              [count]
#  12 FLUXERR_APER           RMS error vector for aperture flux(es)                     [count]
#  13 BACKGROUND             Background at centroid position                            [count]
#  14 ELLIPTICITY            1 - B_IMAGE/A_IMAGE                                       
#  15 FLAGS                  Extraction flags                                          
         1     10.624     80.860 237.9944570 +32.9329255    65.16   0.00699422 -13.6782 -12.8537   0.0063     138506.7     800.9851     390.0357    0.599  24
         2    144.150     86.156 237.9773068 +32.9327039    47.71  0.005121242 -13.4055 -12.0057   0.0140     63428.88     819.5045     1396.486    0.758   0
         3    192.189     30.576 237.9712335 +32.9387695    33.44  0.003589159 -12.6897 -12.0107   0.0140     63722.34     819.1743     806.6529    0.252  17
         4    136.167     11.036 237.9784588 +32.9407145    87.00  0.009338723 -14.8950 -13.6714   0.0031     294130.9     852.8713     227.3836    0.744  24
         5     63.318    110.907 237.9876412 +32.9298494    21.88  0.002349046  99.0000  99.0000  99.0000    -17777.38     799.8755     979.8137    0.406   2
         6    916.405     82.777 237.8781726 +32.9350123     5.98 0.0006419992 -11.8205 -11.2640   0.0274      32033.5     809.4456     1402.421    0.112   0
         7    422.175     85.794 237.9416160 +32.9334526     5.89  0.000631979 -11.3636 -11.2313   0.0283     31083.59     809.1746     1591.931    0.084   0
         8     75.142    245.862 237.9858937 +32.9154518    52.35  0.005619385 -13.9653 -12.0502   0.0135      66079.5     820.2024     1543.042    0.676   2
         9    988.047    189.255 237.8688089 +32.9238052     5.53 0.0005940981 -14.7951 -14.8298   0.0013     854941.8     1033.071     1527.953    0.078   0
        10    553.253    133.814 237.9247104 +32.9286500     5.44 0.0005834189 -10.9393 -10.3326   0.0643     13584.12      804.065     1694.532    0.064   0
        11    182.065    250.171 237.9721630 +32.9152663     5.43    0.0005834 -11.9360 -12.0076   0.0140     63539.31     819.5161     1745.432    0.038   0
        12    251.953    264.155 237.9631695 +32.9139503     6.14 0.0006591602  -9.5576  -9.6766   0.1174     7423.919      802.215     1745.288    0.062   0
        13    568.310    405.093 237.9223366 +32.8996850    18.28  0.001962333 -17.0378 -17.0424   0.0003      6560786     1979.975     1708.755    0.188   4
        14     77.508    360.759 237.9853946 +32.9031741    15.47  0.001661011 -12.7652 -11.8062   0.0168     52780.29     816.1387     1566.048    0.381   2
        15    885.785    303.338 237.8817558 +32.9113559     6.48  0.000695823  -9.3369  -9.5371   0.1334     6528.902     801.8909      1564.02    0.127   0
        16    782.567    335.217 237.8949526 +32.9076916     5.13 0.0005502542 -12.1878 -12.2550   0.0112     79796.34     824.2629      1619.77    0.058   0
        17     79.009    690.318 237.9846416 +32.8679445    57.52  0.006174449 -14.7604 -11.9674   0.0145     61227.34        818.7     1509.407    0.839  18
        18    155.269    368.785 237.9754018 +32.9025162     5.20 0.0005581256 -12.8263 -12.8762   0.0065       141410     842.9151     1744.063    0.042   0
        19     78.869    399.661 237.9851537 +32.8990185    27.83  0.002987406 -13.4241 -11.8612   0.0160     55521.79     817.0223     1566.126    0.355   2
        20    338.928    370.494 237.9518299 +32.9028034     4.69  0.000503681  -8.9029  -9.1402   0.1921     4529.748     801.3126     1734.071    0.240   0
        21    205.990    393.640 237.9688510 +32.8999892     5.24 0.0005621252 -11.8673 -11.9574   0.0147     60666.65     818.4182     1741.325    0.033   0
        22     80.461    446.997 237.9848690 +32.8939619    19.23  0.002064364 -13.1237 -11.7556   0.0176     50378.31     815.2916     1568.705    0.612   2
        23     78.717    547.148 237.9849225 +32.8832501    28.62  0.003071781 -13.4772 -11.8798   0.0157     56481.65     817.4046     1551.869    0.511   2
        24    372.688    452.396 237.9473619 +32.8941330     6.31 0.0006771876 -10.0349 -10.2194   0.0713     12239.39     803.6243     1725.188    0.141   0
        25     75.321    479.437 237.9854733 +32.8904805    21.42  0.002299218 -12.8566 -11.8088   0.0168     52909.47     816.2226     1520.051    0.328   2
        26    962.998    496.010 237.8715445 +32.8909475     5.04 0.0005414837 -12.6545 -12.6982   0.0076     120028.5     836.2899     1419.485    0.070   0
        27    231.395    524.709 237.9653711 +32.8860415     5.36 0.0005751662  -9.1643  -9.2517   0.1734     5019.951     801.3978     1723.967    0.212   0
        28    722.256    876.650 237.9018264 +32.8496556     4.77 0.0005123151 -11.8981 -11.9407   0.0149     59740.36       818.29     1364.925    0.067   0
        29     87.589    986.911 237.9830374 +32.8362576     8.19 0.0008790563 -11.4073 -11.3701   0.0249     35322.63     810.8404     1402.976    0.221   0
        30    588.083    946.027 237.9189225 +32.8419024     4.68 0.0005023618  -9.9560 -10.0399   0.0841     10374.56     803.0665     1412.572    0.064   0
        31     81.765    811.017 237.9840830 +32.8550476    32.95  0.003536909 -14.0927 -11.9014   0.0154     57616.32     817.5523     1467.522    0.664   2
        32    147.327    775.787 237.9757334 +32.8589828     2.99 0.0003211217  -9.4380  -6.2368   2.7808     312.4092     799.9505     1650.045    0.401   0
        33    778.274    829.596 237.8947166 +32.8548258     5.06  0.000542732 -10.8429 -10.9183   0.0376     23298.51     807.0125      1352.82    0.101   0
        34    897.203    620.392 237.8797915 +32.8774872     3.45 0.0003702238  -8.5405  -8.6983   0.2883     3015.154     800.5687      1390.96    0.407   0
        35    533.355    663.216 237.9264016 +32.8720005     5.44  0.000583682  -9.2611  -9.1682   0.1872     4647.943      801.214     1631.623    0.200   0
        36    750.511    645.418 237.8985715 +32.8744475     4.69 0.0005038374  -9.7436  -9.8926   0.0962     9058.334     802.7242     1492.804    0.107   0
        37    708.179    667.494 237.9039669 +32.8719817     3.96 0.0004246315  -8.7459  -7.6404   0.7637     1138.013     800.2537     1513.238    0.262   0
        38    313.786    574.480 237.9547170 +32.8809309     5.46  0.000586297  -9.5417  -9.7506   0.1096     7947.851      802.243     1715.311    0.137   0
        39    154.155    807.118 237.9748048 +32.8556508     4.75 0.0005094852 -11.8705 -11.9201   0.0152     58617.19     818.0575     1635.365    0.071   0
        40    688.084    688.654 237.9065108 +32.8696693     4.64  0.000498338 -11.5493 -11.5822   0.0206     42943.12     813.2756     1515.685    0.046   0
        41    439.145    613.097 237.9385699 +32.8771208     4.89  0.000524981 -12.6188 -12.6770   0.0077     117701.9     835.8323     1690.422    0.061   0
        42     83.327    872.521 237.9837782 +32.8484761    26.07  0.002798059 -13.6382 -11.8526   0.0161      55086.7     816.9778     1432.526    0.650   2
        43    614.170    538.181 237.9162362 +32.8855714     3.95 0.0004238115  -8.8162  -8.9500   0.2287     3802.045      800.837     1641.229    0.263   0
        44     83.971    904.743 237.9836409 +32.8450329    27.29  0.002929706 -13.5248 -11.8905   0.0156     57043.24     817.5984     1413.769    0.511   2
        45     85.050    942.824 237.9834379 +32.8409645    22.97  0.002466172 -13.2747 -11.8093   0.0167     52929.87     816.2067     1395.951    0.482   2
        46    578.745    561.600 237.9207436 +32.8829787     5.67 0.0006081089  -9.3101  -9.4004   0.1512     5756.784     801.4244     1650.521    0.237   0
        47    652.338   1000.518 237.9105944 +32.8362378     4.95 0.0005315114 -12.5455 -12.5837   0.0084     108015.2      833.082     1331.544    0.119   0
        48    753.457    941.056 237.8977221 +32.8428476     4.92 0.0005283253 -12.6917 -12.7297   0.0074     123560.6     837.5396     1291.502    0.106   0
