#   1 NUMBER                 Running object number                                     
#   2 X_IMAGE                Object position along x                                    [pixel]
#   3 Y_IMAGE                Object position along y                                    [pixel]
#   4 ALPHA_J2000            Right ascension of barycenter (J2000)                      [deg]
#   5 DELTA_J2000            Declination of barycenter (J2000)                          [deg]
#   6 FWHM_IMAGE             FWHM assuming a gaussian core                              [pixel]
#   7 FWHM_WORLD             FWHM assuming a gaussian core                              [deg]
#   8 MAG_BEST               Best of MAG_AUTO and MAG_ISOCOR                            [mag]
#   9 MAG_APER               Fixed aperture magnitude vector                            [mag]
#  10 MAGERR_APER            RMS error vector for fixed aperture mag.                   [mag]
#  11 FLUX_APER              Flux vector within fixed circular aperture(s)              [count]
#  12 FLUXERR_APER           RMS error vector for aperture flux(es)                     [count]
#  13 BACKGROUND             Background at centroid position                            [count]
#  14 ELLIPTICITY            1 - B_IMAGE/A_IMAGE                                       
#  15 FLAGS                  Extraction flags                                          
         1    840.329     78.824 327.8144770 +28.8486133   142.37    0.0153826 -14.8327 -12.6838   0.0053     118444.5     582.9291     812.9732    0.619  18
         2    590.423     29.153 327.8454873 +28.8533377     6.31 0.0006813499 -12.9721 -12.9319   0.0043     148850.9     595.7603     796.0383    0.167   0
         3    821.347     10.010 327.8169880 +28.8559825    82.39   0.00890162 -13.8858 -12.6783   0.0051     117847.2     551.6913     402.7503    0.771  24
         4    477.866      9.672 327.8594482 +28.8551517     5.65 0.0006107014 -10.4412  99.0000  99.0000    -8203.395     492.1881     725.9469    0.392  16
         5    752.230     56.589 327.8254200 +28.8507889     8.17 0.0008828095 -12.9855 -12.9881   0.0041     156762.4     598.9385     853.3712    0.310   3
         6    564.765     81.411 327.8485323 +28.8476404     6.86 0.0007417097 -12.8925 -12.9343   0.0043     149187.4     595.8348     994.7313    0.088   0
         7    616.429     94.702 327.8421141 +28.8463386     6.80 0.0007351176 -13.1867 -13.2308   0.0034     196033.5     615.3055     1055.093    0.090   0
         8    357.167     64.274 327.8742344 +28.8489588     4.45 0.0004809108  -9.1904 -10.4551   0.0383     15207.03     536.7868     905.7056    0.521   0
         9    319.602     78.399 327.8788429 +28.8473403     3.46 0.0003736463  -9.0528 -10.8410   0.0270     21697.15     539.5951      953.212    0.703   0
        10    734.592    106.220 327.8274810 +28.8453952     6.91 0.0007463814 -12.4040 -12.3896   0.0069     90328.11     570.4793     1063.388    0.126   0
        11     32.503    115.583 327.9142365 +28.8425925     6.56 0.0007089212  -9.5668  -7.6478   0.5025     1145.854     530.2275     963.8777    0.220   0
        12    511.340    134.503 327.8550067 +28.8417826     6.43 0.0006952083 -11.1396 -10.9817   0.0238     24698.95     541.2188     1054.524    0.158   0
        13      3.488    128.584 327.9177903 +28.8411160     6.66 0.0007195905  -8.6368  99.0000  99.0000     -2879.51     419.0409     959.2411    0.352  16
        14    415.610    140.770 327.8668235 +28.8408634     8.38 0.0009056414  -9.3508  -8.3281   0.2687     2144.032     530.4736     1049.351    0.215   0
        15    586.136    191.112 327.8456249 +28.8358709     6.51 0.0007036405 -14.7314 -14.7572   0.0011     799627.4     824.8719     1063.991    0.090   0
        16    171.271    139.589 327.8970257 +28.8403641     5.51 0.0005950174  -9.0307  -7.8433   0.4198     1371.881     530.3041     1000.217    0.076   0
        17    695.785    191.163 327.8320730 +28.8361424     6.55 0.0007076313 -14.4559 -14.4846   0.0013     622068.7     769.0745     1066.576    0.092   0
        18    359.337    151.962 327.8737512 +28.8395134     6.77  0.000731205 -10.0749 -10.0051   0.0578     10047.02     534.4079     1043.301    0.173   0
        19    120.225    187.418 327.9032160 +28.8350773     6.34 0.0006852324 -12.2367 -12.2970   0.0074     82944.88     567.3185     990.7952    0.046   0
        20    349.899    178.022 327.8748537 +28.8366806     8.09 0.0008738196  -9.4798  -9.6793   0.0778     7442.755     533.2031     1044.062    0.268   0
        21    495.469    187.690 327.8568389 +28.8360098     7.56 0.0008172704  -9.8046 -10.1310   0.0515     11282.31       535.03     1054.631    0.238   0
        22    169.518    198.047 327.8970975 +28.8340590     6.99 0.0007553253 -10.0721 -10.3021   0.0441     13207.67     535.9141      1005.87    0.087   0
        23    386.959    216.542 327.8701791 +28.8326236     6.25 0.0006750964 -12.3793 -12.4275   0.0066     93541.02     572.1353     1048.819    0.078   0
        24    174.957    216.754 327.8963791 +28.8320568     6.26 0.0006765091 -11.9453 -11.9915   0.0097     62605.26      558.454     1007.248    0.065   0
        25    490.338    204.410 327.8574323 +28.8341946     8.63 0.0009327535  -9.4966  -9.6885   0.0771     7505.661     533.2028     1054.287    0.269   0
        26     94.993    241.474 327.9062001 +28.8291860     6.26 0.0006763426 -12.8279 -12.8605   0.0046     139375.5     591.7438     982.9797    0.042   0
        27    797.921    239.935 327.8193330 +28.8311424     6.66 0.0007193096 -10.6594 -10.6111   0.0333     17556.87     537.9244     1066.641    0.148   0
        28    759.455    261.745 327.8240345 +28.8286952     6.54 0.0007069968 -12.7120 -12.7533   0.0050     126280.9     586.2262     1066.086    0.147   0
        29     72.418    266.446 327.9089278 +28.8264362     6.31 0.0006814277 -11.7393 -11.7817   0.0116     51605.71     553.4363     975.0536    0.053   0
        30    806.541    259.509 327.8182208 +28.8290543    12.61  0.001362598 -10.1755 -10.0978   0.0531     10942.62     534.8564     1065.821    0.062   0
        31    474.376    260.659 327.8592679 +28.8280915     2.35 0.0002541049  -8.4775  -8.5907   0.2112     2730.616     530.9592     1052.997    0.063   0
        32    412.718    281.061 327.8668379 +28.8257355     6.35 0.0006856415 -11.5254 -11.5773   0.0140     42746.49     549.5643     1051.873    0.104   0
        33    691.622    266.154 327.8324070 +28.8280494     3.44 0.0003715937  -8.5869  -8.9406   0.1531     3769.273     531.3884     1065.803    0.437   0
        34    775.525    273.891 327.8220194 +28.8274265     7.23 0.0007815478 -10.2682 -10.4362   0.0390     14945.09     536.6796     1065.818    0.121   0
        35     65.709    282.137 327.9097178 +28.8247277     6.56 0.0007090496 -10.4667 -10.5363   0.0356     16387.88     537.3956     972.8072    0.078   0
        36    610.776    292.114 327.8423353 +28.8250473     6.57 0.0007102011 -10.5239 -10.5654   0.0347     16832.68     537.5434      1062.46    0.126   0
        37    832.370    290.081 327.8149556 +28.8258240     6.25  0.000675116  -8.3848  99.0000  99.0000     -8285.21      529.642     1063.187    0.265   0
        38    438.128    289.541 327.8636771 +28.8248864     7.19 0.0007773183  -9.2745  -9.4746   0.0938     6163.429     532.5582     1052.353    0.207   0
        39    472.533    292.716 327.8594176 +28.8246318     7.27 0.0007853014  -9.1645  -9.4837   0.0931      6215.55     532.6572     1052.507    0.331   0
        40    555.755    294.405 327.8491291 +28.8246611     4.60 0.0004970017  -8.7018  -9.1513   0.1262     4576.508     531.6934     1055.567    0.411   0
        41    746.671    310.257 327.8254979 +28.8234344     6.91 0.0007469188 -10.3573 -10.3840   0.0409     14243.03      536.308     1064.641    0.148   0
        42    598.558    307.756 327.8438073 +28.8233305     7.34 0.0007931812  -9.9878 -10.0582   0.0550     10550.84     534.6732     1059.448    0.149   0
        43    291.664    327.308 327.8816839 +28.8204415     6.12 0.0006617904 -11.9323 -11.9776   0.0098     61807.44     558.1252     1032.614    0.080   0
        44    252.186    311.612 327.8866009 +28.8220318     3.44 0.0003715762  -8.4794  -9.2423   0.1161     4976.587     531.8217     1024.256    0.425   0
        45    822.432    322.075 327.8161073 +28.8223508     7.24 0.0007820051  -9.4945  99.0000  99.0000    -936.2598      529.657     1061.632    0.237   0
        46    391.001    344.785 327.8693657 +28.8188120     6.08 0.0006572568 -12.0884 -12.1399   0.0085     71773.55     562.2612     1045.688    0.104   0
        47     88.632    351.628 327.9067124 +28.8172974     6.21 0.0006709457 -13.0076 -13.0410   0.0040     164584.4     602.3132     978.8922    0.068   0
        48    900.024    332.760 327.8064933 +28.8213931     6.18 0.0006672478  -8.8579  99.0000  99.0000    -12118.77      529.627     933.5118    0.300   0
        49    149.425    337.462 327.8992354 +28.8189812     6.54  0.000707118  -9.9591  -9.9131   0.0628     9231.105     534.0261     997.1749    0.145   0
        50    329.717    350.578 327.8769244 +28.8180309     6.38 0.0006890676  -9.6495  -9.6169   0.0824     7026.625     532.9781     1039.143    0.173   0
        51    119.573    381.139 327.9028158 +28.8141967     6.21 0.0006713026 -12.3706 -12.4231   0.0067     93161.19     571.9971     985.7455    0.112   0
        52    758.067    382.021 327.8239175 +28.8157283     6.28 0.0006780369 -12.0315 -12.0987   0.0088      69102.1     561.3549     1058.989    0.121   3
        53    908.822    383.571 327.8052852 +28.8159386     6.15 0.0006642467  -9.3627  99.0000  99.0000     -19526.7     529.5671     902.8909    0.361   0
        54    756.249    394.348 327.8241124 +28.8143952     6.58 0.0007104996 -10.9899 -11.1451   0.0205     28710.89     543.0104     1057.674    0.164   3
        55    593.635    399.143 327.8441944 +28.8134684     6.21 0.0006714234  -9.8595  -9.9474   0.0609     9527.016     534.1497     1052.735    0.147   0
        56    560.847    401.365 327.8482406 +28.8131459     6.77 0.0007317927  -9.7239  -9.4535   0.0957       6045.1     532.5027     1051.554    0.178   0
        57    618.197    422.185 327.8411038 +28.8110471     6.09 0.0006574867 -12.4962 -12.5466   0.0060     104383.6     576.5921     1052.583    0.090   0
        58    445.542    422.984 327.8624354 +28.8105229     6.33 0.0006838348  -9.9788  -9.9799   0.0591     9816.557     534.2407     1044.875    0.169   0
        59    481.828    429.370 327.8579362 +28.8099270     8.28 0.0008944485  -9.1189  -8.7225   0.1870      3083.26     531.0356     1046.108    0.317   0
        60    511.497    435.918 327.8542544 +28.8092965     6.08 0.0006570659 -10.1568 -10.0420   0.0558     10394.58     534.5556      1047.34    0.160   0
        61    284.378    443.903 327.8822974 +28.8078563     6.19 0.0006686594 -11.1094 -11.1411   0.0206     28604.55     543.0345      1026.91    0.120   0
        62    315.772    440.549 327.8784267 +28.8082982     7.30 0.0007883157  -9.3284  -9.3879   0.1016     5690.695     532.3362     1032.191    0.088   0
        63    876.940    465.800 327.8090287 +28.8069964     6.21 0.0006712249 -11.8985 -11.9483   0.0101     60160.52     557.2019     1011.711    0.125   0
        64    178.422    454.173 327.8953636 +28.8064770     6.20 0.0006696404 -10.4355 -10.4704   0.0378      15422.2     536.7983     996.6092    0.131   0
        65    493.565    483.183 327.8563551 +28.8041569     5.86 0.0006335008 -12.3772 -12.4277   0.0066     93560.85     572.0469     1044.792    0.107   0
        66    549.003    493.671 327.8494800 +28.8031671     5.95  0.000642687 -11.6399 -11.6984   0.0125     47790.71     551.6816     1046.246    0.128   0
        67    329.852    481.636 327.8765862 +28.8039060     6.20 0.0006693713  -9.7619  -9.9067   0.0632     9176.562     533.9857     1031.763    0.187   0
        68    235.436    495.908 327.8882162 +28.8021256     6.98  0.000754673  -9.5948  -9.5578   0.0869     6654.589     532.7441     1009.441    0.241   0
        69     80.677    491.935 327.9073465 +28.8021546     7.89 0.0008522061  -9.3336  -9.2734   0.1128     5121.281     532.0986      962.064    0.171   0
        70    413.048    564.109 327.8661055 +28.7952297     5.76 0.0006227461 -14.5153 -14.5469   0.0013     658816.9     781.0406     1032.108    0.098   0
        71    467.339    888.329 327.8586089 +28.7604238     5.79 0.0006255553 -10.7316 -10.7204   0.0301     19415.37     538.7726     935.4749    0.188   0
        72    846.906   1024.044 327.8114075 +28.7467535     5.66 0.0006119088  -9.8895  -9.7124   0.0645     7673.106     455.6747     924.7734    0.250  16
        73    852.405   1005.890 327.8107717 +28.7487239     5.88 0.0006352771 -10.8597 -10.9044   0.0255     23000.67     540.3897     926.2457    0.204   0
        74    456.954    989.122 327.8596459 +28.7495339     6.22 0.0006716902 -10.3730 -10.4245   0.0394     14784.61     536.6196     885.1888    0.218   0
        75    781.462    977.552 327.8196002 +28.7516006     5.67 0.0006122311 -14.6563 -14.6866   0.0012     749268.9     809.3675      937.339    0.130   0
        76    365.544    979.965 327.8709564 +28.7502878     6.24 0.0006740012 -12.8397 -12.8882   0.0045     142985.6     593.3474     872.1417    0.187   0
        77    237.007    984.066 327.8868192 +28.7495165     6.53 0.0007055499 -10.3388 -10.3195   0.0434     13421.39     535.9841     837.3207    0.250   0
        78    886.001    874.635 327.8069354 +28.7629546     7.80 0.0008431437 -10.8954 -11.1753   0.0200      29519.3     543.2363     906.9968    0.488   0
        79    654.214    845.754 327.8356319 +28.7654858     5.53 0.0005972546 -13.3534 -13.3936   0.0030     227739.7     627.9547     977.7322    0.126   0
        80    342.576    845.174 327.8741230 +28.7647567     5.92 0.0006394796 -10.6093 -10.6572   0.0319     18317.85     538.1747     934.0106    0.204   0
        81    851.378    826.917 327.8113253 +28.7680112     5.51 0.0005958308 -11.3376 -11.4526   0.0156     38110.76     547.3644     978.2573    0.138   0
        82    880.678    829.074 327.8077014 +28.7678519     8.64 0.0009332279 -10.9178 -11.2402   0.0189     31339.09     544.2919      932.373    0.568   0
        83    790.885    824.379 327.8188030 +28.7681333     5.55 0.0006001116 -10.6281 -10.6671   0.0316     18485.98     538.3118     994.6162    0.125   0
        84    911.643    881.910 327.8037512 +28.7622344     5.57 0.0006015165  -8.6727  99.0000  99.0000    -14250.78      529.672     843.2611    0.310   0
        85    724.736    855.110 327.8268994 +28.7646550     5.66 0.0006118256  -8.6447  -9.0133   0.1432     4030.248     531.6007      980.428    0.459   0
        86    882.412    851.676 327.8074333 +28.7654202     9.36  0.001011787 -10.9986 -11.2226   0.0192     30834.65     544.0018     923.5141    0.587   0
        87    114.759    838.283 327.9022767 +28.7649139     6.54 0.0007066775  -9.7925  -9.5037   0.0914     6331.159     532.6667     881.9091    0.227   0
        88    113.110    863.215 327.9024186 +28.7622225     6.50 0.0007027575 -11.1436 -11.1444   0.0206     28693.14      543.046     870.0397    0.238   0
        89    879.530    814.956 327.8078767 +28.7693706     8.63 0.0009323279 -11.0701 -11.2252   0.0191     30908.29     544.0357     938.9251    0.455   0
        90    295.393    832.806 327.8799808 +28.7659690     3.47 0.0003748074  -8.3164  -8.2504   0.2886     1996.047     530.4487     930.6268    0.424   0
        91    883.175    796.329 327.8074709 +28.7713874     7.17 0.0007746455 -10.7296 -11.2224   0.0192     30828.52     544.0574     936.3848    0.106   0
        92    287.878    878.261 327.8807972 +28.7610507     6.24 0.0006746782 -10.5624 -10.5209   0.0361     16157.39      537.244     908.8963    0.228   0
        93     53.027    791.555 327.9100172 +28.7697906     7.14 0.0007713708 -10.3403 -10.4198   0.0396     14720.05     536.5303     879.8723    0.221   0
        94    302.946    796.549 327.8791369 +28.7698960     6.21  0.000671514 -10.6445 -10.8001   0.0280     20895.74     539.4003     946.9144    0.179   0
        95    600.167    801.665 327.8424138 +28.7701011     5.49  0.000593306 -10.2357 -10.3205   0.0433     13433.46     536.0046     986.7682    0.185   0
        96    635.256    878.916 327.8378935 +28.7618638     6.46 0.0006979156  -9.0331  -9.2130   0.1193     4844.014     531.9833      961.971    0.224   0
        97    764.279    905.338 327.8218952 +28.7593408     6.36 0.0006872285  -8.6474  -8.8358   0.1686     3422.232     531.3296     964.3691    0.184   0
        98    322.737    792.209 327.8767032 +28.7704145     5.89 0.0006367649 -12.2114 -12.2634   0.0076     80422.21     566.3459     952.7586    0.161   0
        99    884.461    767.088 327.8073817 +28.7745422     8.11 0.0008767979 -11.0204 -11.1718   0.0201     29424.08     543.4263     942.8014    0.593   0
       100    647.539    782.161 327.8366097 +28.7723229     5.63 0.0006086451 -10.5921 -10.5574   0.0349     16710.08     537.5159     1000.366    0.130   0
       101    884.792    785.388 327.8072972 +28.7725706     3.42 0.0003699739  -9.2747 -11.1737   0.0200     29476.97      543.173      934.377    0.403   0
       102    706.879    766.149 327.8293188 +28.7741983     5.59 0.0006040983 -10.6238 -10.6373   0.0325     17985.16     538.1234     1010.193    0.157   0
       103    882.186    911.743 327.8073183 +28.7589456     7.50 0.0008098356 -10.8504 -11.2486   0.0187     31583.08     544.3748      903.231    0.140   2
       104     81.298    727.309 327.9066850 +28.7767880     6.90 0.0007451368 -10.7713 -10.8551   0.0267      21981.4     540.0502     912.6906    0.221   0
       105    510.372    763.690 327.8535969 +28.7739666     6.43 0.0006948436  -8.7615  -8.4979   0.2300     2506.952     530.8539      990.154    0.144   0
       106    304.066    638.331 327.8793871 +28.7869515     6.86 0.0007413555  -9.8112 -10.0840   0.0537     10804.71     534.7623     998.7525    0.189   0
       107    884.496    736.996 327.8074490 +28.7777857     2.34 0.0002526821  -9.2530 -11.0943   0.0215     27397.58     542.3469     952.2566    0.382   0
       108    777.973    696.207 327.8207048 +28.7819153     6.72 0.0007263849  -9.6787  -9.7438   0.0733     7897.792     533.1783     1030.815    0.171   0
       109    603.312    641.027 327.8424137 +28.7874227     6.63 0.0007168646  -9.5114  -9.5721   0.0858      6742.91     532.8153     1034.794    0.136   0
       110    495.112    729.049 327.8555660 +28.7776615     6.00  0.000648734  -9.8446  -9.9536   0.0605     9581.753     534.1902     1000.611    0.176   0
       111    628.817    736.951 327.8390314 +28.7771484     5.46 0.0005895082 -12.3754 -12.4258   0.0067     93390.23     572.0001     1013.872    0.118   0
       112    579.576    706.380 327.8451878 +28.7803189     6.51 0.0007030285  -9.2448  -9.5005   0.0916     6312.678     532.4941     1016.124    0.125   0
       113    234.448    712.447 327.8878045 +28.7787847     6.02 0.0006507133 -11.1817 -11.2323   0.0190     31112.31     544.1586     961.3746    0.180   0
       114    437.074    652.222 327.8629224 +28.7857941     5.64 0.0006091219 -12.9545 -12.9864   0.0042     156519.5     599.0358     1021.857    0.119   0
       115    784.726    654.788 327.8199698 +28.7863964     6.00 0.0006482776  -9.9269 -10.0955   0.0532     10919.15     534.7563     1039.607    0.154   0
       116    409.214    682.959 327.8662888 +28.7824103     5.63 0.0006086864 -14.0534 -14.0826   0.0018     429575.6     703.7252     1011.518    0.105   0
       117    872.720   1003.345 327.8082691 +28.7490490     6.86 0.0007416821  -9.9774 -10.6879   0.0310      18843.6     538.5515     905.1232    0.250   0
       118    178.535    925.684 327.8941840 +28.7556585     6.94 0.0007501202 -10.1515 -10.1338   0.0514     11311.75     535.0438     854.1557    0.239   0
       119    462.208    656.883 327.8598061 +28.7853558     6.17 0.0006670796  -9.4687  -9.5895   0.0845     6851.619     532.8365     1021.653    0.197   0
       120     87.281    646.647 327.9061463 +28.7854971     6.50 0.0007019007 -10.4654 -10.5393   0.0355     16432.91     537.4165     937.8729    0.209   0
       121    389.589    668.885 327.8687475 +28.7838772     7.13 0.0007703477  -9.4185  -9.6566   0.0794     7288.563     533.0563     1011.627    0.243   0
       122    882.804    666.201 327.8078266 +28.7854118     3.47 0.0003751192  -9.2747 -11.0735   0.0219     26876.98      542.019     971.3436    0.657   0
       123    687.207    914.891 327.8313907 +28.7581174     5.58 0.0006027133 -11.3122 -11.3508   0.0171     34700.28       545.79     955.1541    0.169   0
       124    886.951    954.127 327.8066289 +28.7543893    10.29  0.001111907 -11.3048 -11.2676   0.0184     32139.68     544.5721     880.1089    0.437   2
       125    882.693    890.630 327.8073059 +28.7612224     7.57 0.0008184187 -10.7948 -11.2532   0.0186     31714.93     544.4208     908.3373    0.412   2
       126    298.249    583.348 327.8802409 +28.7928626     5.81 0.0006278328 -12.5017 -12.5536   0.0060     105057.7     577.1044     1009.891    0.124   0
       127    581.389    911.815 327.8444666 +28.7581818     3.43 0.0003706796  -8.2333  -8.9697   0.1490     3871.631     531.2871     939.2041    0.418   0
       128    537.035    599.563 327.8507017 +28.7917238     5.71 0.0006168272 -12.8955 -12.9456   0.0043     150749.1     596.5829     1040.893    0.110   0
       129    548.148    615.608 327.8492899 +28.7900227     5.82  0.000628945 -11.1223 -11.2120   0.0193     30536.14     543.8792     1039.089    0.148   0
       130    691.187    596.307 327.8316657 +28.7924644     5.98  0.000645683 -10.6985 -10.8025   0.0280     20940.84     539.5095     1046.433    0.146   0
       131    524.652    923.571 327.8514451 +28.7567709     4.88 0.0005274487  -8.5411  -8.7660   0.1798     3209.266     531.1846     927.3148    0.374   0
       132    449.720    539.712 327.8616344 +28.7979526     6.53 0.0007056577  -8.9867  -9.3098   0.1091      5295.64     532.1805     1038.551    0.441   0
       133    883.723    926.985 327.8070921 +28.7573066     7.18 0.0007754552 -10.7288 -11.2515   0.0187     31665.05     544.4125     893.1068    0.326   0
       134     22.619    556.045 327.9143597 +28.7950945     6.68 0.0007214158 -10.4523 -10.5260   0.0359     16233.44     537.2498     932.4259    0.170   0
       135    835.486    551.106 327.8139469 +28.7976984     5.26 0.0005683624  -8.7784  99.0000  99.0000    -4099.143      529.687     1049.074    0.280   0
       136    625.544    974.506 327.8388621 +28.7515366     5.70  0.000616366 -11.1618 -11.2083   0.0194     30432.46     543.8754      919.035    0.178   0
       137    268.909    969.948 327.8829145 +28.7511201     6.79 0.0007338105  -9.4129  -9.5223   0.0898     6440.574      532.733      854.421    0.270   0
