#   1 NUMBER                 Running object number                                     
#   2 X_IMAGE                Object position along x                                    [pixel]
#   3 Y_IMAGE                Object position along y                                    [pixel]
#   4 ALPHA_J2000            Right ascension of barycenter (J2000)                      [deg]
#   5 DELTA_J2000            Declination of barycenter (J2000)                          [deg]
#   6 FWHM_IMAGE             FWHM assuming a gaussian core                              [pixel]
#   7 FWHM_WORLD             FWHM assuming a gaussian core                              [deg]
#   8 MAG_BEST               Best of MAG_AUTO and MAG_ISOCOR                            [mag]
#   9 MAG_APER               Fixed aperture magnitude vector                            [mag]
#  10 MAGERR_APER            RMS error vector for fixed aperture mag.                   [mag]
#  11 FLUX_APER              Flux vector within fixed circular aperture(s)              [count]
#  12 FLUXERR_APER           RMS error vector for aperture flux(es)                     [count]
#  13 BACKGROUND             Background at centroid position                            [count]
#  14 ELLIPTICITY            1 - B_IMAGE/A_IMAGE                                       
#  15 FLAGS                  Extraction flags                                          
         1    831.452    131.508 238.0214061 +33.0365039   140.77    0.0151009 -15.3108 -11.9008   0.0110     57586.66     580.6809     956.7558    0.906  18
         2    457.888    124.377 238.0694698 +33.0362528     6.52 0.0006989025 -14.0381 -14.0612   0.0019     421177.6     720.3824     1032.931    0.038   0
         3    435.390    198.395 238.0722528 +33.0282952     6.68 0.0007163197 -10.1381 -10.1601   0.0525     11588.64     560.2786     1053.777    0.196   0
         4    836.090    320.893 238.0205371 +33.0163132    48.73  0.005227621 -14.2363 -11.7228   0.0128     48878.41     576.9347     1006.395    0.544   2
         5     59.974    252.950 238.1204540 +33.0214392     9.19 0.0009853861 -10.5313 -10.5844   0.0357     17130.61     562.9166     986.4472    0.278   0
         6    175.236    273.203 238.1055989 +33.0195989     6.65 0.0007131225 -11.6406 -11.6794   0.0133     46962.39     575.8766     1030.462    0.110   0
         7    298.519    288.421 238.0897204 +33.0183159     8.03 0.0008619135  -9.5324  -9.7569   0.0759     7993.583     558.9064     1061.487    0.241   0
         8    286.678    290.505 238.0912402 +33.0180610     5.66 0.0006070741  -9.0676  -9.7072   0.0795     7635.898     558.7151     1060.757    0.237   0
         9    261.018    293.997 238.0945348 +33.0176178     0.00            0  -8.8786  -9.2124   0.1250     4841.091     557.1971     1057.168    0.006   0
        10    854.598    337.790 238.0181327 +33.0145603    10.60  0.001136808 -10.6029 -11.1229   0.0219     28128.57      567.657     965.1839    0.243   1
        11    274.196    338.926 238.0927715 +33.0128613     1.24 0.0001325465  -8.5379  -8.6214   0.2151     2809.088     556.4885     1077.639    0.109   0
        12    490.778    363.399 238.0648827 +33.0108445     6.06 0.0006496179 -12.2945 -12.3387   0.0075     86196.13     592.6347     1101.203    0.066   0
        13      3.311    434.030 238.1274578 +33.0019642     6.60 0.0007079065 -10.8191 -10.8805   0.0217     22500.22     449.3864     1012.374    0.261  24
        14    666.017    786.885 238.0417278 +32.9661442     8.81 0.0009451536  -9.7860  -9.9548   0.0634     9592.241     559.5742     1128.577    0.135   0
        15    719.327    886.949 238.0347302 +32.9556136     5.25 0.0005630604  -9.8514  99.0000  99.0000    -15769.89     555.2407     889.1261    0.117   0
        16    841.633    830.991 238.0190919 +32.9619120    80.62  0.008647987 -13.6066 -12.4595   0.0067     96337.49     596.9267     900.2266    0.520  16
        17    100.646    783.314 238.1144007 +32.9649752     6.64 0.0007120942 -10.9653 -10.9948   0.0246     24998.77     566.5079      1065.27    0.147   0
        18    554.988    679.984 238.0561567 +32.9772471     4.61 0.0004942659  -8.7098  -8.7505   0.1910     3163.689     556.5067     1126.585    0.021   0
        19      4.382    790.159 238.1267626 +32.9639768     0.56 6.040383e-05  -7.0915  99.0000  99.0000    -331.3155     451.9839      1020.22    0.346  16
        20    707.086    787.301 238.0364484 +32.9662108     6.23 0.0006686947 -11.0321 -11.0816   0.0228     27080.69      567.426     1128.432    0.108   0
        21    887.434    887.199 238.0131250 +32.9560385    62.78  0.006734364 -13.4261 -12.0574   0.0095     66521.67      584.306     540.3344    0.153  16
        22    712.379    685.453 238.0359164 +32.9770900     6.50 0.0006971004 -10.6700 -10.7483   0.0308     19922.23     564.1859      1128.76    0.104   0
        23    714.327    777.158 238.0355324 +32.9673123     6.59 0.0007070247 -10.2368 -10.3667   0.0435     14017.44     561.5789     1128.515    0.091   1
        24    722.195    650.504 238.0347053 +32.9808447     6.03  0.000647311 -11.2159 -11.2504   0.0195      31633.3     569.2597     1125.589    0.104   0
