#   1 NUMBER                 Running object number                                     
#   2 X_IMAGE                Object position along x                                    [pixel]
#   3 Y_IMAGE                Object position along y                                    [pixel]
#   4 ALPHA_J2000            Right ascension of barycenter (J2000)                      [deg]
#   5 DELTA_J2000            Declination of barycenter (J2000)                          [deg]
#   6 FWHM_IMAGE             FWHM assuming a gaussian core                              [pixel]
#   7 FWHM_WORLD             FWHM assuming a gaussian core                              [deg]
#   8 MAG_BEST               Best of MAG_AUTO and MAG_ISOCOR                            [mag]
#   9 MAG_APER               Fixed aperture magnitude vector                            [mag]
#  10 MAGERR_APER            RMS error vector for fixed aperture mag.                   [mag]
#  11 FLUX_APER              Flux vector within fixed circular aperture(s)              [count]
#  12 FLUXERR_APER           RMS error vector for aperture flux(es)                     [count]
#  13 BACKGROUND             Background at centroid position                            [count]
#  14 ELLIPTICITY            1 - B_IMAGE/A_IMAGE                                       
#  15 FLAGS                  Extraction flags                                          
         1    834.043    197.588 238.0224567 +33.0297494   221.45   0.02377053 -17.0932 -13.5012   0.0066     251473.5     1538.865     2710.908    0.899  24
         2    459.620    122.124 238.0706895 +33.0368330     5.54  0.000595028 -14.1413 -14.2040   0.0036     480386.1     1576.018     2989.414    0.200   0
         3    436.966    196.430 238.0734007 +33.0288162     5.07 0.0005444619 -10.2451 -10.4055   0.1121     14527.79     1500.089      3102.81    0.164   0
         4     61.861    251.204 238.1213747 +33.0219337     7.64 0.0008199481 -10.7227 -10.9899   0.0655     24885.91     1501.688     2772.335    0.377   0
         5    176.862    271.063 238.1065697 +33.0201214     5.05 0.0005415998 -11.7582 -11.8248   0.0305     53693.57     1506.729       2995.5    0.188   0
         6    300.019    286.712 238.0907302 +33.0187802     4.26 0.0004576932  -9.4035  -9.2891   0.3132      5195.84     1498.703     3150.338    0.081   0
         7    261.033    293.994 238.0957118 +33.0178948    -9.58 -0.001028652  -8.9187  -9.7973   0.1961     8297.234     1498.543     3131.632    0.013   0
         8    492.469    361.293 238.0658486 +33.0113131     4.44 0.0004767026 -12.3550 -12.3178   0.0194     84554.61     1511.883      3343.04    0.122   0
         9      3.390    432.069 238.1283878 +33.0024083     4.67 0.0005017107 -11.3349 -11.3292   0.0379     34016.18     1188.216     2898.705    0.167  24
        10    102.204    781.205 238.1147803 +32.9652967     4.92 0.0005276458 -12.4779 -12.4786   0.0168     98044.53     1513.525     3069.012    0.060   0
        11    888.732    888.677 238.0136743 +32.9558968    54.28  0.005826989 -15.4406 -13.7847   0.0052       326491     1551.332     569.3131    0.145  17
        12    839.870    829.564 238.0200891 +32.9620976    74.34  0.007980148 -14.5712 -14.1664   0.0037     464056.8     1573.224     2418.846    0.291  16
        13    716.421    775.039 238.0360551 +32.9676096     4.24 0.0004548355 -10.3267 -10.4001   0.1127     14456.17     1500.035     3467.313    0.118   0
        14    723.932    648.513 238.0354187 +32.9811769     4.03 0.0004324698 -11.2778 -11.2664   0.0509     32104.86     1503.311     3451.287    0.064   0
        15    720.919    885.510 238.0351935 +32.9557932     2.87 0.0003081629  -9.4726  99.0000  99.0000    -162364.6     1497.793     2334.962    0.146   0
        16    714.174    683.349 238.0365798 +32.9774211     4.35 0.0004669309 -10.9004 -11.0969   0.0594     27463.83     1502.328     3467.201    0.064   0
        17    708.822    785.337 238.0370027 +32.9664868     4.17 0.0004478063 -11.0205 -11.0714   0.0608     26826.68      1502.18     3467.597    0.028   0
