#   1 NUMBER                 Running object number                                     
#   2 X_IMAGE                Object position along x                                    [pixel]
#   3 Y_IMAGE                Object position along y                                    [pixel]
#   4 ALPHA_J2000            Right ascension of barycenter (J2000)                      [deg]
#   5 DELTA_J2000            Declination of barycenter (J2000)                          [deg]
#   6 FWHM_IMAGE             FWHM assuming a gaussian core                              [pixel]
#   7 FWHM_WORLD             FWHM assuming a gaussian core                              [deg]
#   8 MAG_BEST               Best of MAG_AUTO and MAG_ISOCOR                            [mag]
#   9 MAG_APER               Fixed aperture magnitude vector                            [mag]
#  10 MAGERR_APER            RMS error vector for fixed aperture mag.                   [mag]
#  11 FLUX_APER              Flux vector within fixed circular aperture(s)              [count]
#  12 FLUXERR_APER           RMS error vector for aperture flux(es)                     [count]
#  13 BACKGROUND             Background at centroid position                            [count]
#  14 ELLIPTICITY            1 - B_IMAGE/A_IMAGE                                       
#  15 FLAGS                  Extraction flags                                          
         1      6.024     84.886 327.7915231 +28.8482732    34.53  0.003729763 -11.7905 -10.9634   0.0155     24286.36     347.4846     493.9666    0.675  24
         2    138.407      8.761 327.7753513 +28.8567959    68.68  0.007419428 -13.0361 -11.7394   0.0084     49631.91       385.55     474.3162    0.763  24
         3    459.576     23.566 327.7356420 +28.8559580     4.89  0.000527773 -10.3201  -9.7988   0.0511     8308.509     391.2423     620.0779    0.180   0
         4    292.617     46.766 327.7562122 +28.8530642     5.23  0.000565079 -10.6297 -10.0188   0.0419      10174.9     392.4224     668.2968    0.083   0
         5    716.966    134.655 327.7035913 +28.8445808     5.02 0.0005425495 -16.0059 -15.9881   0.0005      2484522     1179.503     746.2824    0.093   7
         6    273.501     63.852 327.7585333 +28.8511770     5.61 0.0006057327 -10.7844 -10.3020   0.0324     13206.56     394.4131     699.0394    0.064   0
         7    973.298     64.782 327.6720873 +28.8527030     5.92 0.0006393705  -9.6390  99.0000  99.0000     -799.533      385.995     657.1695    0.198   0
         8    732.949     78.135 327.7017467 +28.8507111     5.43  0.000586303  -9.9511  -8.9361   0.1124     3753.552     388.3209     705.7572    0.050   0
         9    919.567    101.332 327.6786418 +28.8486396     5.25 0.0005667787 -10.2346 -10.2209   0.0349     12256.44     393.7997     722.4218    0.090   0
        10    188.858    107.732 327.7688852 +28.8462460     5.06 0.0005469998 -11.2639 -11.1787   0.0148     29611.62     404.6571     758.3105    0.073   0
        11    722.916    121.015 327.7028876 +28.8460651     5.90 0.0006376723 -12.0323 -12.2514   0.0059     79534.91     434.3871     745.2734    0.181   3
        12    227.092    105.311 327.7641683 +28.8465976     4.80 0.0005179755  -8.0063  -5.5939   2.4265     172.8122     386.1179      759.537    0.285   0
        13    427.930    121.772 327.7393224 +28.8452964     4.82 0.0005201811  -8.8856  -7.7640   0.3294     1275.276     386.7874     757.4041    0.089   0
        14    508.216    122.584 327.7294037 +28.8453968     3.45 0.0003730828  -7.9566  -5.8619   1.8950     221.1901     385.9527     755.8036    0.414   0
        15     81.139    139.415 327.7821152 +28.8425741     6.00 0.0006483733 -10.3888 -10.4844   0.0275     15622.44     395.9415     695.5323    0.077   0
        16    647.717    142.202 327.7121274 +28.8436066     5.86 0.0006330034  -8.8795  -8.5096   0.1661     2534.211     387.5351      753.272    0.106   0
        17    768.917    140.121 327.6971619 +28.8441115     7.08 0.0007647142  -8.5892  -8.9732   0.1086     3883.857     388.4807     741.7524    0.077   0
        18    265.375    156.859 327.7593183 +28.8411309     5.09 0.0005493285 -11.0993 -11.1823   0.0148     29709.95       404.77     760.5873    0.068   0
        19    913.530    145.342 327.6792876 +28.8438811     5.40 0.0005829926  -8.5602  -8.9772   0.1082     3898.325     388.4358     726.1399    0.132   0
        20    569.351    145.054 327.7218003 +28.8431170     5.56 0.0006010239  -8.5837  -8.4196   0.1804     2332.674     387.4377     754.8901    0.060   0
        21    402.293    165.049 327.7423879 +28.8405705     4.97 0.0005373269 -11.7385 -11.8031   0.0086      52631.2     418.6876     760.0469    0.059   0
        22   1016.189    151.664 327.6665931 +28.8434342     3.90 0.0004216915  -8.4410  -8.9219   0.1126     3704.927     384.1102     714.6053    0.155  16
        23    524.413    277.657 327.7270435 +28.8287165     5.59 0.0006034101 -16.2131 -16.2201   0.0005      3076428     1298.915     761.8528    0.025   6
        24    489.561    165.653 327.7316078 +28.8407100     9.14 0.0009877018  -9.5485  -9.7457   0.0537     7911.613     391.0749     759.7098    0.234   2
        25    746.538    182.456 327.6998291 +28.8394958     5.35 0.0005777109  -9.7020 -10.0150   0.0420     10139.57     392.4536      743.616    0.078   0
        26    581.303    177.885 327.7202482 +28.8396054     5.59 0.0006038793  -9.0243  -9.4581   0.0698     6070.775     389.9071     756.4071    0.165   0
        27    464.152    286.317 327.7344655 +28.8276420     4.76 0.0005140057 -15.6290 -15.6094   0.0006      1752870     1012.638     762.1373    0.116   7
        28    716.594    189.788 327.7035107 +28.8386361     3.45 0.0003722293  -8.0239  -9.3523   0.0768     5507.036     389.3723     747.0653    0.406   0
        29    899.038    231.926 327.6808810 +28.8345134     4.87  0.000525851 -13.5672 -13.6088   0.0021     277668.8     536.4554     728.5268    0.051   0
        30    510.510    254.341 327.7288146 +28.8311976     4.77 0.0005155053 -13.2150 -13.2092   0.0028     192168.2     495.0518     761.7973    0.129   3
        31    704.854    204.012 327.7049280 +28.8370755     5.41 0.0005846136  -9.3018  -9.5224   0.0658     6441.307     390.0906     748.9926    0.088   0
        32    479.101    275.538 327.7326444 +28.8288390     4.71 0.0005083021 -14.4004 -14.3886   0.0013     569440.4     658.5428     762.5047    0.178   3
        33    269.976    253.992 327.7585217 +28.8306701     4.78 0.0005161526 -13.5474 -13.5888   0.0021     272587.9      533.964     762.5448    0.051   0
        34     80.382    221.384 327.7820141 +28.8337354     8.13 0.0008786164  -9.8328 -10.2784   0.0331     12923.26     394.0732     730.5603    0.345   0
        35   1025.588    234.319 327.6652458 +28.8345447     5.28 0.0005705669 -10.2953 -10.3122   0.0265     13331.17     324.9491     713.2959    0.034  24
        36    655.652    250.837 327.7108973 +28.8319133     4.67 0.0005043565 -12.0769 -12.1286   0.0066     71029.32     429.5426     753.2961    0.050   3
        37     50.016    228.805 327.7857467 +28.8328630     6.04 0.0006520604  -9.0820  -9.7078   0.0555     7640.715      390.686     681.6318    0.194   0
        38    316.488    250.895 327.7527847 +28.8311138     4.80 0.0005186944 -11.8378 -11.8879   0.0080     56905.52     421.2321      761.744    0.055   0
        39    111.993    239.607 327.7780667 +28.8318461     5.06 0.0005470971  -9.3460  -9.0623   0.1001     4216.195     388.5535     759.2561    0.080   0
        40    667.719    254.834 327.7093978 +28.8315104     5.04 0.0005449684 -10.6294 -10.8042   0.0207     20974.08     399.3063      752.392    0.091   3
        41    764.076    264.118 327.6974761 +28.8307324     4.73  0.000511066 -12.0289 -12.0839   0.0068     68167.17     427.8637     741.3338    0.040   0
        42    208.284    267.419 327.7661091 +28.8290766     4.74  0.000512299 -11.8497 -11.9150   0.0079     58344.25     422.0752     762.4423    0.053   0
        43    246.449    258.160 327.7614175 +28.8301651     4.97 0.0005370081  -9.7673 -10.0854   0.0394     10818.71     392.9503     762.5677    0.068   0
        44    573.119    266.640 327.7210537 +28.8300178     4.82 0.0005202325 -10.7100 -10.8646   0.0196     22174.28     400.0464     758.8439    0.079   0
        45    185.664    290.251 327.7688487 +28.8265615     4.86  0.000525395 -11.9704 -12.0367   0.0071     65266.46     426.0665     762.3722    0.063   0
        46   1003.706    278.601 327.6678485 +28.8297207     4.57 0.0004932706  -8.6522  -8.6035   0.1524     2763.042     387.6609     712.2902    0.209   0
        47    200.986    329.959 327.7668627 +28.8223170     4.71 0.0005085368 -13.4504 -13.4948   0.0023     249994.2     523.3513     762.1603    0.048   0
        48    260.604    309.045 327.7595497 +28.8247128     4.80 0.0005190428 -10.8856 -10.9366   0.0184     23693.88     400.9109     762.1622    0.078   0
        49    100.458    305.935 327.7793339 +28.8246681     4.98 0.0005376777  -9.8884 -10.0695   0.0400     10661.35     392.7751     758.9923    0.089   0
        50    840.375    315.448 327.6879360 +28.8253743     4.87 0.0005258177 -10.0181 -10.0983   0.0390     10947.96     392.9682     728.8323    0.099   0
        51    936.156    309.037 327.6761220 +28.8262852     5.13 0.0005540425  -8.6464  -8.9746   0.1085     3888.977     388.4948     716.8182    0.019   0
        52     99.248    325.692 327.7794365 +28.8225352     4.67 0.0005044762  -8.3145  -9.0241   0.1037     4070.573     388.6117      758.932    0.115   0
        53    810.707    335.011 327.6915553 +28.8231969     5.17 0.0005587583  -9.2068  -9.3129   0.0796     5310.706      389.387     731.4238    0.125   0
        54    115.554    347.789 327.7773706 +28.8201919     4.72 0.0005096276  -9.7768  -9.5157   0.0662     6401.328     390.0218      759.556    0.111   0
        55    209.819    359.579 327.7657022 +28.8191447     4.78 0.0005166159 -10.9220 -11.0384   0.0168     26022.65     402.3081     762.0265    0.072   0
        56    835.979    357.546 327.6883830 +28.8208256     6.70 0.0007238636  -8.5304  -8.5826   0.1553     2710.565     387.7249     727.0463    0.202   0
        57    982.232    369.126 327.6702959 +28.8199123     5.42 0.0005851502  -8.7140  -8.7622   0.1318     3198.101     388.0174      707.061    0.140   0
        58    962.876    459.575 327.6724817 +28.8101169     4.82 0.0005203496 -15.7274 -15.7488   0.0006      1992991     1070.267     701.9763    0.050   4
        59    543.033    386.561 327.7244917 +28.8170192     5.03 0.0005431391  -9.8549  -9.9920   0.0429     9926.476     392.3393     755.0767    0.068   0
        60    118.863    394.173 327.7768520 +28.8151992     4.90 0.0005287942  -9.2568  -8.7303   0.1357     3105.352     387.9902     758.8719    0.135   0
        61    341.858    436.908 327.7492159 +28.8111199     4.54 0.0004902169 -13.5305 -13.5748   0.0021     269111.8     532.4923     758.4661    0.077   0
        62    815.548    417.250 327.6907700 +28.8143421     4.60 0.0004973857 -11.2267 -11.2919   0.0134     32865.57     406.6729     725.3987    0.038   0
        63    268.497    482.146 327.7581681 +28.8060699     4.56 0.0004926126 -14.9789 -15.0080   0.0009      1007391     807.8649     758.7054    0.060   0
        64    115.712    415.953 327.7771895 +28.8128437     4.27   0.00046152  -8.6937  -7.1682   0.5697      736.704      386.461     758.3267    0.093   0
        65    169.171    439.131 327.7705336 +28.8104720     4.55 0.0004909897 -11.6845 -11.7535   0.0090     50281.18     417.2821     759.7186    0.075   0
        66    803.368    443.847 327.6922132 +28.8114466     5.53 0.0005978802 -12.0110 -12.0611   0.0069     66750.48     427.0055     725.1474    0.181   0
        67    414.655    433.554 327.7402350 +28.8116527     5.11  0.000552319  -8.5231  -9.0344   0.1027     4109.172     388.5931     757.2258    0.124   0
        68    718.413    437.603 327.7027177 +28.8119237     4.92 0.0005319365  -9.0615  -9.1792   0.0899     4695.644     388.8185     736.0864    0.081   0
        69   1011.533    458.941 327.6664750 +28.8102962     4.98  0.000538238 -11.5016 -11.5601   0.0106      42076.7     412.3067     695.1611    0.105   0
        70    664.270    445.971 327.7093840 +28.8108962     4.50 0.0004865642  -9.1345  -9.3214   0.0790     5352.457     389.4138     741.5621    0.122   0
        71    421.798    445.799 327.7393244 +28.8103493     4.77 0.0005157514  -9.3176  -9.5870   0.0620     6835.653     390.2029     756.5582    0.071   0
        72     35.853    474.274 327.7869116 +28.8063658     4.68 0.0005052865 -12.0855 -12.0441   0.0070     65708.55     426.3753     652.3061    0.098   0
        73    349.503    456.406 327.7482264 +28.8090359     5.18 0.0005596139  -9.3750  -9.6984   0.0560     7574.854     390.7517     758.1145    0.131   0
        74    946.410    502.747 327.6744172 +28.8054250     4.70 0.0005077049 -13.9596 -13.9982   0.0016     397446.4     589.6382     699.6955    0.085   0
        75    173.471    465.233 327.7699410 +28.8076682     4.70 0.0005072552  -8.8092  -9.0987   0.0968     4359.793     388.7868     758.9962    0.096   0
        76    567.446    474.047 327.7212748 +28.8076444     4.88 0.0005269443  -9.1379  -9.2148   0.0871     4852.125     389.1141     748.9552    0.125   0
        77    461.394    477.136 327.7343623 +28.8070637     5.02 0.0005422629  -9.1440  -9.2008   0.0882     4789.881     389.0091     754.5808    0.162   0
        78     93.860    501.660 327.7796844 +28.8035517     4.47 0.0004830361  -9.0678  -9.6603   0.0580     7313.472     390.6168     749.5148    0.118   0
        79    343.800    521.665 327.7487778 +28.8019871     4.54  0.000490621 -11.1551 -11.2107   0.0144     30499.97     405.1536     755.9461    0.071   0
        80    427.607    545.187 327.7383755 +28.7996481     4.45 0.0004812165 -12.5478 -12.6028   0.0045     109929.3     451.4478     753.1018    0.068   0
        81    994.505    521.783 327.6684358 +28.8034825     5.83 0.0006298177  -8.4430  -8.3177   0.1981     2123.711     387.3463     689.2563    0.185   0
        82    257.397    524.638 327.7594387 +28.8014626     6.18 0.0006673716  -8.2207  -8.6065   0.1519     2770.805     387.6115     757.8208    0.110   0
        83    457.630    881.057 327.7338880 +28.7635090     4.36 0.0004710323 -12.5132 -12.5765   0.0046     107302.9     450.1596     720.0302    0.093   0
        84    697.367   1028.282 327.7039615 +28.7481949     5.69 0.0006144624  -8.3049  -8.3341   0.1453     2155.971     288.5132     668.6472    0.517  24
        85    119.711   1022.404 327.7752598 +28.7474733     4.85 0.0005241175  -8.6691  -8.8705   0.1062     3533.469     345.4886     707.2037    0.199  16
        86    122.742    969.847 327.7750101 +28.7531465     4.30 0.0004641998 -12.4514 -12.5097   0.0048     100900.5     446.5615      712.963    0.097   0
        87     56.796    959.569 327.7831728 +28.7540976     4.45 0.0004809528 -11.7765 -11.8440   0.0083     54649.88     419.7206     658.4297    0.080   0
        88    271.919    743.366 327.7571320 +28.7779165     4.93  0.000532684  -9.1308  -9.4315   0.0715     5923.761     389.7588     745.9724    0.156   0
        89    604.961    739.206 327.7160312 +28.7791453     8.37 0.0009039434 -10.6441 -10.5390   0.0262     16427.98     396.3541     719.6829    0.122   0
        90    822.831    738.616 327.6891383 +28.7797127     4.92 0.0005309361  -9.5440  -9.6335   0.0594     7135.072     390.4378     688.9378    0.119   0
        91    843.898    756.405 327.6864973 +28.7778434     4.66 0.0005029935 -10.8805 -10.9756   0.0178     24561.19     401.4828     683.4745    0.121   0
        92   1003.732    863.282 327.6665264 +28.7666869     4.47 0.0004826397  -8.9833  -7.7721   0.3270     1284.831     386.8154     591.2612    0.120   0
        93    468.788    934.502 327.7323867 +28.7577733     4.76 0.0005147249  -8.3628  -8.5175   0.1649     2552.736     387.6122     712.0498    0.107   0
        94    711.857    834.427 327.7026176 +28.7691275     4.57 0.0004935325 -11.6850 -11.7586   0.0090     50518.21     417.4241     692.5458    0.127   0
        95    884.277    885.791 327.6812193 +28.7639872     5.35 0.0005776358  -9.9921 -10.1544   0.0371      11528.5     393.3159     650.0889    0.174   0
        96    270.528    902.536 327.7569299 +28.7607534     4.29 0.0004630281 -12.0824 -12.1353   0.0065     71468.38     429.7784     727.7193    0.096   0
        97    419.011    927.534 327.7385462 +28.7584079     6.04 0.0006519184  -8.6348  -9.1399   0.0933     4528.512     388.8736     716.9238    0.289   3
        98    498.410    920.099 327.7287643 +28.7593953     4.86 0.0005245811  -9.0849  -9.0989   0.0968     4360.735     388.7549     710.8438    0.185   0
        99    997.065    888.977 327.6672914 +28.7639015     6.61  0.000714006  -9.5146  -9.6349   0.0594     7144.534     390.5626      575.668    0.099   0
       100    315.479    877.765 327.7514402 +28.7635300     4.79  0.000517952  -9.3264  -9.4314   0.0715     5923.012     389.7475     729.4918    0.214   0
       101    855.596    880.891 327.6847703 +28.7644496     5.80 0.0006268097  -8.1735  -8.1048   0.2408     1745.502     387.0695     662.5818    0.235   0
       102    311.941    866.066 327.7519042 +28.7647829     4.53 0.0004895958  -9.8894 -10.0258   0.0416     10240.24     392.5284     731.1254    0.150   0
       103    436.007    852.998 327.7366220 +28.7664833     4.72 0.0005094399  -8.0138  -7.9235   0.2844     1477.021     386.8089     725.9077    0.012   0
       104    438.111    836.852 327.7364000 +28.7682289     4.46 0.0004817852  -7.9510  -8.6367   0.1478     2848.802     387.7923     727.1533    0.218   0
       105    138.235    838.742 327.7734082 +28.7673175     4.28 0.0004619913 -11.7524 -11.8139   0.0086     53154.98     418.9902     733.4396    0.084   0
       106    461.430    810.023 327.7335840 +28.7711759     4.35 0.0004695554 -13.7078 -13.7482   0.0019     315697.8     553.8715     728.6213    0.077   0
       107    783.274    772.456 327.6939440 +28.7759734     4.66 0.0005035567  -8.8806  -9.1092   0.0959     4402.389       388.76     690.2714    0.094   0
       108    781.380    824.378 327.6940593 +28.7703714     5.74  0.000619556  -8.1389  -8.5612   0.1584      2657.55     387.5276     683.7697    0.155   0
       109     93.350    765.606 327.7791214 +28.7750952     5.11 0.0005522904 -11.9767 -12.0459   0.0070     65823.35     426.4426     732.1361    0.328   0
       110    143.285    792.610 327.7728939 +28.7723029     4.36    0.0004706 -11.0936 -11.1652   0.0150     29246.04     404.4208     740.1468    0.120   0
       111    257.725    786.293 327.7587832 +28.7732551     4.42 0.0004774419  -9.6176  -9.5678   0.0631      6716.05     390.2774     742.1432    0.099   0
       112    493.691    797.946 327.7296301 +28.7725534     4.42 0.0004769528  -9.8059  -9.8257   0.0499     8517.115     391.4294     727.5057    0.042   0
       113     67.147    787.470 327.7823039 +28.7726757     4.83 0.0005216469  -8.5556  -9.8038   0.0509     8346.696     391.2775     686.2794    0.480   0
       114    569.605    647.978 327.7206063 +28.7888982     4.58 0.0004944254 -10.2188 -10.3041   0.0324     13232.84     394.2481     734.1863    0.117   0
       115    283.322    692.800 327.7558431 +28.7833948     6.09 0.0006575615  -8.4278  -8.6901   0.1407     2992.655     387.8307     750.1234    0.238   0
       116    523.381    671.073 327.7262592 +28.7863006     4.67 0.0005046305  -9.6509  -9.8131   0.0505     8418.927     391.3883     737.5221    0.141   0
       117    384.387    950.781 327.7427652 +28.7558205     4.43 0.0004780987 -10.6627 -10.7741   0.0212     20399.66     398.8091     716.1128    0.106   0
       118    880.391    751.288 327.6820043 +28.7784788     4.90 0.0005298363 -10.8437 -10.9309   0.0185     23570.16     400.9388     678.6176    0.201   0
       119    371.324    766.024 327.7448087 +28.7757080     1.07  0.000115947  -8.8107  -9.1100   0.0958     4405.422     388.8053     739.8372    0.173   0
       120    420.285    922.282 327.7384013 +28.7589771     4.72 0.0005096087  -8.8893  -9.2527   0.0841     5024.339     389.1706     717.7934    0.160   3
       121    735.487    743.695 327.6999086 +28.7789638     5.34 0.0005767144  -8.5543  -8.9210   0.1139     3701.816     388.3744     700.6156    0.167   0
       122    302.778    735.350 327.7533416 +28.7788535     5.69 0.0006142717  -8.4970  -7.9152   0.2866     1465.784     386.8779     746.6381    0.164   0
       123    567.793    700.177 327.7207094 +28.7832665     4.50 0.0004865711  -9.1480  -9.4730   0.0688     6154.609     389.7447     729.4833    0.208   0
       124    263.158    739.507 327.7582225 +28.7783118     4.56  0.000492721 -10.3375 -10.4752   0.0278     15491.46     395.8588     746.2615    0.132   0
       125    579.575    720.675 327.7192076 +28.7810841     5.49 0.0005934934  -8.4508  -9.2139   0.0872     4848.069     389.1007     725.4578    0.288   0
       126    123.554    703.813 327.7755395 +28.7818289     4.33 0.0004674026 -10.2592 -10.2941   0.0327     13111.14     394.2992     747.2217    0.109   0
       127    279.273    720.827 327.7562771 +28.7803637     4.81 0.0005199155  -9.0048  -8.9699   0.1089     3872.062     388.4514      747.856    0.207   0
       128    940.961    719.631 327.6745991 +28.7820305     4.82 0.0005203172 -10.9518 -11.0324   0.0169     25879.19      402.376     672.5164    0.153   0
       129    792.636    671.314 327.6930192 +28.7868990     4.88 0.0005275837  -9.0153  -9.0970   0.0970     4352.979     388.7499     701.3482    0.096   0
       130    670.269    710.978 327.7080343 +28.7823401     4.63 0.0005005418  -9.9348 -10.0831   0.0395     10795.62     392.9356     713.3946    0.147   0
       131    137.026    700.031 327.7738855 +28.7822687     4.99 0.0005386176  -9.9318  -9.9620   0.0441     9656.009     392.1132     748.6322    0.004   0
       132    580.722    705.284 327.7191015 +28.7827460     4.42 0.0004771025  -9.2888  -9.6994   0.0560     7581.881      390.864     726.9911    0.090   0
       133    960.190    652.973 327.6723761 +28.7892607     4.92 0.0005314613  -9.7726  -9.9137   0.0461     9236.292     391.7272     676.8341    0.135   0
       134    865.768    676.145 327.6839801 +28.7865463     4.60 0.0004972742 -10.7873 -10.8552   0.0198     21981.73     399.9577     690.0399    0.123   0
       135    438.375    666.899 327.7367628 +28.7865519     4.90 0.0005298366  -8.9622  -9.0410   0.1021     4134.301     388.6418     745.0986    0.246   0
       136    247.539    662.454 327.7603317 +28.7865818     4.41 0.0004766901  -9.9643  -9.9843   0.0432     9856.514     392.2732     753.0402    0.154   0
       137    297.818    646.460 327.7541624 +28.7884248     4.62 0.0004993062  -9.8494  -9.9337   0.0452      9407.97      391.998     752.3516    0.079   0
       138    572.834    638.209 327.7202302 +28.7899589     4.08 0.0004403198  -8.7347  -9.1326   0.0939     4498.309     388.7458     734.6675    0.125   0
       139    848.184    614.263 327.6862916 +28.7931774     6.19 0.0006690901  -9.3352  -9.2840   0.0818     5171.252     389.2866     701.0643    0.274   0
       140    165.112    993.780 327.7697248 +28.7506671     4.35 0.0004696772 -12.1689 -12.2349   0.0060     78335.83     433.7451     712.4162    0.081   0
       141    623.791    581.039 327.7140711 +28.7962408     4.46 0.0004818565 -11.4003 -11.4628   0.0116     38469.96     410.0317     733.5626    0.078   0
       142    255.188    635.903 327.7594499 +28.7894622     4.38 0.0004729838 -10.1315 -10.1712   0.0365     11708.35     393.4624     753.5704    0.109   0
       143    409.437    838.684 327.7399348 +28.7679642     4.38 0.0004730668 -11.1217 -11.1777   0.0149      29585.4     404.6514     729.0679    0.049   0
       144    708.147    951.619 327.7028069 +28.7564847     5.85 0.0006319445  -8.7984  -9.0596   0.1004     4205.766     388.6661     677.2554    0.439   0
       145    723.605    622.855 327.7016521 +28.7919640     4.31 0.0004652553 -10.7604 -10.8114   0.0205     21113.47     399.3408     716.5512    0.112   0
       146    154.583    616.969 327.7719144 +28.7912651     4.49 0.0004847816 -11.1407 -11.3110   0.0132     33448.83      406.938     754.1027    0.129   3
       147    148.382    604.485 327.7727095 +28.7925962     4.48 0.0004844201 -11.6735 -11.7495   0.0090     50095.69     417.1608     754.4221    0.102   2
       148    377.634    738.661 327.7440937 +28.7786728     4.37  0.000471601 -12.2804 -12.3333   0.0055     85768.49      438.037     743.7143    0.094   0
       149    939.717    964.266 327.6741991 +28.7556538     4.61 0.0004977058  -8.6871  -9.0098   0.1051     4017.016     388.6097     563.4738    0.040   0
       150    171.184    561.932 327.7699950 +28.7972378     4.76 0.0005143526  -9.0848  -9.2921   0.0812     5209.995      389.344      757.134    0.091   0
       151    859.265    591.137 327.6849762 +28.7956960     5.66 0.0006113343  -8.0386  -6.7442   0.8416     498.4954      386.296     702.6342    0.302   0
       152     85.929    578.090 327.7804823 +28.7952931     4.51 0.0004875369 -11.1952 -11.3358   0.0129     34224.35     407.5487     734.6625    0.125   0
       153     57.513    984.876 327.7830242 +28.7513710     4.43 0.0004787204 -12.9110 -12.9486   0.0034     151165.9     473.9113     659.6597    0.075   0
       154    121.214   1008.169 327.7751080 +28.7490116     4.73 0.0005107054  -9.0535  -9.2995   0.0806     5245.794     389.2046      708.318    0.192   0
       155    825.140    535.584 327.6893158 +28.8016066     5.77 0.0006230774  -8.2859  -8.2258   0.2155     1951.227     387.2132     712.9922    0.158   0
       156    310.215   1005.867 327.7517898 +28.7497073     4.56 0.0004926653 -10.7045 -10.7967   0.0208     20828.64     399.2257     711.2426    0.153   0
       157    131.632    996.943 327.7738489 +28.7502466     4.56 0.0004922011  -8.5959  -8.8698   0.1194     3531.328     388.2538      709.951    0.193   0
       158    879.507    826.739 327.6819421 +28.7703425     4.94 0.0005336965 -13.2287 -13.2736   0.0027     203910.7     500.9466     667.4392    0.147   0
