#   1 NUMBER                 Running object number                                     
#   2 X_IMAGE                Object position along x                                    [pixel]
#   3 Y_IMAGE                Object position along y                                    [pixel]
#   4 ALPHA_J2000            Right ascension of barycenter (J2000)                      [deg]
#   5 DELTA_J2000            Declination of barycenter (J2000)                          [deg]
#   6 FWHM_IMAGE             FWHM assuming a gaussian core                              [pixel]
#   7 FWHM_WORLD             FWHM assuming a gaussian core                              [deg]
#   8 MAG_BEST               Best of MAG_AUTO and MAG_ISOCOR                            [mag]
#   9 MAG_APER               Fixed aperture magnitude vector                            [mag]
#  10 MAGERR_APER            RMS error vector for fixed aperture mag.                   [mag]
#  11 FLUX_APER              Flux vector within fixed circular aperture(s)              [count]
#  12 FLUXERR_APER           RMS error vector for aperture flux(es)                     [count]
#  13 BACKGROUND             Background at centroid position                            [count]
#  14 ELLIPTICITY            1 - B_IMAGE/A_IMAGE                                       
#  15 FLAGS                  Extraction flags                                          
         1     10.099     81.114 200.8920093 +36.1191393    61.98   0.00669043 -13.2899 -12.4287   0.0074     93645.31     636.0982     429.9761    0.610  24
         2    143.641     86.357 200.8741009 +36.1189369    39.45   0.00425833 -12.9153 -11.5943   0.0164     43422.65      655.267     1116.568    0.743   0
         3    192.264     29.817 200.8676793 +36.1251504    30.55  0.003297752 -12.0798 -11.5791   0.0166      42819.8     655.0018     708.2069    0.242   1
         4    136.172     10.894 200.8752306 +36.1270349    85.80  0.009261513 -14.5022 -13.2541   0.0037     200274.9     684.2004     324.0609    0.745  24
         5    290.574     30.657 200.8544997 +36.1253238     4.43 0.0004780178  -9.9181  99.0000  99.0000    -41696.06     638.5215     926.8252    0.223   0
         6    377.713     86.568 200.8427261 +36.1195417     5.06 0.0005458979 -11.3807 -11.3559   0.0203      34861.2     651.9394     1260.273    0.086   0
         7     64.731    108.141 200.8846402 +36.1163800    15.48  0.001671435  -9.9878  99.0000  99.0000     -13624.7     638.4131     830.8243    0.637   0
         8    539.476     94.202 200.8210311 +36.1191492     8.75 0.0009441197  -9.9449 -10.0262   0.0681     10244.05     642.3762     1283.739    0.154   0
         9    729.343    202.246 200.7954092 +36.1080244     8.19 0.0008838751 -10.2704 -10.5172   0.0435     16102.26     644.7773     1298.543    0.504   0
        10     77.250    239.531 200.8827371 +36.1022793     9.48  0.001023156 -11.3507 -11.4733   0.0183     38842.63     653.3937     1230.174    0.679   2
        11    309.030    261.800 200.8516394 +36.1005073     4.53 0.0004890498 -12.7316 -12.7856   0.0057     130085.8     687.3016     1350.968    0.063   0
        12     73.622    257.177 200.8831931 +36.1003712    11.19   0.00120801 -11.8927 -11.5322   0.0173     41009.34     654.1165      1211.69    0.495   0
        13     78.724    265.339 200.8824954 +36.0995070     8.27 0.0008926296 -11.1430 -11.4498   0.0187      38011.7     653.1993     1242.318    0.316   0
        14     76.396    295.199 200.8827562 +36.0962884     3.43  0.000370571  -9.4080 -11.3503   0.0204     34682.05      651.676     1223.362    0.408   0
        15     74.779    326.594 200.8829191 +36.0929066     3.45 0.0003725607  -9.4076 -11.3492   0.0204     34648.48     651.5923     1215.242    0.417   0
        16     77.797    349.553 200.8824753 +36.0904449     6.67 0.0007200079 -10.7427 -11.3581   0.0203     34934.25     651.8082     1232.581    0.589   0
        17     81.040    394.670 200.8819636 +36.0856001     6.20 0.0006692903 -10.4941 -11.3539   0.0203     34797.27     651.9326     1245.114    0.712   0
        18     75.568    394.795 200.8826965 +36.0855718    10.60  0.001143823 -11.7283 -11.4239   0.0191     37116.04     652.5914     1213.948    0.477   0
        19    689.335    425.978 200.8004130 +36.0838510     4.30 0.0004641084 -10.1028 -10.2335   0.0563     12399.38     643.2861     1283.784    0.043   0
        20     78.672    432.656 200.8822159 +36.0815072     4.40 0.0004746398  -9.9176 -11.3899   0.0197     35970.15     652.3645     1228.361    0.448   2
        21   1024.549    442.679 200.7554752 +36.0829228     4.48  0.000483733 -10.2894 -10.0770   0.0548     10734.75     541.5538     1122.945    0.081  16
        22    330.693    439.648 200.8484401 +36.0814326     6.26 0.0006753645  -8.8928  -9.3195   0.1302     5343.358     640.6101     1342.006    0.164   0
        23     77.487    488.634 200.8822787 +36.0754820     9.37  0.001011034 -11.1066 -11.3766   0.0199     35533.58     652.1971     1212.045    0.641   0
        24     77.253    460.708 200.8823579 +36.0784856     6.17 0.0006658641 -10.5846 -11.4209   0.0192        37015     652.8531     1213.933    0.455   0
        25     79.488    672.275 200.8816964 +36.0557317    24.08   0.00259961 -13.1714 -11.6176   0.0161     44364.12     655.6613     1197.332    0.585   2
        26     76.975    521.934 200.8822903 +36.0718983     4.49 0.0004845889 -12.3287 -12.1175   0.0103     70305.29     665.4443     1210.096    0.359   0
        27    719.683    491.209 200.7962429 +36.0769128     3.95 0.0004263318 -11.3221 -11.4125   0.0193     36729.82     652.6025     1250.822    0.032   0
        28    636.251    880.225 200.8067942 +36.0348445     3.97 0.0004281704  -9.1197  -9.1275   0.1553     4477.233     640.1819     1135.269    0.063   0
        29    355.343   1008.790 200.8441927 +36.0202710     4.03 0.0004352249  -8.4760  -8.1562   0.3792     1830.141     639.1113     1178.198    0.183   0
        30    655.530    975.853 200.8040594 +36.0246076     4.07 0.0004394861 -10.6331 -10.7847   0.0341     20601.35     646.3945     1077.615    0.146   0
        31    596.552    860.080 200.8121423 +36.0369074     3.73 0.0004029161 -10.3434 -10.5534   0.0421     16647.94     645.0067     1162.199    0.124   0
        32     84.794    868.788 200.8806498 +36.0346056     3.86 0.0004168236  -9.6466 -11.4105   0.0193     36659.81      652.399     1154.717    0.536   0
        33     79.005    823.393 200.8815026 +36.0394735     5.74 0.0006199987 -10.5369 -11.4334   0.0189     37443.04     652.7697      1141.71    0.389   2
        34    185.419    799.455 200.8672941 +36.0423359     4.54 0.0004905638  -8.7841  -9.5131   0.1090     6386.253      640.963     1285.851    0.154   0
        35     78.800    772.974 200.8816163 +36.0448970     7.81 0.0008430916 -11.0624 -11.4487   0.0187     37974.98     652.9027     1163.159    0.515   0
        36    645.807    673.422 200.8058470 +36.0571172     3.43 0.0003704739  -7.9623  -8.5788   0.2570     2701.054     639.2355      1222.07    0.403   0
        37     80.841    752.786 200.8813775 +36.0470742     9.43   0.00101818 -11.2417 -11.4435   0.0188     37793.62     652.9746     1183.586    0.668   0
        38    172.427    598.789 200.8693737 +36.0638882     1.20 0.0001295985  -7.5842  -9.2830   0.1346     5166.749      640.199     1335.839    0.318   0
        39     80.804    723.991 200.8814317 +36.0501718     6.77 0.0007308953 -10.8206 -11.4770   0.0182     38975.18     653.3562      1194.18    0.653   0
        40     79.486    743.939 200.8815740 +36.0480223     6.21 0.0006698447 -10.5708 -11.4414   0.0188     37717.57     653.1397      1175.15    0.650   0
        41     87.646    909.901 200.8801977 +36.0301905     5.55 0.0005990668 -10.3458 -11.3421   0.0206     34420.88     651.7705      1148.85    0.545   0
        42     85.470    571.826 200.8810670 +36.0665540     5.38 0.0005810893  -9.9986 -11.0972   0.0257     27472.23     649.1708     1257.093    0.333   0
        43     81.588    790.210 200.8812134 +36.0430502     3.46 0.0003735808  -9.5331 -11.4138   0.0193     36772.33     652.4421     1174.009    0.425   0
        44     79.572    581.429 200.8818406 +36.0655050     5.11 0.0005512676 -10.1410 -11.3425   0.0206     34434.62     651.7227     1224.418    0.343   0
        45     83.549    889.676 200.8807808 +36.0323552     5.16 0.0005574073 -10.3868 -11.4706   0.0183     38745.97     653.4803     1137.742    0.151   0
        46     86.439    948.346 200.8802936 +36.0260515     5.13 0.0005539873 -10.2121 -11.2942   0.0215     32935.58     651.2891     1121.869    0.557   0
        47     82.997    849.971 200.8809226 +36.0366252     8.60  0.000928839 -11.2222 -11.4054   0.0194     36490.21     652.3516     1152.518    0.638   0
