#   1 NUMBER                 Running object number                                     
#   2 X_IMAGE                Object position along x                                    [pixel]
#   3 Y_IMAGE                Object position along y                                    [pixel]
#   4 ALPHA_J2000            Right ascension of barycenter (J2000)                      [deg]
#   5 DELTA_J2000            Declination of barycenter (J2000)                          [deg]
#   6 FWHM_IMAGE             FWHM assuming a gaussian core                              [pixel]
#   7 FWHM_WORLD             FWHM assuming a gaussian core                              [deg]
#   8 MAG_BEST               Best of MAG_AUTO and MAG_ISOCOR                            [mag]
#   9 MAG_APER               Fixed aperture magnitude vector                            [mag]
#  10 MAGERR_APER            RMS error vector for fixed aperture mag.                   [mag]
#  11 FLUX_APER              Flux vector within fixed circular aperture(s)              [count]
#  12 FLUXERR_APER           RMS error vector for aperture flux(es)                     [count]
#  13 BACKGROUND             Background at centroid position                            [count]
#  14 ELLIPTICITY            1 - B_IMAGE/A_IMAGE                                       
#  15 FLAGS                  Extraction flags                                          
         1    852.660     89.066 238.0168216 +32.9323192   117.93   0.01265093 -14.7206 -12.5162   0.0055     101506.2     516.3966     758.2687    0.493  19
         2    816.741     46.061 238.0215067 +32.9368103    69.86  0.007494519 -13.3846 -11.8992   0.0093     57500.24     494.5596     623.7648    0.792  19
         3    822.341      9.597 238.0208487 +32.9407175    81.12  0.008702718 -13.5786 -12.3578   0.0059     87725.59     479.2686     437.4817    0.784  24
         4    487.544     46.553 238.0637852 +32.9358447     6.55 0.0007028381  -9.7438  99.0000  99.0000    -290.2101     464.6637      788.814    0.133   0
         5    243.972     72.619 238.0950208 +32.9323780    10.15  0.001088482 -10.6514 -10.6571   0.0281     18316.82     474.2875     833.7299    0.139   0
         6     60.304    117.122 238.1185280 +32.9271068     5.81 0.0006232203 -13.8319 -13.8678   0.0019     352483.1     626.2024     867.8296    0.022   0
         7    725.473    126.447 238.0330924 +32.9279791     5.75 0.0006165375 -10.3114  -9.5947   0.0739     6884.399     468.3139     940.4451    0.110   0
         8    747.251    131.119 238.0302878 +32.9275406     5.82 0.0006242453 -10.0368  -7.4275   0.5401     935.4398     465.2192     940.7087    0.114   0
         9    620.075    137.170 238.0466092 +32.9265426     4.35 0.0004663381  -8.2383  99.0000  99.0000    -2503.125     464.6505     938.6241    0.258   0
        10    366.913    146.839 238.0791024 +32.9248033    10.72  0.001150221  -9.8930  -9.8786   0.0570     8942.465     469.4243      924.223    0.151   0
        11    744.212    148.398 238.0306488 +32.9256881     3.30 0.0003536028  -7.8742  99.0000  99.0000     -3309.09     464.4533     941.0458    0.411   0
        12    696.482    194.392 238.0367001 +32.9206474     6.41 0.0006874886 -11.8417 -11.9172   0.0092     58461.14     495.0821     941.1239    0.067   0
        13    473.134    186.372 238.0653937 +32.9208819     6.82 0.0007318673  -9.2899  -9.5781   0.0750     6780.342     468.3105     933.1523    0.219   0
        14    317.964    189.599 238.0853131 +32.9201019     5.61 0.0006012841  -9.8556  -9.9132   0.0552     9231.268      469.435     921.3403    0.102   0
        15    107.557    258.361 238.1122075 +32.9121675     5.68 0.0006091066 -13.7990 -13.8342   0.0020     341736.1     621.9363     882.5125    0.025   0
        16    757.626    279.181 238.0287056 +32.9117669     5.52 0.0005926966 -12.2241 -12.2729   0.0068     81125.44      506.301     941.5168    0.086   0
        17    230.663    278.569 238.0963657 +32.9103599    12.73  0.001365319 -10.4042 -10.3671   0.0366     14022.97      472.174     909.1015    0.421   0
        18    576.702    330.072 238.0518482 +32.9058341     5.23 0.0005614891 -11.3220 -11.4241   0.0142     37123.96     484.2381      934.485    0.069   0
        19      2.693    319.727 238.1255607 +32.9053191     5.45 0.0005846006  -8.0680  -6.8472   0.7095     548.1499     358.1071     854.3002    0.413  16
        20    282.968    343.830 238.0895352 +32.9035426     5.20 0.0005578625 -11.1815 -11.2462   0.0166     31512.32     481.2688     916.4595    0.047   0
        21     38.617    347.327 238.1208990 +32.9024760     6.86 0.0007363999  -9.2269  -9.3717   0.0906     5606.277     467.6964     863.3475    0.193   0
        22    446.151    384.687 238.0685144 +32.8996407     5.14 0.0005519056 -10.8625 -10.9363   0.0219     23686.87     477.2633     926.9379    0.071   0
        23    506.847    435.558 238.0606345 +32.8943811     4.87 0.0005222083 -12.1769 -12.2094   0.0072     76520.38     504.1916     927.6323    0.064   0
        24    153.965    452.888 238.1059027 +32.8915381     5.58 0.0005983893  -9.9520 -10.0901   0.0470     10865.46     470.4343       884.79    0.107   0
        25    538.189    460.665 238.0565680 +32.8917889     7.32 0.0007851076  -9.0332  -9.2112   0.1049     4835.887     467.2321     927.7828    0.440   0
        26    265.483    494.794 238.0915138 +32.8873813     5.08 0.0005446051 -12.4692 -12.5140   0.0055     101295.1     516.2353     906.2207    0.062   0
        27      8.675    495.980 238.1244749 +32.8865253     6.34 0.0006805059 -10.4945 -10.4327   0.0315     14897.03     431.8187     844.3766    0.184  16
        28    435.691    502.458 238.0696527 +32.8870421     5.00 0.0005358882  -9.6876  -9.6619   0.0695     7324.026     468.6137     922.4714    0.127   0
        29    774.640    516.137 238.0261220 +32.8865240     6.22 0.0006677565  -8.4709  -8.1217   0.2852     1772.882     465.6035     932.3041    0.219   0
        30    881.210    870.805 238.0118516 +32.8489640     3.42 0.0003672271  -9.0795 -11.0690   0.0194     26767.66     478.6702     827.4095    0.644   0
        31    508.320   1026.172 238.0594274 +32.8313506     6.88 0.0007383531  -8.6550  -8.1981   0.2130     1902.199     373.0677     801.0854    0.347  24
        32    796.075   1020.227 238.0225241 +32.8327826     4.39 0.0004704774  -9.9803  -9.8929   0.0525     9060.561     437.7769     833.8355    0.187  16
        33    376.411    702.341 238.0769130 +32.8655428     4.86 0.0005211184 -12.8103 -12.8488   0.0042     137891.3      533.698     886.7134    0.079   0
        34    624.607    699.762 238.0450668 +32.8665111     4.68  0.000501699  -8.2962  -8.7222   0.1642     3082.469     466.2013     906.0411    0.132   0
        35    373.996    723.995 238.0771851 +32.8632249     4.44 0.0004767575  -8.2650  -8.7670   0.1576      3212.09     466.2315     880.3592    0.021   0
        36    297.346    758.239 238.0869610 +32.8593546     5.03 0.0005392358 -10.8823 -10.9296   0.0220     23541.71     477.1744     861.0129    0.125   0
        37    590.688    720.005 238.0493850 +32.8642563     2.92 0.0003133329  -8.1561  -8.8886   0.1410      3592.84     466.5666     899.4483    0.103   0
        38    376.971    770.024 238.0767231 +32.8583208     0.00            0  -8.2295  -8.7501   0.1601     3162.643     466.2967     867.0738    0.009   0
        39    627.187    784.135 238.0445918 +32.8575133     5.11 0.0005481663  -8.6022  -8.8643   0.1442     3513.266     466.5501     886.5512    0.253   0
        40    855.259    792.925 238.0153114 +32.8572048     4.39 0.0004712519 -11.9348 -12.0521   0.0082     66199.73     499.0113     882.8253    0.161   0
        41    125.771    633.717 238.1091993 +32.8721588     5.87 0.0006301591 -10.0299 -10.1603   0.0441     11591.05     470.8457      856.774    0.186   0
        42    715.633    711.353 238.0333657 +32.8655261    12.47  0.001337535 -10.0931 -10.0870   0.0472     10833.85     470.4305     909.7342    0.391   0
        43    882.398    838.200 238.0117535 +32.8524472     3.45 0.0003699149  -9.0709 -10.9760   0.0211     24570.73     477.5342     834.6306    0.418   0
        44    446.675    960.763 238.0674483 +32.8381592     2.36 0.0002532128  -8.0543  -8.5120   0.1993     2539.701     465.9888     809.8948    0.191   0
        45    806.248    868.327 238.0214739 +32.8490226     4.11 0.0004413287 -12.8348 -12.8691   0.0041     140485.4     534.9118     875.9147    0.090   0
        46    475.223    935.215 238.0638301 +32.8409657     1.27 0.0001363517  -7.1391  -7.8113   0.3793     1332.095     465.2092     822.9115    0.223   0
        47    904.392    625.491 238.0092851 +32.8752094     4.51  0.000483759 -11.3321 -11.2387   0.0167     31294.07     481.2062     826.5865    0.103   0
        48    252.812    851.412 238.0925113 +32.8492849     3.45 0.0003695813  -7.9724  -8.1821   0.2697     1874.245     465.4873     823.6656    0.420   0
        49    884.933    931.992 238.0112720 +32.8424439     6.01  0.000644654 -10.2362 -11.0778   0.0193     26984.28     478.9491     803.4599    0.435   0
        50    354.187   1006.621 238.0792334 +32.8330055     6.78  0.000727762  -8.7115  -7.9650   0.3293     1534.655     465.2787     782.2552    0.204   0
