#   1 NUMBER                 Running object number                                     
#   2 X_IMAGE                Object position along x                                    [pixel]
#   3 Y_IMAGE                Object position along y                                    [pixel]
#   4 ALPHA_J2000            Right ascension of barycenter (J2000)                      [deg]
#   5 DELTA_J2000            Declination of barycenter (J2000)                          [deg]
#   6 FWHM_IMAGE             FWHM assuming a gaussian core                              [pixel]
#   7 FWHM_WORLD             FWHM assuming a gaussian core                              [deg]
#   8 MAG_BEST               Best of MAG_AUTO and MAG_ISOCOR                            [mag]
#   9 MAG_APER               Fixed aperture magnitude vector                            [mag]
#  10 MAGERR_APER            RMS error vector for fixed aperture mag.                   [mag]
#  11 FLUX_APER              Flux vector within fixed circular aperture(s)              [count]
#  12 FLUXERR_APER           RMS error vector for aperture flux(es)                     [count]
#  13 BACKGROUND             Background at centroid position                            [count]
#  14 ELLIPTICITY            1 - B_IMAGE/A_IMAGE                                       
#  15 FLAGS                  Extraction flags                                          
         1    634.661     25.829 327.9726216 +28.9804656     6.80 0.0007438203 -12.4559 -12.4981   0.0063     99824.87      580.539     1070.466    0.078   0
         2    516.499     14.411 327.9874068 +28.9816903     6.67 0.0007301127 -13.1657 -13.1987   0.0035     190312.6     620.1509     1069.996    0.074  16
         3    464.828      3.131 327.9938739 +28.9829134     6.83 0.0007477382 -12.1074 -12.1671   0.0068      73596.5     461.4705      1067.86    0.303  24
         4    411.281     54.063 328.0005597 +28.9773273     6.41 0.0007012746 -11.2582 -11.3114   0.0178     33462.84     547.5464     1062.672    0.087   0
         5    486.178    110.648 327.9911760 +28.9711517     6.40 0.0006999899 -14.7299 -14.7569   0.0012     799384.6     854.3846     1069.494    0.070   0
         6    315.458     60.249 328.0125454 +28.9766278     7.46 0.0008166823  -9.8213 -10.0085   0.0577      10078.6      535.282     1056.488    0.054   0
         7     71.019     58.836 328.0431244 +28.9767203     9.08 0.0009931888  -9.3469  -9.3682   0.1036     5588.212     532.8458     1012.125    0.179   0
         8    259.355     71.565 328.0195605 +28.9753758     6.91 0.0007557085 -10.2695 -10.3823   0.0410     14220.46     537.4955     1049.368    0.110   0
         9    595.829    110.729 327.9774596 +28.9711663     6.50 0.0007112446 -14.4496 -14.4775   0.0014     618020.8     792.5271     1071.964    0.061   0
        10     20.315    106.952 328.0494523 +28.9714407     6.12 0.0006701488 -12.2090 -12.2504   0.0078     79462.62     570.6154      997.252    0.023   0
        11    249.914     97.483 328.0207342 +28.9725370     6.79  0.000742879  -9.3483  -9.3881   0.1017     5691.761     532.9601     1047.834    0.177   0
        12    395.351    107.047 328.0025386 +28.9715252     7.71 0.0008442079  -9.4978  -9.6230   0.0820     7066.631     533.7289     1061.946    0.099   0
        13    286.976    136.113 328.0160873 +28.9683185     6.16 0.0006738334 -12.3773 -12.4187   0.0068     92781.48     577.0797     1056.481    0.065   0
        14     69.412    117.838 328.0433075 +28.9702628     6.28 0.0006870254  -9.9574 -10.1142   0.0524     11109.06     535.7928     1011.126    0.071   0
        15     74.984    136.301 328.0426049 +28.9682437     6.11 0.0006681876 -11.9405 -11.9953   0.0097     62822.66     562.3785     1012.509    0.041   0
        16    389.065    123.802 328.0033205 +28.9696901     7.96 0.0008710855  -9.4117  -9.4325   0.0976     5929.347     533.0554     1061.594    0.173   0
        17    697.947    159.505 327.9646745 +28.9658490     6.67 0.0007294707 -10.6612 -10.7002   0.0308     19057.71     540.0176      1071.57    0.090   0
        18      1.772    161.253 328.0517548 +28.9654931     8.13 0.0008897489  -9.2162  -9.4759   0.0702     6170.862     398.8159     990.5322    0.705  24
        19    659.540    181.280 327.9694737 +28.9634583     6.44 0.0007047701 -12.7207 -12.7724   0.0050     128515.7     594.2993     1072.202    0.094   0
        20    706.710    179.396 327.9635740 +28.9636738    12.37  0.001353847 -10.4130 -10.4211   0.0396     14737.81     537.7362     1070.999    0.030   0
        21    312.792    200.537 328.0128404 +28.9612744     6.12  0.000669812 -11.5399 -11.5958   0.0138     43481.32     552.5471     1056.635    0.076   0
        22    675.647    193.541 327.9674562 +28.9621197     7.02 0.0007685621 -10.2772 -10.3932   0.0406     14363.91     537.5409     1072.068    0.137   0
        23    590.979    186.989 327.9780481 +28.9628195     5.00 0.0005471616  -8.5923  -8.8866   0.1610     3586.115     531.6399     1071.742    0.585   0
        24    510.681    211.525 327.9880858 +28.9601172     6.37 0.0006966933 -10.5934 -10.6587   0.0320     18343.23     539.6899     1066.849    0.071   0
        25    337.868    209.135 328.0097016 +28.9603394     8.12 0.0008883574  -9.4505  -9.6494   0.0801     7240.217     533.8649     1057.115    0.241   0
        26    732.270    208.988 327.9603704 +28.9604402     8.83 0.0009662028  -9.3793  -9.5829   0.0851      6810.45      533.594     1069.178    0.064   0
        27    372.052    212.672 328.0054250 +28.9599604     6.47 0.0007079062  -9.2197  -9.4450   0.0965     5997.681     533.1213     1058.552    0.126   0
        28    646.642    229.821 327.9710758 +28.9581435     6.44 0.0007052104 -10.3412 -10.3352   0.0428     13616.97     537.0764     1071.765    0.072   0
        29    498.620    227.410 327.9895904 +28.9583761     6.23 0.0006815936 -10.0167 -10.1510   0.0506      11492.2     535.8157      1064.84    0.068   0
        30    191.714    246.900 328.0279713 +28.9561705     5.79  0.000633697 -11.9026 -11.9531   0.0101     60429.48     561.1819     1038.881    0.040   0
        31    722.354    241.621 327.9616035 +28.9568670     7.10 0.0007767633  -9.9646  -9.9871   0.0588     9881.869     535.1788     1067.829    0.027   0
        32    291.062    264.444 328.0155406 +28.9542753     5.92 0.0006475347 -12.1030 -12.1570   0.0084     72913.52     567.3123     1051.073    0.073   0
        33     49.343    256.954 328.0457749 +28.9550328     6.75 0.0007390112  -9.9575  -9.9737   0.0595     9760.498     535.1744     1002.668    0.043   0
        34    229.662    270.123 328.0232184 +28.9536385     6.62 0.0007242156  -9.6488  -9.7906   0.0704     8246.271     534.3642     1044.551    0.063   0
        35     19.648    300.684 328.0494752 +28.9502390     6.05 0.0006623831 -12.3745 -12.4310   0.0067     93842.28     577.6783     991.9846    0.083   0
        36    658.085    301.565 327.9696282 +28.9502942     6.05 0.0006619193 -12.0237 -12.0940   0.0089     68801.67     565.2727     1066.444    0.105   3
        37    656.387    313.913 327.9698378 +28.9489424     6.47 0.0007083785 -10.9383 -11.0705   0.0220     26803.27      544.017     1065.518    0.115   3
        38    735.366    470.642 327.9599260 +28.9318058     7.72 0.0008449603  -9.7109  -9.9956   0.0584     9959.771     535.2642     1055.073    0.159   0
        39    535.134    798.457 327.9848839 +28.8958893     5.09 0.0005567186  -8.5906  -7.8412   0.3226     1369.228     406.7726     974.7017    0.112  24
        40    187.846    797.321 328.0282954 +28.8959323     5.66 0.0006197478 -10.2637 -10.1862   0.0393     11870.29     429.8951     919.4348    0.153  24
        41    624.786    774.543 327.9736828 +28.8985252     4.70  0.000514459  -8.5433  -8.0373   0.3515      1640.25     530.8802     990.1248    0.329   0
        42    554.282    765.280 327.9824983 +28.8995243     5.21 0.0005705162 -13.3460 -13.3903   0.0031     227044.5     639.1379     986.6582    0.092   0
        43    242.489    764.781 328.0214741 +28.8995071     5.72  0.000625546 -10.5625 -10.4972   0.0370     15807.71     538.2948     941.8524    0.110   0
        44    690.802    743.857 327.9654373 +28.9018968     5.42 0.0005929655 -10.6192 -10.6740   0.0315     18604.21     539.6343     999.7552    0.159   0
        45    215.894    360.134 328.0249146 +28.9437845     7.27 0.0007959352  -9.3030  -9.1793   0.1232     4695.895     532.5394     1039.552    0.278   0
        46    411.489    355.655 328.0004549 +28.9443216     5.94 0.0006495595 -10.1672 -10.0127   0.0575     10117.85     535.3472     1053.453    0.077   0
        47    381.928    349.000 328.0041536 +28.9450431     7.53 0.0008239868  -9.0095  -8.2986   0.2763     2086.618     530.9368     1052.577    0.210   0
        48    518.254    341.725 327.9871065 +28.9458699     5.92 0.0006479097 -12.4999 -12.5476   0.0061     104485.3     582.7215     1059.463    0.079   0
        49    345.399    342.677 328.0087236 +28.9457266     6.16 0.0006742446  -9.9915 -10.0188   0.0571     10174.34     535.3471     1050.986    0.102   0
        50    460.905    320.986 327.9942839 +28.9481269     6.34 0.0006934082  -9.7427  -9.6284   0.0816     7101.571      533.777     1057.076    0.048   0
        51    493.719    318.644 327.9901807 +28.9483906     6.33 0.0006932392  -9.8062  -9.8734   0.0653      8899.43     534.7223     1058.854    0.110   0
        52     13.175    782.766 328.0501338 +28.8974790     6.22 0.0006805226 -11.0980 -10.9726   0.0237     24492.18     533.4001     885.1099    0.183  16
        53    751.235    746.379 327.9578822 +28.9016324     5.34 0.0005845456 -11.2809 -11.3679   0.0169     35249.29     548.2737     998.3943    0.101   0
        54     14.675    758.154 328.0499541 +28.9001729     6.70 0.0007328745  -9.8067  -9.6165   0.0822     7023.995     531.7074     892.9357    0.278   0
        55    195.804    752.800 328.0273135 +28.9008067     3.44 0.0003767263  -8.1605  -8.2004   0.3024      1906.16     530.8264     936.8726    0.651   0
        56    222.779    711.760 328.0239531 +28.9053048     5.52 0.0006039917 -12.2072 -12.2652   0.0077     80555.48     571.0419     957.6667    0.097   0
        57    184.452    363.500 328.0288457 +28.9434082     5.88 0.0006438881 -11.1009 -11.1283   0.0209        28270     544.7884     1033.239    0.085   0
        58    203.056    716.138 328.0264175 +28.9048207     5.79 0.0006340563 -10.6550 -10.7592   0.0292     20122.54      540.527     951.8921    0.142   0
        59    500.273    721.317 327.9892606 +28.9043239     5.28  0.000577333 -10.2635 -10.3234   0.0433      13469.4     537.1324     992.7839    0.105   0
        60    776.793    385.262 327.9547640 +28.9411575     5.94 0.0006505031 -11.6740 -11.6997   0.0126     47851.85     554.7502     1048.276    0.103   0
        61     78.632    373.796 328.0420761 +28.9422537     6.34 0.0006942747 -10.4127 -10.5014   0.0368      15869.1     538.1497     1003.141    0.125   0
        62    606.910    685.726 327.9759382 +28.9082416     5.34 0.0005848876 -10.6355 -10.6786   0.0314     18683.34     539.8522     1016.841    0.114   0
        63    547.584    701.642 327.9833510 +28.9064874     5.41 0.0005918436 -10.5975 -10.6377   0.0326     17992.36       539.36     1005.788    0.087   0
        64    230.063    401.402 328.0231309 +28.9392717     6.11 0.0006684161  -9.8525  -9.9650   0.0600     9682.581      534.985      1038.34    0.076   0
        65    410.172    683.688 328.0005341 +28.9084219     7.13 0.0007802806  -8.9272  -8.6539   0.1994     2894.427     531.5285     995.3813    0.055   0
        66    528.892    656.537 327.9856988 +28.9114195     5.27 0.0005763586 -12.3907 -12.4438   0.0066     94957.57     578.1929     1017.998    0.068   0
        67    135.279    415.657 328.0349796 +28.9376874     6.20 0.0006788695  -9.6072  -9.5831   0.0851     6811.683     533.6691     1016.617    0.106   0
        68    678.072    615.936 327.9670575 +28.9158938     5.58 0.0006109098  -9.7048  -9.7741   0.0714     8121.933     534.2988     1037.275    0.089   0
        69    393.650    402.718 328.0026735 +28.9391670     5.64 0.0006174794 -12.3713 -12.4301   0.0067      93764.8     577.6269     1050.954    0.070   0
        70    394.990    648.839 328.0024412 +28.9122322     5.83 0.0006378696  -9.7440  -9.8191   0.0685     8465.121     534.3305     1006.171    0.048   0
        71    479.428    626.332 327.9918905 +28.9147144     5.59 0.0006112939  -9.0890  -9.0143   0.1433      4033.84     532.1154     1024.028    0.132   0
        72    134.461    631.967 328.0350176 +28.9140146     5.79 0.0006336262 -11.1725 -11.2050   0.0195     30337.85     545.8972     966.7803    0.110   0
        73    337.139    571.777 328.0096946 +28.9206522     5.39 0.0005894142 -12.9615 -13.0028   0.0042     158892.8     608.4095     1025.267    0.061   0
        74    204.062    557.783 328.0263373 +28.9221511     5.75 0.0006289438  -9.6512  -9.9317   0.0619     9390.371     534.9504     1005.393    0.027   0
        75    309.303    602.485 328.0131666 +28.9172850     5.39 0.0005900051 -14.0575 -14.0913   0.0018     433017.6     724.0471     1013.444    0.062   0
        76    448.163    535.157 327.9958226 +28.9246855     5.64 0.0006173076 -11.1523 -11.2783   0.0183     32457.59     546.9724      1041.77    0.096   0
        77    449.054    413.212 327.9957424 +28.9380312     5.75 0.0006294877 -11.6222 -11.6757   0.0129     46802.93     554.2475     1053.232    0.073   0
        78    503.234    560.360 327.9889305 +28.9219395     6.67 0.0007294535  -9.4646  -9.5574   0.0871     6652.031     533.5404     1041.504    0.143   0
        79    684.545    574.528 327.9662576 +28.9204267     5.76 0.0006305777  -9.9890 -10.1702   0.0498     11696.62     536.1453     1045.033    0.085   0
        80    289.802    588.555 328.0156085 +28.9188047     5.86  0.000641537  -9.4857  -9.8510   0.0666     8717.387     534.4631      1014.74    0.120   0
        81    362.281    576.437 328.0065499 +28.9201482     6.29 0.0006878416  -9.5358  -9.7633   0.0721     8041.465     534.2416     1026.608    0.150   0
        82    349.786    459.241 328.0081436 +28.9329710     5.04 0.0005520977  -8.8328  -8.9567   0.1510     3825.506     531.9158     1046.066    0.324   0
        83    591.115    515.900 327.9779531 +28.9268239     5.84 0.0006394383 -10.7072 -10.8208   0.0276     21297.37     541.2401     1051.407    0.087   0
        84    198.336    502.912 328.0270691 +28.9281546     5.61 0.0006138659 -12.4908 -12.5488   0.0061       104600     582.8722      1016.65    0.074   0
        85    437.103    519.129 327.9972097 +28.9264372     5.49 0.0006009852 -12.9191 -12.9802   0.0042     155623.9     606.9246      1043.24    0.069   0
        86    424.005    506.634 327.9988507 +28.9278016     6.40 0.0007005598  -9.0098  -9.8216   0.0684     8484.517      534.311     1043.937    0.148   0
        87    313.122    483.646 328.0127216 +28.9302915     5.53 0.0006051064 -14.5141 -14.5465   0.0013     658547.6      806.783     1039.333    0.050   0
