#   1 NUMBER                 Running object number                                     
#   2 X_IMAGE                Object position along x                                    [pixel]
#   3 Y_IMAGE                Object position along y                                    [pixel]
#   4 ALPHA_J2000            Right ascension of barycenter (J2000)                      [deg]
#   5 DELTA_J2000            Declination of barycenter (J2000)                          [deg]
#   6 FWHM_IMAGE             FWHM assuming a gaussian core                              [pixel]
#   7 FWHM_WORLD             FWHM assuming a gaussian core                              [deg]
#   8 MAG_BEST               Best of MAG_AUTO and MAG_ISOCOR                            [mag]
#   9 MAG_APER               Fixed aperture magnitude vector                            [mag]
#  10 MAGERR_APER            RMS error vector for fixed aperture mag.                   [mag]
#  11 FLUX_APER              Flux vector within fixed circular aperture(s)              [count]
#  12 FLUXERR_APER           RMS error vector for aperture flux(es)                     [count]
#  13 BACKGROUND             Background at centroid position                            [count]
#  14 ELLIPTICITY            1 - B_IMAGE/A_IMAGE                                       
#  15 FLAGS                  Extraction flags                                          
         1    831.083    134.791 200.9210981 +36.2229226   152.86   0.01655731 -15.7655 -12.3224   0.0090     84907.28     704.9308     1155.021    0.861  18
         2    517.353     49.814 200.9635068 +36.2313079     7.28 0.0007890254  -9.8023  -9.7856   0.0896     8207.722     677.1647     1233.927    0.326   0
         3    469.727     90.477 200.9698162 +36.2267911     6.97 0.0007553802 -10.3390 -10.3262   0.0546      13504.9     679.2311      1251.22    0.313   0
         4    536.590    146.230 200.9606871 +36.2209378     5.39 0.0005834069  -9.6930  -9.7647   0.0913     8051.562      676.936     1296.471    0.239   0
         5    605.303    166.261 200.9513960 +36.2189490     8.46 0.0009160271 -10.7952 -10.8453   0.0340     21782.73     682.2711     1318.852    0.266   0
         6    261.012    294.011 200.9973956 +36.2042555     0.00            0  -8.8193  -9.7354   0.0938     7837.259     676.8379     1307.631    0.006   0
         7    186.626    331.546 201.0073073 +36.2000050     5.49 0.0005946107 -10.2004 -10.1669   0.0632     11661.24     678.5522     1302.969    0.175   0
         8    440.211    391.933 200.9730579 +36.1941378     4.61 0.0004992241 -10.0238 -10.4302   0.0497     14861.75     679.7114     1375.441    0.152   0
         9    862.442    632.137 200.9157161 +36.1692544     4.29 0.0004647334 -12.2784 -12.2023   0.0100     76019.11     701.7899     1316.865    0.065   0
        10    888.245    887.935 200.9116507 +36.1416756    58.49  0.006335333 -13.8168 -12.4623   0.0080     96586.44     709.0425     546.8975    0.156  16
        11    157.821    791.792 201.0100449 +36.1501928     3.88 0.0004200015  -8.8220 -10.5905   0.0429     17226.36     680.2593     1317.399    0.258   0
        12    865.879    720.314 200.9150479 +36.1597339     4.76 0.0005151703  -8.1585  99.0000  99.0000    -11613.97     674.2421     1323.371    0.268   0
        13    860.687    701.984 200.9157887 +36.1617017     4.23 0.0004582446  -8.5078  99.0000  99.0000    -936.6456      674.204     1332.294    0.089   0
        14    305.046    476.559 200.9910274 +36.1846428     4.61 0.0004989523 -10.3905 -10.4684   0.0480     15394.59     679.9263     1378.591    0.169   0
        15    882.698    450.238 200.9134176 +36.1889627     4.20 0.0004548541 -11.8024 -10.4005   0.0510     14461.27     679.4884     1114.942    0.081   0
        16    441.766    504.330 200.9725772 +36.1819954     4.30 0.0004653081 -12.2131 -12.2457   0.0096      79121.7     702.9309     1392.591    0.087   0
        17     96.319    725.866 201.0184739 +36.1571558     3.91 0.0004234005  -8.6088  -6.2462   2.3241     315.1279     674.3971     1315.456    0.275   0
        18    166.796    544.312 201.0094489 +36.1769604     4.85 0.0005248859 -10.5345 -10.7058   0.0386     19157.25     681.2328     1349.868    0.120   0
        19    841.186    830.698 200.9181087 +36.1477428    79.98  0.008662855 -13.8531 -12.8299   0.0058       135504     722.7231     1077.958    0.493  16
        20    429.003    544.784 200.9741954 +36.1775907     4.29 0.0004645058 -12.0997 -12.1840   0.0102     74747.88     701.0618     1392.285    0.055   0
        21    796.041    802.321 200.9242428 +36.1506957    13.04  0.001412561 -12.1550 -11.5068   0.0187      40059.1     688.8794     1339.568    0.537   2
        22    823.415    487.897 200.9213009 +36.1847438     4.69 0.0005080947  -9.6239 -10.6358   0.0412     17960.04       680.85     1345.364    0.224   0
