#   1 NUMBER                 Running object number                                     
#   2 X_IMAGE                Object position along x                                    [pixel]
#   3 Y_IMAGE                Object position along y                                    [pixel]
#   4 ALPHA_J2000            Right ascension of barycenter (J2000)                      [deg]
#   5 DELTA_J2000            Declination of barycenter (J2000)                          [deg]
#   6 FWHM_IMAGE             FWHM assuming a gaussian core                              [pixel]
#   7 FWHM_WORLD             FWHM assuming a gaussian core                              [deg]
#   8 MAG_BEST               Best of MAG_AUTO and MAG_ISOCOR                            [mag]
#   9 MAG_APER               Fixed aperture magnitude vector                            [mag]
#  10 MAGERR_APER            RMS error vector for fixed aperture mag.                   [mag]
#  11 FLUX_APER              Flux vector within fixed circular aperture(s)              [count]
#  12 FLUXERR_APER           RMS error vector for aperture flux(es)                     [count]
#  13 BACKGROUND             Background at centroid position                            [count]
#  14 ELLIPTICITY            1 - B_IMAGE/A_IMAGE                                       
#  15 FLAGS                  Extraction flags                                          
         1     10.071     81.222 237.9946915 +32.9333313    62.16  0.006665784 -13.3500 -12.4909   0.0072     99167.67     657.2838     419.0586    0.613  24
         2    142.043     87.931 237.9777361 +32.9329719    35.17  0.003771086 -12.7295 -11.6182   0.0166     44390.92     676.9045     1158.868    0.672   0
         3    192.646     30.167 237.9713269 +32.9392696    29.53  0.003166792 -12.0681 -11.5445   0.0177     41478.09     675.8461     722.3162    0.183   1
         4    136.210     10.896 237.9786034 +32.9411736    85.64  0.009183086 -14.5463 -13.3120   0.0036     211254.4     706.6058     307.8643    0.744  24
         5    916.647     87.802 237.8782760 +32.9350303     5.25 0.0005630284 -11.9460 -11.7999   0.0141     52474.55     679.7202     1187.692    0.167   0
         6    422.557     90.537 237.9417144 +32.9334435     5.10 0.0005470975 -11.4936 -11.5672   0.0173     42353.05     676.1697     1319.945    0.116   0
         7     65.011    108.520 237.9875951 +32.9305680    16.88  0.001810393 -10.0682  99.0000  99.0000    -13637.02     660.3248     849.4286    0.638   0
         8    553.564    138.628 237.9248223 +32.9286600     4.80 0.0005143014 -10.9876 -10.7580   0.0361     20099.52     667.8912      1363.75    0.137   0
         9    988.289    194.202 237.8689277 +32.9238655     4.94 0.0005296459 -14.7581 -14.7932   0.0012     826544.6     921.5219     1239.748    0.103   0
        10    980.984    178.143 237.8698880 +32.9255597     7.81 0.0008370581  -9.2350 -10.7718   0.0356     20357.39     668.0062     1242.895    0.247   1
        11    908.369    215.093 237.8791589 +32.9214305     0.78 8.390627e-05  -9.0345  -9.6618   0.0983     7323.276     663.0731     1276.986    0.122   0
        12     77.707    247.554 237.9857505 +32.9157715    12.94  0.001387141 -10.7626 -11.5942   0.0169     43417.77     676.6179     1272.281    0.516   3
        13     73.918    235.036 237.9862562 +32.9170965    11.71  0.001255861 -11.8382 -11.5295   0.0179     40908.75      675.672     1246.514    0.397   2
        14    182.403    255.053 237.9722989 +32.9152533     4.74 0.0005080968 -11.8989 -11.9884   0.0119     62422.99     683.4235     1399.074    0.103   0
        15     73.744    256.755 237.9862450 +32.9147793    12.39  0.001329063 -11.9593 -11.6209   0.0165     44500.83      677.018     1246.164    0.409   2
        16    252.422    269.060 237.9632890 +32.9139469     5.70 0.0006110511  -9.5019  -9.6771   0.0970     7427.306     663.1681      1397.94    0.112   0
        17     76.955    275.694 237.9858036 +32.9127677     7.95 0.0008524442 -11.2545 -11.5384   0.0178     41243.04     675.7957     1265.434    0.023   0
        18    568.643    409.642 237.9224887 +32.8997903    15.68  0.001681302 -16.9962 -17.0028   0.0003      6325668     1897.093     1369.805    0.233   4
        19    886.167    308.353 237.8818770 +32.9114247     4.47 0.0004792773  -9.3871  -9.5884   0.1052     6844.737     662.9484     1262.791    0.138   0
        20    782.871    340.146 237.8950915 +32.9077649     4.62 0.0004955675 -12.1175 -12.1833   0.0100     74703.16     688.0265     1304.383    0.086   0
        21    439.227    361.389 237.9391712 +32.9045955     3.43 0.0003676442  -8.9563  -9.7933   0.0871     8266.388     663.1868     1383.568    0.397   0
        22     76.836    349.013 237.9857057 +32.9049464     3.96 0.0004244834  -9.6808 -11.3773   0.0206     35557.19     673.5791     1262.729    0.503   0
        23    155.591    373.675 237.9755591 +32.9025277     4.62 0.0004956338 -12.7932 -12.8441   0.0056     137291.4     710.3525     1396.461    0.096   0
        24     79.383    373.694 237.9853408 +32.9023205     7.88 0.0008454799 -11.1309 -11.4420   0.0194     37739.97     674.4985     1272.518    0.474   2
        25    787.173    372.777 237.8944925 +32.9042953     3.47 0.0003724174  -8.8290  -8.9222   0.1939     3705.783     661.6518     1293.002    0.657   0
        26    339.193    374.827 237.9519912 +32.9028962     5.30 0.0005679794  -8.9916  -9.4414   0.1203     5977.909     662.3608     1387.712    0.031   0
        27    206.364    398.481 237.9690044 +32.9000181     4.63 0.0004963681 -11.8201 -11.9323   0.0125     59282.12     682.4182     1394.148    0.086   0
        28     78.899    402.661 237.9853582 +32.8992293     5.75 0.0006170191 -10.5357 -11.4357   0.0195     37520.25     674.3988     1267.959    0.197   0
        29     77.202    430.792 237.9855327 +32.8962239     5.53 0.0005925623 -10.3766 -11.4451   0.0194     37848.32      674.374     1251.566    0.615   0
        30     82.409    444.209 237.9848436 +32.8948068     3.47 0.0003716529  -9.5212 -11.3341   0.0214      34168.8     672.8253      1283.74    0.422   0
        31     69.787    446.196 237.9864605 +32.8945607     3.45 0.0003700851  -9.4050 -11.3466   0.0211     34565.29     673.0459     1204.156    0.649   0
        32    372.914    457.215 237.9475395 +32.8941976     5.56 0.0005959424  -9.8782 -10.0972   0.0660     10936.97     664.4341     1380.895    0.121   0
        33     78.800    455.603 237.9852893 +32.8935817     3.44 0.0003693848  -9.5485 -11.3966   0.0202      36195.7     673.6879     1263.049    0.419   0
        34    502.734    465.189 237.9308663 +32.8936912     1.76 0.0001892537  -8.0618  -8.7557   0.2260     3178.978      661.546     1371.515    0.116   0
        35     79.506    473.331 237.9851713 +32.8916925     3.96 0.0004242291  -9.6816 -11.3732   0.0207     35421.91     673.6754     1268.508    0.506   0
        36    963.274    500.930 237.8717082 +32.8910817     4.59 0.0004917274 -12.6293 -12.6866   0.0064     118747.5     703.9536     1152.929    0.077   0
        37     80.032    548.149 237.9849885 +32.8837131    14.53  0.001557764 -12.0485 -11.5674   0.0173     42359.39      676.245     1264.412    0.564   2
        38     77.986    520.576 237.9852936 +32.8866488     4.22 0.0004528897  -9.7414 -11.2965   0.0221     33007.59     672.4854      1252.53    0.597   0
        39    231.443    529.827 237.9655861 +32.8860745     4.59 0.0004921986  -9.2432  -9.2256   0.1467     4900.434     662.1216     1381.708    0.115   0
        40    313.611    579.737 237.9549663 +32.8809701     4.50 0.0004825794  -9.6009  -9.7132   0.0938     7678.607     663.2628     1372.677    0.097   0
        41    100.902    554.352 237.9823007 +32.8831076     4.83 0.0005179901  -8.7655  -7.9194   0.4878     1471.469     660.9191     1378.734    0.046   0
        42     77.531    597.998 237.9852326 +32.8783889     5.06 0.0005423177 -10.2440 -11.4216   0.0198     37036.74     674.1097     1244.863    0.390   0
        43    439.475    617.983 237.9387580 +32.8772250     4.36 0.0004671855 -12.5797 -12.6352   0.0067     113263.6     701.9683      1353.49    0.061   0
        44    403.650    783.757 237.9431078 +32.8594467     4.98 0.0005339087  -8.7202  -8.5273   0.2788     2575.909      661.374     1299.267    0.152   0
        45     84.776    891.455 237.9838510 +32.8471052    11.68  0.001252313 -11.8160 -11.5126   0.0182     40276.12     675.4379     1172.354    0.617   2
        46    897.392    625.161 237.8799876 +32.8776594     3.43 0.0003676018  -8.5282  -9.1048   0.1639     4384.365     661.8522     1133.014    0.428   0
        47    722.584    881.708 237.9020494 +32.8498382     4.38 0.0004692979 -11.8497 -11.9052   0.0128     57821.64     681.9553     1113.076    0.053   0
        48     82.752    839.271 237.9841909 +32.8526662     8.35 0.0008954307 -11.3474 -11.4995   0.0184     39792.72     675.1675     1186.444    0.599   2
        49     81.500    650.173 237.9846429 +32.8728340     6.14 0.0006578784 -10.7285 -11.5079   0.0183     40100.66     675.3729     1251.605    0.445   2
        50    154.429    812.021 237.9750377 +32.8557660     4.32 0.0004633042 -11.8429 -11.8976   0.0129     57414.92     681.6252     1312.034    0.059   0
        51    750.766    650.302 237.8987667 +32.8745963     4.72 0.0005060053  -9.6237  -9.6104   0.1031     6985.212     662.9269     1207.183    0.005   0
        52     84.398    820.207 237.9840092 +32.8547043     3.15 0.0003377101 -10.3277 -11.5101   0.0183     40181.15     675.2383     1201.394    0.152   2
        53    778.612    834.730 237.8949293 +32.8549956     4.61 0.0004941322 -10.7246 -10.7423   0.0366      19811.8      667.802     1103.887    0.019   0
        54     78.764    803.301 237.9847580 +32.8564924    14.61  0.001566571 -12.2771 -11.5207   0.0181     40577.67     675.4947     1178.336    0.275   2
        55     81.501    764.719 237.9844662 +32.8606153    10.04  0.001076184 -11.7630 -11.6023   0.0168     43742.42     676.6832     1214.657    0.691   2
        56     78.808    744.918 237.9848423 +32.8627202     7.10 0.0007614518 -11.1436 -11.5695   0.0173     42440.82     676.1839     1204.802    0.499   0
        57    709.137    672.449 237.9040764 +32.8721251     3.88 0.0004160436  -8.8699  -8.3761   0.3203     2241.033     661.0608     1221.515    0.154   0
        58     80.101    722.602 237.9847108 +32.8651042    12.60  0.001350813 -11.8014 -11.5618   0.0174     42142.32     675.9457     1219.996    0.478   0
        59     80.067    672.207 237.9847928 +32.8704798    15.45  0.001656841 -12.2291 -11.6269   0.0164     44744.86     677.0717     1238.557    0.359   2
        60     83.241    703.506 237.9843373 +32.8671497     6.96 0.0007463345 -10.8964 -11.4889   0.0186     39406.93     675.0795      1246.36    0.701   2
        61    688.396    693.687 237.9067070 +32.8698053     4.29 0.0004602869 -11.5724 -11.6156   0.0166     44283.57     676.8831     1223.631    0.089   0
        62     77.129    697.623 237.9851306 +32.8677607     7.07 0.0007583206 -11.0602 -11.5794   0.0172     42832.76       676.42     1209.683    0.393   2
        63     79.135    632.251 237.9849740 +32.8747394     4.95  0.000530432 -10.2618 -11.4670   0.0190     38618.08     674.7142      1243.62    0.670   0
        64    533.746    668.020 237.9265876 +32.8721368     4.48 0.0004807463  -9.2268  -9.3172   0.1349     5331.631     662.3589     1307.267    0.058   0
        65     78.331    618.468 237.9850983 +32.8762074     7.27 0.0007795567 -10.8370 -11.4439   0.0194     37807.11       674.56     1240.963    0.492   0
        66    652.693   1005.660 237.9108350 +32.8364331     4.56 0.0004890774 -12.4975 -12.5322   0.0074     103007.3     698.3237     1088.419    0.067   0
        67    614.411    543.866 237.9164184 +32.8855929     5.29 0.0005674753  -8.6503  -8.8519   0.2069     3473.498     661.6573     1316.347    0.303   0
        68    753.769    946.127 237.8979565 +32.8430479     4.55 0.0004876692 -12.6432 -12.6769   0.0065     117697.3     703.4929     1058.499    0.021   0
        69    579.042    566.554 237.9209241 +32.8830796     6.77 0.0007256655  -9.5872  -9.8076   0.0860     8376.201     663.5629     1322.167    0.103   0
        70     87.759    991.949 237.9833137 +32.8363935     6.40 0.0006861691 -10.6321 -10.8313   0.0338     21504.09     668.4906     1151.293    0.086   0
        71    588.335    951.136 237.9191693 +32.8420803     4.57 0.0004895944  -9.9498 -10.0330   0.0700     10308.71      664.272     1147.544    0.120   0
