#   1 NUMBER                 Running object number                                     
#   2 X_IMAGE                Object position along x                                    [pixel]
#   3 Y_IMAGE                Object position along y                                    [pixel]
#   4 ALPHA_J2000            Right ascension of barycenter (J2000)                      [deg]
#   5 DELTA_J2000            Declination of barycenter (J2000)                          [deg]
#   6 FWHM_IMAGE             FWHM assuming a gaussian core                              [pixel]
#   7 FWHM_WORLD             FWHM assuming a gaussian core                              [deg]
#   8 MAG_BEST               Best of MAG_AUTO and MAG_ISOCOR                            [mag]
#   9 MAG_APER               Fixed aperture magnitude vector                            [mag]
#  10 MAGERR_APER            RMS error vector for fixed aperture mag.                   [mag]
#  11 FLUX_APER              Flux vector within fixed circular aperture(s)              [count]
#  12 FLUXERR_APER           RMS error vector for aperture flux(es)                     [count]
#  13 BACKGROUND             Background at centroid position                            [count]
#  14 ELLIPTICITY            1 - B_IMAGE/A_IMAGE                                       
#  15 FLAGS                  Extraction flags                                          
         1    853.796     89.497 238.0168882 +32.9319044   116.50   0.01250619 -14.7737 -12.5737   0.0054     107024.3     529.8646     762.1648    0.475  19
         2    817.671     46.731 238.0215982 +32.9363824    74.36  0.007982446 -13.5366 -12.0475   0.0084     65919.73     510.2282     628.2037    0.766  19
         3    821.652      9.754 238.0211501 +32.9403469    80.50  0.008642037 -13.6614 -12.4347   0.0057     94159.39     493.9314     426.0456    0.773  24
         4    491.127     41.991 238.0635257 +32.9360223    10.73  0.001152004  -9.3448  99.0000  99.0000    -2725.304     476.7555      785.091    0.330   0
         5     64.109    112.912 238.1182129 +32.9272840     7.60 0.0008159677 -13.8277 -13.8462   0.0020     345519.4     632.5604     883.8748    0.082   0
         6    729.301    122.200 238.0328130 +32.9280791     7.86 0.0008441635 -10.0667  -9.4214   0.0888     5868.855     479.7025     959.6714    0.076   0
         7    750.824    126.969 238.0300422 +32.9276261     7.78 0.0008348895  -9.6602  99.0000  99.0000    -1037.436      476.742     959.7839    0.202   0
         8    369.214    141.400 238.0789997 +32.9250651     3.46 0.0003713196  -8.8983  -9.7712   0.0645     8100.058     480.7569      941.793    0.419   0
         9    700.315    190.178 238.0364168 +32.9207334     8.48 0.0009102474 -11.9390 -11.9255   0.0093     58913.04     506.7328     960.7767    0.023   0
        10    321.913    185.592 238.0849924 +32.9202122     9.38  0.001007105  -9.9847 -10.0561   0.0497     10530.62     482.2459     938.1317    0.205   0
        11    476.765    181.899 238.0651238 +32.9210234     4.85 0.0005206327  -8.9034  -9.5724   0.0773      6744.63     480.2926     952.3965    0.664   0
        12    111.418    254.161 238.1118845 +32.9123092     7.47 0.0008020419 -13.7903 -13.8094   0.0020     334017.6     627.8856     898.0184    0.070   0
        13    761.531    274.952 238.0284147 +32.9118302     7.74 0.0008313743 -12.2089 -12.2386   0.0071     78606.68     516.3075     961.3713    0.022   0
        14    232.439    275.407 238.0963151 +32.9103663     4.48 0.0004804374  -9.2781 -10.2472   0.0418     12556.67     483.2153     926.5905    0.719   0
        15    580.580    325.846 238.0515488 +32.9059082     7.70 0.0008261041 -11.3871 -11.4235   0.0145     37102.68     495.8557     952.7067    0.089   0
        16    286.774    339.510 238.0892278 +32.9036587     7.39 0.0007938695 -11.1222 -11.1673   0.0182     29303.52     491.8817     934.8839    0.094   0
        17     41.241    342.989 238.1207288 +32.9026192     6.68 0.0007173534  -9.0424  -9.2277   0.1060     4910.017     479.2697     877.2524    0.131   0
        18    450.133    380.259 238.0681932 +32.8997411     7.51  0.000806585 -10.9631 -11.0012   0.0212      25147.7      489.778     944.3101    0.062   0
        19    510.826    431.263 238.0603159 +32.8944496     6.99 0.0007504969 -12.1684 -12.2031   0.0074     76072.55     515.1539     944.8234    0.020   0
        20    157.586    448.669 238.1056087 +32.8916361     8.74 0.0009386106  -9.8863  -9.9283   0.0559     9360.867     481.6792     901.1454    0.236   0
        21    269.483    490.499 238.0911769 +32.8874666     7.06 0.0007583061 -12.4481 -12.4803   0.0058     98198.33     525.8184     924.3716    0.072   0
        22     12.711    491.524 238.1241186 +32.8866583     9.02 0.0009682919 -10.4269 -10.4072   0.0353     14550.16     473.2705      859.589    0.242  16
        23    439.630    498.275 238.0693333 +32.8870934     7.32 0.0007862223  -9.7180  -9.7560   0.0654     7987.495     480.9525     939.2007    0.054   0
        24    882.931    861.409 238.0118431 +32.8494388     6.31 0.0006769183 -10.4405 -11.1271   0.0189     28237.16     491.3656     837.7549    0.566   0
        25    512.504   1021.996 238.0590685 +32.8312864     2.35 0.0002520215  -8.2669  -7.3868   0.5161     900.9947     428.1724     813.6894    0.374  16
        26    800.451   1015.690 238.0221584 +32.8327244     6.84  0.000734496  -9.9069  -9.8779   0.0581     8936.548     478.3364     847.5708    0.036  16
        27      3.000    739.017 238.1249125 +32.8601672     5.62 0.0006037939  -8.2161 -10.2483   0.0328     12569.46     379.2257     837.9172    0.406  19
        28    908.403    621.224 238.0089812 +32.8751890     7.92  0.000850043 -10.9229 -10.5937   0.0305      17277.9     485.5855     830.7047    0.074   0
        29    720.990    705.498 238.0328788 +32.8656841     7.90 0.0008479577  -9.8664  -9.9774   0.0534     9793.551     481.8503        927.8    0.106   2
        30    859.423    788.596 238.0149811 +32.8571631     6.75 0.0007245802 -12.1511 -12.1096   0.0080     69798.88     511.8867      897.451    0.061   0
        31    301.472    754.023 238.0866036 +32.8593743     7.03 0.0007552136 -10.8467 -10.8756   0.0237     22398.94     488.4257     876.5621    0.158   0
        32    882.780    949.603 238.0117135 +32.8400077     3.45 0.0003704242  -9.1055 -11.0691   0.0199     26768.28     490.4079     816.5816    0.416   0
        33      3.319    735.671 238.1248777 +32.8605259     6.81  0.000730543  -9.4084 -10.2879   0.0320     13036.56     383.7465     839.1981    0.654  18
        34    380.519    698.061 238.0765640 +32.8655712     6.71 0.0007208596 -12.7860 -12.8183   0.0044     134070.9     542.6416     903.4009    0.070   0
        35    810.339    863.988 238.0211484 +32.8489723     6.18 0.0006635319 -12.8115 -12.8498   0.0043     138015.1     544.3375     889.7733    0.027   0
        36    129.680    629.627 238.1088622 +32.8722103     9.40  0.001008973 -10.2244 -10.3015   0.0398     13200.33     483.6412     869.8066    0.219   0
        37    887.329    923.496 238.0111742 +32.8428113     3.94 0.0004234274  -9.4223 -11.0089   0.0210     25324.76     489.8947     814.3458    0.505   0
