#   1 NUMBER                 Running object number                                     
#   2 X_IMAGE                Object position along x                                    [pixel]
#   3 Y_IMAGE                Object position along y                                    [pixel]
#   4 ALPHA_J2000            Right ascension of barycenter (J2000)                      [deg]
#   5 DELTA_J2000            Declination of barycenter (J2000)                          [deg]
#   6 FWHM_IMAGE             FWHM assuming a gaussian core                              [pixel]
#   7 FWHM_WORLD             FWHM assuming a gaussian core                              [deg]
#   8 MAG_BEST               Best of MAG_AUTO and MAG_ISOCOR                            [mag]
#   9 MAG_APER               Fixed aperture magnitude vector                            [mag]
#  10 MAGERR_APER            RMS error vector for fixed aperture mag.                   [mag]
#  11 FLUX_APER              Flux vector within fixed circular aperture(s)              [count]
#  12 FLUXERR_APER           RMS error vector for aperture flux(es)                     [count]
#  13 BACKGROUND             Background at centroid position                            [count]
#  14 ELLIPTICITY            1 - B_IMAGE/A_IMAGE                                       
#  15 FLAGS                  Extraction flags                                          
         1    839.892     81.549 238.0190015 +32.9334077   147.95   0.01585235 -15.7805 -13.7914   0.0032     328530.2       963.71     1308.177    0.594  16
         2    827.876     10.561 238.0206866 +32.9409532    96.72   0.01036286 -14.6310 -13.6975   0.0033     301288.8     912.4937     222.7947    0.809  24
         3    235.664     82.224 238.0964008 +32.9317317    45.54  0.004879731 -14.5439 -12.0242   0.0150     64515.45     892.5244     1636.192    0.747   2
         4    494.509     50.782 238.0633097 +32.9357806     3.40  0.000364088  -8.4435  99.0000  99.0000    -31506.48     874.2913     1456.904    0.258   0
         5     67.779    120.506 238.1178229 +32.9271916     6.12 0.0006553916 -13.7121 -13.7371   0.0033     312485.1     959.4935     1676.922    0.125   0
         6    732.380    129.633 238.0326743 +32.9279935     5.64 0.0006042235  -9.7258  99.0000  99.0000    -18799.58     874.0934     1926.581    0.098   0
         7    753.986    134.295 238.0298970 +32.9275527     4.97 0.0005326764  -9.1287  99.0000  99.0000     -34696.8     874.2913     1926.752    0.126   0
         8    269.227    151.191 238.0919538 +32.9244609     0.92 9.824013e-05  -7.8993  99.0000  99.0000    -4716.132     873.8954     1825.557    0.226   0
         9    703.140    197.433 238.0362791 +32.9206799     6.64 0.0007118746 -11.8731 -11.9235   0.0165     58802.35     890.9955     1926.379    0.066   0
        10    325.581    192.888 238.0846467 +32.9201618     7.39 0.0007916078  -9.8642 -10.2359   0.0767     12426.51     877.8127     1857.576    0.243   0
        11    114.903    261.732 238.1114811 +32.9122458     6.06 0.0006495421 -13.7132 -13.7532   0.0033     317161.6     960.7337      1717.24    0.126   0
        12    764.207    282.224 238.0282824 +32.9117903     5.98 0.0006411647 -12.1681 -12.2321   0.0125      78132.3     895.9202      1926.52    0.055   0
        13    583.286    333.218 238.0513461 +32.9058704     6.38 0.0006837246 -11.2029 -11.2897   0.0293     32800.64     883.6452     1901.584    0.114   0
        14    290.117    347.018 238.0888595 +32.9036156     6.21 0.0006654155 -10.9984 -11.0210   0.0374     25610.18     881.5594     1842.891    0.168   0
        15    452.921    387.786 238.0679253 +32.8996998     6.20 0.0006638771 -10.7283 -10.8435   0.0440     21747.55     880.3652     1875.249    0.138   0
        16    513.611    438.649 238.0600470 +32.8944325     5.93 0.0006356012 -11.9981 -11.9410   0.0162     59758.03     891.1665     1878.497    0.081   0
        17    161.123    456.310 238.1051421 +32.8916028     8.41 0.0009010888  -9.8762  -9.8816   0.1062     8966.671     876.9501     1728.179    0.164   0
        18    272.512    497.966 238.0907911 +32.8874570     6.01 0.0006434548 -12.3688 -12.4156   0.0106     92519.94     900.2623     1800.143    0.081   0
        19    880.808    545.112 238.0128116 +32.8840359    11.61  0.001244493 -12.2431 -11.6454   0.0212     45517.51     887.1626     1754.041    0.687   0
        20     16.274    499.258 238.1235945 +32.8866260     6.59 0.0007057569 -10.3231 -10.2639   0.0748     12751.35      877.856      1582.32    0.194   0
        21    442.599    505.067 238.0689993 +32.8871544     7.02 0.0007520679  -9.5009  -9.1825   0.2019     4709.617     875.4394     1857.151    0.198   0
        22    910.315    628.468 238.0088638 +32.8752157     5.17 0.0005542241 -10.3435  99.0000  99.0000    -29594.31     874.3902     1497.758    0.138   0
        23    883.621    833.791 238.0118614 +32.8532309   154.86   0.01659218 -15.5544 -12.3016   0.0117     83295.88     897.3599     1556.678    0.950  18
        24    802.600   1023.039 238.0218420 +32.8328198     6.34 0.0006793058  -9.4092  -7.4054   0.9062     916.5987     764.8402     1559.997    0.187  16
        25      3.348   1007.140 238.1241428 +32.8323828    11.57  0.001239459 -11.7304 -11.4038   0.0209     36436.37     701.4478     448.1234    0.783  16
        26    383.192    705.421 238.0761802 +32.8656111     6.03  0.000646563 -12.7212 -12.7642   0.0077     127554.3     909.6065     1728.033    0.117   0
        27    862.042    795.738 238.0147011 +32.8572362     6.45  0.000691533 -12.0614 -12.3129   0.0116      84167.9       897.94     1720.593    0.070   3
        28    304.142    761.327 238.0861794 +32.8594323     6.43 0.0006893314 -10.8059 -10.8689   0.0430     22261.21     880.5601     1639.854    0.102   0
        29    812.642    871.193 238.0208689 +32.8490534     5.66 0.0006060292 -12.6838 -12.7006   0.0082     120292.1     907.7989     1692.169    0.086   0
        30    132.717    637.046 238.1083888 +32.8722354     7.45 0.0007978628 -10.1186 -10.3427   0.0696     13711.07     878.2524     1621.261    0.088   0
