#   1 NUMBER                 Running object number                                     
#   2 X_IMAGE                Object position along x                                    [pixel]
#   3 Y_IMAGE                Object position along y                                    [pixel]
#   4 ALPHA_J2000            Right ascension of barycenter (J2000)                      [deg]
#   5 DELTA_J2000            Declination of barycenter (J2000)                          [deg]
#   6 FWHM_IMAGE             FWHM assuming a gaussian core                              [pixel]
#   7 FWHM_WORLD             FWHM assuming a gaussian core                              [deg]
#   8 MAG_BEST               Best of MAG_AUTO and MAG_ISOCOR                            [mag]
#   9 MAG_APER               Fixed aperture magnitude vector                            [mag]
#  10 MAGERR_APER            RMS error vector for fixed aperture mag.                   [mag]
#  11 FLUX_APER              Flux vector within fixed circular aperture(s)              [count]
#  12 FLUXERR_APER           RMS error vector for aperture flux(es)                     [count]
#  13 BACKGROUND             Background at centroid position                            [count]
#  14 ELLIPTICITY            1 - B_IMAGE/A_IMAGE                                       
#  15 FLAGS                  Extraction flags                                          
         1    192.602     31.045 200.8670442 +36.1249804    31.75  0.003422394 -13.6607 -13.0934   0.0104     172724.6     1650.103     1361.737    0.362  19
         2    146.224     83.606 200.8732508 +36.1192496    70.70  0.007620622 -14.7134 -12.9912   0.0114     157205.7     1647.433     3007.369    0.817  19
         3     11.535     79.719 200.8913930 +36.1193212    68.93  0.007429963 -14.7041 -14.0031   0.0044     399230.2     1622.224     154.9977    0.579  24
         4    135.711     11.272 200.8747216 +36.1269476    89.58  0.009656018 -16.0333 -14.8364   0.0021     860106.9     1685.616    -358.6568    0.746  24
         5     66.204    109.658 200.8840074 +36.1162637    29.67  0.003197986  99.0000  99.0000  99.0000    -22012.25     1623.816     1881.913    0.485   2
         6     86.204    120.721 200.8813055 +36.1151332    37.10  0.003999456 -13.5761 -12.8160   0.0133     133778.3     1644.374     2713.967    0.615   3
         7    376.053     89.737 200.8422943 +36.1191749     4.78 0.0005149607 -10.8041  99.0000  99.0000    -28572.08     1623.907     3816.231    0.121   0
         8     77.537    162.932 200.8824402 +36.1106034    25.95  0.002797634 -13.5022 -12.6087   0.0161     110532.3     1641.109      3512.09    0.372   0
         9    307.258    264.766 200.8514320 +36.1003104     5.10 0.0005500442 -12.5321 -12.5890   0.0164     108545.8     1640.851     4055.608    0.099   0
        10    687.085    428.342 200.8001831 +36.0837868     5.29 0.0005698531  -9.8746 -10.3195   0.1316     13421.64     1626.431     3755.637    0.276   0
        11   1021.636    444.666 200.7551371 +36.0828577     4.69 0.0005060084  -9.7093  99.0000  99.0000    -8080.682     1468.695     3060.519    0.162  16
        12     76.456    353.905 200.8824388 +36.0902062   144.27   0.01555164 -16.4660  99.0000  99.0000            0            0     3498.347    0.940  51
        13     81.150    772.316 200.8814858 +36.0455354   156.01   0.01681701 -16.2923 -13.0741   0.0106     169679.6      1650.23     3323.428    0.950  50
        14     76.692    530.203 200.8822716 +36.0713797    30.56  0.003293612 -13.2833 -13.0008   0.0113     158612.3     1648.054       3464.8    0.560  51
        15    717.002    493.577 200.7961132 +36.0768937     5.16   0.00055659 -11.2057 -11.3460   0.0512     34545.71     1628.896     3610.733    0.174   0
        16    652.687    978.254 200.8044491 +36.0249758     5.23 0.0005640418 -10.5860 -10.9299   0.0751     23548.62      1627.85     2892.774    0.144   0
        17     86.372    985.111 200.8806201 +36.0228240     5.50 0.0005925334 -10.3423 -12.3879   0.0197     90190.65     1637.961     3046.021    0.627   1
        18    594.103    862.592 200.8124073 +36.0371829     4.34 0.0004675833 -10.2003 -10.5449   0.1069     16517.71     1626.402     3254.757    0.199   0
