#   1 NUMBER                 Running object number                                     
#   2 X_IMAGE                Object position along x                                    [pixel]
#   3 Y_IMAGE                Object position along y                                    [pixel]
#   4 ALPHA_J2000            Right ascension of barycenter (J2000)                      [deg]
#   5 DELTA_J2000            Declination of barycenter (J2000)                          [deg]
#   6 FWHM_IMAGE             FWHM assuming a gaussian core                              [pixel]
#   7 FWHM_WORLD             FWHM assuming a gaussian core                              [deg]
#   8 MAG_BEST               Best of MAG_AUTO and MAG_ISOCOR                            [mag]
#   9 MAG_APER               Fixed aperture magnitude vector                            [mag]
#  10 MAGERR_APER            RMS error vector for fixed aperture mag.                   [mag]
#  11 FLUX_APER              Flux vector within fixed circular aperture(s)              [count]
#  12 FLUXERR_APER           RMS error vector for aperture flux(es)                     [count]
#  13 BACKGROUND             Background at centroid position                            [count]
#  14 ELLIPTICITY            1 - B_IMAGE/A_IMAGE                                       
#  15 FLAGS                  Extraction flags                                          
         1     10.175     81.291 237.9943599 +32.9334109    62.18  0.006664977 -13.3384 -12.4807   0.0072     98237.45     655.2966     425.3307    0.604  24
         2    142.585     87.412 237.9773632 +32.9331231    40.03  0.004290877 -12.8598 -11.6465   0.0161      45560.2     674.2749     1145.029    0.710   0
         3    192.606     30.171 237.9710307 +32.9393657    31.23  0.003347883 -12.1683 -11.6415   0.0161     45350.34     674.1971     720.6841    0.209   1
         4    136.555     10.891 237.9782511 +32.9412683    85.55  0.009169414 -14.5341 -13.2925   0.0037     207487.4      702.758     314.8489    0.743  24
         5    915.303     88.528 237.8782234 +32.9350882     7.23 0.0007749188 -11.9402 -11.8596   0.0133     55441.86     678.1633     1190.089    0.158   0
         6    420.984     91.482 237.9416397 +32.9334488     7.17 0.0007688398 -11.5661 -11.5882   0.0169     43180.56     673.5373     1309.539    0.109   0
         7     64.612    109.092 237.9873340 +32.9305960    17.89  0.001917813  -9.9007  99.0000  99.0000    -8668.631     657.4073        847.9    0.592   0
         8    435.281    114.463 237.9397722 +32.9310365     3.32 0.0003554971  -7.7005  99.0000  99.0000    -3259.641     657.5189     1353.719    0.332   0
         9    986.796    194.856 237.8689060 +32.9239360     6.97 0.0007472397 -14.8067 -14.8140   0.0012     842533.6     923.7449      1232.16    0.099   0
        10    552.142    139.331 237.9247442 +32.9286997     7.06 0.0007565396 -10.9027 -10.7967   0.0347     20829.48     665.2261     1350.514    0.162   0
        11    155.113    161.091 237.9756460 +32.9252988     4.06 0.0004348387  -7.7725  99.0000  99.0000     -2648.39     657.4446     1380.812    0.128   0
        12     77.394    236.077 237.9855035 +32.9170870     9.16 0.0009818977 -11.4893 -11.5129   0.0181     40287.12     672.4443     1255.764    0.519   0
        13    180.983    255.990 237.9721863 +32.9152479     6.56 0.0007027852 -11.9733 -12.0067   0.0116     63483.87     680.8521     1384.157    0.056   0
        14     73.372    249.735 237.9859988 +32.9156192     8.43 0.0009036608 -11.5389 -11.6301   0.0163     44877.34     674.2937     1230.508    0.504   2
        15    250.354    270.259 237.9632671 +32.9139159     6.90 0.0007396059  -9.5601  -9.8673   0.0811     8849.331     660.7455     1383.292    0.182   0
        16     81.573    269.995 237.9849164 +32.9134808     3.93 0.0004211579  -9.6694 -11.4094   0.0199     36623.07     670.8984      1287.12    0.745   0
        17    567.265    410.179 237.9224177 +32.8998516     7.97 0.0008545336 -17.0999 -17.0873   0.0003      6837651     1962.393     1358.622    0.048   4
        18     80.120    288.647 237.9850748 +32.9114874     8.42 0.0009027762 -11.0487 -11.4178   0.0198     36908.51     671.3327     1274.435    0.518   2
        19    884.005    309.818 237.8819341 +32.9114022     5.13 0.0005496964  -9.2831  -9.5689   0.1066     6723.062      659.644     1255.957    0.214   0
        20    781.481    340.956 237.8950410 +32.9078086     6.55 0.0007016067 -12.1845 -12.2189   0.0097     77187.59     686.1685     1296.087    0.101   0
        21    154.253    374.469 237.9754384 +32.9025376     6.34 0.0006794866 -12.8099 -12.8514   0.0056     138211.8     707.9323     1382.147    0.087   0
        22     77.004    353.009 237.9853778 +32.9046139     3.69 0.0003952043  -7.7563 -11.3795   0.0204     35627.46     670.6003     1253.544    0.007   1
        23     78.648    370.917 237.9851401 +32.9027084     5.39 0.0005775128 -10.3742 -11.4493   0.0192     37995.12     671.7736     1263.427    0.296   0
        24    204.917    399.403 237.9689037 +32.9000170     6.36 0.0006817622 -11.9108 -11.9491   0.0123     60205.75     679.8272     1379.978    0.091   0
        25     78.175    430.149 237.9851118 +32.8963895     4.75 0.0005087238 -10.1864 -11.4656   0.0189     38568.78     671.8779     1248.555    0.744   2
        26     79.491    388.517 237.9850056 +32.9008335     4.60 0.0004929386  -8.8565 -11.4426   0.0193      37759.7     671.5768     1260.455    0.530   3
        27     76.496    391.506 237.9853852 +32.9005065     9.29 0.0009955089 -11.5221 -11.4890   0.0185     39409.16     672.3906     1240.788    0.380  18
        28     75.633    461.992 237.9853900 +32.8929861     5.52 0.0005917143 -10.4891 -11.4415   0.0193     37722.54     671.3627     1233.408    0.527   0
        29    371.442    458.004 237.9474619 +32.8942210     7.29 0.0007816929  -9.9720 -10.1270   0.0639     11241.35     661.4836     1368.954    0.116   0
        30    961.904    501.653 237.8716805 +32.8911469     6.38 0.0006841328 -12.6640 -12.6970   0.0064     119890.3     701.5021     1151.056    0.118   0
        31     78.668    491.250 237.9849569 +32.8898738     6.34 0.0006790751 -10.5769 -11.3711   0.0206     35353.45     670.5893     1250.692    0.473   0
        32     78.271    551.558 237.9849172 +32.8834402    26.64   0.00285581 -13.0356 -11.6185   0.0165     44402.07     674.0449     1239.119    0.400   2
        33    229.921    530.726 237.9655029 +32.8860785     6.53 0.0007002131  -9.2747  -9.3436   0.1311     5462.901     659.5557     1368.674    0.228   0
        34     81.851    944.576 237.9838688 +32.8415308     4.50  0.000481825  -9.9698 -11.3924   0.0202     36055.06      670.942     1121.622    0.641   0
        35     86.083    992.686 237.9832543 +32.8364111     9.15 0.0009804191 -10.9712 -11.0289   0.0281     25797.15     667.0538     1129.147    0.142   0
        36     82.100    867.263 237.9839529 +32.8497776     6.06 0.0006498762 -10.6368 -11.4856   0.0186     39286.91     672.1815     1160.022    0.594   0
        37     81.811    825.121 237.9840530 +32.8542717     7.77 0.0008328263 -11.0154 -11.5241   0.0179      40704.3     672.6539     1179.711    0.664   2
        38    153.171    812.843 237.9749243 +32.8557775     5.61 0.0006008605 -11.8376 -11.8833   0.0130     56667.56     678.5428     1300.378    0.089   0
        39     81.995    831.508 237.9840199 +32.8535910     4.07 0.0004359422 -10.2437 -11.5037   0.0183     39945.64     672.3355     1176.455    0.384   0
        40     84.004    846.249 237.9837402 +32.8520243     5.87 0.0006288115 -10.4746 -11.4707   0.0188     38749.54     671.8542     1181.723    0.462   2
        41    777.133    835.416 237.8949100 +32.8550574     5.87 0.0006287154 -10.7214 -10.7729   0.0354     20378.04     665.1116     1103.503    0.073   0
        42     78.008    807.006 237.9845677 +32.8561934     4.21 0.0004510917 -10.1222 -11.5107   0.0182     40205.85     672.3049     1164.093    0.021   0
        43     83.434    789.426 237.9838986 +32.8580834     7.11 0.0007621044 -10.8902 -11.4826   0.0186     39179.53     672.0869     1202.235    0.620   0
        44    438.124    618.843 237.9386782 +32.8772467     5.83 0.0006246612 -12.6054 -12.6476   0.0066     114566.6     699.6022      1342.03    0.037   0
        45    532.124    669.369 237.9265536 +32.8721115     6.65 0.0007130656  -9.2755  -9.6241   0.1013     7073.537     660.0918     1298.053    0.210   0
        46    389.673    670.107 237.9448158 +32.8716474     1.53 0.0001639911  -7.8225  -7.7354   0.5752      1242.12      657.861     1339.359    0.091   0
        47    686.979    694.442 237.9066646 +32.8698532     5.82 0.0006241575 -11.4038 -11.4481   0.0192     37953.67     671.5944     1218.979    0.022   0
        48     80.639    731.492 237.9843437 +32.8642550    17.43  0.001868616 -12.7706 -11.5610   0.0174     42109.98     673.1761      1214.91    0.485   2
        49     79.651    659.543 237.9845783 +32.8719263    14.71  0.001576714 -12.5792 -11.5601   0.0174     42077.48     673.1459      1231.95    0.574   2
        50     76.881    606.322 237.9850133 +32.8775953     9.46  0.001013818 -11.4943 -11.4711   0.0188     38765.07     672.0783     1226.508    0.678   0
        51    749.329    650.924 237.8987317 +32.8746614     6.59 0.0007059943  -9.5991  -9.8324   0.0837     8569.653     660.6953     1202.726    0.328   0
        52     80.282    772.957 237.9843272 +32.8598314    13.96  0.001496462 -11.9550 -11.5513   0.0175     41735.93      673.128     1190.984    0.424   2
        53    752.457    946.736 237.8979178 +32.8431181     5.65  0.000605744 -12.6693 -12.7081   0.0063     121121.6     701.9059     1058.458    0.074   0
        54    577.546    567.490 237.9208751 +32.8831003     7.24 0.0007761156  -9.5897  -9.7101   0.0937     7656.414      660.294     1314.478    0.009   0
        55    312.219    580.656 237.9548770 +32.8809777     6.21 0.0006659394  -9.5815  -9.8359   0.0835     8596.979     660.6686     1360.517    0.210   0
        56    586.684    952.116 237.9191566 +32.8421005     5.16 0.0005529681  -9.9641 -10.0408   0.0692     10382.85     661.2515     1144.766    0.168   0
        57    721.237    882.433 237.9020092 +32.8498934     5.57 0.0005965279 -11.8688 -11.9047   0.0128     57794.28     678.9939     1111.955    0.068   0
        58    651.377   1006.282 237.9107889 +32.8364967     5.48 0.0005872273 -12.4906 -12.5385   0.0073     103606.4      695.657     1089.928    0.060   0
        59     83.250    896.293 237.9837620 +32.8466845    10.05  0.001076672 -11.7558 -11.5357   0.0178     41142.53     672.9258     1150.066    0.605   2
