#   1 NUMBER                 Running object number                                     
#   2 X_IMAGE                Object position along x                                    [pixel]
#   3 Y_IMAGE                Object position along y                                    [pixel]
#   4 ALPHA_J2000            Right ascension of barycenter (J2000)                      [deg]
#   5 DELTA_J2000            Declination of barycenter (J2000)                          [deg]
#   6 FWHM_IMAGE             FWHM assuming a gaussian core                              [pixel]
#   7 FWHM_WORLD             FWHM assuming a gaussian core                              [deg]
#   8 MAG_BEST               Best of MAG_AUTO and MAG_ISOCOR                            [mag]
#   9 MAG_APER               Fixed aperture magnitude vector                            [mag]
#  10 MAGERR_APER            RMS error vector for fixed aperture mag.                   [mag]
#  11 FLUX_APER              Flux vector within fixed circular aperture(s)              [count]
#  12 FLUXERR_APER           RMS error vector for aperture flux(es)                     [count]
#  13 BACKGROUND             Background at centroid position                            [count]
#  14 ELLIPTICITY            1 - B_IMAGE/A_IMAGE                                       
#  15 FLAGS                  Extraction flags                                          
         1    831.121    154.410 238.0208436 +33.0331420   188.78     0.020241 -15.8179 -12.3295   0.0092     85467.14     723.8156      1205.91    0.912  18
         2    451.906    116.261 238.0696334 +33.0361559     7.38 0.0007917489 -14.2275 -14.2579   0.0018     504827.1     856.5775     1301.469    0.188   0
         3    838.057    316.183 238.0196843 +33.0159012    73.63  0.007894276 -13.8863 -12.2325   0.0100     78160.87     721.2876      1254.44    0.517   3
         4    599.670    137.965 238.0506100 +33.0342541     1.18 0.0001264169  -9.0858  -9.4165   0.1293      5842.77     695.8098     1342.672    0.182   0
         5    428.949    190.142 238.0724561 +33.0282090     7.29 0.0007814196 -10.2889 -10.2973   0.0577     13149.61     698.3716     1338.985    0.188   0
         6     53.489    244.968 238.1205970 +33.0212940     9.09 0.0009748539 -10.6923 -10.7640   0.0377     20211.48     700.8562     1228.422    0.309   0
         7    168.932    265.245 238.1057304 +33.0194602     7.27 0.0007798828 -11.8579 -11.9008   0.0135     57588.58     714.0835     1299.113    0.233   0
         8    292.427    280.451 238.0898390 +33.0181885     6.47  0.000694151  -9.5457  -9.7721   0.0933     8106.722     696.6031     1350.451    0.105   0
         9    280.086    283.050 238.0914198 +33.0178762     7.03 0.0007533016  -9.2515  -9.5826   0.1111     6808.079     696.2151     1348.665    0.116   0
        10    261.015    294.002 238.0938507 +33.0166537   -27.17 -0.002913152  -8.8628  -9.4893   0.1209     6247.562     695.6226     1349.482    0.011   0
        11    485.021    355.728 238.0649685 +33.0106999     6.09 0.0006532368 -12.5129 -12.5435   0.0076     104085.8     730.2925     1414.433    0.136   0
        12    707.081    678.099 238.0359031 +32.9769251     5.51 0.0005911412 -10.9121 -11.0124   0.0300     25408.54     702.8239     1461.352    0.037   0
        13    888.094    887.949 238.0123139 +32.9550359    58.11  0.006230189 -13.8445 -12.5128   0.0078     101181.3     729.2975     551.3286    0.157  16
        14    713.974    880.514 238.0346791 +32.9553481     3.77 0.0004040784 -10.3102  99.0000  99.0000     -35877.5     693.6681     1167.514    0.021   0
        15    840.518    830.361 238.0185168 +32.9610491    78.82  0.008450892 -13.8946 -12.8904   0.0056     143273.7       743.55     1122.141    0.473  16
        16    660.291    779.081 238.0417413 +32.9660210     8.70 0.0009331097 -10.0718 -10.3694   0.0540     14053.22     698.7535     1463.504    0.047   0
        17     94.624    775.952 238.1143719 +32.9647605     5.61 0.0006013472 -11.6248 -11.7164   0.0159     48590.31     710.9262     1334.486    0.136   0
        18    716.839    643.139 238.0347087 +32.9806821     5.33 0.0005710812 -11.4532 -11.5295   0.0188     40905.55      708.334     1454.807    0.043   0
        19    798.730    800.221 238.0239319 +32.9641494    14.98   0.00160636 -12.3647 -11.6179   0.0174     44377.89     709.5777     1389.691    0.349   2
        20    701.745    780.049 238.0364174 +32.9660330     5.14 0.0005509301 -11.1949 -11.2775   0.0236     32435.18     705.2802     1463.917    0.042   0
        21      4.954    675.288 238.1260640 +32.9752437     0.83 8.932193e-05  -7.6362  -6.6833   1.3247     471.3046     574.9024     1305.017    0.060  16
        22    649.501    702.014 238.0432565 +32.9742135     4.40 0.0004713114  -9.0665 -10.1401   0.0666     11376.97     697.7563      1462.53    0.632   0
        23    709.361    769.803 238.0354568 +32.9671473     5.45 0.0005848936 -10.3877 -10.4637   0.0495     15327.89     698.9952     1464.294    0.064   0
        24    549.116    672.693 238.0561960 +32.9770618     6.61 0.0007085778  -9.1557  -9.2588   0.1495     5052.479     695.5062     1459.358    0.166   0
