#   1 NUMBER                 Running object number                                     
#   2 X_IMAGE                Object position along x                                    [pixel]
#   3 Y_IMAGE                Object position along y                                    [pixel]
#   4 ALPHA_J2000            Right ascension of barycenter (J2000)                      [deg]
#   5 DELTA_J2000            Declination of barycenter (J2000)                          [deg]
#   6 FWHM_IMAGE             FWHM assuming a gaussian core                              [pixel]
#   7 FWHM_WORLD             FWHM assuming a gaussian core                              [deg]
#   8 MAG_BEST               Best of MAG_AUTO and MAG_ISOCOR                            [mag]
#   9 MAG_APER               Fixed aperture magnitude vector                            [mag]
#  10 MAGERR_APER            RMS error vector for fixed aperture mag.                   [mag]
#  11 FLUX_APER              Flux vector within fixed circular aperture(s)              [count]
#  12 FLUXERR_APER           RMS error vector for aperture flux(es)                     [count]
#  13 BACKGROUND             Background at centroid position                            [count]
#  14 ELLIPTICITY            1 - B_IMAGE/A_IMAGE                                       
#  15 FLAGS                  Extraction flags                                          
         1      9.506     81.385 200.8924714 +36.1181662    58.91  0.006357726 -13.0311 -12.1453   0.0084     72132.65     560.8191     456.2794    0.619  24
         2    143.206     85.712 200.8745598 +36.1180852    33.96  0.003665169 -12.6615 -11.3624   0.0181     35073.54     584.9509     995.6366    0.697   2
         3    192.609     29.267 200.8680552 +36.1243016    26.57   0.00286692 -11.7261 -11.3121   0.0190     33482.99     584.2707     675.2617    0.160   1
         4    137.006     10.715 200.8755378 +36.1261390    83.73  0.009035507 -14.2388 -12.9940   0.0042     157614.7     608.2367     371.6091    0.742  24
         5    292.967     23.423 200.8546269 +36.1252168     4.06 0.0004383714  -9.6614  99.0000  99.0000    -58353.62     569.6832     812.0149    0.228   0
         6    380.305     79.266 200.8428233 +36.1194545     4.77  0.000514943 -11.2389 -10.9089   0.0273      23096.8     579.8571     1074.631    0.100   0
         7     64.935    109.653 200.8849931 +36.1152837    13.87  0.001496586 -10.1460  99.0000  99.0000    -2995.704     569.6832     781.6027    0.580   2
         8    541.949     86.985 200.8211630 +36.1190795     7.98  0.000860755  -9.2514  -8.8265   0.1828     3392.994     571.2506     1094.062    0.078   0
         9    286.041    100.043 200.8554055 +36.1169507     4.39 0.0004733698  -8.0948 -10.0227   0.0611     10211.11     574.2747     1167.984    0.047   0
        10    407.617     99.831 200.8391264 +36.1173184     3.43 0.0003705071  -8.5362  -9.7111   0.0812     7663.718     572.9402     1159.294    0.423   0
        11    515.128    113.078 200.8247050 +36.1161959     3.28 0.0003540277  -8.8288  -9.5243   0.0964     6452.094     572.6359     1156.126    0.215   0
        12    732.757    195.207 200.7954106 +36.1079649     7.81 0.0008424534 -10.0509 -10.3560   0.0450      13880.1     575.7102      1143.84    0.138   0
        13     74.998    256.212 200.8833552 +36.0995391     9.31   0.00100451 -11.4112 -11.3756   0.0179     35499.73     584.8818     1079.808    0.589   2
        14     75.995    228.009 200.8832776 +36.1025773     4.13  0.000446198  -9.5442 -11.2165   0.0206     30662.37     582.8893     1084.338    0.414   0
        15    311.567    254.343 200.8516884 +36.1004167     4.24 0.0004578956 -12.7587 -12.8142   0.0051       133562     625.6438     1187.174    0.067   0
        16     78.009    371.995 200.8827228 +36.0870866     4.14 0.0004471753  -9.3869 -11.1239   0.0224     28155.98     581.8133      1091.18    0.432   0
        17    692.040    418.353 200.8004453 +36.0838351     4.14 0.0004462812 -10.0108 -10.1126   0.0563     11092.38     574.6582     1137.694    0.093   0
        18     79.307    514.636 200.8822666 +36.0717384     4.10 0.0004424611 -11.8454 -11.9855   0.0104     62260.73     596.4109     1086.228    0.141   0
        19     75.576    416.704 200.8829599 +36.0822678     4.14 0.0004468402  -9.4852 -11.1545   0.0218     28960.66     582.3482     1076.961    0.538   0
        20    333.048    432.205 200.8484686 +36.0813351     4.90 0.0005286119  -9.0919  -9.4670   0.1015     6120.497     572.3146     1179.644    0.258   0
        21   1026.913    435.051 200.7555922 +36.0829621     4.23 0.0004566883 -10.1601 -10.0356   0.0474     10333.18     450.5733     1010.584    0.119  24
        22     80.331    459.333 200.8822390 +36.0776935     5.12  0.000552832  -9.9455 -11.1132   0.0227     27879.19     581.9469     1093.925    0.423   0
        23    722.214    483.628 200.7962850 +36.0768937     3.82   0.00041218 -11.3584 -11.4258   0.0171     37179.29     585.6306     1110.605    0.061   0
        24    188.840    859.844 200.8669322 +36.0348993     0.90 9.693504e-05  -7.3695  -8.9781   0.1591     3901.742     571.4893     1114.691    0.225   0
        25    357.829   1001.130 200.8440553 +36.0201742     3.67 0.0003955451  -8.8261  -8.9747   0.1596     3889.342     571.4678     1052.411    0.120   0
        26    658.213    968.088 200.8039436 +36.0245747     3.78 0.0004073949 -10.6694 -10.8048   0.0300     20984.61      578.914     974.4397    0.117   0
        27    187.693    791.905 200.8672186 +36.0422080     4.60 0.0004966303  -8.9207  -9.3119   0.1171     5305.834     572.2316     1139.191    0.156   0
        28     83.315    770.574 200.8812240 +36.0442045     6.53 0.0007043263 -10.5738 -11.2069   0.0208     30390.86     582.9461     1058.957    0.527   0
        29    676.835    764.877 200.8018326 +36.0464975     4.48 0.0004832455  -8.1814  -8.7187   0.2019     3072.509     571.1104     1044.063    0.189   0
        30     78.772    663.392 200.8820438 +36.0557270     5.51 0.0005948129 -10.2867 -11.2882   0.0194     32755.05     583.7546     1069.268    0.510   2
        31     84.991    806.494 200.8809288 +36.0403435     3.75 0.0004045673  -9.4002 -11.1170   0.0226     27976.38     581.9413     1057.308    0.381   0
        32     88.513    563.989 200.8809370 +36.0664533     5.05 0.0005444788  -9.4181 -10.6471   0.0346     18148.45     577.6561     1134.721    0.381   0
        33     83.012    695.492 200.8814130 +36.0522844     4.61  0.000497709  -9.9252 -11.2214   0.0206     30799.98     583.1373      1080.71    0.172   0
        34     86.513    905.199 200.8805301 +36.0297246     4.50 0.0004854634 -10.0929 -11.2291   0.0204     31020.69     583.1689     1022.882    0.268   0
        35    723.997    833.203 200.7953959 +36.0392751     3.81 0.0004107582  -8.1974  -8.7507   0.1960     3164.227     570.9575     999.7593    0.384   0
        36     85.978    611.993 200.8811813 +36.0612795     1.73 0.0001866267  -9.3279 -10.9165   0.0271     23258.85     579.6418     1116.247    0.008   0
        37    638.931    872.576 200.8067016 +36.0348005     3.69 0.0003983589  -9.2498  -9.3658   0.1115     5576.045     572.3015     1018.868    0.071   0
        38     86.244    884.251 200.8806074 +36.0319784     4.28 0.0004614723  -9.7214 -11.2543   0.0200     31747.91     583.5908     1028.246    0.607   2
        39     83.499    842.343 200.8810575 +36.0364808     4.03 0.0004349751  -9.7459 -11.2104   0.0208     30491.22     582.9734     1033.009    0.578   0
        40    599.222    852.369 200.8120514 +36.0368643     3.68 0.0003968413 -10.3151 -10.4213   0.0424     14741.08     576.0999     1041.638    0.038   0
