#   1 NUMBER                 Running object number                                     
#   2 X_IMAGE                Object position along x                                    [pixel]
#   3 Y_IMAGE                Object position along y                                    [pixel]
#   4 ALPHA_J2000            Right ascension of barycenter (J2000)                      [deg]
#   5 DELTA_J2000            Declination of barycenter (J2000)                          [deg]
#   6 FWHM_IMAGE             FWHM assuming a gaussian core                              [pixel]
#   7 FWHM_WORLD             FWHM assuming a gaussian core                              [deg]
#   8 MAG_BEST               Best of MAG_AUTO and MAG_ISOCOR                            [mag]
#   9 MAG_APER               Fixed aperture magnitude vector                            [mag]
#  10 MAGERR_APER            RMS error vector for fixed aperture mag.                   [mag]
#  11 FLUX_APER              Flux vector within fixed circular aperture(s)              [count]
#  12 FLUXERR_APER           RMS error vector for aperture flux(es)                     [count]
#  13 BACKGROUND             Background at centroid position                            [count]
#  14 ELLIPTICITY            1 - B_IMAGE/A_IMAGE                                       
#  15 FLAGS                  Extraction flags                                          
         1      9.826     81.751 200.8940952 +36.1185841    60.83  0.006563379 -13.1284 -12.2556   0.0078     79841.53     572.6083     443.2649    0.615  24
         2    192.052     30.170 200.8697985 +36.1246571    28.74  0.003100925 -11.9277 -11.3744   0.0181     35462.13     590.9852     676.6728    0.171   1
         3    135.821     10.753 200.8773636 +36.1265857    84.84  0.009153581 -14.2926 -13.0321   0.0041     163240.5     615.9158      362.054    0.748  24
         4    306.064     27.703 200.8545391 +36.1252469     4.19 0.0004524903  -9.9374  99.0000  99.0000    -39030.97     575.8048     839.0951    0.170   0
         5    142.111     87.610 200.8763752 +36.1183334    19.91  0.002147608 -11.2240 -11.2933   0.0195     32909.65     589.8885     1021.022    0.258   2
         6    393.460     83.623 200.8427345 +36.1194769     5.22 0.0005633885 -11.3220 -11.2563   0.0201     31808.14     589.4215     1107.537    0.123   0
         7     63.804    104.668 200.8868253 +36.1162735     7.87 0.0008486907 -10.3524  99.0000  99.0000    -11742.21     575.7396     760.3693    0.352   0
         8    555.180     91.602 200.8210702 +36.1190730     7.56 0.0008157114  -9.6370  -9.6835   0.0841     7471.101     578.7316     1131.167    0.076   0
         9     79.497    259.377 200.8844284 +36.0996709    10.44  0.001126356 -11.4687 -11.2645   0.0200     32046.46     589.5226     1110.086    0.535   0
        10    746.067    199.908 200.7953215 +36.1079501     7.38  0.000796569  -9.6519 -10.1265   0.0561     11235.86     580.6949     1152.967    0.349   0
        11    324.712    258.834 200.8516105 +36.1004286     4.66 0.0005033099 -12.7370 -12.7974   0.0052     131513.7     630.2493     1198.286    0.107   0
        12     74.608    356.213 200.8848975 +36.0892367     3.45 0.0003717098  -9.1438 -11.1108   0.0229     27817.21     587.5029     1088.501    0.418   0
        13     78.000    405.502 200.8843492 +36.0839427     3.76 0.0004058794  -9.4205 -11.1294   0.0226     28297.33     587.7391     1099.039    0.385   0
        14    705.606    422.960 200.8003362 +36.0838359     4.62 0.0004984697 -10.0152 -10.1464   0.0551     11443.01     580.5742     1140.824    0.238   0
        15    346.522    436.739 200.8483598 +36.0813466     4.88  0.000526072  -9.0613  -9.6043   0.0905     6945.794     578.7802     1192.451    0.161   0
        16    735.897    488.368 200.7961657 +36.0768815     4.34   0.00046868 -11.3608 -11.4247   0.0173     37142.99     591.6482     1114.388    0.107   0
        17     92.354    519.110 200.8822115 +36.0717590     4.37 0.0004718295 -11.4749 -11.6519   0.0141     45789.95      595.338     1162.905    0.113   0
        18     84.771    901.510 200.8824957 +36.0305887     5.10 0.0005501359 -10.0801 -11.2649   0.0200     32058.74     589.5278     1025.237    0.379   0
        19    371.280   1005.556 200.8439904 +36.0202082     4.18 0.0004510921  -8.6214  -8.7247   0.2029     3089.422     577.1283     1057.795    0.337   0
        20     76.292    856.882 200.8837147 +36.0353666     4.36 0.0004702847  -9.6125 -11.1053   0.0231     27678.16     587.6832     1004.393    0.312   0
        21    690.419    770.203 200.8017434 +36.0464279     3.43 0.0003696509  -8.0260  -8.2933   0.3015     2076.471     576.3965     1045.849    0.412   0
        22     80.192    761.929 200.8833745 +36.0455953    10.14  0.001093914 -11.4652 -11.2865   0.0196     32704.66      589.738     1055.323    0.268   0
        23    251.004    732.003 200.8605855 +36.0493034  -108.71  -0.01172917  -8.0865  -8.1070   0.3578     1749.085     576.3196     1162.717    0.023   0
        24     78.831    702.213 200.8836707 +36.0520172     5.76 0.0006209507 -10.2204 -11.2846   0.0196     32647.97      589.539     1067.235    0.641   0
        25     83.583    695.194 200.8830485 +36.0527861     3.44 0.0003710327  -9.3227 -11.2070   0.0210     30393.76     588.5505     1094.155    0.406   0
        26     74.909    663.340 200.8842696 +36.0561889     6.46  0.000696914 -10.6264 -11.3071   0.0192      33331.8     590.1151     1056.326    0.390   0
        27     80.711    652.792 200.8835136 +36.0573406     8.89 0.0009590148 -11.2357 -11.3030   0.0193     33203.98     589.9814      1088.99    0.628   2
        28     62.378    657.076 200.8859578 +36.0568270     1.48 0.0001600733  -8.7708 -10.6276   0.0355     17826.23      583.461     991.2386    0.194   0
        29     76.317    611.668 200.8841800 +36.0617532     5.01 0.0005408295 -10.0024 -11.2517   0.0202     31671.57     589.4431     1071.821    0.602   2
        30     78.773    596.820 200.8838799 +36.0633580     3.47  0.000374181  -9.2744 -11.1893   0.0214     29904.44     588.4382     1089.324    0.653   0
        31     76.374    688.212 200.8840262 +36.0535167     6.76 0.0007294017 -10.6619 -11.3192   0.0190     33703.14     589.9704      1055.66    0.330   0
        32    612.956    857.277 200.8119461 +36.0368424     4.24 0.0004576078 -10.3055 -10.4146   0.0432     14650.06     582.0985     1043.874    0.166   0
        33     80.097    722.182 200.8834632 +36.0498720     5.62 0.0006064722 -10.3136 -11.2773   0.0197     32427.27     589.7158     1067.132    0.408   0
        34    672.000    973.083 200.8038413 +36.0245453     4.56 0.0004916194 -10.6564 -10.7697   0.0312     20318.11     584.3994     973.2176    0.167   0
        35     80.010    674.998 200.8835650 +36.0549490     4.60 0.0004966877  -9.9203 -11.3039   0.0193     33231.63     589.8183     1079.158    0.534   2
        36    201.286    796.542 200.8671134 +36.0422170     4.62 0.0004982443  -8.8064  -9.3912   0.1100     5708.086     578.2778     1147.885    0.050   0
        37    652.650    877.405 200.8066014 +36.0347872     4.42 0.0004773638  -9.1038  -9.0671   0.1481     4234.964     577.5107     1019.953    0.182   0
        38     79.801    883.808 200.8831940 +36.0324793     3.73 0.0004027873  -9.3554 -11.1901   0.0214      29926.5     588.4476      1011.28    0.715   0
