#   1 NUMBER                 Running object number                                     
#   2 X_IMAGE                Object position along x                                    [pixel]
#   3 Y_IMAGE                Object position along y                                    [pixel]
#   4 ALPHA_J2000            Right ascension of barycenter (J2000)                      [deg]
#   5 DELTA_J2000            Declination of barycenter (J2000)                          [deg]
#   6 FWHM_IMAGE             FWHM assuming a gaussian core                              [pixel]
#   7 FWHM_WORLD             FWHM assuming a gaussian core                              [deg]
#   8 MAG_BEST               Best of MAG_AUTO and MAG_ISOCOR                            [mag]
#   9 MAG_APER               Fixed aperture magnitude vector                            [mag]
#  10 MAGERR_APER            RMS error vector for fixed aperture mag.                   [mag]
#  11 FLUX_APER              Flux vector within fixed circular aperture(s)              [count]
#  12 FLUXERR_APER           RMS error vector for aperture flux(es)                     [count]
#  13 BACKGROUND             Background at centroid position                            [count]
#  14 ELLIPTICITY            1 - B_IMAGE/A_IMAGE                                       
#  15 FLAGS                  Extraction flags                                          
         1    840.753     79.644 200.9177850 +36.1182035   133.72   0.01445859 -14.4840 -12.3536   0.0062     87385.59     495.9923     740.8709    0.614  16
         2    821.311      9.510 200.9205472 +36.1256993    78.33  0.008470055 -13.5147 -12.2676   0.0062     80733.18     462.5385     450.9972    0.775  24
         3    682.087    197.270 200.9388562 +36.1051000     7.12  0.000770289 -15.5056 -15.5344   0.0007      1635982     1010.114     917.8086    0.142   4
         4    769.296    194.830 200.9271426 +36.1056057     4.51 0.0004875162 -15.0301 -15.0641   0.0009      1060769     855.9524     918.3884    0.090   0
         5    122.307    205.816 201.0140562 +36.1025931     4.16 0.0004495558 -13.2498 -13.2997   0.0029     208868.1     553.8499      864.817    0.061   0
         6    545.420    203.451 200.9572073 +36.1040516     5.38 0.0005821016  -8.5446  -9.2534   0.0977     5027.636     452.5303     911.3517    0.221   0
         7    737.903    216.330 200.9313150 +36.1032039     5.34 0.0005772281  -8.5563  -9.0161   0.1215      4040.62     452.0353     918.7504    0.509   0
         8    334.345    267.669 200.9854276 +36.0965415     4.61 0.0004980879  -8.7303  -8.9174   0.1330     3689.496     451.7524     898.1686    0.272   0
         9    623.417    328.395 200.9464563 +36.0908206     4.20 0.0004536254 -10.8746 -10.9581   0.0208     24168.28     462.8107     912.3578    0.149   0
        10    400.796    322.413 200.9763787 +36.0908372     3.44 0.0003714697  -8.0553  -9.1776   0.1047     4688.355     452.1909      902.372    0.406   0
        11    263.112    374.350 200.9947606 +36.0848546     9.24 0.0009995442  -9.3893  -9.5187   0.0767     6419.371      453.349     888.0022    0.409   0
        12    199.215    437.268 201.0032035 +36.0778990     7.68 0.0008302807  -9.1666  -9.1377   0.1087     4519.565     452.2621     872.6375    0.368   0
        13     27.718    486.022 201.0261292 +36.0721574     4.95 0.0005349152  -9.2319  -9.4510   0.0816     6031.325     453.1097     828.3985    0.131   0
        14    141.423    526.856 201.0107648 +36.0680894     3.94 0.0004260414 -12.9968 -13.0429   0.0035     164876.9     533.6128     853.1039    0.050   0
        15    883.758    921.933 200.9102246 +36.0276516     6.97 0.0007537436 -10.4950 -10.9987   0.0201     25089.37     463.4562     793.5059    0.538   0
        16    111.242    879.313 201.0140237 +36.0300620     7.91 0.0008553705  -9.1077  -9.2144   0.1013     4850.027     452.4827     760.5868    0.282   0
        17    881.570    865.661 200.9106372 +36.0337032     5.78 0.0006244569  -9.9732 -10.9997   0.0200     25111.84     463.5794     810.3001    0.565   0
        18    895.747    895.767 200.9086704 +36.0305014     4.15 0.0004490948 -10.4061 -10.7829   0.0243     20565.62      461.084     778.9044    0.096   0
        19    706.545    559.735 200.9347912 +36.0661498     4.36 0.0004717952  -8.5642  -9.0711   0.1155     4250.572     452.0755      903.256    0.195   0
        20     48.557    770.136 201.0226862 +36.0416339     4.46 0.0004826225  -8.6103  -8.5250   0.1906     2570.315     451.1453     787.0402    0.148   0
        21    223.493    716.861 200.9993174 +36.0478713     4.00 0.0004328731 -10.2358 -10.2391   0.0398     12463.82     456.6826     836.6718    0.091   0
        22    533.814    721.946 200.9576373 +36.0482043     3.66 0.0003952694  -9.7227  -9.9753   0.0506     9775.104      455.158     872.4297    0.099   0
        23    540.394    701.093 200.9567992 +36.0504676     5.54 0.0005992181 -10.2632 -10.3970   0.0345     14414.68     457.6743      877.603    0.143   0
        24    768.378    593.150 200.9264152 +36.0627248     3.84 0.0004147034 -10.3115 -10.4051   0.0342      14522.2     457.7455     903.1602    0.111   0
        25    488.599    668.026 200.9638266 +36.0538813     3.75 0.0004054579 -10.2369 -10.2979   0.0377        13157      456.849     881.8338    0.112   0
        26    314.303    635.033 200.9873052 +36.0569389     3.83 0.0004139106  -8.0971  -8.6679   0.1672     2931.927     451.3583     869.1899    0.073   0
        27    866.744    682.773 200.9130145 +36.0533497     5.82 0.0006289854  -9.2210 -10.3469   0.0361      13764.2     457.3813     878.4818    0.167   0
        28    882.250    962.496 200.9103414 +36.0232809     4.71 0.0005094141  -9.6106 -10.9607   0.0208     24226.89     463.0401     790.1592    0.544   0
