#   1 NUMBER                 Running object number                                     
#   2 X_IMAGE                Object position along x                                    [pixel]
#   3 Y_IMAGE                Object position along y                                    [pixel]
#   4 ALPHA_J2000            Right ascension of barycenter (J2000)                      [deg]
#   5 DELTA_J2000            Declination of barycenter (J2000)                          [deg]
#   6 FWHM_IMAGE             FWHM assuming a gaussian core                              [pixel]
#   7 FWHM_WORLD             FWHM assuming a gaussian core                              [deg]
#   8 MAG_BEST               Best of MAG_AUTO and MAG_ISOCOR                            [mag]
#   9 MAG_APER               Fixed aperture magnitude vector                            [mag]
#  10 MAGERR_APER            RMS error vector for fixed aperture mag.                   [mag]
#  11 FLUX_APER              Flux vector within fixed circular aperture(s)              [count]
#  12 FLUXERR_APER           RMS error vector for aperture flux(es)                     [count]
#  13 BACKGROUND             Background at centroid position                            [count]
#  14 ELLIPTICITY            1 - B_IMAGE/A_IMAGE                                       
#  15 FLAGS                  Extraction flags                                          
         1    833.848    191.323 238.0207758 +33.0301095   194.72    0.0208887 -15.9349 -12.3582   0.0093     87754.05     753.7903     1271.608    0.913  16
         2    453.350    124.226 238.0698120 +33.0362141     6.98 0.0007490428 -14.2010 -14.2347   0.0019     494152.1     878.2762     1370.213    0.242   0
         3    430.702    198.468 238.0725947 +33.0282271     6.33 0.0006794868 -10.3065 -10.2913   0.0605     13077.24     728.6431     1409.069    0.279   0
         4    881.262    230.457 238.0146144 +33.0260632     1.25 0.0001337329  -9.1594  99.0000  99.0000    -4473.445     724.0604     1054.665    0.025   0
         5     55.084    253.180 238.1207863 +33.0213251     8.20 0.0008792715 -10.7816 -10.8927   0.0349     22754.49     731.9355     1291.679    0.354   0
         6    170.463    273.178 238.1059185 +33.0195192     5.94 0.0006369302 -11.7885 -11.8175   0.0151     53335.02     742.2672     1372.036    0.259   0
         7    293.939    288.713 238.0900182 +33.0182107     6.04 0.0006484372  -9.6375  -9.9234   0.0848     9319.119     727.3729      1421.89    0.211   0
         8    281.490    291.270 238.0916140 +33.0179026     4.61 0.0004943092  -9.3590  -9.7800   0.0967     8166.009     726.9969      1420.02    0.136   0
         9    261.016    293.988 238.0942411 +33.0175547     4.21 0.0004518041  -8.8605  -9.7016   0.1038     7596.962     726.4541     1417.718    0.005   0
        10    486.333    363.501 238.0651564 +33.0107694     5.62 0.0006032835 -12.4780 -12.4941   0.0083      99460.5      757.702     1493.466    0.164   0
        11    710.234    777.315 238.0356737 +32.9672269     4.98 0.0005347042 -10.4148 -10.4717   0.0513     15441.56     729.3725     1545.239    0.128   0
        12    888.099    888.219 238.0126370 +32.9558803    57.70  0.006189991 -13.9306 -12.6119   0.0075     110860.5     761.4736     551.0458    0.140  16
        13    714.999    888.264 238.0348734 +32.9553987     3.14  0.000337282 -10.2968  99.0000  99.0000    -38818.84     723.9785     1133.946    0.083   0
        14    841.117    830.475 238.0187691 +32.9619142    77.18  0.008280031 -13.9685 -13.0070   0.0053     159512.4     777.2634     1175.515    0.450  16
        15    702.809    787.618 238.0366102 +32.9661068     4.69 0.0005028328 -11.1307 -11.2028   0.0263     30277.96     734.1574     1545.025    0.080   0
        16    661.439    787.098 238.0419261 +32.9660476     7.66 0.0008213023 -10.0396 -10.1974   0.0659     11994.17     728.1492     1545.469    0.123   0
        17     95.910    783.420 238.1145874 +32.9648509     4.68  0.000501547 -11.6598 -11.8525   0.0146     55081.99     742.8553     1403.797    0.147   0
        18    650.023    709.712 238.0435247 +32.9742752     4.26 0.0004567041  -8.9985 -10.1224   0.0706     11192.96     727.9352     1544.967    0.105   0
        19    717.969    650.716 238.0348947 +32.9807599     4.92 0.0005274012 -11.4191 -11.4781   0.0205     39014.21      737.408     1537.544    0.094   0
        20    798.110    800.977 238.0243438 +32.9649441    17.25  0.001850596 -12.3937 -11.6314   0.0179     44934.48     739.4324     1469.546    0.416   2
        21    550.550    680.697 238.0563556 +32.9770952     4.74 0.0005081454  -9.0097  -8.8406   0.2292     3437.393     725.3076     1541.356    0.109   0
        22    708.145    685.613 238.0360978 +32.9770082     5.00 0.0005368027 -10.8389 -10.9988   0.0317        25091     732.6927     1543.019    0.133   0
