#   1 NUMBER                 Running object number                                     
#   2 X_IMAGE                Object position along x                                    [pixel]
#   3 Y_IMAGE                Object position along y                                    [pixel]
#   4 ALPHA_J2000            Right ascension of barycenter (J2000)                      [deg]
#   5 DELTA_J2000            Declination of barycenter (J2000)                          [deg]
#   6 FWHM_IMAGE             FWHM assuming a gaussian core                              [pixel]
#   7 FWHM_WORLD             FWHM assuming a gaussian core                              [deg]
#   8 MAG_BEST               Best of MAG_AUTO and MAG_ISOCOR                            [mag]
#   9 MAG_APER               Fixed aperture magnitude vector                            [mag]
#  10 MAGERR_APER            RMS error vector for fixed aperture mag.                   [mag]
#  11 FLUX_APER              Flux vector within fixed circular aperture(s)              [count]
#  12 FLUXERR_APER           RMS error vector for aperture flux(es)                     [count]
#  13 BACKGROUND             Background at centroid position                            [count]
#  14 ELLIPTICITY            1 - B_IMAGE/A_IMAGE                                       
#  15 FLAGS                  Extraction flags                                          
         1    833.533    185.811 200.9200066 +36.2170733   202.97   0.02190457 -16.2990 -12.7696   0.0080     128189.4     942.4949     1592.938    0.904  24
         2    517.759     55.624 200.9626824 +36.2301772     6.66  0.000718246  -9.5917  -9.0248   0.2423     4073.119     908.9254     1693.222    0.290   0
         3    469.941     96.178 200.9690334 +36.2256884     6.12 0.0006603234 -10.4643 -10.4773   0.0638     15521.16     912.1454     1721.623    0.242   0
         4    536.498    151.718 200.9599854 +36.2199106     5.65 0.0006102461  -9.4116  -9.4031   0.1711      5770.82     909.4434     1797.701    0.338   0
         5    605.341    171.829 200.9506968 +36.2179431     9.24 0.0009968836 -10.7492 -10.8165   0.0468     21213.62     913.8318     1828.828    0.236   0
         6    261.044    293.994 200.9967304 +36.2038567     4.20 0.0004535652  -8.8371  -9.8620   0.1122     8806.144     910.0469     1812.412    0.003   0
         7    187.068    337.203 201.0065865 +36.1990065     5.09 0.0005494505 -10.1590 -10.2932   0.0755     13100.51     911.3282      1808.43    0.212   0
         8    440.331    397.372 200.9724484 +36.1932616     6.42 0.0006930612 -10.0536 -10.4889   0.0631     15687.72     912.2166     1931.417    0.112   0
         9    156.997    796.995 201.0097416 +36.1495464     4.13 0.0004461188  -9.3634 -11.0834   0.0366     27124.67     914.9889     1821.688    0.415   0
        10    888.441    888.470 200.9113700 +36.1417684    55.90  0.006032562 -14.6976 -12.9978   0.0065     158172.2     950.3902     549.3741    0.143  17
        11    882.511    455.185 200.9129420 +36.1882808     4.25 0.0004583031 -11.5522  99.0000  99.0000    -38366.76     907.8814     1508.285    0.020   0
        12    305.119    481.801 200.9904522 +36.1838140     4.54 0.0004899196 -10.1326  -9.9634   0.1023      9668.15     910.3605     1931.434    0.211   0
        13    167.112    549.749 201.0088587 +36.1761256     4.57 0.0004935607 -10.4226 -10.6245   0.0558     17775.14     912.7629     1885.447    0.194   0
        14    429.001    549.996 200.9736843 +36.1768402     4.26 0.0004597713 -11.9628 -12.0228   0.0156      64434.2     925.1015     1954.063    0.081   0
        15    862.194    637.117 200.9153446 +36.1686882     4.30 0.0004637818 -12.1723 -11.9579   0.0165     60695.79     924.2925     1837.678    0.027   0
        16    841.488    830.589 200.9177776 +36.1478552    75.19   0.00811391 -14.3450 -13.4220   0.0045     233769.1     970.0481      1430.38    0.458  16
        17    527.638    556.821 200.9604235 +36.1763839     2.55 0.0002750385  -7.7377  99.0000  99.0000    -2109.806     907.7273     1959.452    0.393   0
        18    441.814    509.510 200.9720391 +36.1812238     4.29 0.0004634942 -12.0527 -12.0289   0.0155     64795.36     925.5519     1954.456    0.090   0
