#   1 NUMBER                 Running object number                                     
#   2 X_IMAGE                Object position along x                                    [pixel]
#   3 Y_IMAGE                Object position along y                                    [pixel]
#   4 ALPHA_J2000            Right ascension of barycenter (J2000)                      [deg]
#   5 DELTA_J2000            Declination of barycenter (J2000)                          [deg]
#   6 FWHM_IMAGE             FWHM assuming a gaussian core                              [pixel]
#   7 FWHM_WORLD             FWHM assuming a gaussian core                              [deg]
#   8 MAG_BEST               Best of MAG_AUTO and MAG_ISOCOR                            [mag]
#   9 MAG_APER               Fixed aperture magnitude vector                            [mag]
#  10 MAGERR_APER            RMS error vector for fixed aperture mag.                   [mag]
#  11 FLUX_APER              Flux vector within fixed circular aperture(s)              [count]
#  12 FLUXERR_APER           RMS error vector for aperture flux(es)                     [count]
#  13 BACKGROUND             Background at centroid position                            [count]
#  14 ELLIPTICITY            1 - B_IMAGE/A_IMAGE                                       
#  15 FLAGS                  Extraction flags                                          
         1    841.307     80.031 238.0180669 +32.9326549   135.05   0.01448599 -14.5422 -12.4066   0.0060      91760.3     507.3244     752.5245    0.612  16
         2    820.764      9.535 238.0208293 +32.9401249    78.50  0.008420045 -13.5461 -12.3198   0.0061     84705.04     473.2635     449.1855    0.773  24
         3    485.288     40.635 238.0638355 +32.9358821     6.47  0.000693761  -9.6597  99.0000  99.0000    -677.8448     459.8759     772.5692    0.330   0
         4     57.909    111.597 238.1185575 +32.9271098     6.58 0.0007056991 -13.8420 -13.8752   0.0019       354876     623.6281     867.3435    0.081   0
         5    723.266    120.878 238.0331446 +32.9279715     6.79 0.0007286423 -10.2778  -9.7252   0.0649     7764.113     464.1162     937.0231    0.029   0
         6    745.055    125.411 238.0303399 +32.9275473     6.56 0.0007031938 -10.0372  -8.2682   0.2468     2028.908     460.9906     937.1743    0.087   0
         7    364.276    141.248 238.0791820 +32.9248046     9.64  0.001034486  -9.8040  -9.7912   0.0611     8250.846     464.3654     920.9789    0.415   0
         8    694.315    188.835 238.0367380 +32.9206373     6.59 0.0007065364 -11.9042 -11.9642   0.0088     61048.21     491.9573     937.7557    0.040   0
         9    315.743    183.812 238.0853316 +32.9201252     6.47 0.0006944159  -9.8203  -9.8845   0.0561     8991.189     464.7638     917.7112    0.058   0
        10    471.188    180.695 238.0653882 +32.9208906     7.70 0.0008259802  -9.2111  -9.5739   0.0745     6753.841     463.5717     930.4351    0.084   0
        11    105.231    252.838 238.1122168 +32.9121652     6.22 0.0006666868 -13.8079 -13.8404   0.0020     343682.9     619.1537     881.3208    0.079   0
        12    913.288    244.840 238.0085365 +32.9152561     3.66 0.0003921446  -7.6723  99.0000  99.0000    -30260.29      459.889     806.7319    0.211   0
        13    755.476    273.629 238.0287369 +32.9117525     6.33 0.0006793527 -12.2366 -12.2832   0.0067     81897.19     502.4524     938.4258    0.024   0
        14    227.613    273.325 238.0964740 +32.9103223    11.95  0.001281912 -10.3130 -10.2790   0.0392     12930.53     466.8524     907.8215    0.278   0
        15    574.490    324.464 238.0518691 +32.9058282     5.93 0.0006365888 -11.3261 -11.4345   0.0139     37478.38     479.8926     931.7792    0.021   0
        16    280.696    338.231 238.0895414 +32.9035419     5.77 0.0006184261 -11.1757 -11.2366   0.0166      31234.2     476.5658      913.962    0.034   0
        17     36.177    341.402 238.1209094 +32.9025152     9.35  0.001002726  -9.0459  -9.1432   0.1105     4542.231     462.2092     862.0062    0.198   0
        18    443.853    379.044 238.0685314 +32.8996397     5.86 0.0006287258 -10.8810 -10.9628   0.0212     24273.44     472.9634     924.5782    0.035   0
        19    504.716    429.983 238.0606292 +32.8943703     5.56 0.0005962181 -12.1911 -12.2203   0.0070     77286.44     500.1291     924.5912    0.006   0
        20    151.807    447.263 238.1058736 +32.8915404     5.95 0.0006383808  -9.8909  -9.8456   0.0582     8674.506     464.5806     884.3931    0.157   0
        21    536.282    455.163 238.0565334 +32.8917696     6.71 0.0007194754  -8.9101  -8.9860   0.1277     3929.914     462.0333     924.7907    0.328   0
        22    263.311    489.227 238.0914901 +32.8873735     5.53 0.0005930496 -12.4740 -12.5278   0.0054     102594.3      512.647     903.8241    0.061   0
        23      6.562    490.366 238.1244253 +32.8865286     6.32 0.0006775536 -10.4202 -10.3413   0.0323     13693.17     406.7653     845.1772    0.166  16
        24    433.616    496.605 238.0696285 +32.8870609     5.39 0.0005779488  -9.7489  -9.7994   0.0606     8312.867     464.1797      919.248    0.066   0
        25    772.666    510.389 238.0261076 +32.8865236     5.85 0.0006273275  -8.5879  -8.8186   0.1489     3368.435     461.7294     928.0189    0.158   0
        26    625.448    778.231 238.0445091 +32.8575258     6.31 0.0006771372  -8.5958  -8.9011   0.1380     3634.419     461.8734     885.8687    0.131   0
        27    506.564   1020.377 238.0593129 +32.8313470     6.23 0.0006682068  -8.7041  -8.3200   0.2185     2128.112     428.2057     803.4277    0.315  16
        28    794.195   1014.200 238.0224473 +32.8327970     5.04 0.0005402903  -9.9810 -10.0174   0.0497     10161.97     465.2389      834.284    0.127   0
        29    374.311    696.729 238.0768667 +32.8655313     5.20 0.0005576037 -12.8136 -12.8561   0.0041     138812.3     530.0602     886.3193    0.063   0
        30    295.207    752.639 238.0869080 +32.8593419     5.34 0.0005731718 -10.9060 -10.9682   0.0211     24394.68     472.8884     861.0637    0.131   0
        31    713.918    705.559 238.0332937 +32.8655270    13.04   0.00139909 -10.2316 -10.2167   0.0415     12208.92     466.5043     907.6297    0.416   0
        32    589.015    713.815 238.0492984 +32.8643023     5.05 0.0005415096  -8.3067  -8.5324   0.1935     2588.014      461.138     899.3396    0.198   0
        33    902.271    619.942 238.0092871 +32.8751812     5.46 0.0005854864 -11.3785 -11.3403   0.0151     34363.83     478.1922     830.7178    0.075   0
        34    885.000    889.293 238.0110260 +32.8463790     5.74 0.0006159865 -10.0899 -10.9893   0.0207     24872.14     473.1154     814.7878    0.467   0
        35    622.801    693.595 238.0450017 +32.8665540     6.15  0.000660034  -8.4910  -8.8829   0.1403      3574.04     461.6852     905.4458    0.160   0
        36    123.546    628.091 238.1091579 +32.8721563     5.87 0.0006292935 -10.0771 -10.1970   0.0422     11989.98     466.3741     856.1974    0.177   0
        37    853.264    787.185 238.0152766 +32.8571935     5.27 0.0005654517 -11.9562 -12.0415   0.0082     65555.48     494.2667      883.113    0.116   0
        38    880.494    814.248 238.0117366 +32.8543784     4.93  0.000528582  -9.7559 -10.9587   0.0212     24180.47      472.889     844.3143    0.653   0
        39    885.235    971.114 238.0108511 +32.8376447     5.06 0.0005427549  -9.8036 -11.0402   0.0197     26065.36     473.8592     796.2029    0.486   0
        40    804.254    862.517 238.0214277 +32.8490177     4.76 0.0005104903 -12.8472 -12.8825   0.0041     142228.9     531.6805      876.113    0.040   0
        41    352.409   1000.357 238.0791137 +32.8330561     8.13 0.0008718864  -8.8048  -8.7173   0.1633     3068.418     461.4762     783.8123    0.168   0
