#   1 NUMBER                 Running object number                                     
#   2 X_IMAGE                Object position along x                                    [pixel]
#   3 Y_IMAGE                Object position along y                                    [pixel]
#   4 ALPHA_J2000            Right ascension of barycenter (J2000)                      [deg]
#   5 DELTA_J2000            Declination of barycenter (J2000)                          [deg]
#   6 FWHM_IMAGE             FWHM assuming a gaussian core                              [pixel]
#   7 FWHM_WORLD             FWHM assuming a gaussian core                              [deg]
#   8 MAG_BEST               Best of MAG_AUTO and MAG_ISOCOR                            [mag]
#   9 MAG_APER               Fixed aperture magnitude vector                            [mag]
#  10 MAGERR_APER            RMS error vector for fixed aperture mag.                   [mag]
#  11 FLUX_APER              Flux vector within fixed circular aperture(s)              [count]
#  12 FLUXERR_APER           RMS error vector for aperture flux(es)                     [count]
#  13 BACKGROUND             Background at centroid position                            [count]
#  14 ELLIPTICITY            1 - B_IMAGE/A_IMAGE                                       
#  15 FLAGS                  Extraction flags                                          
         1     85.465    173.661 200.8830241 +36.2181774    12.92  0.001390329 -11.7603 -11.2026   0.0191     30273.05     533.8007      864.431    0.305   2
         2     92.075    120.522 200.8821956 +36.2238557     7.59 0.0008170478 -10.3022 -10.7187   0.0296     19385.26     528.7635     867.5491    0.632   0
         3    234.914    146.576 200.8629291 +36.2214332     1.53 0.0001645279  -8.8291  -9.8971   0.0625     9095.493     523.7885     889.3931    0.166   0
         4     75.943    210.701 200.8842633 +36.2142073     9.86  0.001061172 -11.4203 -11.2763   0.0179      32396.7       534.78     854.2708    0.719   2
         5     74.765    269.177 200.8843540 +36.2079738    30.96  0.003330842 -12.7478 -11.4390   0.0155     37634.41     537.1804     850.6799    0.378   2
         6     79.943    771.818 200.8830730 +36.1544320    80.31  0.008641068 -13.9983 -12.1608   0.0082     73165.45     553.5382     794.5349    0.618  19
         7     92.029    409.944 200.8818661 +36.1930186    11.36   0.00122287 -11.0380 -10.8283   0.0268     21445.28     529.6934      880.418    0.735   0
         8     72.822    405.947 200.8844565 +36.1933967     8.17 0.0008791487 -10.9494 -11.2099   0.0190     30476.94     533.8961     849.3099    0.378   0
         9     67.370    519.284 200.8850586 +36.1813075    11.46   0.00123293 -11.5882 -11.2191   0.0189     30736.22     534.0175     850.8719    0.589   2
        10      6.994    810.697 200.8928430 +36.1501078    42.17  0.004537798 -12.3613 -11.5168   0.0128     40432.65     476.5278     521.5221    0.657  24
        11     76.429    496.538 200.8838655 +36.1837535    16.08  0.001730175 -12.3940 -11.3468   0.0168     34570.67     535.8524     866.5012    0.564   2
        12     71.976    475.268 200.8844897 +36.1860087    19.37   0.00208386 -12.5817 -11.3891   0.0162     35946.39      536.508     858.9894    0.233   2
        13     88.287    453.031 200.8823199 +36.1884185     7.00 0.0007529805 -10.6231 -11.1151   0.0207     27928.79     532.6873     881.5267    0.516   0
        14    936.592    865.193 200.7677088 +36.1465585     3.46 0.0003722906  -9.1976 -11.0349   0.0223     25940.49     531.6097     811.8972    0.422   0
        15    159.644    828.881 200.8722833 +36.1485499    85.86  0.009238434 -14.1303 -12.1076   0.0086     69670.88     551.9715      798.295    0.642   3
        16     89.671    693.989 200.8818543 +36.1627487     2.20 0.0002363201  -9.1098 -10.3466   0.0415     13760.61     526.0104     889.0143    0.285   0
        17    343.445    820.794 200.8475624 +36.1498639     5.93 0.0006385418  -9.8738  -9.8922   0.0628     9054.653     523.6669     902.5625    0.284   0
        18     64.891    558.096 200.8853470 +36.1771660    23.83  0.002564027 -12.5973 -11.3678   0.0165     35248.39     536.2254     847.0642    0.159   2
        19    107.138    627.877 200.8795801 +36.1698361     2.76 0.0002964628  -7.9487  99.0000  99.0000    -3994.989     519.4438     901.0911    0.191   0
