#   1 NUMBER                 Running object number                                     
#   2 X_IMAGE                Object position along x                                    [pixel]
#   3 Y_IMAGE                Object position along y                                    [pixel]
#   4 ALPHA_J2000            Right ascension of barycenter (J2000)                      [deg]
#   5 DELTA_J2000            Declination of barycenter (J2000)                          [deg]
#   6 FWHM_IMAGE             FWHM assuming a gaussian core                              [pixel]
#   7 FWHM_WORLD             FWHM assuming a gaussian core                              [deg]
#   8 MAG_BEST               Best of MAG_AUTO and MAG_ISOCOR                            [mag]
#   9 MAG_APER               Fixed aperture magnitude vector                            [mag]
#  10 MAGERR_APER            RMS error vector for fixed aperture mag.                   [mag]
#  11 FLUX_APER              Flux vector within fixed circular aperture(s)              [count]
#  12 FLUXERR_APER           RMS error vector for aperture flux(es)                     [count]
#  13 BACKGROUND             Background at centroid position                            [count]
#  14 ELLIPTICITY            1 - B_IMAGE/A_IMAGE                                       
#  15 FLAGS                  Extraction flags                                          
         1    840.320     79.079 200.9176748 +36.1178684   132.87   0.01433873 -14.4693 -12.3229   0.0063     84952.52     494.3884     733.7246    0.613  16
         2    822.257      9.446 200.9202351 +36.1253100    79.28  0.008555653 -13.4967 -12.2466   0.0063     79184.43     460.8542     444.7306    0.783  24
         3    682.496    195.407 200.9385683 +36.1048868     4.90 0.0005289639 -15.5059 -15.5345   0.0007      1636100     1009.868     909.9969    0.072   4
         4    769.701    193.026 200.9268982 +36.1053987     4.49  0.000484705 -15.0311 -15.0649   0.0009      1061642     855.9767     910.4246    0.053   0
         5    122.743    203.985 201.0134877 +36.1022956     4.33 0.0004673795 -13.2543 -13.3015   0.0029     209215.6      553.609     857.6013    0.022   0
         6    581.666    191.160 200.9520762 +36.1050468     3.96 0.0004271838  -8.2948  -9.2203   0.1007     4876.496     451.9725     906.3793    0.613   0
         7    545.873    201.838 200.9568459 +36.1037918     4.60 0.0004961772  -8.6867  -9.2102   0.1016     4831.298     451.9727     904.7856    0.128   0
         8    738.778    214.724 200.9309937 +36.1029729     5.21 0.0005617246  -8.5756  -9.2164   0.1010     4859.274     452.0135     910.9793    0.350   0
         9    334.765    265.782 200.9849725 +36.0962821     5.66 0.0006103563  -8.7247  -8.7372   0.1567     3125.178     450.9648     891.6543    0.051   0
        10    623.835    326.479 200.9461508 +36.0906076     4.30 0.0004643188 -10.8890 -10.9875   0.0202     24831.86     462.8788     905.2465    0.096   0
        11    263.531    372.741 200.9942800 +36.0845574     9.76  0.001053423  -9.5014  -9.4642   0.0805     6104.972     452.6641     881.8541    0.317   0
        12    200.254    435.314 201.0026149 +36.0776330     7.28 0.0007861317  -9.3108  -9.5096   0.0773     6365.483     452.8458      865.808    0.137   0
        13    717.016    446.975 200.9334311 +36.0779132   -13.57 -0.001464536  -7.0259  -1.8650  87.5408     5.571906      449.143     901.3872    0.011   0
        14    883.948    448.968 200.9110857 +36.0781862     0.00            0  -8.0618  -9.9177   0.0532     9270.236     454.4591     855.1855    0.009   0
        15     28.125    484.068 201.0255448 +36.0718657     5.00 0.0005400651  -9.0655  -9.0782   0.1146     4278.455     451.6668     823.5353    0.102   0
        16    141.901    524.964 201.0102312 +36.0678086     4.31 0.0004648657 -12.9849 -13.0371   0.0035     164000.2      532.778     846.9322    0.056   0
        17    111.777    876.919 201.0135022 +36.0298393     7.14 0.0007710318  -9.0453  -9.1157   0.1108     4428.784     451.7627     757.5867    0.226   0
        18    224.067    714.976 200.9988297 +36.0476064     4.37 0.0004719229 -10.2154 -10.2307   0.0401     12367.09     456.1595     831.2766    0.115   0
        19    896.170    893.808 200.9085533 +36.0303457     3.96 0.0004278464 -10.4332 -10.7708   0.0246     20338.79     460.3093      773.306    0.137   0
        20    883.102    911.441 200.9102657 +36.0284100     4.85  0.000523796  -9.7477 -11.0123   0.0198     25405.79      463.201     791.3555    0.491   0
        21    414.019    857.042 200.9731191 +36.0328849    -9.58 -0.001034177  -6.9235  -7.6128   0.4403     1109.527     449.8206     817.8606    0.017   0
        22     49.564    768.320 201.0220587 +36.0413388     6.36 0.0006866628  -8.5072  -8.2511   0.2449     1997.313     450.4025     782.5245    0.197   0
        23    534.194    719.938 200.9573303 +36.0479972     3.88 0.0004186208  -9.6974  -9.9097   0.0536     9201.716      454.346     866.7062    0.039   0
        24    540.678    699.084 200.9565061 +36.0502607     5.50 0.0005933617 -10.2378 -10.3292   0.0366     13541.55     456.8028     872.1068    0.015   0
        25    768.787    591.230 200.9262080 +36.0625394     4.10  0.000442543 -10.3245 -10.4023   0.0343      14485.3     457.1066     896.3052    0.116   0
        26    488.994    666.189 200.9634896 +36.0536479     4.03 0.0004345033 -10.2262 -10.2393   0.0397     12466.23     456.0135     876.8654    0.082   0
        27    707.077    557.598 200.9345342 +36.0659783     4.23 0.0004562057  -8.6188  -9.0681   0.1157     4238.595     451.5816     896.8995    0.095   0
        28    882.337    844.483 200.9105030 +36.0356142     3.92  0.000423142  -9.2156 -10.9075   0.0218     23067.63     462.0363     809.3777    0.493   0
        29    866.788    681.114 200.9129129 +36.0531515     5.18 0.0005589165  -8.9479 -10.3154   0.0371        13371     456.6469     872.7895    0.440   0
        30    878.607    850.235 200.9109904 +36.0349843     3.46 0.0003732137  -8.9084 -10.9084   0.0217     23086.97     461.8365     813.2446    0.402   0
