#   1 NUMBER                 Running object number                                     
#   2 X_IMAGE                Object position along x                                    [pixel]
#   3 Y_IMAGE                Object position along y                                    [pixel]
#   4 ALPHA_J2000            Right ascension of barycenter (J2000)                      [deg]
#   5 DELTA_J2000            Declination of barycenter (J2000)                          [deg]
#   6 FWHM_IMAGE             FWHM assuming a gaussian core                              [pixel]
#   7 FWHM_WORLD             FWHM assuming a gaussian core                              [deg]
#   8 MAG_BEST               Best of MAG_AUTO and MAG_ISOCOR                            [mag]
#   9 MAG_APER               Fixed aperture magnitude vector                            [mag]
#  10 MAGERR_APER            RMS error vector for fixed aperture mag.                   [mag]
#  11 FLUX_APER              Flux vector within fixed circular aperture(s)              [count]
#  12 FLUXERR_APER           RMS error vector for aperture flux(es)                     [count]
#  13 BACKGROUND             Background at centroid position                            [count]
#  14 ELLIPTICITY            1 - B_IMAGE/A_IMAGE                                       
#  15 FLAGS                  Extraction flags                                          
         1    840.567     80.011 200.9173161 +36.1187102   134.74   0.01455636 -14.5118 -12.3770   0.0061     89290.96     500.3432     738.6625    0.611  16
         2    820.559      9.472 200.9201467 +36.1262471    77.62  0.008385455 -13.5077 -12.2789   0.0062     81575.62     465.9812     441.2343    0.773  24
         3    642.212    102.470 200.9438823 +36.1157389     1.41  0.000152267  -8.6222  -8.4309   0.2096     2357.047     454.9646     913.9734    0.076   0
         4    678.994    203.401 200.9387357 +36.1049786     5.02 0.0005421094 -15.5012 -15.5307   0.0007      1630347     1010.393     919.6735    0.081   4
         5    766.199    201.010 200.9270422 +36.1054797     4.51 0.0004873405 -15.0275 -15.0610   0.0009      1057766     857.0497      919.817    0.063   0
         6    119.043    212.078 201.0138313 +36.1024522     4.26 0.0004602591 -13.2475 -13.2944   0.0029     207859.5      556.557     864.8952    0.021   0
         7    542.091    209.583 200.9570878 +36.1039281     5.80 0.0006261478  -8.6429  -9.1759   0.1058     4681.428     456.2656      912.002    0.104   0
         8    331.322    273.896 200.9852222 +36.0964077     5.86 0.0006333767  -8.6775  -8.5588   0.1864     2651.693     455.1137     899.5019    0.064   0
         9    620.293    334.500 200.9463340 +36.0907032     4.32 0.0004667613 -10.8794 -10.9804   0.0206     24668.83     467.1512     912.6279    0.060   0
        10    259.994    380.604 200.9945576 +36.0847185     9.51  0.001027364  -9.4458  -9.5624   0.0743     6682.534     457.2079      887.131    0.085   0
        11    195.921    443.570 201.0030129 +36.0777576     7.20 0.0007780045  -8.9979  -8.8522   0.1424     3474.528      455.591     871.6748    0.365   0
        12     24.203    492.423 201.0259315 +36.0720038     4.74 0.0005122048  -9.1495  -9.2504   0.0988     5013.535     456.2561     827.3986    0.054   0
        13    138.056    533.239 201.0105756 +36.0679398     4.08  0.000441018 -12.9793 -13.0276   0.0036     162573.7     535.8508     852.0916    0.060   0
        14    892.442    902.206 200.9086646 +36.0303580     4.33 0.0004673386 -10.8216 -11.0026   0.0202     25178.58      467.237     785.0353    0.151   0
        15    107.725    885.931 201.0138667 +36.0298914     7.06 0.0007624674  -9.1502  -9.4776   0.0803     6180.515     457.0862     752.6274    0.225   0
        16     45.475    776.905 201.0224500 +36.0414462     5.77 0.0006236363  -8.5314  -8.4835   0.1998     2473.991     455.0545     782.9634    0.354   0
        17    220.195    723.418 200.9991477 +36.0477066     4.29 0.0004629187 -10.2531 -10.2725   0.0389     12852.29      460.506      834.822    0.065   0
        18    537.198    707.353 200.9566877 +36.0503378     5.57 0.0006018215 -10.2671 -10.3964   0.0348     14407.04     461.4123     876.4532    0.043   0
        19    881.792    809.992 200.9102816 +36.0402538     3.83 0.0004134467  -9.1078 -10.9615   0.0209     24243.36      466.649     822.9124    0.386   0
        20    882.511    815.482 200.9101740 +36.0396650     3.75  0.000405406  -9.1386 -10.9604   0.0209      24218.4     466.7978      820.072    0.587   0
        21    530.669    728.342 200.9575184 +36.0480602     3.75 0.0004052583  -9.7385  -9.9871   0.0504      9881.91     459.0555     870.6647    0.111   0
        22    765.298    599.453 200.9263341 +36.0625912     3.89  0.000420341 -10.3148 -10.3817   0.0353     14212.84     461.4207     904.0792    0.085   0
        23    485.341    674.455 200.9637094 +36.0537321     3.81 0.0004112337 -10.2048 -10.3251   0.0371     13490.44     461.0038     880.0997    0.066   0
        24    884.996    944.383 200.9095759 +36.0257977     4.91  0.000530551  -9.6352 -10.9859   0.0205     24795.33     466.9321     787.9915    0.595   0
        25    458.737    665.995 200.9672940 +36.0545674     4.23 0.0004571529  -8.2155  -8.6131   0.1773     2787.623     455.1628     879.6027    0.067   0
        26    886.803    958.600 200.9093045 +36.0242724     3.69 0.0003988735  -9.1730 -10.9391   0.0213     23748.17     466.4211     782.7913    0.615   0
        27    703.377    566.000 200.9347061 +36.0660189     4.31 0.0004651031  -8.6914  -9.0675   0.1168     4236.484     455.8046     904.5168    0.196   0
