#   1 NUMBER                 Running object number                                     
#   2 X_IMAGE                Object position along x                                    [pixel]
#   3 Y_IMAGE                Object position along y                                    [pixel]
#   4 ALPHA_J2000            Right ascension of barycenter (J2000)                      [deg]
#   5 DELTA_J2000            Declination of barycenter (J2000)                          [deg]
#   6 FWHM_IMAGE             FWHM assuming a gaussian core                              [pixel]
#   7 FWHM_WORLD             FWHM assuming a gaussian core                              [deg]
#   8 MAG_BEST               Best of MAG_AUTO and MAG_ISOCOR                            [mag]
#   9 MAG_APER               Fixed aperture magnitude vector                            [mag]
#  10 MAGERR_APER            RMS error vector for fixed aperture mag.                   [mag]
#  11 FLUX_APER              Flux vector within fixed circular aperture(s)              [count]
#  12 FLUXERR_APER           RMS error vector for aperture flux(es)                     [count]
#  13 BACKGROUND             Background at centroid position                            [count]
#  14 ELLIPTICITY            1 - B_IMAGE/A_IMAGE                                       
#  15 FLAGS                  Extraction flags                                          
         1    840.647     79.608 200.9198688 +36.1152298   133.53   0.01446396 -14.5090 -12.3596   0.0062     87869.42     498.1067     739.1063    0.612  16
         2    821.682      9.501 200.9225414 +36.1227426    79.12  0.008569865 -13.5115 -12.2729   0.0062     81122.53     464.4593     447.1243    0.779  24
         3    591.996     72.768 200.9532853 +36.1151350     0.74 8.068739e-05  -7.6510  -9.4787   0.0799     6186.882     455.1284     852.8398    0.059   0
         4    697.646    173.902 200.9389098 +36.1045617     5.06 0.0005476081 -15.4998 -15.5281   0.0007      1626458     1008.682     919.3377    0.068   4
         5    784.784    171.593 200.9272093 +36.1051032     4.88 0.0005286864 -15.0250 -15.0567   0.0009      1053594     854.9016     918.6008    0.057   0
         6    138.709    182.095 201.0139705 +36.1017770     4.52 0.0004898653 -13.2523 -13.2976   0.0029       208466      555.439      869.663    0.016   0
         7    560.817    180.255 200.9572774 +36.1034145     4.40 0.0004763434  -8.7529  -9.1600   0.1070     4613.153     454.4285     913.4849    0.303   0
         8    350.509    244.114 200.9854066 +36.0958003     6.16 0.0006673147  -8.5337  -8.4885   0.1981     2485.435     453.3202     902.0877    0.137   0
         9    639.090    304.791 200.9465379 +36.0902207     4.54 0.0004921738 -10.8938 -10.9753   0.0206     24554.34     465.2945     914.1968    0.043   0
        10    279.339    350.748 200.9947647 +36.0840343     9.14 0.0009900264  -9.2711  -9.2541   0.0981     5031.003     454.6202     892.0649    0.331   0
        11    216.214    412.813 201.0031241 +36.0771114     7.52 0.0008149224  -9.0799  -9.2406   0.0993     4968.529     454.4841     877.4478    0.482   0
        12     44.558    461.510 201.0260790 +36.0712585     4.59 0.0004976527  -9.1326  -9.3408   0.0907     5449.056     454.9135     834.3361    0.058   0
        13    158.208    502.469 201.0107422 +36.0672240     4.39 0.0004758458 -12.9937 -13.0345   0.0036     163599.6     534.7882     860.8708    0.055   0
        14    129.013    853.233 201.0139935 +36.0292195     4.89 0.0005300797  -9.0023  -8.9717   0.1271     3878.729     453.9352     779.0611    0.104   0
        15    240.360    692.019 200.9993556 +36.0470226     4.36 0.0004718776 -10.3473 -10.4424   0.0332     15030.62     460.0611     844.9866    0.150   0
        16    556.460    676.695 200.9569553 +36.0497534     5.65 0.0006124834 -10.0982 -10.1506   0.0433     11487.61     458.2452     887.1107    0.087   0
        17    911.869    871.013 200.9089063 +36.0299453     3.63 0.0003926943  -8.8479  99.0000  99.0000    -7613.137      451.909     756.5284    0.015   0
        18    114.206    819.237 201.0160454 +36.0328422     1.00  0.000108221  -7.0820  99.0000  99.0000    -386.8301     451.7684     787.5966    0.217   0
        19     66.270    745.176 201.0226202 +36.0406802     5.73 0.0006201558  -8.8762  -9.1204   0.1110      4447.76     454.4011     797.2449    0.346   0
        20    549.966    697.486 200.9577890 +36.0474847     4.03 0.0004367151  -9.7154  -9.9385   0.0525     9449.092     457.0938     881.8503    0.104   0
        21    784.152    569.315 200.9265838 +36.0621220     4.11 0.0004456813 -10.3619 -10.5212   0.0310     16161.38     460.8005     904.5811    0.070   0
        22    504.718    643.752 200.9639611 +36.0531384     3.82 0.0004135552 -10.2046 -10.2383   0.0400     12454.39     458.8102     887.7654    0.031   0
        23    874.301    535.001 200.9145418 +36.0661308     4.24 0.0004595819  -8.8631 -10.2018   0.0413     12042.33     458.3965     883.8585    0.082   0
        24    881.774    659.226 200.9133190 +36.0527315     7.89 0.0008544493 -10.4031 -10.7698   0.0247     20319.03     462.9509     852.6188    0.277   0
        25    882.993    956.485 200.9126305 +36.0206129     4.42 0.0004792861  -9.6031 -11.0309   0.0196     25843.04      465.912     787.9101    0.633   0
        26    722.427    536.064 200.9349302 +36.0655086     4.03 0.0004360153  -8.4287  -8.1582   0.2683     1833.533     452.9478     906.0708    0.208   0
