#   1 NUMBER                 Running object number                                     
#   2 X_IMAGE                Object position along x                                    [pixel]
#   3 Y_IMAGE                Object position along y                                    [pixel]
#   4 ALPHA_J2000            Right ascension of barycenter (J2000)                      [deg]
#   5 DELTA_J2000            Declination of barycenter (J2000)                          [deg]
#   6 FWHM_IMAGE             FWHM assuming a gaussian core                              [pixel]
#   7 FWHM_WORLD             FWHM assuming a gaussian core                              [deg]
#   8 MAG_BEST               Best of MAG_AUTO and MAG_ISOCOR                            [mag]
#   9 MAG_APER               Fixed aperture magnitude vector                            [mag]
#  10 MAGERR_APER            RMS error vector for fixed aperture mag.                   [mag]
#  11 FLUX_APER              Flux vector within fixed circular aperture(s)              [count]
#  12 FLUXERR_APER           RMS error vector for aperture flux(es)                     [count]
#  13 BACKGROUND             Background at centroid position                            [count]
#  14 ELLIPTICITY            1 - B_IMAGE/A_IMAGE                                       
#  15 FLAGS                  Extraction flags                                          
         1     10.134     81.094 237.9945521 +32.9334352    62.35  0.006696961 -13.3321 -12.4770   0.0073     97906.08     659.4122     418.1909    0.608  24
         2    141.518     89.305 237.9776578 +32.9328961    38.67  0.004153347 -12.7045 -11.7094   0.0153      48280.7     680.5039     1170.545    0.625   0
         3    192.429     30.147 237.9712177 +32.9393539    29.11  0.003127187 -12.0511 -11.5814   0.0172     42908.45     678.5457     713.1422    0.226   1
         4    136.489     10.907 237.9784383 +32.9412679    85.59   0.00919359 -14.5511 -13.3179   0.0036     212397.8     709.0134     305.0317    0.743  24
         5    916.241     87.632 237.8781226 +32.9350285     5.09 0.0005469152 -11.9706 -11.8116   0.0140     53042.64     682.2329     1188.998    0.146   0
         6    422.172     90.605 237.9415972 +32.9334738     4.93 0.0005293783 -11.5032 -11.5653   0.0174      42277.9     678.0204     1322.286    0.102   0
         7     64.911    107.101 237.9874695 +32.9307953    16.92  0.001817325  -9.6960  99.0000  99.0000    -17310.01     662.6418     834.4991    0.545   2
         8    553.134    138.574 237.9246920 +32.9286744     4.76 0.0005114374 -10.9896 -10.7417   0.0367     19801.41     669.9967      1364.82    0.045   0
         9    987.890    194.032 237.8687486 +32.9238254     4.87 0.0005227165 -14.7553 -14.7913   0.0012     825092.9     922.7227     1241.692    0.103   0
        10    714.797    172.978 237.9038664 +32.9254002     6.82  0.000732015  -9.3416 -10.2521   0.0574      12613.3     666.9927     1343.629    0.603   0
        11    980.190    178.369 237.8697626 +32.9254817     6.64  0.000713412 -10.0341 -10.7729   0.0357     20378.69     669.9156     1245.355    0.215   0
        12    952.994    202.987 237.8732174 +32.9227817     4.75 0.0005106151  -8.9590 -10.0160   0.0713     10148.69      666.087     1257.719    0.040   0
        13     75.555    247.932 237.9858593 +32.9157607    15.76  0.001693215 -12.5995 -11.6162   0.0166     44309.06     678.9701     1262.294    0.678   2
        14    182.042    254.915 237.9721688 +32.9152880     4.58 0.0004924449 -11.8968 -11.9678   0.0122     61251.39     685.3068     1402.503    0.056   0
        15    252.054    268.983 237.9631516 +32.9139627     5.35 0.0005741369  -9.3830  -9.5567   0.1086     6647.805     664.9958     1401.328    0.134   0
        16    568.219    409.613 237.9223079 +32.8997241    23.40   0.00251342 -16.9971 -17.0039   0.0003      6332020      1898.58     1372.305    0.229   4
        17     75.988    302.199 237.9857103 +32.9099579     7.49 0.0008044505 -11.0024 -11.3923   0.0204     36051.71     675.6656     1261.307    0.237   0
        18    885.904    308.054 237.8816686 +32.9113788     4.81 0.0005165115  -9.3450  -9.5073   0.1137     6352.264     664.9034      1265.51    0.104   0
        19    782.376    339.984 237.8949152 +32.9077069     4.57 0.0004912819 -12.1340 -12.2025   0.0099     76031.33     690.3898     1306.521    0.071   0
        20     77.506    330.521 237.9854666 +32.9069328     3.74 0.0004018395  -9.7101 -11.3740   0.0207      35450.2     675.7555     1272.783    0.586   0
        21     76.369    369.828 237.9855449 +32.9027259    10.49  0.001127127 -11.7753 -11.4665   0.0190     38601.33     676.8286     1255.902    0.423   2
        22    439.630    361.098 237.9389036 +32.9045883     6.15 0.0006607198  -9.4464  -9.6886   0.0963     7506.522     665.3746     1386.566    0.437   0
        23    155.194    373.574 237.9754147 +32.9025283     4.51 0.0004841506 -12.7839 -12.8416   0.0056     136969.9     712.0798     1399.045    0.032   0
        24    338.518    374.769 237.9518673 +32.9028693     4.46 0.0004794914  -8.9045  -9.4323   0.1218      5928.31      664.744     1390.792    0.048   0
        25    205.979    398.400 237.9688498 +32.9000034     4.53 0.0004863159 -11.8318 -11.9566   0.0123     60623.66     684.6789     1396.272    0.043   0
        26     76.894    442.497 237.9853524 +32.8949552     7.13 0.0007660225 -10.9447 -11.4771   0.0189     38980.73     677.2254     1253.942    0.163   2
        27    372.620    457.050 237.9473494 +32.8941561     4.44 0.0004766163  -9.9388 -10.1205   0.0648     11173.66     666.7137     1383.068    0.107   0
        28     76.045    484.587 237.9853889 +32.8904514     7.86 0.0008446492 -11.1550 -11.4369   0.0196     37564.31     676.4271      1243.37    0.430   2
        29    962.828    500.798 237.8714822 +32.8909542     4.50 0.0004835929 -12.6350 -12.6860   0.0065       118682     705.6652     1156.839    0.104   0
        30     78.812    553.643 237.9849148 +32.8830729    22.23  0.002388079 -12.7521 -11.5623   0.0175     42162.48     678.1243     1259.062    0.416   2
        31    230.977    529.696 237.9654164 +32.8860251     4.48 0.0004809691  -9.2536  -9.4259   0.1225     5893.562     664.7309     1384.025    0.203   0
        32    897.012    625.457 237.8797357 +32.8774591     3.73 0.0004007072  -8.3944  -9.0505   0.1729      4170.71     664.1013     1136.243    0.380   0
        33    998.897    984.002 237.8660881 +32.8393629     1.13 0.0001217282  -8.1430  -8.3560   0.3274       2199.8     663.1905     534.1228    0.013   0
        34    753.305    945.923 237.8976703 +32.8428278     4.47 0.0004805891 -12.6548 -12.6959   0.0064     119775.4     706.2635      1060.14    0.082   0
        35     83.336    890.877 237.9837541 +32.8470169     9.06 0.0009729158 -11.4974 -11.4978   0.0185     39729.64     677.3735     1161.868    0.196   2
        36    722.115    881.483 237.9017779 +32.8496421     4.32 0.0004642504 -11.8474 -11.9013   0.0129     57613.51     683.8332     1114.483    0.041   0
        37    439.054    617.899 237.9385499 +32.8771214     4.27 0.0004585274 -12.5796 -12.6330   0.0068     113026.8     703.8353     1355.986    0.015   0
        38    313.380    579.622 237.9547508 +32.8808959     4.96 0.0005322489  -9.4810  -9.4502   0.1197     6026.896     664.5381     1376.154    0.134   0
        39    613.819    543.467 237.9162321 +32.8855227     5.73 0.0006151816  -8.8526  -9.1013   0.1651     4370.197     664.2512     1317.389    0.156   0
        40    652.264   1005.453 237.9105418 +32.8362086     4.41 0.0004734427 -12.4921 -12.5249   0.0074     102320.3     699.9866      1090.76    0.051   0
        41    403.026    783.969 237.9428987 +32.8592686     2.98  0.000320613  -8.7038  -8.7429   0.2294     3141.667     663.6203     1300.518    0.014   0
        42     82.082    871.337 237.9839487 +32.8491035     7.38  0.000792607 -11.0665 -11.4900   0.0186     39444.85       677.36     1167.207    0.177   0
        43    778.123    834.506 237.8946643 +32.8548059     4.46 0.0004790777 -10.7373 -10.7685   0.0359     20295.62      670.144     1105.922    0.059   0
        44    154.139    811.860 237.9748012 +32.8556501     4.21 0.0004516766 -11.8318 -11.8813   0.0131     56560.07     683.4843     1315.945    0.019   0
        45     77.674    649.384 237.9848962 +32.8728303     8.36 0.0008974206 -11.2819 -11.5242   0.0181     40706.36     677.7522     1233.522    0.321   0
        46     84.994    834.738 237.9836378 +32.8530253     5.45 0.0005856041 -10.4660 -11.4738   0.0189     38861.55     676.9614     1203.176    0.449   0
        47     83.065    799.625 237.9839458 +32.8567758    12.19  0.001309129 -11.9631 -11.5462   0.0177     41542.09     678.0238     1207.391    0.227   0
        48     78.913    821.365 237.9844414 +32.8544400     5.33 0.0005724132 -10.4214 -11.4767   0.0189     38964.34      677.036     1172.627    0.282   0
        49    708.222    672.366 237.9039004 +32.8719730     4.95 0.0005312728  -8.7891  -8.4217   0.3082     2337.103     663.3171     1224.588    0.238   0
        50     82.052    773.271 237.9841211 +32.8595917     7.74 0.0008315806 -11.2516 -11.5506   0.0177     41709.77     678.0124     1213.645    0.438   0
        51     81.642    666.559 237.9843573 +32.8710037    13.26  0.001424232 -12.0660 -11.5792   0.0172     42824.14      678.533     1254.844    0.349   2
        52     79.223    727.542 237.9845629 +32.8644752    10.98  0.001178852 -11.9366 -11.5434   0.0178     41436.05      678.003         1214    0.736   2
        53    687.899    693.467 237.9064754 +32.8696654     4.15 0.0004461627 -11.5733 -11.6217   0.0166     44534.84      679.163      1225.28    0.068   0
        54     75.115    631.508 237.9852556 +32.8747356     5.52 0.0005931086 -10.4972 -11.4933   0.0186     39566.26     677.3315     1218.267    0.488   2
        55     80.593    680.579 237.9844678 +32.8695015    16.99  0.001825018 -12.6640 -11.6031   0.0168     43778.34     678.5368     1243.612    0.335   2
        56    533.353    667.846 237.9263596 +32.8720177     4.69 0.0005033229  -9.2375  -9.3509   0.1312     5500.038     664.6389     1309.244    0.130   0
        57    750.323    650.228 237.8985307 +32.8744457     4.32 0.0004634879  -9.6826  -9.7984   0.0870      8305.64     665.6188     1210.949    0.052   0
        58     78.077    607.132 237.9849171 +32.8773503    10.01  0.001075669 -11.6879 -11.4928   0.0186     39546.73     677.2877     1245.337    0.352   0
        59    587.869    950.943 237.9188958 +32.8418770     4.34 0.0004664025  -9.9017 -10.0734   0.0676     10699.12     666.4612     1147.921    0.079   0
        60    100.897    554.493 237.9820775 +32.8830390     5.08 0.0005460524  -8.9413  -8.3142   0.3404     2116.829     663.4962     1381.061    0.187   0
        61     82.991    943.997 237.9837071 +32.8413348     5.37 0.0005764862 -10.4538 -11.3968   0.0203     36201.66     675.8681     1135.555    0.415   2
        62    578.916    566.210 237.9206766 +32.8830026     6.62 0.0007113951  -9.5926  -9.5933   0.1050     6875.994     665.0256     1325.086    0.217   0
        63     87.630    991.947 237.9830294 +32.8362184     6.57 0.0007059574 -10.7910 -10.9761   0.0297     24571.99      671.756     1149.623    0.286   0
        64     87.673    902.252 237.9831779 +32.8458116     5.40 0.0005799157 -10.3661 -11.4411   0.0195     37708.59     676.5171     1185.029    0.637   0
