#   1 NUMBER                 Running object number                                     
#   2 X_IMAGE                Object position along x                                    [pixel]
#   3 Y_IMAGE                Object position along y                                    [pixel]
#   4 ALPHA_J2000            Right ascension of barycenter (J2000)                      [deg]
#   5 DELTA_J2000            Declination of barycenter (J2000)                          [deg]
#   6 FWHM_IMAGE             FWHM assuming a gaussian core                              [pixel]
#   7 FWHM_WORLD             FWHM assuming a gaussian core                              [deg]
#   8 MAG_BEST               Best of MAG_AUTO and MAG_ISOCOR                            [mag]
#   9 MAG_APER               Fixed aperture magnitude vector                            [mag]
#  10 MAGERR_APER            RMS error vector for fixed aperture mag.                   [mag]
#  11 FLUX_APER              Flux vector within fixed circular aperture(s)              [count]
#  12 FLUXERR_APER           RMS error vector for aperture flux(es)                     [count]
#  13 BACKGROUND             Background at centroid position                            [count]
#  14 ELLIPTICITY            1 - B_IMAGE/A_IMAGE                                       
#  15 FLAGS                  Extraction flags                                          
         1    751.763     60.051 327.8254787 +28.8507318     7.52 0.0008123459 -13.6402 -13.2437   0.0090     198371.1      1646.65     2723.753    0.381   3
         2    853.883     90.431 327.8127864 +28.8477165   112.67    0.0121708 -16.9378 -14.8348   0.0022     858891.3     1744.009     2411.151    0.485  19
         3    815.688     45.934 327.8176142 +28.8524153    76.46  0.008259915 -15.5960 -14.3318   0.0034     540415.6     1697.873     1229.953    0.790  19
         4    825.973     10.920 327.8164284 +28.8562148    96.29   0.01040179 -16.2858 -14.7429   0.0023     789179.7     1659.509    -313.0378    0.790  25
         5    477.770     11.641 327.8594544 +28.8552487     5.59 0.0006043657 -11.1314  99.0000  99.0000    -169925.3     1554.155     1834.033    0.379  16
         6    176.128     82.068 327.8965510 +28.8468783   114.50   0.01236928 -16.0738 -12.9535   0.0117       151840     1639.705     3152.557    0.920  18
         7    590.302     32.555 327.8454973 +28.8532835     6.43 0.0006942954 -12.3660  99.0000  99.0000    -62410.07     1616.161     2497.331    0.292   0
         8    564.479     84.324 327.8485607 +28.8476382     6.26 0.0006757641 -13.4731 -13.2365   0.0091     197066.7     1646.676      3641.64    0.236   0
         9    616.424     97.751 327.8421093 +28.8463241     5.85 0.0006317995 -12.9940 -13.0754   0.0105     169881.8     1642.184     3963.916    0.118   0
        10    734.519    109.352 327.8274892 +28.8453747     5.75 0.0006212252 -11.9086  -9.2585   0.3477     5051.375      1617.17     3983.708    0.124   0
        11    511.290    137.689 327.8550010 +28.8417507     5.07 0.0005478988 -10.5151  99.0000  99.0000    -28462.58     1616.298     3930.291    0.128   0
        12    586.147    194.176 327.8456131 +28.8358549     5.64 0.0006087506 -14.5332 -14.5915   0.0027     686433.5     1719.067      3973.07    0.072   0
        13    695.807    194.218 327.8320648 +28.8361302     5.75 0.0006212769 -14.2595 -14.3192   0.0034     534183.5     1696.128     3986.519    0.075   0
        14    120.147    190.491 327.9031947 +28.8350477     5.54 0.0005979783 -12.1966 -12.3385   0.0205     86175.12     1629.527     3502.833    0.097   0
        15    168.981    200.814 327.8971355 +28.8340626     5.10 0.0005506477  -9.9382 -10.9106   0.0760      23133.6     1619.188     3603.375    0.204   0
        16    386.862    219.628 327.8701709 +28.8326000     5.36 0.0005788431 -12.1544 -12.2336   0.0226     78244.66     1628.446     3885.432    0.105   0
        17    174.856    219.803 327.8963620 +28.8320315     5.49 0.0005935369 -11.7056 -11.8143   0.0332     53175.66     1624.092     3614.973    0.085   0
        18     94.844    244.616 327.9061841 +28.8291486     5.34  0.000577251 -12.5999 -12.6351   0.0157     113248.5     1633.404     3446.039    0.097   0
        19    797.801    243.194 327.8193444 +28.8311111     6.59 0.0007123052 -10.3171  -8.1753   0.9423     1862.579     1616.083     3985.479    0.155   0
        20    759.457    264.881 327.8240287 +28.8286767     5.60 0.0006054231 -12.5396 -12.6099   0.0160     110656.5      1633.46      3986.66    0.059   0
        21     72.373    269.592 327.9088971 +28.8263983     5.44 0.0005878761 -11.4453 -11.4031   0.0484     36412.85     1621.191     3390.469    0.125   0
        22    776.066    277.654 327.8219456 +28.8273422     5.32 0.0005743493 -10.0846 -10.9346   0.0744     23649.47     1619.678     3985.353    0.287   0
        23    412.672    284.218 327.8668218 +28.8257056     5.47 0.0005909833 -11.3218 -11.3956   0.0487      36162.6     1621.881     3906.384    0.081   0
        24     65.624    285.201 327.9096915 +28.8246985     7.08 0.0007650539 -10.0976 -10.0305   0.1708     10284.59     1617.202     3373.874    0.087   0
        25    610.593    295.201 327.8423446 +28.8250299     6.09 0.0006577518 -10.3032 -10.2420   0.1406      12496.5     1617.818     3972.322    0.138   0
        26    746.640    313.647 327.8254931 +28.8233886     6.68 0.0007218285 -10.2898 -10.6949   0.0927      18965.9     1619.274     3983.774    0.276   0
        27    291.615    330.458 327.8816611 +28.8204095     5.21 0.0005627056 -11.7059 -11.7685   0.0346     50979.26     1624.073     3797.931    0.134   0
        28    390.925    347.881 327.8693502 +28.8187887     5.23 0.0005655017 -11.9340 -12.0523   0.0267     66207.95     1626.642     3865.904    0.090   0
        29    149.416    340.793 327.8992005 +28.8189262     3.42  0.000369524  -9.5057  -9.6584   0.2405     7300.923     1616.695       3551.4    0.396   0
        30     88.516    354.789 327.9066879 +28.8172589     5.33 0.0005756527 -12.7834 -12.8343   0.0131       136061     1636.982      3418.14    0.081   0
        31    877.010    388.931 327.8092058 +28.8156052     5.64 0.0006089424 -11.4981 -12.2386   0.0225     78605.66      1628.32     3676.438    0.403   0
        32    878.277    469.216 327.8088548 +28.8069561    19.44  0.002099686 -13.7123 -12.7598   0.0140     127037.6     1635.739     3643.614    0.556   0
        33    758.099    385.094 327.8239034 +28.8157178     5.41 0.0005847923 -11.8197 -11.9153   0.0303     58361.94     1625.663     3964.403    0.086   0
        34    119.458    384.088 327.9027920 +28.8141823     5.29 0.0005710788 -12.1736 -12.2574   0.0221     79976.22     1628.666     3473.974    0.049   0
        35    756.076    397.620 327.8241227 +28.8143627     5.37 0.0005799748 -10.7050 -11.0130   0.0692     25422.17     1620.225     3958.673    0.088   0
        36    593.588    402.221 327.8441822 +28.8134529     3.44   0.00037108  -9.4253  -8.8221   0.5194     3379.266     1616.043     3927.157    0.414   0
        37    618.168    425.327 327.8410894 +28.8110256     5.20 0.0005616088 -12.2715 -12.3276   0.0207     85317.82     1629.305     3928.242    0.086   0
        38    445.434    425.817 327.8624239 +28.8105300     5.39 0.0005821371  -9.8876 -10.1730   0.1498     11727.04     1617.699     3869.766    0.328   0
        39    511.520    439.292 327.8542279 +28.8092475     5.62 0.0006070669  -9.4940  99.0000  99.0000    -14144.54     1616.206     3889.801    0.213   0
        40    284.252    446.939 327.8822796 +28.8078374     5.22 0.0005639578 -10.8612 -10.8187   0.0827     21255.37     1619.308     3760.491    0.113   0
        41    178.458    457.729 327.8953195 +28.8063998     4.93  0.000532924 -10.1291 -10.1144   0.1581     11111.56     1617.833     3563.557    0.161   0
        42    493.527    486.305 327.8563342 +28.8041347     5.06 0.0005466386 -12.1505 -12.2276   0.0227     77812.48     1628.244     3867.143    0.092   0
        43    548.913    496.810 327.8494676 +28.8031447     5.14 0.0005550064 -11.5951 -11.8024   0.0335     52594.45     1624.321     3884.685    0.115   0
        44    881.962    506.789 327.8083087 +28.8029162     9.79    0.0010571 -12.4125 -12.3503   0.0203     87122.27       1629.4      3549.32    0.609   2
        45    687.145    918.125 327.8313647 +28.7580925     4.73  0.000511126 -11.1058 -11.2094   0.0578     30461.31     1620.957     3282.919    0.158   0
        46    882.175    810.738 327.8075469 +28.7701599   176.45   0.01906138 -16.5017 -13.2717   0.0088     203563.4     1647.438     3173.008    0.945  24
        47      5.755   1007.626 327.9152580 +28.7466870    37.50  0.004051309 -13.9920 -12.5217   0.0148     102019.4     1388.031     360.4866    0.769  26
        48    852.297   1009.075 327.8107554 +28.7487095     5.25 0.0005675628 -10.3857  99.0000  99.0000    -2048.397     1616.298     3103.223    0.243   0
        49    456.621    992.301 327.8596406 +28.7495089     5.47 0.0005909027  -9.9928  -9.9022   0.1922     9139.015     1617.802     2849.181    0.276   0
        50    365.388    983.326 327.8709251 +28.7502411     5.25 0.0005673222 -12.6424 -12.7203   0.0145     122500.5     1634.955     2750.632    0.121   0
        51    236.872    987.140 327.8867802 +28.7494975     4.52 0.0004882569  -9.4445  99.0000  99.0000    -16884.31     1616.252     2553.166    0.197   0
        52    322.557    795.443 327.8766803 +28.7703785     4.82 0.0005207724 -11.9302 -11.9637   0.0289     61022.82     1625.936     3280.003    0.070   0
        53    790.757    827.455 327.8187936 +28.7681270     4.77 0.0005156538 -10.3831 -10.4558   0.1155     15216.32     1618.604     3545.373    0.165   0
        54    851.275    830.099 327.8113152 +28.7679953     4.79 0.0005177277 -11.4583 -11.8869   0.0310     56851.71     1625.022     3449.039    0.125   0
        55    302.803    799.792 327.8791083 +28.7698587     5.74 0.0006201818 -10.3933 -10.5495   0.1060     16588.08     1618.359     3240.867    0.065   0
        56    600.141    804.879 327.8423838 +28.7700751     4.91 0.0005306733 -10.0538  -9.8873   0.1949     9014.101      1617.92     3503.876    0.145   0
        57    647.370    785.177 327.8366008 +28.7723189     4.92 0.0005320195 -10.2737  -9.9387   0.1859     9450.916     1617.439     3583.174    0.031   0
        58    706.603    769.281 327.8293260 +28.7741829     4.71 0.0005087373 -10.3900 -10.3826   0.1235     14224.13     1618.222     3645.691    0.053   0
        59    467.052    891.509 327.8586021 +28.7603980     5.21  0.000562789 -10.4794 -10.2193   0.1436     12237.93      1618.19     3157.104    0.157   0
        60     53.010    794.972 327.9099617 +28.7697281     4.77  0.000515084  -9.8034  -9.0508   0.4207     4171.631     1616.166     2806.212    0.013   0
        61    413.035    567.255 327.8660749 +28.7952038     4.88 0.0005269035 -14.2937 -14.3506   0.0034     549833.8     1699.173     3805.984    0.054   0
        62    628.778    740.118 327.8390068 +28.7771275     4.77 0.0005151876 -12.1760 -12.2217   0.0228     77389.61     1628.179     3670.755    0.090   0
        63    234.190    715.799 327.8877901 +28.7787327     5.21 0.0005630224 -10.8932 -10.7770   0.0859     20454.31     1618.682     3326.655    0.091   0
        64     81.232    730.512 327.9066398 +28.7767487     6.32 0.0006827158 -10.8312 -11.2233   0.0571     30854.04     1620.881     3006.529    0.099   0
        65    784.485    657.968 327.8199802 +28.7863770     3.75  0.000404885  -9.3643  -9.1102   0.3985     4406.209     1616.888     3852.381    0.381   0
        66    691.065    599.558 327.8316594 +28.7924345     5.31 0.0005741052 -10.5681 -10.7209   0.0905      19425.5     1619.071      3895.64    0.180   0
        67    536.993    602.694 327.8506788 +28.7917031     4.89 0.0005278467 -12.6886 -12.7600   0.0140     127056.2     1635.651     3849.782    0.090   0
        68     86.940    649.715 327.9061387 +28.7854710     6.55 0.0007078467 -10.1742 -10.3059   0.1326     13254.66     1618.438     3175.012    0.067   0
        69    409.167    686.128 327.8662577 +28.7823829     4.74 0.0005117112 -13.8242 -13.8600   0.0052     349940.5     1669.547     3625.261    0.050   0
        70    436.993    655.465 327.8628975 +28.7857591     4.74 0.0005116301 -12.7311 -12.7671   0.0139     127888.7     1635.824     3707.313    0.084   0
        71    781.479    980.791 327.8195663 +28.7515785     4.80 0.0005188702 -14.4225 -14.4689   0.0030     613154.6     1708.247     3176.771    0.117   0
        72    625.342    977.766 327.8388485 +28.7515074     4.92 0.0005312157 -10.9282 -11.0580   0.0664     26497.28     1620.391     3055.905    0.168   0
        73    654.179    848.991 327.8356038 +28.7654590     4.61 0.0004978471 -13.1231 -13.1805   0.0095       187160     1644.228     3441.303    0.111   0
        74    547.940    618.839 327.8492872 +28.7899911     4.83 0.0005220865 -10.7393 -10.8409   0.0811     21695.23     1619.696     3837.482    0.111   0
        75    298.216    586.560 327.8802065 +28.7928267     5.03 0.0005434666 -12.4400 -12.5915   0.0163     108793.4     1632.586     3648.136    0.044   0
        76     22.671    559.011 327.9143045 +28.7950778     5.10 0.0005505608 -10.1278 -10.1224   0.1570     11193.86     1617.937     3131.992    0.168   0
        77    342.372    848.544 327.8741016 +28.7647071     4.98 0.0005375465 -10.4217 -10.2787   0.1360      12926.5     1618.433     3148.901    0.114   0
        78    112.885    866.515 327.9023891 +28.7621744     5.21 0.0005626912 -10.6132  99.0000  99.0000    -5349.207     1615.978     2734.836    0.184   0
        79    178.190    929.158 327.8941695 +28.7555937     3.91  0.000422783  -9.5061  99.0000  99.0000    -11943.28     1615.886      2652.74    0.259   0
        80    287.387    881.539 327.8808078 +28.7610089     5.23  0.000564645 -10.2965  -9.9766   0.1795     9786.865     1617.628     2979.895    0.028   0
