#   1 NUMBER                 Running object number                                     
#   2 X_IMAGE                Object position along x                                    [pixel]
#   3 Y_IMAGE                Object position along y                                    [pixel]
#   4 ALPHA_J2000            Right ascension of barycenter (J2000)                      [deg]
#   5 DELTA_J2000            Declination of barycenter (J2000)                          [deg]
#   6 FWHM_IMAGE             FWHM assuming a gaussian core                              [pixel]
#   7 FWHM_WORLD             FWHM assuming a gaussian core                              [deg]
#   8 MAG_BEST               Best of MAG_AUTO and MAG_ISOCOR                            [mag]
#   9 MAG_APER               Fixed aperture magnitude vector                            [mag]
#  10 MAGERR_APER            RMS error vector for fixed aperture mag.                   [mag]
#  11 FLUX_APER              Flux vector within fixed circular aperture(s)              [count]
#  12 FLUXERR_APER           RMS error vector for aperture flux(es)                     [count]
#  13 BACKGROUND             Background at centroid position                            [count]
#  14 ELLIPTICITY            1 - B_IMAGE/A_IMAGE                                       
#  15 FLAGS                  Extraction flags                                          
         1     10.128     81.120 237.9942631 +32.9334618    62.02  0.006664146 -13.3256 -12.4809   0.0073     98256.38      656.212     422.2401    0.608  24
         2    141.935     88.402 237.9773053 +32.9330488    38.62  0.004149549 -12.9341 -11.6286   0.0164     44815.16     675.5623     1159.918    0.714   0
         3    192.928     30.405 237.9708195 +32.9393935    30.76  0.003304945 -12.2457 -11.6025   0.0168     43750.23     675.2408     720.1678    0.203   1
         4    136.462     10.905 237.9781051 +32.9413233    85.82  0.009222405 -14.5554 -13.3181   0.0036     212440.4     705.8985     309.0677    0.744  24
         5    420.348     90.604 237.9415018 +32.9335787     5.00 0.0005374969 -11.4996 -11.5714   0.0172     42517.43     674.6932     1321.452    0.076   0
         6    914.335     87.725 237.8779823 +32.9352196     5.18 0.0005569661 -11.9595 -11.8004   0.0140     52498.31     678.4901     1187.913    0.118   0
         7     64.853    110.509 237.9871894 +32.9304704    19.09  0.002051626  -9.7531  99.0000  99.0000    -6681.113      658.881     861.2672    0.553   0
         8    154.595    128.189 237.9756281 +32.9288280     3.44 0.0003693913  -7.6207  99.0000  99.0000    -18032.75     658.5827     1364.282    0.413   0
         9    551.358    138.651 237.9245987 +32.9287960     4.71 0.0005065944 -10.9869 -10.7355   0.0368     19688.16     666.3647     1363.917    0.065   0
        10    985.918    194.165 237.8686593 +32.9240246     4.80 0.0005157207 -14.7605 -14.7971   0.0012     829566.6     921.3484     1240.826    0.066   0
        11     78.475    233.277 237.9852846 +32.9173762     5.56 0.0005973614 -10.4028 -11.4351   0.0195     37501.15      673.051     1273.152    0.508   0
        12    180.229    255.067 237.9721756 +32.9153272     4.77 0.0005128753 -11.9043 -11.9890   0.0119     62459.95     682.1867     1398.371    0.084   0
        13     70.066    248.581 237.9863466 +32.9157159     7.93 0.0008518979 -11.2532 -11.5169   0.0181     40436.24     674.0492     1221.077    0.560   0
        14    250.013    269.138 237.9631868 +32.9140145     5.50 0.0005907058  -9.3994  -9.7398   0.0913     7869.267     661.8044      1397.67    0.250   0
        15     78.556    267.863 237.9852310 +32.9136769     6.36  0.000683584  -8.8317 -11.4484   0.0193     37962.47     673.0764     1279.343    0.405   1
        16     72.950    269.636 237.9859494 +32.9134717     6.31 0.0006781529  -8.9994 -11.4875   0.0186     39356.42     673.6486     1240.284    0.497   1
        17     75.161    340.180 237.9855771 +32.9059320     5.79 0.0006222083 -10.4635 -11.4195   0.0198     36964.28     672.6324     1250.706    0.561   0
        18    566.388    409.740 237.9223483 +32.8998391    18.44  0.001981921 -16.9922 -16.9984   0.0003      6300072     1893.175     1369.965    0.250   4
        19     75.976    301.304 237.9855209 +32.9100927     4.25 0.0004563626  -9.8592 -11.4159   0.0198     36842.36     672.6784     1259.051    0.078   0
        20    883.748    308.480 237.8816677 +32.9115245     4.99 0.0005366353  -9.2975  -9.3525   0.1303     5507.825     661.0233     1264.209    0.287   0
        21    780.552    340.118 237.8948984 +32.9078641     4.52 0.0004854565 -12.1432 -12.2245   0.0096     77592.27     687.7635     1304.173    0.040   0
        22    153.397    373.680 237.9754785 +32.9025654     4.60 0.0004943503 -12.7857 -12.8302   0.0057       135539     708.3232     1396.292    0.065   0
        23    432.843    350.847 237.9395845 +32.9057755     3.92 0.0004217041  -8.2507  -8.9932   0.1813     3956.339     660.4177     1385.852    0.258   0
        24    437.531    360.791 237.9389700 +32.9047246     5.14 0.0005523939  -9.0457  -9.4715   0.1168     6146.306     661.1719     1385.146    0.268   0
        25     76.205    380.715 237.9853923 +32.9015991     5.41 0.0005808667 -10.4720 -11.4779   0.0188     39007.46     673.4826     1251.816    0.500   2
        26     76.680    369.799 237.9853449 +32.9027680     4.87 0.0005233291 -10.1392 -11.4681   0.0189      38657.4     673.2979     1260.261    0.720   0
        27    337.196    374.887 237.9518508 +32.9029424     4.97 0.0005341501  -8.9997  -9.3148   0.1349     5320.026     660.8594     1388.614    0.313   0
        28    204.172    398.565 237.9689211 +32.9000438     4.58 0.0004925394 -11.8117 -11.9191   0.0126     58566.33     680.7042     1394.227    0.096   0
        29     76.354    399.864 237.9853493 +32.8995511     7.07 0.0007595378 -10.9579 -11.4769   0.0188     38971.19     673.4144     1248.537    0.361   0
        30     76.929    424.981 237.9852440 +32.8968661     5.90 0.0006341842 -10.4827 -11.4561   0.0191     38233.13     673.2681     1251.719    0.561   0
        31     77.208    434.466 237.9851963 +32.8958523     7.12 0.0007645706 -10.8629 -11.4515   0.0192     38070.25     673.1711     1251.238    0.740   2
        32     76.393    445.513 237.9852873 +32.8946683     5.80 0.0006234163 -10.6658 -11.4628   0.0190     38471.44     673.2289     1244.013    0.600   2
        33    370.845    457.270 237.9474263 +32.8942224     4.92 0.0005288795  -9.8370 -10.1441   0.0631     11419.37     663.1257     1381.168    0.053   0
        34     78.794    466.232 237.9849528 +32.8924587     5.20 0.0005587285 -10.2237 -11.4112   0.0199     36683.15     672.3818     1262.748    0.560   0
        35     74.803    474.402 237.9854556 +32.8915738     3.45 0.0003703909  -9.5599 -11.4228   0.0197     37078.27     672.5652     1235.856    0.408   0
        36    960.872    500.929 237.8715389 +32.8911443     4.44 0.0004768947 -12.6333 -12.6799   0.0065     118021.9     702.3058     1155.656    0.037   0
        37     77.874    643.068 237.9848505 +32.8735408    14.41  0.001547944 -12.1157 -11.5171   0.0181     40441.02     674.0874     1233.951    0.570   2
        38     78.227    553.587 237.9849167 +32.8831131    21.15  0.002272299 -12.6286 -11.5484   0.0176      41625.8     674.1989     1249.854    0.260   2
        39    229.172    529.808 237.9655469 +32.8860741     6.14 0.0006596905  -9.2473  -9.6071   0.1031     6963.973     661.2581     1381.033    0.161   0
        40     82.680    946.324 237.9838550 +32.8411160     4.51 0.0004841523  -9.9328 -11.3877   0.0203     35897.74     672.4368     1133.306    0.491   0
        41     82.406    924.211 237.9839177 +32.8434805     3.45 0.0003704434  -9.4120 -11.3522   0.0210     34743.13     671.6601     1137.344    0.414   0
        42     83.920    782.828 237.9838994 +32.8586080     8.15 0.0008759146 -11.2335 -11.4751   0.0188     38907.84     673.4456     1220.761    0.709   0
        43     85.816    912.784 237.9834940 +32.8447123     3.47 0.0003723952  -9.4401 -11.3755   0.0206      35498.7     671.9596     1166.309    0.655   0
        44    650.361   1005.565 237.9108641 +32.8363329     4.49 0.0004823306 -12.5000 -12.5443   0.0073     104165.5     697.2854     1089.926    0.115   0
        45    720.205    881.615 237.9020348 +32.8497796     4.32 0.0004638526 -11.8491 -11.8983   0.0129     57453.88     680.0427     1114.506    0.074   0
        46    152.275    812.012 237.9750811 +32.8556756     4.28 0.0004601931 -11.8155 -11.8468   0.0135     54794.35     679.2813     1314.218    0.102   0
        47     84.337    865.952 237.9837423 +32.8497176     5.88 0.0006315708 -10.6523 -11.4673   0.0189     38630.19     673.2696     1179.887    0.559   0
        48     81.773    840.727 237.9841031 +32.8524087     8.64 0.0009280076 -11.4677 -11.4924   0.0185     39532.38     673.6956     1180.327    0.528   0
        49     98.415    554.715 237.9823209 +32.8830485     5.47 0.0005878086  -9.2370  -9.7185   0.0931     7715.999      661.728     1377.928    0.095   0
        50     85.104    818.991 237.9837022 +32.8547430     6.93 0.0007448524 -10.9782 -11.4832   0.0187      39201.2     673.5728     1209.632    0.297   0
        51    776.155    834.610 237.8949005 +32.8549579     4.39 0.0004722218 -10.7253 -10.7748   0.0355     20413.28     666.4893     1105.496    0.052   0
        52     81.415    803.000 237.9841961 +32.8564433     8.22 0.0008828319 -11.2246 -11.5197   0.0180     40539.64      673.723     1192.859    0.506   0
        53     76.925    756.070 237.9848314 +32.8614507    10.85  0.001166245 -11.8084 -11.4899   0.0186     39441.55     673.7531     1188.445    0.438   2
        54    706.474    672.703 237.9040389 +32.8720894     4.97 0.0005339272  -8.7390  -8.2461   0.3603      1988.05     659.6349     1222.874    0.034   0
        55    400.923    783.699 237.9431696 +32.8593876     5.44 0.0005850508  -8.8325  -8.8738   0.2023     3544.077     660.2244     1299.646    0.115   0
        56    894.685    624.983 237.8799069 +32.8776983     3.65 0.0003920205  -8.6229  -8.7567   0.2253     3181.779     660.0685     1135.622    0.085   0
        57    531.322    668.123 237.9265516 +32.8721056     3.86 0.0004148424  -9.2580  -9.3239   0.1338      5364.91     660.9878     1308.044    0.036   0
        58     85.536    900.131 237.9835456 +32.8460649    10.41  0.001118327 -11.3526 -11.4984   0.0184     39753.45     673.7959     1173.364    0.791   0
        59    686.090    693.622 237.9066342 +32.8697968     4.26 0.0004576052 -11.5599 -11.6131   0.0166     44180.75     675.4002     1224.237    0.072   0
        60     80.863    722.172 237.9843677 +32.8650876    17.17  0.001845537 -12.4745 -11.5676   0.0173     42369.06     674.8203     1227.715    0.549   2
        61     79.549    655.372 237.9846198 +32.8722292    18.82  0.002022709 -13.0459 -11.5530   0.0175     41801.14      674.537      1243.62    0.694   2
        62    437.211    618.022 237.9387046 +32.8772086     4.32 0.0004646917 -12.5780 -12.6225   0.0068     111948.1     699.7719     1354.588    0.069   0
        63    311.687    579.612 237.9548818 +32.8809737     4.74 0.0005089888  -9.5860  -9.8084   0.0858     8382.187     662.0353     1373.123    0.083   0
        64    748.438    650.249 237.8986722 +32.8746041     4.44 0.0004776464  -9.5731  -9.6567   0.0986     7289.346     661.6782     1209.151    0.123   0
        65     82.839    879.893 237.9839173 +32.8482222     4.51 0.0004847136 -10.0063 -11.4634   0.0190      38491.3     673.2545     1166.481    0.208   0
        66    612.246    543.485 237.9162978 +32.8856571     5.97 0.0006413742  -8.7155  -8.7416   0.2285      3138.02      660.145     1318.483    0.054   0
        67    751.431    946.050 237.8979497 +32.8429712     4.42 0.0004746887 -12.6521 -12.6859   0.0064     118679.4     702.4698     1061.092    0.091   0
        68    576.927    566.586 237.9208100 +32.8830905     7.60 0.0008169332  -9.5541  -9.6602   0.0983     7312.566     661.6498     1323.164    0.292   0
        69     85.722    992.151 237.9834072 +32.8362225     6.86 0.0007367773 -11.1087 -11.1663   0.0249      29276.6     669.9524      1131.08    0.099   0
        70    586.030    951.068 237.9191910 +32.8419883     4.37 0.0004698052  -9.9480 -10.0096   0.0713     10089.01     662.6981     1148.883    0.088   0
