#   1 NUMBER                 Running object number                                     
#   2 X_IMAGE                Object position along x                                    [pixel]
#   3 Y_IMAGE                Object position along y                                    [pixel]
#   4 ALPHA_J2000            Right ascension of barycenter (J2000)                      [deg]
#   5 DELTA_J2000            Declination of barycenter (J2000)                          [deg]
#   6 FWHM_IMAGE             FWHM assuming a gaussian core                              [pixel]
#   7 FWHM_WORLD             FWHM assuming a gaussian core                              [deg]
#   8 MAG_BEST               Best of MAG_AUTO and MAG_ISOCOR                            [mag]
#   9 MAG_APER               Fixed aperture magnitude vector                            [mag]
#  10 MAGERR_APER            RMS error vector for fixed aperture mag.                   [mag]
#  11 FLUX_APER              Flux vector within fixed circular aperture(s)              [count]
#  12 FLUXERR_APER           RMS error vector for aperture flux(es)                     [count]
#  13 BACKGROUND             Background at centroid position                            [count]
#  14 ELLIPTICITY            1 - B_IMAGE/A_IMAGE                                       
#  15 FLAGS                  Extraction flags                                          
         1      9.741     81.867 200.8942144 +36.1184853    60.25  0.006502477 -13.1248 -12.2477   0.0079     79263.22     573.6675     442.8618    0.621  24
         2    192.328     29.512 200.8698414 +36.1246342    28.12  0.003034805 -11.9003 -11.3790   0.0181     35612.03     593.5002     674.7301    0.258   1
         3    135.809     10.774 200.8774532 +36.1264895    84.89  0.009161981 -14.2977 -13.0323   0.0041     163275.5     618.0451     360.4789    0.747  24
         4    145.599     85.252 200.8759987 +36.1185075    34.41  0.003713509 -12.5627 -11.3753   0.0182     35491.44     593.2422     1007.482    0.708   0
         5    305.835     27.508 200.8546305 +36.1251695     3.98 0.0004292193  -9.9867  99.0000  99.0000    -39102.52     578.2231     836.9966    0.197   0
         6    393.236     83.291 200.8428109 +36.1194152     4.72 0.0005090219 -11.2983 -11.2066   0.0211      30382.5     591.1973     1101.955    0.088   0
         7     63.685    104.937 200.8869398 +36.1161579    12.32  0.001329353 -10.2362  99.0000  99.0000    -11301.81     578.3376     759.0422    0.465   0
         8    554.748     91.303 200.8211479 +36.1190031     5.94 0.0006407613  -9.6676  -9.7751   0.0777     8128.825     581.7595     1124.033    0.205   0
         9    745.873    199.302 200.7953362 +36.1079152     7.24 0.0007809388  -9.6896 -10.0511   0.0604     10482.02     582.8024     1153.265    0.301   0
        10     78.844    252.567 200.8846246 +36.1003243     6.00 0.0006472289 -10.3928 -11.2881   0.0196     32753.27      592.215     1109.361    0.580   0
        11    324.474    258.481 200.8516987 +36.1003818     4.24 0.0004580526 -12.7338 -12.7993   0.0052     131746.6     632.7154     1197.802    0.060   0
        12     75.804    408.391 200.8847327 +36.0835577     2.12  0.000228581  -9.3533 -11.1845   0.0216     29770.95     590.8265     1087.118    0.426   0
        13    705.370    422.702 200.8003610 +36.0837783     4.08 0.0004405759 -10.0156 -10.1785   0.0537     11787.38     583.3621     1141.639    0.096   0
        14    884.398    422.192 200.7763765 +36.0843227     3.44 0.0003711461  -8.4220  -9.2880   0.1214     5190.361     580.3324     1074.012    0.416   0
        15    346.273    436.226 200.8484451 +36.0813274     5.54 0.0005980427  -9.2886  -9.4682   0.1030     6127.245     580.9313     1192.587    0.179   0
        16     76.993    436.999 200.8845184 +36.0804845     4.15 0.0004475331  -9.4668 -11.1750   0.0217     29512.91     590.7494     1090.145    0.425   0
        17    735.620    488.062 200.7961906 +36.0768322     3.81 0.0004110297 -11.3411 -11.4077   0.0176     36566.96     593.8864     1114.231    0.077   0
        18     92.143    518.838 200.8823320 +36.0717262     3.99 0.0004309546 -11.4666 -11.6639   0.0140     46297.24     598.0001     1162.564    0.073   0
        19     83.440    804.574 200.8829500 +36.0409722     4.83 0.0005211582  -9.8837 -11.2336   0.0206     31149.35     591.5055      1053.91    0.480   0
        20    370.995   1005.383 200.8440721 +36.0201868     3.98 0.0004299386  -8.7950  -8.8142   0.1876     3354.834     579.4595      1057.08    0.213   0
        21     78.280    776.460 200.8836948 +36.0439810     6.68 0.0007209482 -10.6369 -11.2830   0.0197     32597.55      592.277     1039.874    0.668   0
        22    690.011    768.998 200.8017931 +36.0464936     3.66 0.0003953894  -7.9640  -8.2575   0.3129     2009.141     578.9114     1045.891    0.011   0
        23     78.994    710.707 200.8837253 +36.0510544     4.28 0.0004621886  -9.7917 -11.2575   0.0202     31840.62     591.8135     1065.152    0.628   0
        24     80.029    655.137 200.8836932 +36.0570336     7.95 0.0008577865 -11.0565 -11.2902   0.0196     32816.18     592.3373     1084.369    0.498   0
        25    149.017    653.083 200.8744578 +36.0574501    -4.75 -0.0005129217  -8.1236  99.0000  99.0000    -1749.023     578.2394     1181.735    0.004   0
        26     78.838    608.327 200.8839426 +36.0620644     3.97  0.000428502  -9.5446 -11.1801   0.0216     29652.03     590.9523     1089.171    0.713   0
        27     82.154    692.163 200.8833377 +36.0530577     3.85 0.0004156003  -9.5732 -11.2719   0.0199     32265.98      592.121     1085.314    0.265   0
        28     80.554    675.854 200.8835832 +36.0548071     5.75 0.0006201736 -10.2716 -11.3360   0.0188     34229.65     592.8857     1084.697    0.431   0
        29    201.002    796.148 200.8672244 +36.0422113     3.59  0.000387498  -8.7723  -9.5033   0.0997     6328.548     580.8388     1146.934    0.196   0
        30     84.497    895.983 200.8826333 +36.0311447     3.73 0.0004022533  -9.3668 -11.2773   0.0198     32427.88     592.1415     1022.599    0.374   0
        31    652.458    877.139 200.8066259 +36.0347601     4.54 0.0004902112  -9.0954  -9.3277   0.1171     5383.454     580.4971      1019.45    0.149   0
        32     78.409    729.389 200.8837677 +36.0490436     3.46 0.0003732649  -9.3553 -11.2794   0.0198     32490.53     591.8643     1055.321    0.707   0
        33    671.796    972.790 200.8038637 +36.0245266     3.98  0.000429134 -10.5974 -10.7026   0.0333     19100.06     586.2455     973.5137    0.144   0
        34     75.997    857.179 200.8838457 +36.0352937     5.89 0.0006354998 -10.2805 -11.1454   0.0223      28719.3     590.2852      1002.13    0.681   0
        35    612.662    856.826 200.8119911 +36.0368349     3.70 0.0003994183 -10.3168 -10.4753   0.0410     15493.03     584.9803     1042.436    0.079   0
