#   1 NUMBER                 Running object number                                     
#   2 X_IMAGE                Object position along x                                    [pixel]
#   3 Y_IMAGE                Object position along y                                    [pixel]
#   4 ALPHA_J2000            Right ascension of barycenter (J2000)                      [deg]
#   5 DELTA_J2000            Declination of barycenter (J2000)                          [deg]
#   6 FWHM_IMAGE             FWHM assuming a gaussian core                              [pixel]
#   7 FWHM_WORLD             FWHM assuming a gaussian core                              [deg]
#   8 MAG_BEST               Best of MAG_AUTO and MAG_ISOCOR                            [mag]
#   9 MAG_APER               Fixed aperture magnitude vector                            [mag]
#  10 MAGERR_APER            RMS error vector for fixed aperture mag.                   [mag]
#  11 FLUX_APER              Flux vector within fixed circular aperture(s)              [count]
#  12 FLUXERR_APER           RMS error vector for aperture flux(es)                     [count]
#  13 BACKGROUND             Background at centroid position                            [count]
#  14 ELLIPTICITY            1 - B_IMAGE/A_IMAGE                                       
#  15 FLAGS                  Extraction flags                                          
         1    840.406     79.927 238.0186252 +32.9332325   135.46   0.01455518 -14.5693 -12.4615   0.0058     96512.54     516.7026      758.043    0.612  16
         2    823.019      9.533 238.0209815 +32.9407163    82.99  0.008917786 -13.5546 -12.3694   0.0059     88670.21     481.8323     434.5263    0.793  24
         3    491.134     47.029 238.0635932 +32.9358454     4.76 0.0005112165  -9.5722  99.0000  99.0000    -1352.073      467.747     794.1479    0.105   0
         4    925.008     46.067 238.0078043 +32.9370706     1.36 0.0001460493  -6.9944  99.0000  99.0000     -12237.7     399.0229     568.3036    0.059  16
         5    246.931     71.783 238.0949491 +32.9325555     6.76 0.0007267198  -9.9282 -10.6027   0.0297     17421.87     476.9937     837.4052    0.269   0
         6     64.429    116.787 238.1183325 +32.9272572     4.85 0.0005214156 -13.7573 -13.7973   0.0020     330312.8      619.482       877.47    0.057   0
         7    729.131    126.052 238.0328536 +32.9280128     4.78 0.0005135262 -10.2082  -9.5851   0.0750     6824.107     471.2883     949.0051    0.063   0
         8    750.914    130.627 238.0300449 +32.9275798     4.65 0.0005000887  -9.8866  -7.2522   0.6388     795.9158     468.1722     949.2097    0.038   0
         9    623.730    135.996 238.0463881 +32.9266762     4.21 0.0004527002  -7.8804  99.0000  99.0000    -2466.341     467.6941     946.9855    0.049   0
        10    370.919    146.766 238.0788731 +32.9248635     9.78  0.001051074  -9.7463  -9.7934   0.0620     8266.878     472.1317      933.806    0.422   0
        11    747.989    146.719 238.0303933 +32.9258512     4.23 0.0004541088  -7.8656  99.0000  99.0000    -2336.016     467.6941      949.686    0.073   0
        12    700.025    193.967 238.0364782 +32.9206742     5.23 0.0005624572 -11.7957 -11.8681   0.0097     55879.66     496.6789     950.5911    0.038   0
        13    322.016    189.219 238.0850846 +32.9201945     4.97 0.0005336335  -9.7577  -9.8232   0.0603     8497.178      472.057     930.1255    0.073   0
        14    477.148    185.891 238.0651463 +32.9209579     5.81 0.0006238917  -9.1322  -9.4194   0.0873     5858.156     470.8676      942.488    0.085   0
        15    111.623    258.024 238.1120073 +32.9122783     4.77 0.0005130283 -13.7315 -13.7736   0.0021     323180.6     616.6773     892.2017    0.063   0
        16    761.178    278.751 238.0284702 +32.9117647     4.70  0.000504841 -12.1560 -12.2336   0.0070     78239.16     507.8087     950.5203    0.058   0
        17    234.244    278.136 238.0962082 +32.9104531     7.56 0.0008123933  -9.9499 -10.3001   0.0391     13184.07     474.7022     918.5724    0.390   0
        18    580.264    329.701 238.0516376 +32.9058470     4.76  0.000511737 -11.2563 -11.3619   0.0151     35056.27     486.1483     943.3621    0.051   0
        19      5.387    319.617 238.1255506 +32.9054073     6.79 0.0007290958  -8.7754  -8.4899   0.1718      2488.63     393.7689     862.8405    0.225  16
        20    286.773    343.412 238.0893386 +32.9036110     4.84 0.0005204118 -11.0757 -11.1363   0.0184     28479.42     482.5235     925.9261    0.090   0
        21    801.377    336.803 238.0232030 +32.9056597     0.74 7.916916e-05  -7.0276  99.0000  99.0000    -1084.887      467.575     949.3593    0.326   0
        22     42.839    347.065 238.1206862 +32.9025720     4.86 0.0005216983  -9.0194  -9.1036   0.1166     4379.633     470.0293     872.0848    0.102   0
        23    449.919    384.288 238.0682958 +32.8996686     4.87  0.000523243 -10.7758 -10.8557   0.0237     21992.68     479.3317     936.3499    0.062   0
        24    510.471    435.112 238.0604233 +32.8943915     4.71 0.0005064306 -12.0976 -12.1509   0.0076     72502.36     505.0378     936.0422    0.068   0
        25    157.889    452.526 238.1057068 +32.8916001     5.10 0.0005481017  -9.8496  -9.8103   0.0611     8396.575     472.2266     894.5398    0.007   0
        26    542.017    460.009 238.0563252 +32.8918112     4.14 0.0004451054  -8.5811  -9.1091   0.1159     4401.739     469.9094     936.4361    0.422   0
        27    269.300    494.375 238.0913131 +32.8874198     4.78 0.0005131762 -12.4014 -12.4632   0.0058     96663.12     516.8593     915.3103    0.059   0
        28     12.830    495.652 238.1242703 +32.8866010     5.02 0.0005393595 -10.4438 -10.4107   0.0346        14597     465.3402     852.4329    0.137  16
        29    439.226    502.133 238.0694614 +32.8870373     4.79 0.0005144583  -9.6302  -9.6840   0.0685      7474.68     471.7514     931.0336    0.114   0
        30    778.186    515.346 238.0258772 +32.8865051     4.41 0.0004737644  -8.4858  -8.8103   0.1525     3342.993     469.5172     940.7389    0.226   0
        31    809.678    867.658 238.0212267 +32.8489072     4.75 0.0005102303 -12.7540 -12.8076   0.0044     132753.5     534.0423     881.1801    0.037   0
        32    511.904   1025.955 238.0592002 +32.8312062     6.06 0.0006512879  -8.5264  -7.4783   0.4182     980.1721     377.4786     808.9998    0.258  16
        33    799.540   1019.513 238.0222689 +32.8326406     4.95 0.0005317308  -9.8103  -9.6873   0.0645     7497.765     445.5428      841.558    0.061  16
        34    301.084    757.836 238.0867563 +32.8593274     4.90 0.0005269479 -10.8035 -10.8828   0.0231     22548.57     479.6215     869.4144    0.082   0
        35    719.095    711.070 238.0331332 +32.8654205    11.38  0.001222724 -10.0211 -10.0055   0.0511     10050.57     473.1275     918.3597    0.376   0
        36    882.741    811.731 238.0119361 +32.8550760     4.67 0.0005021103  -9.4918 -10.9760   0.0212     24570.33     480.6613     847.4943    0.763   0
        37    880.604    828.202 238.0121826 +32.8533090     3.45 0.0003703972  -9.0661 -10.9685   0.0214     24400.28     480.4569     847.1559    0.417   0
        38    858.696    792.269 238.0150583 +32.8570958     5.16 0.0005541671 -11.9529 -12.0458   0.0083     65812.16     501.7028     890.8738    0.067   0
        39    907.216    624.987 238.0091087 +32.8751106     4.53 0.0004871015 -11.0571 -10.7821   0.0253     20550.39     478.4365     827.8125    0.056   0
        40    129.537    633.496 238.1090215 +32.8721706     5.27 0.0005661809  -9.9880 -10.1024   0.0468     10988.75     473.5969     864.3513    0.115   0
        41    594.596    719.209 238.0491151 +32.8642273     3.43 0.0003685269  -7.8651  -7.7340   0.4099     1240.502     468.2642      910.225    0.408   0
        42    380.098    701.828 238.0767048 +32.8655254     4.73 0.0005083512 -12.7308 -12.7871   0.0044     130268.8     532.8662      895.199    0.063   0
        43    888.294    863.701 238.0111344 +32.8495322     6.32 0.0006794721 -10.2301 -10.9981   0.0208     25074.12     481.0391     823.7084    0.308   0
        44    885.686    901.671 238.0114048 +32.8454647     7.72 0.0008296592 -10.6796 -11.0470   0.0199     26230.17     481.6138     817.1376    0.186   0
        45    885.499    894.545 238.0114410 +32.8462262     5.48 0.0005893043  -9.9922 -11.0296   0.0202     25813.32     481.3074     820.9235    0.534   0
        46    884.671    949.026 238.0114547 +32.8403976     4.92 0.0005290231  -9.8092 -11.0588   0.0197     26516.95     481.7498     808.1724    0.742   0
        47    358.506   1005.876 238.0789373 +32.8329516     5.41 0.0005814148  -8.5814  -7.8434   0.3709     1371.956     468.5061     789.0124    0.079   0
        48    630.492    783.829 238.0443907 +32.8574095     5.42 0.0005827608  -8.5392  -8.6158   0.1823     2794.711     469.2251     895.4697    0.141   0
