#   1 NUMBER                 Running object number                                     
#   2 X_IMAGE                Object position along x                                    [pixel]
#   3 Y_IMAGE                Object position along y                                    [pixel]
#   4 ALPHA_J2000            Right ascension of barycenter (J2000)                      [deg]
#   5 DELTA_J2000            Declination of barycenter (J2000)                          [deg]
#   6 FWHM_IMAGE             FWHM assuming a gaussian core                              [pixel]
#   7 FWHM_WORLD             FWHM assuming a gaussian core                              [deg]
#   8 MAG_BEST               Best of MAG_AUTO and MAG_ISOCOR                            [mag]
#   9 MAG_APER               Fixed aperture magnitude vector                            [mag]
#  10 MAGERR_APER            RMS error vector for fixed aperture mag.                   [mag]
#  11 FLUX_APER              Flux vector within fixed circular aperture(s)              [count]
#  12 FLUXERR_APER           RMS error vector for aperture flux(es)                     [count]
#  13 BACKGROUND             Background at centroid position                            [count]
#  14 ELLIPTICITY            1 - B_IMAGE/A_IMAGE                                       
#  15 FLAGS                  Extraction flags                                          
         1    852.201     87.727 238.0172367 +32.9326014   118.65   0.01276055 -14.7018 -12.4908   0.0056     99156.27     511.8544     744.8588    0.483  19
         2    818.771     46.816 238.0215984 +32.9368903    70.56  0.007588892 -13.3946 -11.9016   0.0093     57626.98      491.054     618.6483    0.795  19
         3    824.771      9.439 238.0208821 +32.9409099    85.13  0.009155719 -13.4872 -12.3045   0.0061     83521.05     472.8293     430.1608    0.806  24
         4    491.761     48.861 238.0636673 +32.9357598     5.06 0.0005444919  -9.5335  -6.9294   0.8473     591.2464     461.2988      781.431    0.083   0
         5     64.884    118.399 238.1184746 +32.9271016     5.43  0.000583719 -13.7535 -13.7869   0.0020     327166.2     613.1785     855.9279    0.069   0
         6    246.833     73.549 238.0951392 +32.9324239     5.39 0.0005797974  -9.6595 -10.6256   0.0287     17793.27     470.5418     823.2255    0.469   0
         7    729.389    127.583 238.0329768 +32.9279928     5.30  0.000570441 -10.0924  -9.3959   0.0879     5732.662     463.8695     924.7711    0.048   0
         8    751.252    132.261 238.0301573 +32.9275525     5.06  0.000543782  -9.8382  -7.4164   0.5412     925.8869     461.3889     924.9327    0.058   0
         9    371.448    148.395 238.0789910 +32.9247612     9.87  0.001062077  -9.9041  -9.9482   0.0531     9533.943     465.9781     909.6439    0.157   0
        10    700.457    195.562 238.0365964 +32.9206322     5.75 0.0006186901 -11.8166 -11.8588   0.0096     55403.81     490.1295     925.2608    0.049   0
        11    477.170    187.852 238.0653302 +32.9208335     7.33 0.0007880764  -9.1493  -9.5736   0.0747     6752.269     464.6257     917.7748    0.298   0
        12    322.288    190.872 238.0852484 +32.9200731     5.66 0.0006084206  -9.7423  -9.8220   0.0596     8487.769     465.5844     906.0186    0.091   0
        13    112.074    259.653 238.1121784 +32.9121091     5.40  0.000580852 -13.7280 -13.7613   0.0021     319521.6     610.0931     870.1916    0.079   0
        14    761.589    280.313 238.0286059 +32.9117255     5.23 0.0005625145 -12.1604 -12.2170   0.0071     77053.54     500.9907     925.3284    0.065   0
        15    234.987    280.239 238.0963369 +32.9102548     5.62 0.0006046531  -9.4708 -10.2098   0.0418     12132.18     467.3958     895.6663    0.502   0
        16    580.662    331.258 238.0517991 +32.9057657     5.16 0.0005551717 -11.2603 -11.3395   0.0152     34338.45     479.1764     919.3765    0.120   0
        17      5.838    320.894 238.1257434 +32.9052461     6.37 0.0006847894  -8.5905  -8.3800   0.1898     2249.046     393.0163     843.1764    0.123  16
        18    287.160    344.954 238.0895250 +32.9034723     5.42  0.000582597 -11.0738 -11.1348   0.0182     28440.62     476.1652     903.0122    0.036   0
        19     43.046    348.415 238.1209138 +32.9024056     5.51 0.0005926944  -9.0338  -8.9013   0.1383     3635.239     462.8546     851.8018    0.055   0
        20    450.213    385.806 238.0684921 +32.8995578     5.43 0.0005839618 -10.7738 -10.8609   0.0232     22099.01     472.6332     911.4139    0.072   0
        21    510.872    436.669 238.0606132 +32.8942811     5.22 0.0005617441 -12.0970 -12.1459   0.0075     72172.45     498.6093      911.312    0.028   0
        22    158.587    453.936 238.1058871 +32.8914353     6.11 0.0006572314  -9.8788  -9.9583   0.0526      9623.27      466.168     871.8851    0.135   0
        23    541.485    461.637 238.0566383 +32.8916929     5.45 0.0005860631  -8.9992  -9.4037   0.0873     5773.849     464.0731     911.4343    0.140   0
        24    269.701    495.928 238.0915330 +32.8872542     5.30 0.0005698709 -12.3719 -12.4213   0.0059     93008.98     508.9376     892.9976    0.077   0
        25     13.186    497.246 238.1245141 +32.8863809     5.61 0.0006032535 -10.3340 -10.2523   0.0396     12616.42     459.5506     833.6738    0.112  16
        26    439.845    503.404 238.0696437 +32.8869345     5.40 0.0005812867  -9.6981  -9.7801   0.0619     8166.764     465.2441     906.1887    0.092   0
        27    778.395    517.229 238.0260906 +32.8863994     3.45 0.0003707449  -7.9847  -8.5024   0.1994     2517.512     462.1725     916.1317    0.410   0
        28    631.034    785.044 238.0446331 +32.8573080     4.11 0.0004425047  -8.2248  -8.5095   0.1981     2534.071     462.3115     873.1508    0.410   0
        29    512.849   1027.118 238.0594537 +32.8310525     4.27 0.0004590666  -8.1328  -7.0873   0.5683     683.7893     357.8363     790.3904    0.195  16
        30    799.952   1021.254 238.0225685 +32.8324803     5.44 0.0005845803  -9.7481  -9.5840   0.0676      6817.36      424.304     823.4322    0.084  16
        31    301.470    759.416 238.0870353 +32.8591262     5.68 0.0006113526 -10.7829 -10.8142   0.0242     21167.18      472.331     848.5632    0.117   0
        32    380.477    703.459 238.0769665 +32.8653423     5.33 0.0005734155 -12.7274 -12.7782   0.0044     129201.5     526.4159     871.4715    0.049   0
        33    432.901    652.651 238.0703058 +32.8709313     1.22 0.0001315705  -7.3694  -8.2314   0.2558     1961.445     462.0277     887.3382    0.079   0
        34      2.581    753.723 238.1254641 +32.8588834     4.14 0.0004454388  -8.6299  -9.6331   0.0546     7132.687     358.4774     808.1989    0.542  16
        35    907.485    626.540 238.0093307 +32.8750491     5.03 0.0005412723 -10.9794 -10.7048   0.0267     19138.89     471.2945     809.3561    0.092   0
        36    130.173    635.060 238.1092522 +32.8719568     6.26 0.0006727758  -9.9218 -10.0779   0.0472     10743.91     466.8072     843.9669    0.085   0
        37    719.873    712.778 238.0333221 +32.8652946    10.31  0.001108754  -9.9556  -9.9843   0.0514     9856.617      466.306     894.9681    0.140   0
        38    885.390    956.589 238.0116845 +32.8396415     3.45 0.0003715715  -9.1367 -11.0114   0.0203     25383.55      474.304     790.1239    0.705   0
        39    859.091    793.971 238.0153049 +32.8569846     5.79 0.0006231607 -11.9800 -12.0258   0.0083     64613.53     494.7805     867.5233    0.100   0
        40    810.070    869.301 238.0214941 +32.8487817     5.28 0.0005675444 -12.7380 -12.7840   0.0044     129901.3     526.7481     860.3357    0.035   0
        41    887.906    870.077 238.0114887 +32.8489135     6.55 0.0007043028 -10.3763 -10.9923   0.0207     24941.34      474.299     802.1777    0.509   0
        42    883.207    911.000 238.0120323 +32.8445179     3.85 0.0004139134  -9.2039 -11.0195   0.0201     25573.47     474.4801     802.1208    0.383   0
        43    358.430   1007.857 238.0793269 +32.8326806     4.41 0.0004739707  -8.4342  -7.4280   0.5356      935.794     461.4985      770.727    0.563   0
