#   1 NUMBER                 Running object number                                     
#   2 X_IMAGE                Object position along x                                    [pixel]
#   3 Y_IMAGE                Object position along y                                    [pixel]
#   4 ALPHA_J2000            Right ascension of barycenter (J2000)                      [deg]
#   5 DELTA_J2000            Declination of barycenter (J2000)                          [deg]
#   6 FWHM_IMAGE             FWHM assuming a gaussian core                              [pixel]
#   7 FWHM_WORLD             FWHM assuming a gaussian core                              [deg]
#   8 MAG_BEST               Best of MAG_AUTO and MAG_ISOCOR                            [mag]
#   9 MAG_APER               Fixed aperture magnitude vector                            [mag]
#  10 MAGERR_APER            RMS error vector for fixed aperture mag.                   [mag]
#  11 FLUX_APER              Flux vector within fixed circular aperture(s)              [count]
#  12 FLUXERR_APER           RMS error vector for aperture flux(es)                     [count]
#  13 BACKGROUND             Background at centroid position                            [count]
#  14 ELLIPTICITY            1 - B_IMAGE/A_IMAGE                                       
#  15 FLAGS                  Extraction flags                                          
         1    192.492     31.124 237.9714120 +32.9394277    30.55  0.003267488 -13.8257 -13.3435   0.0098     217464.3     1961.275     1539.314    0.306  19
         2    150.121     79.826 237.9767475 +32.9341379    69.24  0.007405458 -14.9561 -13.1507   0.0117     182083.2     1956.706     3470.669    0.812  19
         3     11.614     79.796 237.9944775 +32.9337909    69.39  0.007421108 -14.9360 -14.2513   0.0042       501774     1924.267     68.84245    0.579  24
         4    135.289     11.307 237.9787710 +32.9413925    90.05  0.009630963 -16.2728 -15.0739   0.0020      1070388     1989.134    -562.2719    0.747  24
         5     66.066    109.857 237.9874521 +32.9307297    29.17  0.003119566  99.0000  99.0000  99.0000    -39158.68     1933.247     2226.413    0.487   2
         6     86.502    120.900 237.9848161 +32.9296061    37.56  0.004017398 -13.7861 -13.0046   0.0133     159157.4     1954.857     3296.137    0.635   3
         7    917.931     91.346 237.8784399 +32.9348081     5.08 0.0005437873 -10.7992  99.0000  99.0000     -29935.1     1933.192     3981.565    0.130   0
         8    424.433     94.171 237.9416076 +32.9332976     5.80 0.0006200452 -10.3225  99.0000  99.0000    -32198.31     1933.247     4739.297    0.073   0
         9     78.256    166.536 237.9857879 +32.9247287    29.78  0.003185369 -13.0480 -12.7897   0.0162     130583.9     1950.115     4241.475    0.499   3
        10    554.791    142.594 237.9248354 +32.9284669     3.44 0.0003679881  -9.2609  99.0000  99.0000    -35089.15       1932.7     4777.391    0.406   0
        11    989.212    197.181 237.8691360 +32.9237168     5.81 0.0006217218 -14.1067 -14.1578   0.0047     460378.8     1991.308      4130.25    0.072   0
        12    184.216    259.186 237.9720574 +32.9151357     5.64 0.0006027464 -11.2815 -11.5243   0.0517     40711.59     1937.904     4927.792    0.121   0
        13    783.995    343.441 237.8951507 +32.9076539     5.87 0.0006281821 -11.5553 -11.6935   0.0443      47575.8     1939.062     4459.357    0.089   0
        14    569.898    412.517 237.9224278 +32.8997779     6.35 0.0006787418 -16.4139 -16.4334   0.0007      3744279     2368.724     4775.365    0.037   4
        15    157.538    377.656 237.9752561 +32.9024606     5.57 0.0005955232 -12.0737 -12.1034   0.0304     69397.23       1942.2     4914.628    0.054   0
        16    208.161    402.379 237.9687336 +32.8999568     6.32 0.0006753776 -11.7300 -11.8997   0.0366     57525.62     1940.563     4900.708    0.082   0
        17     80.583    746.389 237.9844287 +32.8630249   172.81   0.01848125 -16.5832 -13.2624   0.0105     201818.5     1958.578     4039.473    0.958  50
        18     77.509    405.692 237.9854454 +32.8992750   101.23    0.0108264 -15.9172  99.0000  99.0000            0            0     4239.453    0.902  51
        19     75.912    261.697 237.9859136 +32.9145954    81.35  0.008700349  99.0000  99.0000  99.0000            0            0     4228.446    0.772  50
        20    964.047    503.896 237.8718371 +32.8910142     5.77 0.0006173839 -11.8893 -11.8723   0.0376     56095.89     1940.705     3713.046    0.080   0
        21    689.324    697.017 237.9066520 +32.8697937     5.80 0.0006204504 -10.7700 -10.7661   0.1038     20250.58     1936.082     4058.476    0.178   0
        22    653.632   1009.229 237.9106742 +32.8364793     5.59 0.0005976812 -11.6221 -11.4143   0.0572     36790.61     1937.999     3398.321    0.074   0
        23     87.668    992.341 237.9830731 +32.8368678     5.65 0.0006037334 -11.6369 -12.5427   0.0203     104006.9      1946.65     3682.225    0.694   2
        24    156.114    815.871 237.9746416 +32.8558209     5.83 0.0006230111 -11.0723 -11.0810   0.0777     27064.55     1937.071     4518.144    0.043   0
        25    723.533    884.930 237.9019510 +32.8498788     6.12 0.0006544261 -11.1193 -11.1420   0.0735     28628.88     1937.219     3511.937    0.052   0
        26    440.887    621.546 237.9385650 +32.8772133     5.67 0.0006064432 -11.8928 -11.9274   0.0357     59013.11     1941.081     4710.936    0.064   0
        27    754.627    949.407 237.8978632 +32.8430929     5.52 0.0005905351 -11.7525 -11.4493   0.0554     37993.24     1937.554     3246.026    0.039   0
