#   1 NUMBER                 Running object number                                     
#   2 X_IMAGE                Object position along x                                    [pixel]
#   3 Y_IMAGE                Object position along y                                    [pixel]
#   4 ALPHA_J2000            Right ascension of barycenter (J2000)                      [deg]
#   5 DELTA_J2000            Declination of barycenter (J2000)                          [deg]
#   6 FWHM_IMAGE             FWHM assuming a gaussian core                              [pixel]
#   7 FWHM_WORLD             FWHM assuming a gaussian core                              [deg]
#   8 MAG_BEST               Best of MAG_AUTO and MAG_ISOCOR                            [mag]
#   9 MAG_APER               Fixed aperture magnitude vector                            [mag]
#  10 MAGERR_APER            RMS error vector for fixed aperture mag.                   [mag]
#  11 FLUX_APER              Flux vector within fixed circular aperture(s)              [count]
#  12 FLUXERR_APER           RMS error vector for aperture flux(es)                     [count]
#  13 BACKGROUND             Background at centroid position                            [count]
#  14 ELLIPTICITY            1 - B_IMAGE/A_IMAGE                                       
#  15 FLAGS                  Extraction flags                                          
         1    831.545    132.208 200.9205991 +36.2230967   189.77   0.02049633 -16.1340 -12.7541   0.0076     126373.4     882.8986     1444.036    0.883  18
         2    519.301     57.238 200.9627155 +36.2302794     8.10 0.0008749354  -9.5782  -9.3797   0.1631     5647.735     848.0493     1574.901    0.424   0
         3    471.590     97.982 200.9690527 +36.2257628     6.57 0.0007095156 -10.4681 -10.5917   0.0536     17245.48     851.2233     1601.452    0.167   0
         4    538.672    153.196 200.9599308 +36.2200164     6.29 0.0006796067  -9.1974  -8.8254   0.2715     3389.792     847.3594     1671.102    0.296   0
         5    607.002    173.804 200.9507070 +36.2179937    10.58  0.001142452 -10.8588 -10.8918   0.0407     22735.81     852.8817     1697.528    0.292   0
         6    261.010    293.992 200.9969836 +36.2040845     4.22 0.0004556068  -8.8903  -9.7458   0.1165      7912.44     848.4539       1676.7    0.009   0
         7    188.591    338.871 201.0066294 +36.1990504     7.05 0.0007610043 -10.3287 -10.5102   0.0578     15999.25     851.1668       1675.5    0.269   0
         8    441.939    398.978 200.9724683 +36.1933137     7.72 0.0008340951 -10.2353 -10.5377   0.0563     16409.61     851.2874     1782.333    0.128   0
         9    841.015    830.161 200.9180548 +36.1480744    75.30  0.008132651 -14.2595 -13.3087   0.0047     210613.9     906.3934     1337.594    0.439  16
        10    888.303    888.202 200.9115988 +36.1419650    56.41  0.006092561 -14.5740 -12.8685   0.0069     140409.4     886.7726     547.2604    0.146  17
        11    306.992    483.606 200.9904397 +36.1838283     6.01 0.0006495219 -10.1421 -10.1302   0.0818      11274.5     849.5155      1781.22    0.192   0
        12    798.899    801.045 200.9237644 +36.1510877    17.98  0.001942241 -11.9330 -11.9148   0.0161     58333.35      863.488      1721.02    0.255   3
        13    168.760    551.467 201.0088808 +36.1761337     5.81 0.0006277091 -10.4686 -10.5801   0.0542     17061.96     851.4789      1740.23    0.096   0
        14    863.840    639.195 200.9153362 +36.1686720     5.60 0.0006044733 -12.1196 -11.8670   0.0168     55819.41     862.5718      1697.52    0.131   0
        15    884.231    457.286 200.9129266 +36.1882889     5.35 0.0005782947 -11.3388  99.0000  99.0000    -23795.87     846.4306      1390.23    0.150   0
        16    430.767    551.946 200.9736794 +36.1768338     5.54 0.0005987252 -12.0408 -12.0985   0.0136     69089.14     866.6666     1799.215    0.092   0
        17    443.588    511.527 200.9720334 +36.1812164     5.59 0.0006038406 -12.1031 -12.1454   0.0131     72138.67     867.4991     1799.879    0.146   0
