#   1 NUMBER                 Running object number                                     
#   2 X_IMAGE                Object position along x                                    [pixel]
#   3 Y_IMAGE                Object position along y                                    [pixel]
#   4 ALPHA_J2000            Right ascension of barycenter (J2000)                      [deg]
#   5 DELTA_J2000            Declination of barycenter (J2000)                          [deg]
#   6 FWHM_IMAGE             FWHM assuming a gaussian core                              [pixel]
#   7 FWHM_WORLD             FWHM assuming a gaussian core                              [deg]
#   8 MAG_BEST               Best of MAG_AUTO and MAG_ISOCOR                            [mag]
#   9 MAG_APER               Fixed aperture magnitude vector                            [mag]
#  10 MAGERR_APER            RMS error vector for fixed aperture mag.                   [mag]
#  11 FLUX_APER              Flux vector within fixed circular aperture(s)              [count]
#  12 FLUXERR_APER           RMS error vector for aperture flux(es)                     [count]
#  13 BACKGROUND             Background at centroid position                            [count]
#  14 ELLIPTICITY            1 - B_IMAGE/A_IMAGE                                       
#  15 FLAGS                  Extraction flags                                          
         1      9.754     81.715 237.9944173 +32.9332268    60.11  0.006445284 -13.1264 -12.2544   0.0079      79756.2     583.5881     446.5273    0.611  24
         2    192.622     29.856 237.9710357 +32.9392540    29.71  0.003185551 -11.9668 -11.4384   0.0175     37613.53     604.9199     689.2745    0.196   1
         3    136.642     10.763 237.9782503 +32.9411416    84.57   0.00906873 -14.3232 -13.0688   0.0040     168858.4     629.5394     358.7564    0.745  24
         4    142.293     88.036 237.9774001 +32.9329093    33.51  0.003593736 -12.3745 -11.4619   0.0171     38438.14     605.1632     1040.937    0.595   0
         5    420.461     89.443 237.9417044 +32.9335012     7.48 0.0008022352 -11.5310 -11.5715   0.0155     42520.48     606.8797     1156.743    0.101   0
         6    914.682     86.391 237.8782910 +32.9351204     8.40 0.0009009937 -11.9893 -11.8875   0.0117     56887.78     612.7536     1051.273    0.145   0
         7     62.523    111.679 237.9875973 +32.9301712    10.78  0.001155691  -9.6265  99.0000  99.0000    -12509.76     589.2033     799.5352    0.475   2
         8    591.113    103.194 237.9197855 +32.9324838     0.94 0.0001012299  -8.1890  -9.5524   0.0971     6621.261     591.9066     1184.392    0.137   0
         9    580.112    105.098 237.9211941 +32.9322517     5.99 0.0006425813  -8.9905  -9.6806   0.0863     7451.597       592.34     1185.655    0.385   0
        10    551.673    137.638 237.9247928 +32.9287037     6.87 0.0007363691 -10.9974 -10.8346   0.0301     21569.46      598.236      1201.99    0.090   0
        11    986.360    193.023 237.8689348 +32.9239242     6.99 0.0007491104 -14.8084 -14.8317   0.0011     856429.2     880.4647     1103.596    0.090   0
        12     76.325    244.336 237.9856107 +32.9160496     6.18 0.0006628805 -10.4299 -11.3884   0.0183     35922.55     604.1719     1119.689    0.720   2
        13    180.475    253.986 237.9722336 +32.9152996     6.74 0.0007228287 -11.9603 -12.0157   0.0104     64015.72     615.6708     1229.817    0.121   0
        14     77.974    266.102 237.9853637 +32.9137310     7.22 0.0007739437 -10.7080 -11.3081   0.0196     33361.23     603.1436     1129.803    0.622   0
        15    249.941    268.651 237.9632985 +32.9139202     7.22 0.0007745827  -9.4792  -9.7457   0.0813     7911.631      592.385       1229.4    0.196   0
        16    566.796    408.566 237.9224324 +32.8998267     8.19 0.0008785656 -17.0580 -17.0611   0.0003      6674650      1919.42     1208.111    0.159   4
        17    884.223    307.233 237.8818681 +32.9114704     8.84 0.0009481388  -9.4823  -9.6139   0.0917     7007.396     592.0032     1121.731    0.300   0
        18    780.936    339.031 237.8950701 +32.9078085     6.34  0.000679614 -12.1866 -12.2324   0.0086     78154.84     621.4805     1154.629    0.069   0
        19    153.660    372.651 237.9754823 +32.9025622     6.39 0.0006852216 -12.8379 -12.8697   0.0050     140564.5     645.9461     1227.822    0.092   0
        20    337.003    374.873 237.9519610 +32.9028150     4.26 0.0004566861  -8.8746  -9.3926   0.1124     5715.093     591.4573     1221.773    0.181   0
        21    204.420    397.494 237.9689313 +32.9000468     6.26 0.0006711277 -11.8795 -11.9504   0.0111     60280.05      614.168     1226.432    0.103   0
        22    370.889    456.189 237.9474858 +32.8942260     6.68 0.0007164733  -9.9073 -10.1236   0.0576      11205.9     593.8728     1215.436    0.175   0
        23    961.387    499.803 237.8716823 +32.8911162     6.13 0.0006568396 -12.6786 -12.7109   0.0057       121435     638.3457     1036.859    0.056   0
        24     77.377    552.089 237.9849757 +32.8832053    21.31  0.002284865 -12.4080 -11.4234   0.0177     37100.28      604.659     1106.028    0.100   2
        25    229.198    528.736 237.9655430 +32.8861054     7.74 0.0008302134  -9.4025  -9.5790   0.0947     6785.724     591.9096     1215.497    0.170   0
        26    401.074    782.863 237.9431002 +32.8594394     4.70  0.000503782  -8.7963  -9.0087   0.1599     4013.189     590.8704     1149.303    0.238   0
        27     85.622    990.916 237.9832065 +32.8363908    10.59  0.001136061 -10.8694 -10.8261   0.0304     21401.12     598.1329     1021.344    0.254   0
        28     81.603    949.193 237.9837893 +32.8408331     2.63 0.0002818798  -9.3217 -11.1654   0.0223     29251.25     601.2417      1013.48    0.418   0
        29    720.703    880.426 237.9019715 +32.8498669     5.69  0.000609907 -11.8725 -11.9092   0.0115     58033.62     613.2689     1004.027    0.117   0
        30    706.336    671.672 237.9041319 +32.8721103     5.49 0.0005886431  -8.8381  -8.7919   0.1951     3286.589     590.5463     1088.835    0.344   0
        31    748.616    649.237 237.8987445 +32.8746152     6.74 0.0007232282  -9.5940  -9.7403   0.0817      7872.54     592.3519     1078.156    0.156   0
        32    531.397    667.039 237.9265713 +32.8721460     5.82 0.0006241248  -9.2349  -9.2181   0.1319     4866.606     590.9822     1158.042    0.114   0
        33    437.596    616.962 237.9386778 +32.8772432     5.61 0.0006015714 -12.6244 -12.6644   0.0059     116348.9      636.397     1193.968    0.064   0
        34    776.618    833.411 237.8948745 +32.8550306     5.69 0.0006097464 -10.8070 -10.8909   0.0286      22717.4     598.4531      996.047    0.100   0
        35    152.531    811.003 237.9749202 +32.8557731     5.25 0.0005632024 -11.8525 -11.8895   0.0117     56988.49     612.7306     1162.664    0.113   0
        36     78.333    804.167 237.9844437 +32.8563032     4.17 0.0004470195  -9.6808 -11.3120   0.0196     33482.07     603.1449     1049.903    0.128   0
        37     84.511    788.505 237.9836771 +32.8579915     4.42 0.0004743423  -9.7330 -11.2469   0.0207     31532.29     602.4014     1089.953    0.551   0
        38     80.532    757.811 237.9842371 +32.8612568     5.16 0.0005533111 -10.1368 -11.3322   0.0192     34111.43     603.4219     1081.541    0.271   0
        39     78.203    721.115 237.9845952 +32.8651672     7.50 0.0008047229 -10.9876 -11.3422   0.0190     34424.96     603.5356     1078.449    0.582   2
        40    686.478    692.457 237.9066464 +32.8698400     5.48 0.0005872237 -11.7635 -11.8181   0.0124     53360.96     611.4094     1090.492    0.074   0
        41     81.487    687.327 237.9842290 +32.8687822     6.44 0.0006902358 -10.6152 -11.3178   0.0195     33659.59     603.2836     1103.419    0.659   0
        42    650.814   1004.313 237.9107409 +32.8364614     5.90 0.0006324102 -12.5533 -12.5879   0.0063     108433.5     633.4504     983.0322    0.151   0
        43     81.998    612.279 237.9842853 +32.8767937     4.29 0.0004603081  -9.6705 -11.2016   0.0216     30243.38     601.7357     1126.995    0.631   0
        44    586.244    949.837 237.9191014 +32.8421065     6.06 0.0006494565 -10.0411 -10.1237   0.0576     11206.79     593.9062     1030.181    0.129   0
        45    576.751    565.621 237.9209125 +32.8830899     8.40 0.0009002572  -9.6906  -9.8207   0.0759     8477.511     592.6735     1169.719    0.275   0
        46     98.591    553.619 237.9822527 +32.8830992     5.31 0.0005689678  -9.0879  -9.5331   0.0988     6504.687     591.6084     1213.418    0.110   0
        47    311.592    578.749 237.9548967 +32.8809872     6.41 0.0006870551  -9.5159  -9.6300   0.0904     7111.985     592.1303      1209.18    0.068   0
        48     77.509    670.298 237.9847668 +32.8705891    11.56  0.001239965 -11.7643 -11.3855   0.0183     35826.77     604.2622     1092.552    0.375   2
        49    751.906    944.826 237.8978736 +32.8430747     5.97 0.0006403353 -12.7084 -12.7409   0.0056     124846.6       639.88     959.2409    0.156   0
        50    612.466    542.799 237.9163674 +32.8856196     5.06 0.0005427032  -8.8939  -9.0083   0.1599     4011.629     590.7368     1164.837    0.272   0
        51     81.686    901.793 237.9838555 +32.8458924     5.21 0.0005587589 -10.1438 -11.2699   0.0203     32208.84     602.5517     1030.293    0.391   0
