#   1 NUMBER                 Running object number                                     
#   2 X_IMAGE                Object position along x                                    [pixel]
#   3 Y_IMAGE                Object position along y                                    [pixel]
#   4 ALPHA_J2000            Right ascension of barycenter (J2000)                      [deg]
#   5 DELTA_J2000            Declination of barycenter (J2000)                          [deg]
#   6 FWHM_IMAGE             FWHM assuming a gaussian core                              [pixel]
#   7 FWHM_WORLD             FWHM assuming a gaussian core                              [deg]
#   8 MAG_BEST               Best of MAG_AUTO and MAG_ISOCOR                            [mag]
#   9 MAG_APER               Fixed aperture magnitude vector                            [mag]
#  10 MAGERR_APER            RMS error vector for fixed aperture mag.                   [mag]
#  11 FLUX_APER              Flux vector within fixed circular aperture(s)              [count]
#  12 FLUXERR_APER           RMS error vector for aperture flux(es)                     [count]
#  13 BACKGROUND             Background at centroid position                            [count]
#  14 ELLIPTICITY            1 - B_IMAGE/A_IMAGE                                       
#  15 FLAGS                  Extraction flags                                          
         1     92.998    124.181 200.8819953 +36.2236727     6.90 0.0007422566 -10.1593 -10.6818   0.0310     18738.13     534.0659     870.2947    0.133   0
         2     88.549    163.634 200.8825498 +36.2194560     8.27 0.0008896425 -10.5799 -11.0719   0.0218     26839.09      538.135     870.0859    0.670   0
         3     87.722    171.121 200.8826526 +36.2186557     9.75  0.001048817 -11.1686 -11.1383   0.0205     28531.31     538.9786     869.6167    0.444   2
         4     79.874    192.546 200.8836839 +36.2163532     4.85 0.0005211815 -10.0330 -11.2944   0.0178     32941.55     540.8759     858.7869    0.494   0
         5     77.005    209.863 200.8840504 +36.2145002     6.86 0.0007376595 -10.6740 -11.2986   0.0178     33071.77     540.9361     855.7162    0.396   0
         6     74.700    272.772 200.8842905 +36.2077876    25.72   0.00276519 -12.6624 -11.3982   0.0163     36246.32     542.4877     850.5026    0.157   2
         7     74.613    405.204 200.8841560 +36.1936676     3.45 0.0003707577  -9.3131 -11.1501   0.0203     28842.12     538.8183     853.2484    0.420   0
         8     92.100    406.322 200.8818053 +36.1935891     6.28 0.0006753234 -10.0367 -10.7673   0.0287     20273.46     535.0469     881.3713    0.490   0
         9     71.394    423.201 200.8845687 +36.1917412     3.45  0.000371414  -9.2042 -11.1351   0.0206     28448.08     538.7225     848.6967    0.420   0
        10     64.717    556.034 200.8853190 +36.1775631    31.81  0.003420545 -12.5591 -11.3727   0.0166     35407.54     542.0577     847.6075    0.427   2
        11     80.562    771.939 200.8829526 +36.1545804    79.28  0.008524714 -13.9782 -12.1361   0.0085     71519.33     558.4924     799.0728    0.643  19
        12      6.749    810.538 200.8928220 +36.1502931    41.04   0.00441324 -12.2725 -11.4956   0.0131     39649.89     478.4078     523.3115    0.671  24
        13    344.111    821.326 200.8475075 +36.1499222     5.21 0.0005603601  -9.6211  -8.1451   0.3156     1811.579     526.3945     911.8159    0.231   0
        14     61.715    476.329 200.8858104 +36.1860543    11.07  0.001190636 -11.4020 -11.2455   0.0186     31492.52     540.3069     842.4664    0.702   2
        15     91.880    442.494 200.8817950 +36.1897319     6.86 0.0007380757 -10.3673 -10.8567   0.0264     22013.28     535.8301     886.2081    0.567   0
        16    160.902    829.253 200.8721012 +36.1486559    85.31  0.009173271 -13.8746 -12.1225   0.0086     70632.01     558.0391     799.7994    0.633   2
        17    740.800    857.615 200.7942016 +36.1469477     3.44 0.0003696913  -9.0292 -10.7448   0.0292     19856.47     534.5599     867.6517    0.409   0
        18    930.001    873.512 200.7687801 +36.1456712     3.11 0.0003343434  -9.2658 -11.0084   0.0231     25314.39     537.3245     798.7602    0.375   0
        19     73.521    481.228 200.8842189 +36.1855594     8.80 0.0009462051 -11.3832 -11.4424   0.0156     37752.04      543.138     863.3355    0.196   2
        20     83.024    491.754 200.8829306 +36.1844592    10.05  0.001080632 -11.5326 -11.3735   0.0166     35433.36     542.0408     878.2191    0.520   2
        21     66.583    509.384 200.8851198 +36.1825413    12.91  0.001387943 -11.8531 -11.3317   0.0172     34094.02     541.2496      851.311    0.362   2
        22     74.306    555.345 200.8840316 +36.1776589    17.54  0.001886175 -11.2098 -11.3495   0.0170     34657.05     541.7548     862.4827    0.352   3
        23    107.564    628.371 200.8794839 +36.1699502     5.42 0.0005824554  -8.2305  99.0000  99.0000    -4434.909      525.459     901.3027    0.146   0
