#   1 NUMBER                 Running object number                                     
#   2 X_IMAGE                Object position along x                                    [pixel]
#   3 Y_IMAGE                Object position along y                                    [pixel]
#   4 ALPHA_J2000            Right ascension of barycenter (J2000)                      [deg]
#   5 DELTA_J2000            Declination of barycenter (J2000)                          [deg]
#   6 FWHM_IMAGE             FWHM assuming a gaussian core                              [pixel]
#   7 FWHM_WORLD             FWHM assuming a gaussian core                              [deg]
#   8 MAG_BEST               Best of MAG_AUTO and MAG_ISOCOR                            [mag]
#   9 MAG_APER               Fixed aperture magnitude vector                            [mag]
#  10 MAGERR_APER            RMS error vector for fixed aperture mag.                   [mag]
#  11 FLUX_APER              Flux vector within fixed circular aperture(s)              [count]
#  12 FLUXERR_APER           RMS error vector for aperture flux(es)                     [count]
#  13 BACKGROUND             Background at centroid position                            [count]
#  14 ELLIPTICITY            1 - B_IMAGE/A_IMAGE                                       
#  15 FLAGS                  Extraction flags                                          
         1    833.781    190.998 200.9197258 +36.2161960   197.47   0.02130535 -16.0070 -12.4544   0.0089      95882.7     784.0838     1330.101    0.910  16
         2    516.620     52.253 200.9625179 +36.2301891     5.61 0.0006057195  -9.6714  -9.3129   0.1544     5310.839     755.0147     1402.597    0.098   0
         3    469.023     92.729 200.9688234 +36.2256946     6.13 0.0006615604 -10.3127 -10.2311   0.0665     12371.79     757.4127     1424.753    0.280   0
         4    535.797    148.298 200.9597628 +36.2199152     5.57 0.0006008535  -9.5827  -9.5792   0.1209     6786.942     755.3121     1480.115    0.246   0
         5    604.559    168.154 200.9505047 +36.2179822    10.42  0.001124531 -10.8602 -10.8993   0.0361     22893.79     760.8567     1505.033    0.334   0
         6    261.017    294.012 200.9963231 +36.2034249     0.00            0  -8.8648  -9.4323   0.1383     5927.887     754.9426     1494.762    0.008   0
         7    186.109    333.652 201.0062874 +36.1989365     5.48 0.0005907267 -10.0981  -9.9587   0.0853     9626.673     756.4849      1489.03    0.201   0
         8    841.268    830.338 200.9175394 +36.1474499    76.85  0.008290971 -14.0541 -13.0772   0.0052     170163.4     807.7584     1215.879    0.470  16
         9    439.373    393.889 200.9722199 +36.1932140     5.30 0.0005717538 -10.0361 -10.4664   0.0536     15366.14     758.3157     1578.435    0.142   0
        10    801.295    801.011 200.9229491 +36.1504880    23.20   0.00250348 -11.8762 -11.7449   0.0168     49883.53     769.6321     1530.706    0.300   3
        11    888.298    888.105 200.9111326 +36.1413729    56.82  0.006130548 -13.9895 -12.6864   0.0072     118724.8     791.8809     549.3979    0.146  16
        12    882.028    452.071 200.9127752 +36.1882549     4.42 0.0004764611 -11.7855  -7.9648   0.5335      1534.38     753.7632     1264.581    0.106   0
        13    304.224    478.425 200.9901715 +36.1837189     4.66 0.0005031202 -10.3137 -10.2860   0.0632     13014.13     757.4552     1581.958    0.142   0
        14     95.445    727.490 201.0176591 +36.1563026     5.46 0.0005895629  -8.7185  -8.1078   0.4677     1750.355     753.8774     1499.776    0.302   0
        15    156.029    793.279 201.0094122 +36.1494090     4.29 0.0004625642  -9.3733 -10.8911   0.0364     22720.99     760.7577     1500.865    0.076   0
        16    861.675    634.076 200.9151675 +36.1686192     4.42 0.0004769958 -12.2802 -12.2151   0.0110     76920.52     778.4887     1505.265    0.085   0
        17    166.087    546.314 201.0085518 +36.1760026     4.52 0.0004879601 -10.4567 -10.6330   0.0460     17913.68     759.1129     1546.413    0.071   0
        18    428.227    546.683 200.9734198 +36.1767464     4.43 0.0004782877 -12.0557 -12.1348   0.0118     71439.66     776.6026      1598.41    0.084   0
        19    441.040    506.220 200.9717805 +36.1811367     4.47  0.000482335 -12.1715 -12.1692   0.0114     73733.32     777.2581     1598.013    0.070   0
