#   1 NUMBER                 Running object number                                     
#   2 X_IMAGE                Object position along x                                    [pixel]
#   3 Y_IMAGE                Object position along y                                    [pixel]
#   4 ALPHA_J2000            Right ascension of barycenter (J2000)                      [deg]
#   5 DELTA_J2000            Declination of barycenter (J2000)                          [deg]
#   6 FWHM_IMAGE             FWHM assuming a gaussian core                              [pixel]
#   7 FWHM_WORLD             FWHM assuming a gaussian core                              [deg]
#   8 MAG_BEST               Best of MAG_AUTO and MAG_ISOCOR                            [mag]
#   9 MAG_APER               Fixed aperture magnitude vector                            [mag]
#  10 MAGERR_APER            RMS error vector for fixed aperture mag.                   [mag]
#  11 FLUX_APER              Flux vector within fixed circular aperture(s)              [count]
#  12 FLUXERR_APER           RMS error vector for aperture flux(es)                     [count]
#  13 BACKGROUND             Background at centroid position                            [count]
#  14 ELLIPTICITY            1 - B_IMAGE/A_IMAGE                                       
#  15 FLAGS                  Extraction flags                                          
         1     10.387     80.563 327.7912044 +28.8489478    63.56  0.006867565 -13.4823 -12.6546   0.0068     115304.9     717.9373     406.7331    0.599  24
         2    141.760     87.585 327.7749524 +28.8485152    44.31  0.004786772 -13.1355 -11.8531   0.0145     55110.98      737.342     1263.006    0.702   2
         3    192.423     30.411 327.7688246 +28.8548025    33.82  0.003653514 -12.4189 -11.8991   0.0139     57496.46     737.9327     743.1199    0.259  17
         4    135.849     10.985 327.7758620 +28.8567573    87.03  0.009402762 -14.7243 -13.4722   0.0034     244829.9       767.97      275.592    0.748  24
         5    461.528     25.178 327.7355773 +28.8560232     5.57  0.000601501 -10.0967  99.0000  99.0000    -17884.96      718.576     920.1681    0.330   0
         6    294.480     48.256 327.7561698 +28.8531289     6.04 0.0006522532 -10.0673  99.0000  99.0000    -37692.42     718.6167     1136.593    0.249   0
         7    718.789    136.623 327.7035292 +28.8446306     6.34 0.0006847007 -15.9882 -16.0052   0.0006      2523898     1333.332      1456.01    0.193   4
         8    275.246     65.758 327.7585063 +28.8511954     6.79 0.0007340807 -10.3546  99.0000  99.0000     -22516.1      718.576     1272.609    0.081   0
         9     64.682    109.959 327.7844256 +28.8459135    22.70  0.002452752  -9.3047  99.0000  99.0000    -3181.336     718.5354     911.8952    0.552   0
        10    975.278     66.325 327.6719886 +28.8528190     7.10 0.0007670313  -8.8525  99.0000  99.0000    -33746.44      718.637     1078.469    0.462   0
        11    734.737     80.278 327.7016856 +28.8507423     8.00 0.0008639537  -9.4851  99.0000  99.0000    -19570.01     718.5557     1295.315    0.099   0
        12    921.211    103.626 327.6785873 +28.8486700     6.89 0.0007448806 -10.7582 -10.8308   0.0367     21493.32     725.6531     1347.933    0.160   0
        13    190.517    109.907 327.7688748 +28.8462289     6.12 0.0006610458 -11.0405  -9.3729   0.1394     5612.444     720.4855     1513.242    0.126   0
        14     78.746    124.890 327.7826525 +28.8443388    12.73  0.001375473 -10.1414 -11.5738   0.0187     42610.73     733.1712     1130.247    0.438   3
        15    429.562    123.728 327.7393015 +28.8453229     4.14 0.0004478053  -8.3890  99.0000  99.0000    -5126.304     718.5354     1501.478    0.536   0
        16     82.278    141.231 327.7821777 +28.8425861    10.95  0.001182945 -12.0753 -11.5429   0.0192     41416.29     732.8037     1265.532    0.224   0
        17    649.439    144.706 327.7120811 +28.8435929     5.96 0.0006437955  -9.4110 -10.1102   0.0709     11068.71     722.2953     1480.347    0.187   0
        18    267.014    159.030 327.7593072 +28.8411215     6.32 0.0006828993 -11.2147 -11.3271   0.0234     33949.55     729.9719     1530.622    0.123   0
        19    403.967    167.193 327.7423644 +28.8405756     6.13 0.0006626718 -11.7462 -11.7903   0.0154     52011.87     736.1318     1520.247    0.087   0
        20    493.010    166.838 327.7313617 +28.8408300     3.93 0.0004250196  -9.3378 -10.5591   0.0470     16736.12     724.1333     1509.333    0.508   0
        21     74.681    234.580 327.7828976 +28.8325054    20.57   0.00222257 -13.0086 -11.7594   0.0158     50552.38     735.9139     1372.267    0.226   2
        22    748.179    185.129 327.6997876 +28.8394725     8.42 0.0009101258 -10.0652 -10.4454   0.0522     15071.27     723.8207     1455.155    0.180   0
        23    691.508    182.926 327.7067957 +28.8395742     1.07 0.0001155909  -8.5278 -10.6284   0.0441     17838.44     724.6952     1474.121    0.324   0
        24    526.146    279.740 327.7270088 +28.8287404     5.84 0.0006305663 -16.2184 -16.2354   0.0005      3120076     1440.907     1509.944    0.052   6
        25    706.770    206.437 327.7048564 +28.8370765     6.55  0.000707683  -9.6876 -10.3898   0.0549     14318.64     723.4799     1471.452    0.380   0
        26    900.784    234.132 327.6808196 +28.8345542     5.87   0.00063467 -13.5722 -13.6118   0.0032     278445.2     809.6754     1387.619    0.033   0
        27     77.947    670.209 327.7814734 +28.7855572    64.92  0.007014133 -14.4291 -11.8078   0.0151     52858.47     736.6572     1345.241    0.878  18
        28    465.887    288.503 327.7344342 +28.8276499     5.68 0.0006135631 -15.6154 -15.6092   0.0007      1752641     1180.115     1517.568    0.080   3
        29    512.235    256.503 327.7287807 +28.8312115     5.77 0.0006234766 -13.1652 -13.2068   0.0044       191750      782.337     1513.242    0.127   3
        30    480.857    277.689 327.7326094 +28.8288519     5.71 0.0006173222 -14.3619 -14.3779   0.0017     563852.4     893.4639     1517.104    0.092   3
        31    271.698    256.176 327.7585032 +28.8306617     5.85 0.0006315407 -13.5776 -13.6170   0.0031     279759.9     810.0451     1535.733    0.094   0
        32     75.664    270.784 327.7826913 +28.8286053    20.49  0.002214051 -13.2035 -11.7383   0.0161      49581.4     735.5641      1379.75    0.550   2
        33   1026.743    236.615 327.6652494 +28.8345848     5.69 0.0006151328  -9.9063  -9.6375   0.0860     7161.356     567.3143     1326.891    0.125  24
        34    657.395    253.000 327.7108520 +28.8319390     5.71 0.0006173898 -12.0738 -12.1294   0.0113     71084.08     742.6004     1491.393    0.026   2
        35    318.204    252.998 327.7527641 +28.8311178     5.95 0.0006425817 -11.8375 -11.8754   0.0142     56256.45     737.5917     1531.557    0.085   0
        36    113.602    242.281 327.7780703 +28.8317712     4.41  0.000476319  -8.7459  99.0000  99.0000    -11338.76     718.4134     1534.816    0.130   0
        37    765.803    266.295 327.6974265 +28.8307657     5.64 0.0006093325 -12.0348 -12.0795   0.0119     67892.07     741.6629     1444.353    0.024   0
        38    209.961    269.535 327.7661004 +28.8290704     5.97  0.000644556 -11.9122 -11.9818   0.0129     62044.59     739.7287     1537.604    0.069   0
        39    669.476    257.021 327.7093502 +28.8315346     5.92 0.0006399697 -10.5819 -10.7132   0.0408     19288.17     725.2354     1487.848    0.053   3
        40    248.409    260.323 327.7613712 +28.8301576     7.75 0.0008373128  -9.6542  -9.9921   0.0790       9927.5     721.9003     1536.616    0.033   0
        41    574.920    268.910 327.7210068 +28.8300255     5.88 0.0006352702 -10.7234 -10.8620   0.0356     22120.91     726.1509     1504.743    0.079   0
        42    187.355    292.435 327.7688402 +28.8265466     5.93 0.0006411175 -12.0369 -12.1100   0.0115     69820.96     742.3915     1537.418    0.101   0
        43    202.667    332.152 327.7668560 +28.8223031     5.74 0.0006198607 -13.4626 -13.5181   0.0034     255416.8     802.3696     1535.602    0.099   0
        44    262.292    311.151 327.7595378 +28.8247128     6.08 0.0006572959 -10.8672 -10.9130   0.0340     23183.99     726.5972     1532.827    0.135   0
        45    102.119    308.386 327.7793345 +28.8246175     6.86 0.0007416129  -9.4665  -7.9479   0.5169     1510.625     718.9592      1535.33    0.311   0
        46     74.455    329.644 327.7827027 +28.8222579    14.52  0.001568632 -12.4879 -11.6224   0.0179     44560.75     733.8757      1361.99    0.514   2
        47    842.080    317.648 327.6878860 +28.8254123     5.48 0.0005922386  -9.9936 -10.0300   0.0763     10280.22      722.164     1391.203    0.080   0
        48    812.160    337.451 327.6915383 +28.8232064     6.66 0.0007192929  -9.3307  -9.4848   0.1258     6221.899     720.7172     1402.371    0.162   0
        49     78.734    357.401 327.7821089 +28.8192765    12.46  0.001345781 -12.2786 -11.5994   0.0183     43626.67     733.4578     1397.172    0.520   0
        50    117.269    349.952 327.7773654 +28.8201745     5.58 0.0006032176  -9.3551  99.0000  99.0000    -10886.48     718.4134     1534.591    0.111   0
        51    211.561    361.698 327.7656884 +28.8191402     5.73 0.0006185795 -11.1193 -11.2913   0.0241     32848.84     729.8149     1533.111    0.064   0
        52     73.546    394.624 327.7826627 +28.8152515    20.97  0.002265156 -12.7219 -11.7243   0.0163     48944.39     735.3278     1352.278    0.206   2
        53    544.662    388.891 327.7244715 +28.8170197     5.72 0.0006175959  -9.9435 -10.0998   0.0716     10962.98     722.4003     1500.897    0.146   0
        54    964.670    461.879 327.6724173 +28.8101566     5.48 0.0005918809 -15.7252 -15.7496   0.0007      1994482     1230.293     1265.027    0.041   4
        55    817.297    419.516 327.6907191 +28.8143727     5.30 0.0005726407 -11.2200 -11.2521   0.0250     31683.28     729.5357     1370.925    0.027   0
        56    343.553    439.135 327.7492019 +28.8111159     5.40 0.0005833975 -13.5317 -13.5803   0.0032       270480     807.0674     1518.723    0.086   0
        57     87.071    580.225 327.7805572 +28.7952791     6.28 0.0006788293 -12.7704 -11.9179   0.0137     58502.64     738.6296     1433.661    0.316   2
        58    170.910    441.308 327.7705251 +28.8104592     5.45 0.0005885342 -11.7451 -11.8304   0.0148     53969.22     737.1332      1526.16    0.109   0
        59    805.118    446.061 327.6921641 +28.8114824     6.27 0.0006778627 -12.0244 -12.0717   0.0120     67402.12     741.7341     1367.881    0.198   0
        60    270.186    484.388 327.7581608 +28.8060590     5.38 0.0005816498 -14.9737 -15.0041   0.0011      1003823     1008.873     1520.457    0.089   0
        61    720.211    440.525 327.7026661 +28.8118762     5.14  0.000555219  -8.9141  -9.0501   0.1875     4168.981     719.9033     1418.053    0.280   0
        62    423.564    448.237 327.7392965 +28.8103294     7.45 0.0008047154  -9.3831  -9.7436   0.0992     7896.947      721.298     1509.599    0.212   0
        63    666.043    447.973 327.7093413 +28.8109435     5.79 0.0006252821  -9.0032  -9.1206   0.1758     4448.911     719.9802      1442.64    0.453   0
        64   1013.288    461.282 327.6664125 +28.8103359     5.47 0.0005905234 -11.4511 -11.4310   0.0213     37358.38     731.3581     1239.321    0.110   0
        65     37.247    476.531 327.7869548 +28.8063331     5.74 0.0006200211 -12.0919 -11.8495   0.0146      54931.3      737.301     1069.164    0.206   0
        66    351.767    459.070 327.7481412 +28.8089872     5.15 0.0005560015  -9.0236  -9.7055   0.1027     7624.189      721.163     1515.565    0.339   0
        67    948.207    505.076 327.6743548 +28.8054614     5.31 0.0005736435 -13.9516 -13.9869   0.0023     393346.8     844.2697         1254    0.058   0
        68    569.094    476.686 327.7212528 +28.8076152     4.72  0.000510066  -9.3265  -9.5658   0.1168     6704.032     720.8844     1474.936    0.113   0
        69    463.084    479.541 327.7343424 +28.8070511     7.15 0.0007727824  -9.0686  -8.2139   0.4048     1929.943     719.3081     1501.211    0.241   0
        70    345.538    523.913 327.7487610 +28.8019825     5.34 0.0005771806 -11.1723 -11.2470   0.0251     31535.27      729.485     1507.679    0.119   0
        71    429.294    547.407 327.7383607 +28.7996538     5.19 0.0005603619 -12.5510 -12.6024   0.0075     109894.7     755.7465     1494.608    0.079   0
        72     83.511    956.809 327.7801155 +28.7546786     5.46 0.0005897196 -10.5261 -11.5730   0.0187     42578.24        733.2     1240.882    0.128   2
        73    123.576   1010.781 327.7750425 +28.7489596     3.45 0.0003723367  -7.9906  99.0000  99.0000    -12306.72     718.3118     1317.613    0.413   0
        74     59.061    987.273 327.7830629 +28.7513346     5.28 0.0005709559 -12.9530 -13.0100   0.0052     159952.1     772.1846     1063.744    0.121   0
        75    124.431    972.098 327.7750273 +28.7531314     4.99 0.0005389354 -12.3996 -12.3906   0.0090     90412.09     749.3715     1332.925    0.138   0
        76    386.223    952.964 327.7427474 +28.7558342     5.33 0.0005756126 -10.6727 -10.7208   0.0405     19422.68     725.1811     1338.519    0.186   0
        77    459.342    883.283 327.7338788 +28.7635227     5.09 0.0005500371 -12.5349 -12.5986   0.0075     109504.3     755.7333      1350.86    0.125   0
        78    272.285    904.826 327.7569273 +28.7607453     4.94 0.0005337044 -12.0850 -12.1315   0.0113     71220.66     742.8824     1384.806    0.156   0
        79    411.335    840.913 327.7399042 +28.7679732     5.05    0.0005454 -11.1471 -11.2046   0.0261     30326.81     729.0908     1388.901    0.151   0
        80    313.650    867.993 327.7519047 +28.7648164     5.68 0.0006133665 -10.0009 -10.2044   0.0650     12071.25     722.7029     1400.244    0.154   0
        81    713.695    836.781 327.7025753 +28.7691479     5.20 0.0005619102 -11.6696 -11.7178   0.0164     48655.63     735.2693     1232.135    0.159   0
        82    881.348    829.066 327.6818887 +28.7703795     5.43 0.0005869544 -13.2083 -13.2319   0.0043     196219.5     783.7267     1120.776    0.156   0
        83    145.019    794.839 327.7728987 +28.7722886     4.84 0.0005226982 -11.0614 -11.0098   0.0312     25345.62     727.1799      1447.44    0.133   0
        84    259.481    788.428 327.7587782 +28.7732605     5.65 0.0006104325  -9.8056  -9.9252   0.0840     9333.864     721.7352     1449.148    0.052   0
        85    463.185    812.282 327.7335670 +28.7711852     5.00 0.0005402642 -13.7080 -13.7454   0.0028     314901.3       820.73     1386.993    0.125   0
        86    495.554    800.197 327.7295972 +28.7725662     5.13  0.000554057  -9.7123  -9.3287   0.1451     5388.551     720.1848     1381.066    0.111   0
        87     88.585    770.872 327.7799240 +28.7747330    24.45  0.002641167 -13.7643 -12.5364   0.0079     103405.7     753.6938     1377.779    0.349   0
        88    785.136    775.156 327.6938916 +28.7759613     3.93  0.000424446  -8.7688  -9.5505   0.1184      6609.98     720.7708     1220.291    0.256   0
        89    882.235    753.554 327.6819483 +28.7785211     5.56   0.00060025 -10.8304 -10.8817   0.0350     22525.99     726.3105     1167.851    0.192   0
        90    569.443    701.987 327.7206962 +28.7833307     6.67 0.0007201858  -9.2402  -9.6375   0.1093      7161.12     720.8606     1392.624    0.271   0
        91    672.078    713.121 327.7079947 +28.7823775     5.52 0.0005962104  -9.9466 -10.0436   0.0753     10409.79     722.2493     1324.855    0.093   0
        92    249.412    664.552 327.7603091 +28.7865883     5.44 0.0005882102  -9.8231  -9.6152   0.1116     7015.561     720.9519     1499.095    0.163   0
        93    582.537    707.636 327.7190661 +28.7827535     6.11 0.0006601159  -9.2432  -9.7800   0.0959     8165.801     721.3912     1381.791    0.121   0
        94    845.732    758.689 327.6864450 +28.7778807     5.23 0.0005652682 -10.8414 -10.8846   0.0349     22585.08     726.4313     1189.496    0.149   0
        95    317.603    879.954 327.7513889 +28.7635369     7.56 0.0008173236  -9.5172  -9.6496   0.1081      7241.59     720.8074     1393.148    0.238   0
        96    824.652    740.747 327.6890887 +28.7797645     6.12   0.00066094  -9.4111  -9.1638   0.1689     4629.271      720.124     1214.169    0.226   0
        97    379.394    740.964 327.7440788 +28.7786691     5.00 0.0005403637 -12.2967 -12.3532   0.0093     87356.81     748.0782       1451.4    0.138   0
        98    500.385    922.125 327.7287218 +28.7594353     7.00 0.0007560247  -9.2702  -9.3893   0.1373     5698.142     720.4949     1308.426    0.234   0
        99    125.237    706.057 327.7755490 +28.7818097     5.14 0.0005551241 -10.0730  -8.3435   0.3592     2174.615     719.2916     1479.579    0.150   0
       100     80.495    716.778 327.7810496 +28.7805439    32.26  0.003485937 -13.0488 -11.8119   0.0151     53060.13     736.8248         1339    0.595   3
       101     83.196    905.794 327.7802737 +28.7601766    21.10  0.002279837 -12.9516 -11.7447   0.0160     49875.49     735.4854     1257.606    0.126   2
       102    942.761    721.909 327.6745438 +28.7820757     5.53 0.0005975771 -10.9576 -11.0265   0.0307     25740.39     727.3558     1140.765    0.165   0
       103     81.859    887.462 327.7804817 +28.7621493    15.58  0.001683579 -12.2888 -11.7731   0.0156     51195.31     736.0529     1263.015    0.534   2
       104    607.018    741.573 327.7159653 +28.7791543     7.34 0.0007935287 -10.0239 -10.4718   0.0509     15442.82     723.6463     1350.812    0.144   0
       105    571.347    650.143 327.7205791 +28.7889237     5.09 0.0005502455 -10.1608 -10.2313   0.0634     12374.27     722.7067     1414.862    0.140   0
       106    440.094    669.345 327.7367466 +28.7865364     4.80 0.0005189186  -8.9086  -9.4092   0.1348     5803.555     720.5923     1461.564    0.256   0
       107    281.213    723.514 327.7562447 +28.7803106     5.06 0.0005466914  -8.8748  -8.8938   0.2165     3609.954       719.77     1472.824    0.271   0
       108    867.523    678.305 327.6839338 +28.7865973     5.35 0.0005778042 -10.8192 -10.8321   0.0366     21520.31     726.0045     1216.326    0.131   0
       109    524.991    673.166 327.7262522 +28.7863301     5.94 0.0006412347  -9.8048  -9.9780   0.0800      9799.04     721.7141      1428.26    0.144   0
       110    794.772    673.460 327.6929304 +28.7869462     5.05  0.000546123  -8.9478  -9.2763   0.1524     5134.673     720.4008     1267.764    0.163   0
       111    257.041    638.214 327.7594278 +28.7894460     5.07 0.0005478252 -10.1122 -10.0751   0.0732     10716.57     722.1128     1501.523    0.125   0
       112    962.021    655.475 327.6723131 +28.7892824     6.01 0.0006493461  -9.6006  -9.2451   0.1568     4989.169     720.3098     1163.341    0.164   0
       113    156.349    619.171 327.7719091 +28.7912517     5.10 0.0005509561 -11.1689 -11.2414   0.0252     31373.19     729.3694     1512.842    0.121   0
       114    941.870    966.858 327.6741073 +28.7556703     4.53 0.0004889747  -9.4350 -10.6841   0.0419     18777.97     724.9789     644.1212    0.208   0
       115    849.905    616.686 327.6862481 +28.7931973     6.88 0.0007429181  -9.2462  -9.3850   0.1379     5675.458     720.5276     1259.188    0.114   0
       116    725.447    625.070 327.7016022 +28.7919965     5.05  0.000545478 -10.7365 -10.6836   0.0419     18768.79     724.9355     1335.269    0.131   0
       117    139.944    840.972 327.7734177 +28.7673035     4.85 0.0005238118 -11.7369 -11.7052   0.0166     48092.79     735.1176     1418.577    0.104   0
       118    150.119    606.709 327.7727076 +28.7925796     5.07 0.0005481549 -11.6255 -11.6273   0.0178     44763.54     733.9049     1513.899    0.108   0
       119    311.969   1008.084 327.7517886 +28.7497120     5.15 0.0005569315 -10.7533 -10.8682   0.0355     22246.43     726.1941     1315.546    0.136   0
       120   1006.010    865.696 327.6664124 +28.7667265     4.23 0.0004571902  -8.2953  99.0000  99.0000    -14316.71     718.5151     772.8354    0.093   0
       121    299.665    648.510 327.7541393 +28.7884403     5.70 0.0006159859  -9.8821 -10.1033   0.0713     10998.54     722.3924     1494.123    0.216   0
       122    625.508    583.355 327.7140413 +28.7962532     5.08 0.0005490325 -11.4124 -11.4939   0.0201     39589.23     732.1602     1410.325    0.086   0
       123    422.473    923.992 327.7383380 +28.7590452     4.27 0.0004614233  -9.2792  -9.3079   0.1480     5286.364     720.2912      1345.84    0.453   2
       124    173.098    563.971 327.7699689 +28.7972428     6.95 0.0007503863  -9.5110 -10.0439   0.0753     10412.19     722.1693     1515.848    0.178   0
       125     80.333    846.335 327.7807664 +28.7665786    29.46  0.003182724 -13.6404 -11.7479   0.0160     50021.51     735.7931     1273.754    0.501   2
       126    886.087    888.040 327.6811715 +28.7640339     5.80 0.0006268737  -9.7695  -9.7455   0.0990      7910.76     721.2825     1042.536    0.163   0
       127    166.790    996.054 327.7697414 +28.7506533     5.03  0.000543976 -12.1621 -12.2073   0.0106     76367.08     744.5927     1329.548    0.146   0
       128    264.840    741.750 327.7582245 +28.7783049     5.26 0.0005680255 -10.3381 -10.5338   0.0481     16350.54     724.2825     1467.209    0.172   0
       129     58.432    961.974 327.7831999 +28.7540600     5.36 0.0005786374 -11.8709 -11.9959   0.0128     62856.97     740.0427     1066.742    0.159   0
