#   1 NUMBER                 Running object number                                     
#   2 X_IMAGE                Object position along x                                    [pixel]
#   3 Y_IMAGE                Object position along y                                    [pixel]
#   4 ALPHA_J2000            Right ascension of barycenter (J2000)                      [deg]
#   5 DELTA_J2000            Declination of barycenter (J2000)                          [deg]
#   6 FWHM_IMAGE             FWHM assuming a gaussian core                              [pixel]
#   7 FWHM_WORLD             FWHM assuming a gaussian core                              [deg]
#   8 MAG_BEST               Best of MAG_AUTO and MAG_ISOCOR                            [mag]
#   9 MAG_APER               Fixed aperture magnitude vector                            [mag]
#  10 MAGERR_APER            RMS error vector for fixed aperture mag.                   [mag]
#  11 FLUX_APER              Flux vector within fixed circular aperture(s)              [count]
#  12 FLUXERR_APER           RMS error vector for aperture flux(es)                     [count]
#  13 BACKGROUND             Background at centroid position                            [count]
#  14 ELLIPTICITY            1 - B_IMAGE/A_IMAGE                                       
#  15 FLAGS                  Extraction flags                                          
         1    835.506    288.631 238.0208613 +33.0197178   117.80   0.01265237 -15.0252 -12.3673   0.0097     88493.05     792.5565     1378.901    0.827  19
         2    831.239    127.099 238.0216956 +33.0369826   169.98    0.0182578 -15.9786 -12.5489   0.0083     104603.1     797.5806     1301.858    0.858  19
         3    457.462    121.501 238.0697838 +33.0365937     5.90 0.0006333521 -14.1493 -14.1853   0.0021     472202.8     905.5936     1441.172    0.145   0
         4    434.817    195.750 238.0725607 +33.0285923     5.73 0.0006152242 -10.2362 -10.2102   0.0687     12135.75     768.0717     1484.439    0.113   0
         5     59.422    250.400 238.1207383 +33.0217361     8.23 0.0008838061 -10.7028 -10.8056   0.0399      21000.8     770.6732     1356.908    0.324   0
         6    174.600    270.298 238.1058888 +33.0199203     5.68 0.0006101778 -11.7804 -11.8269   0.0158      53795.3     781.3235     1440.699    0.168   0
         7    297.753    285.640 238.0900227 +33.0186115     6.60 0.0007084957  -9.5313  -9.8247   0.0979     8508.837      766.998     1499.448    0.055   0
         8    285.568    287.627 238.0915861 +33.0183662     5.44 0.0005840439  -9.2111  -9.5730   0.1233     6748.637     766.3162      1497.06    0.138   0
         9    261.010    293.995 238.0947324 +33.0176191     0.00            0  -8.8904  -9.5941   0.1209     6880.931     766.1653     1492.708    0.017   0
        10    490.353    360.665 238.0651177 +33.0111028     5.08 0.0005459727 -12.3956 -12.4230   0.0093     93154.22     793.9422     1574.513    0.056   0
        11      2.526    431.567 238.1277117 +33.0022055     5.31 0.0005701098 -10.7239 -10.8017   0.0308      20925.7     593.6079     1409.546    0.365  24
        12    714.167    774.601 238.0355987 +32.9674247     4.94 0.0005306791 -10.3665 -10.4540   0.0550     15191.84      768.808      1626.63    0.035   0
        13    888.310    888.309 238.0130167 +32.9557197    57.17   0.00614018 -14.4399 -12.7160   0.0071     122016.7     803.1231     544.0428    0.149  17
        14    841.427    830.861 238.0191431 +32.9617415    76.49  0.008215342 -14.1103 -13.1228   0.0050     177467.3     820.2427     1213.687    0.470  16
        15    100.013    780.643 238.1145213 +32.9651373     5.07 0.0005449108 -11.6870 -11.8015   0.0161     52551.79     781.0314     1477.496    0.046   0
        16    712.026    682.884 238.0360375 +32.9772282     5.10 0.0005483072 -10.8504 -10.9532   0.0348     24058.38     771.9854     1625.751    0.017   0
        17    405.140    710.255 238.0754345 +32.9734868     1.53 0.0001639379  -8.4133  -7.5469   0.7951     1044.132     764.4097     1614.947    0.100   0
        18    706.690    784.781 238.0365415 +32.9663162     4.73 0.0005083459 -11.0794 -11.1474   0.0292     28772.33     773.5105      1626.63    0.033   0
        19    665.060    784.181 238.0418932 +32.9662706     6.79 0.0007291335 -10.0083 -10.4568   0.0548     15230.01     769.1212      1626.28    0.192   0
        20    554.787    677.765 238.0562584 +32.9773601     5.52 0.0005931625  -8.9118  -8.6491   0.2883     2881.621     764.9457     1622.053    0.283   0
        21    721.837    647.896 238.0348388 +32.9809960     4.70 0.0005049943 -11.3407 -11.3767   0.0237     35536.21     775.6296     1619.391    0.034   0
        22    718.988    885.091 238.0347821 +32.9556204     3.81 0.0004091199 -10.0392  99.0000  99.0000     -47967.8     764.1979     1219.087    0.093   0
