#   1 NUMBER                 Running object number                                     
#   2 X_IMAGE                Object position along x                                    [pixel]
#   3 Y_IMAGE                Object position along y                                    [pixel]
#   4 ALPHA_J2000            Right ascension of barycenter (J2000)                      [deg]
#   5 DELTA_J2000            Declination of barycenter (J2000)                          [deg]
#   6 FWHM_IMAGE             FWHM assuming a gaussian core                              [pixel]
#   7 FWHM_WORLD             FWHM assuming a gaussian core                              [deg]
#   8 MAG_BEST               Best of MAG_AUTO and MAG_ISOCOR                            [mag]
#   9 MAG_APER               Fixed aperture magnitude vector                            [mag]
#  10 MAGERR_APER            RMS error vector for fixed aperture mag.                   [mag]
#  11 FLUX_APER              Flux vector within fixed circular aperture(s)              [count]
#  12 FLUXERR_APER           RMS error vector for aperture flux(es)                     [count]
#  13 BACKGROUND             Background at centroid position                            [count]
#  14 ELLIPTICITY            1 - B_IMAGE/A_IMAGE                                       
#  15 FLAGS                  Extraction flags                                          
         1     72.929    243.752 327.7830118 +28.8313861    32.57  0.003518521 -13.8160 -11.8214   0.0150     53526.94     738.4109     1357.619    0.667   2
         2     10.529     80.611 327.7911106 +28.8488184    64.20  0.006935526 -13.5076 -12.6861   0.0066     118701.1     722.0681     408.2748    0.599  24
         3    142.949     86.501 327.7747370 +28.8485069    41.65  0.004499119 -13.0879 -11.7807   0.0155     51557.98     737.8236     1257.606    0.724   0
         4    192.175     30.912 327.7687876 +28.8546186    34.51  0.003727584 -12.8461 -11.9292   0.0136     59111.39     740.3389     753.0525    0.240  17
         5    136.038     10.934 327.7757708 +28.8566354    86.64  0.009358824 -14.7221 -13.4741   0.0034     245278.7     768.9429      274.668    0.748  24
         6    460.371     24.205 327.7356677 +28.8559891     6.48 0.0006995245 -10.0373  99.0000  99.0000    -19158.77     719.8772     911.9283    0.433   0
         7    293.519     47.296 327.7562279 +28.8530982     6.35 0.0006861666 -10.0402  99.0000  99.0000    -38997.46     720.1218     1129.039    0.325   0
         8    717.795    135.360 327.7036060 +28.8446217     6.03 0.0006512791 -15.9837 -16.0039   0.0006      2521019     1333.735     1465.603    0.133   4
         9    274.270     64.501 327.7585654 +28.8511971     6.51 0.0007027644 -10.2819  99.0000  99.0000    -27997.91     720.2032     1265.125    0.131   0
        10    973.927     65.107 327.6721234 +28.8527978     6.92 0.0007473446  -8.8334  99.0000  99.0000     -35678.7     720.1218     1072.572    0.477   0
        11     64.745    109.877 327.7843426 +28.8457965    21.77  0.002351322  -9.6285  99.0000  99.0000    -3810.022     720.1829     911.8745    0.551   0
        12    733.806     78.943 327.7017580 +28.8507408     7.83 0.0008457549  -9.1454  99.0000  99.0000    -33708.58     719.9791     1298.266    0.249   0
        13    920.351    102.169 327.6786581 +28.8486772     7.05 0.0007614062 -10.6774 -10.7623   0.0391     20180.46     727.0939     1349.022    0.258   0
        14    189.516    108.649 327.7689315 +28.8462329     5.67 0.0006123536 -11.0186  -9.6875   0.1047     7498.743     722.8421     1513.024    0.054   0
        15     81.498    123.254 327.7822410 +28.8443955    16.24  0.001754806 -12.0596 -11.5790   0.0186     42816.65     734.8159     1132.189    0.335   0
        16     81.813    139.627 327.7821630 +28.8426314    10.47  0.001131267 -12.1830 -11.5851   0.0185     43057.02      734.638     1258.212    0.128   0
        17    429.403    123.816 327.7392604 +28.8451777     3.44 0.0003717038  -8.4042  99.0000  99.0000    -6705.762     719.7753     1502.465    0.428   0
        18    266.080    157.795 327.7593567 +28.8411212     5.84 0.0006311774 -11.2278 -11.3443   0.0230     34492.19      731.878      1530.52    0.093   0
        19    402.951    165.915 327.7424294 +28.8405762     5.83 0.0006293419 -11.7559 -11.8027   0.0152     52613.16     738.2407     1521.448    0.085   0
        20    747.353    183.428 327.6998437 +28.8395104     6.86  0.000741359 -10.0564 -10.5058   0.0495     15934.46     725.5921     1457.517    0.102   0
        21    525.142    278.525 327.7270723 +28.8287311     5.92 0.0006391749 -16.2112 -16.2294   0.0005      3102952     1438.788     1512.757    0.045   6
        22    706.199    205.093 327.7048776 +28.8370776     6.37 0.0006884442  -9.4934 -10.1602   0.0678     11590.07     723.9924      1475.29    0.352   0
        23    899.746    232.846 327.6809053 +28.8345430     5.81 0.0006275833 -13.5765 -13.6157   0.0032     279433.5     811.3339     1388.462    0.138   0
        24    464.882    287.255 327.7344950 +28.8276457     5.50 0.0005944374 -15.6147 -15.6088   0.0007      1751948     1180.973     1519.633    0.097   7
        25    511.219    255.234 327.7288463 +28.8312083     5.45   0.00058901 -13.1478 -13.1877   0.0045     188406.7     782.6893     1515.327    0.088   3
        26    479.842    276.439 327.7326724 +28.8288475     5.46 0.0005895467 -14.3591 -14.3790   0.0017     564440.1     894.9045     1519.342    0.104   3
        27    270.722    254.910 327.7585536 +28.8306643     5.52  0.000596447 -13.5768 -13.6149   0.0032     279220.8      811.395     1535.706    0.059   0
        28     51.045    230.130 327.7857474 +28.8328009     6.09 0.0006578513  -9.9248 -10.7600   0.0392     20137.52     726.9984     1196.482    0.325   0
        29   1025.926    235.116 327.6653134 +28.8345938     6.03 0.0006511416 -10.1885 -10.0823   0.0589     10787.52     585.2714     1322.351    0.137  24
        30    656.421    251.769 327.7109186 +28.8319282     5.55 0.0005992859 -12.0673 -12.1181   0.0115     70348.53     744.0449     1493.357    0.144   2
        31    317.192    251.774 327.7528210 +28.8311147     5.61 0.0006062868 -11.8509 -11.8925   0.0141     57145.61      739.397     1531.594    0.059   0
        32    113.031    240.599 327.7780658 +28.8318238     6.73 0.0007273832  -8.8809  99.0000  99.0000    -8827.887     719.8772     1534.839    0.255   0
        33    764.781    265.022 327.6975030 +28.8307565     5.53 0.0005969737 -12.0446 -12.1029   0.0116     69367.06      743.577     1444.503    0.113   0
        34    668.615    255.869 327.7094029 +28.8315151     6.52  0.000704707 -10.6326 -10.7672   0.0390     20271.26     727.1655     1489.623    0.153   3
        35    209.023    268.295 327.7661430 +28.8290720     5.55 0.0006000185 -11.9112 -11.9812   0.0130     62011.72     741.3176     1537.561    0.074   0
        36    247.470    259.002 327.7614160 +28.8301670     6.03 0.0006513075  -9.7650 -10.0913   0.0723     10876.77     723.7663     1536.628    0.132   0
        37    573.945    267.560 327.7210696 +28.8300296     5.54 0.0005980582 -10.6624 -10.7324   0.0402      19632.1     726.9457     1506.948    0.076   0
        38    186.420    291.117 327.7688807 +28.8265572     5.51 0.0005953392 -12.0278 -12.1267   0.0114     70903.73     744.3892     1537.523    0.065   0
        39     73.791    301.546 327.7827673 +28.8251587     7.76 0.0008383933 -11.3720 -11.6558   0.0174     45951.82     735.8419     1363.151    0.535   2
        40    261.245    309.908 327.7595941 +28.8247132     5.59 0.0006033675 -10.9076 -10.9874   0.0319     24829.65     728.7108     1533.206    0.071   0
        41    201.711    330.883 327.7668977 +28.8223079     5.41 0.0005840242 -13.4615 -13.5233   0.0034     256627.5     804.2212     1535.369    0.051   0
        42    101.122    306.738 327.7793791 +28.8246657     5.92 0.0006393535  -9.5851  -9.3168   0.1471     5329.901     721.9901     1534.258    0.094   0
        43     79.465    321.875 327.7820179 +28.8229812     8.52 0.0009208304 -11.4321 -11.5633   0.0189     42201.52     734.6265     1399.037    0.685   2
        44    841.265    316.342 327.6879380 +28.8254052     5.85 0.0006315368 -10.0555 -10.1315   0.0697     11287.53     723.9892     1391.885    0.170   0
        45    811.765    336.124 327.6915364 +28.8232034     7.58 0.0008190682  -9.5441  -9.7921   0.0951      8257.69     723.0031      1401.65    0.251   0
        46     78.354    431.781 327.7818926 +28.8111318    17.22  0.001860347 -12.9344 -11.6651   0.0172      46346.9      735.996      1378.37    0.726   2
        47     75.308    348.365 327.7824680 +28.8201157     7.99 0.0008631712 -11.4694 -11.6487   0.0175     45653.37     735.7404     1367.318    0.448   0
        48    116.532    348.720 327.7773757 +28.8201781     5.09 0.0005493094  -9.3036  99.0000  99.0000    -10735.97     720.1625     1533.713    0.023   0
        49    210.570    360.497 327.7657333 +28.8191374     5.54 0.0005979952 -11.1722 -11.3314   0.0233     34083.66     731.8386     1533.035    0.066   0
        50     76.739    389.129 327.7821939 +28.8157252    13.44  0.001452305 -12.2453 -11.6751   0.0171     46777.33      736.182     1376.161    0.522   2
        51     83.623    754.333 327.7804724 +28.7763769   113.15   0.01222295 -14.8747 -12.1398   0.0113     71766.67     744.6789     1350.915    0.862  16
        52     78.328    372.005 327.7820386 +28.8175750     8.90 0.0009610289 -11.5368 -11.6237   0.0179     44614.58     735.3874     1386.417    0.632   2
        53    982.566    369.845 327.6703635 +28.8199698     4.36 0.0004713121  -8.9065  -9.1825   0.1664     4709.988     721.7144     1290.262    0.320   0
        54     77.755    403.646 327.7820339 +28.8141630    18.45  0.001992611 -12.8880 -11.6742   0.0171     46738.13     736.2086     1381.238    0.574  18
        55    544.005    387.502 327.7244885 +28.8170295     5.98 0.0006464877  -9.9570 -10.0339   0.0762     10316.75     723.5728     1500.945    0.200   0
        56    119.654    395.406 327.7768789 +28.8151534     6.23 0.0006731343  -8.6463  99.0000  99.0000    -12945.05     719.9995     1528.314    0.118   0
        57    963.567    460.539 327.6725038 +28.8101493     5.64 0.0006093543 -15.7270 -15.7522   0.0007      1999384     1232.228     1264.839    0.120   4
        58    342.573    437.861 327.7492478 +28.8111177     5.13 0.0005543081 -13.5372 -13.5833   0.0032     271225.5     808.8915     1520.291    0.078   0
        59    816.271    418.209 327.6907916 +28.8143659     5.37 0.0005802178 -11.1673 -11.1876   0.0266     29856.63     730.4133     1374.188    0.139   0
        60    804.076    444.830 327.6922367 +28.8114677     6.04  0.000651936 -12.0204 -12.0533   0.0122     66268.93     742.7717     1369.999    0.215   0
        61    169.978    440.048 327.7705577 +28.8104639     5.14 0.0005550606 -11.7043 -11.7813   0.0155      51582.5     737.7921     1527.978    0.077   0
        62    269.203    483.110 327.7582019 +28.8060630     5.06 0.0005463123 -14.9748 -15.0057   0.0011      1005288     1010.525     1521.904    0.076   0
        63    719.688    439.110 327.7026717 +28.8118847     5.29 0.0005712775  -9.0429  -9.1511   0.1713     4575.366     721.7693      1419.13    0.275   0
        64    422.354    446.807 327.7393740 +28.8103454     4.54 0.0004907965  -9.3315  -9.7359   0.1001     7841.048     722.7372       1509.5    0.180   0
        65    664.861    446.816 327.7094250 +28.8109239     5.26 0.0005679588  -9.0520  -9.3688   0.1403     5591.224     722.1008     1443.433    0.298   0
        66   1012.245    459.828 327.6664937 +28.8103399     5.68 0.0006135033 -11.4790 -11.4956   0.0201     39650.12     733.7377     1237.587    0.218   0
        67     75.110    493.122 327.7821469 +28.8045119    13.34  0.001441049 -12.2946 -11.6119   0.0181     44130.88     735.3427     1352.347    0.696   2
        68    350.834    457.914 327.7481805 +28.8089761     4.48  0.000484236  -8.8090  -9.5833   0.1152     6812.448     722.4626     1517.309    0.190   0
        69     36.124    475.148 327.7870042 +28.8063541     5.18 0.0005594331 -12.0796 -11.6014   0.0183      43707.1     735.1985     1063.174    0.167   0
        70    173.895    466.298 327.7700117 +28.8076440     4.81  0.000519171  -9.0892  -9.9324   0.0836     9396.305     723.5792     1523.965    0.280   0
        71    947.099    503.740 327.6744392 +28.8054541     5.33 0.0005761483 -13.9549 -13.9921   0.0023     395235.4     846.2645     1254.651    0.136   0
        72    568.403    475.035 327.7212718 +28.8076525     7.41 0.0008008025  -9.4519  -9.5736   0.1162     6752.062     722.2183      1476.27    0.124   0
        73    462.239    478.256 327.7343749 +28.8070513     6.30 0.0006803664  -9.1021  -8.6654   0.2677     2925.252     721.1976     1502.321    0.184   0
        74     94.748    503.338 327.7796973 +28.8034587     5.64 0.0006089145  -9.1554 -10.0834   0.0728     10798.14     723.7594     1501.766    0.141   0
        75     83.526    580.505 327.7808991 +28.7951136    16.36  0.001766785 -13.1978 -12.0433   0.0123      65664.1     742.6076     1410.965    0.373   0
        76    344.509    522.655 327.7488092 +28.8019823     5.09 0.0005500602 -11.1578 -11.2153   0.0259     30627.48     730.6771     1508.561    0.115   0
        77    428.342    546.130 327.7384019 +28.7996538     4.90 0.0005289389 -12.5469 -12.5956   0.0075     109201.7     757.0259     1495.971    0.114   0
        78    997.679    890.117 327.6673165 +28.7639244     4.82 0.0005206395  -9.4025  -9.8947   0.0865     9076.079     723.3063     708.0441    0.276   0
        79    122.135   1009.649 327.7751104 +28.7489505     4.70 0.0005081557  -8.2715  99.0000  99.0000    -8685.354     719.9791     1313.292    0.274   0
        80    271.238    903.449 327.7569582 +28.7607596     4.59 0.0004962061 -12.0813 -12.1034   0.0116     69400.45     743.8841     1386.696    0.138   0
        81    605.982    740.014 327.7160164 +28.7791799     6.68  0.000721062  -9.9651 -10.3806   0.0554     14198.75     724.7914     1354.031    0.286   0
        82    884.937    886.547 327.6812419 +28.7640450     5.83 0.0006302853  -9.7083  -9.5231   0.1217     6445.139     722.2745     1047.027    0.309   0
        83    499.501    920.980 327.7287408 +28.7594193     6.75 0.0007295597  -9.1463  -9.4980   0.1246      6297.96     722.3861     1310.137    0.267   0
        84     79.470    866.998 327.7807164 +28.7642227     8.36 0.0009029782 -10.9681 -11.6194   0.0180     44438.34     735.2875     1256.827    0.291   3
        85    312.689    866.856 327.7519276 +28.7648042     4.95 0.0005348055  -9.9478 -10.2077   0.0650     12108.53      724.374     1402.507    0.078   0
        86    138.971    839.628 327.7734366 +28.7673179     4.60 0.0004971609 -11.7186 -11.6686   0.0172     46496.53      736.007     1418.625    0.117   0
        87    316.461    878.452 327.7514348 +28.7635634     5.03 0.0005431788  -9.4070  -9.6093   0.1124     6978.004     722.4387     1395.625    0.300   0
        88     84.012    904.956 327.7800653 +28.7601423    19.42  0.002097706 -13.0411 -11.7056   0.0166     48111.01     736.5153     1266.154    0.443   2
        89     83.524    940.927 327.7800397 +28.7562639     8.90 0.0009609218 -11.6008 -11.6557   0.0174     45949.06     736.0203     1245.129    0.197   2
        90    410.268    839.579 327.7399462 +28.7679794     4.75 0.0005134979 -11.1860 -11.2439   0.0252     31444.98      731.037     1388.511    0.104   0
        91    880.204    827.660 327.6819605 +28.7703814     5.43 0.0005867518 -13.2112 -13.2322   0.0043     196286.3     785.2208     1123.103    0.224   0
        92    712.612    835.363 327.7026321 +28.7691555     4.90 0.0005289395 -11.6771 -11.7142   0.0165     48494.04     736.6851     1233.236    0.170   0
        93    784.041    773.291 327.6939568 +28.7760152     3.56 0.0003843447  -8.7575  -9.2656   0.1542     5084.394     721.8441     1222.581    0.084   0
        94    462.121    810.952 327.7336119 +28.7711896     4.74 0.0005116857 -13.7093 -13.7505   0.0028     316371.7     822.7263     1387.179    0.120   0
        95    494.469    798.814 327.7296467 +28.7725755     4.80 0.0005180963  -9.7745  -9.5364   0.1202     6524.581     722.4036     1382.297    0.157   0
        96    263.780    740.489 327.7582636 +28.7783071     4.83 0.0005221998 -10.3705 -10.5033   0.0496     15897.21     725.6399     1469.237    0.094   0
        97    155.314    617.802 327.7719461 +28.7912682     4.84 0.0005230014 -11.1669 -11.2410   0.0253     31361.89     730.8882     1512.644    0.145   0
        98    144.032    793.566 327.7729213 +28.7722953     4.44 0.0004796337 -11.0626 -11.0593   0.0299     26528.56     729.2532     1447.123    0.118   0
        99    258.472    787.320 327.7588082 +28.7732462     4.89 0.0005279667  -9.7411  -9.8163   0.0930     8443.541      723.108     1449.903    0.089   0
       100    581.605    706.149 327.7191048 +28.7827721     6.52  0.000704599  -9.1508  -9.5589   0.1178      6661.19      722.329      1383.64    0.175   0
       101    670.962    711.801 327.7080592 +28.7823755     4.87  0.000525986  -9.8659  -9.8766   0.0880     8925.258      722.889     1327.151    0.126   0
       102    866.454    676.977 327.6840023 +28.7865913     5.28 0.0005702746 -10.7938 -10.8023   0.0377     20938.11     727.3342     1218.429    0.188   0
       103    124.299    704.819 327.7755685 +28.7818132     4.52 0.0004881874 -10.0937  -7.9055   0.5388      1452.83      720.748     1480.748    0.139   0
       104    844.658    757.294 327.6865097 +28.7778825     5.27 0.0005694603 -10.8818 -10.9496   0.0330     23978.55      728.459     1192.186    0.166   0
       105    273.007    744.538 327.7571148 +28.7778929     4.40 0.0004748915  -8.8056  -9.2846   0.1515     5174.159     721.8751     1465.926    0.350   0
       106     57.891    985.850 327.7830964 +28.7513591     4.79 0.0005174354 -12.9462 -13.0184   0.0052     161203.7     774.1412     1053.288    0.132   0
       107    378.354    739.576 327.7441205 +28.7786820     4.72 0.0005098492 -12.2787 -12.3249   0.0096     85108.93     749.0664     1453.507    0.132   0
       108    823.649    739.425 327.6891443 +28.7797592     5.62 0.0006067259  -9.4214  -8.9723   0.2019     3880.785     721.4271     1216.162    0.174   0
       109    248.388    663.286 327.7603464 +28.7865915     4.67 0.0005045642  -9.8219  -9.5378   0.1201     6532.827     722.3658      1499.73    0.106   0
       110    960.813    653.909 327.6724043 +28.7892993     5.61 0.0006059223  -9.6634  -9.6714   0.1062     7388.777     722.7026     1163.622    0.258   0
       111    881.076    752.203 327.6820251 +28.7785169     5.38 0.0005813033 -10.8428 -10.8648   0.0356      22177.4     727.6794     1171.221    0.223   0
       112    570.274    649.025 327.7206365 +28.7889025     5.21 0.0005627695 -10.1094 -10.2762   0.0610     12897.17     724.6056     1415.522    0.129   0
       113    439.463    668.222 327.7367430 +28.7865202     6.02 0.0006499365  -9.0785  -9.3637   0.1409     5565.192     722.0512     1463.075    0.012   0
       114    941.571    720.513 327.6746285 +28.7820749     5.63 0.0006082398 -10.9222 -10.9400   0.0333     23768.73     728.3065     1144.238    0.230   0
       115    280.295    721.528 327.7562694 +28.7803908     6.03 0.0006518684  -8.9316  -8.9593   0.2043     3834.561     721.4924     1474.746    0.020   0
       116    298.508    647.436 327.7541955 +28.7884212     4.92 0.0005316854  -9.7466  -9.8293   0.0919      8545.26     723.0214     1496.748    0.076   0
       117    793.621    671.947 327.6930066 +28.7869618     5.89 0.0006365222  -9.0894  -9.4685   0.1280      6129.14     722.2464     1267.588    0.235   0
       118    524.075    672.130 327.7262869 +28.7863016     5.85 0.0006321619  -9.7666  -9.9654   0.0811     9686.524     723.5781     1428.643    0.122   0
       119    256.072    636.804 327.7594602 +28.7894645     4.80 0.0005182927 -10.1545 -10.1023   0.0715     10988.28     723.8453     1502.224    0.115   0
       120    568.521    700.737 327.7207328 +28.7833243     5.35 0.0005777841  -9.2493  -9.7542   0.0985     7974.099     722.9659     1393.089    0.041   0
       121    724.366    623.784 327.7016684 +28.7919896     4.88 0.0005274466 -10.7440 -10.7338   0.0402     19656.58     726.7927     1336.496    0.122   0
       122    123.377    970.788 327.7750495 +28.7531423     4.58 0.0004949122 -12.4066 -12.4221   0.0088     93080.14     751.4293     1330.355    0.127   0
       123    149.162    605.430 327.7727351 +28.7925868     4.82  0.000521113 -11.6253 -11.5872   0.0185     43140.57      734.946     1513.633    0.108   0
       124    165.736    994.687 327.7697644 +28.7506693     4.68 0.0005053108 -12.1594 -12.1876   0.0108     74994.62     745.8011     1331.664    0.134   0
       125    848.988    615.364 327.6862998 +28.7931915     7.05 0.0007620223  -9.4121  -9.5838   0.1151      6815.84     722.3622     1260.383    0.277   0
       126    940.668    964.932 327.6741839 +28.7557266     5.33 0.0005762956  -9.7535 -10.8345   0.0366     21567.47     727.6714     649.2608    0.282   0
       127    458.298    881.987 327.7339179 +28.7635236     4.75 0.0005126173 -12.5307 -12.5943   0.0075     109073.9     757.0418     1351.477    0.131   0
       128     85.762    882.834 327.7799019 +28.7625311    11.56  0.001248617 -11.9862 -11.6907   0.0169     47456.07     736.4324     1294.265    0.641   2
       129    624.566    581.994 327.7140882 +28.7962572     4.95 0.0005345159 -11.4061 -11.4397   0.0211     37659.81     732.8791     1413.013    0.113   0
       130    421.325    923.290 327.7383851 +28.7589827     5.08  0.000548981  -9.2942  -9.4251   0.1332     5888.766     722.2242     1346.465    0.468   0
       131    172.271    563.106 327.7699823 +28.7972051     6.86 0.0007411569  -9.5632 -10.0840   0.0728     10803.91     723.9033     1516.404    0.141   0
       132    310.901   1006.775 327.7518188 +28.7497180     4.88 0.0005272616 -10.7118 -10.7774   0.0386     20463.08     727.2314     1317.836    0.211   0
       133     77.086    555.001 327.7817551 +28.7978468    13.07  0.001412339 -12.1347 -11.5925   0.0184     43351.14     734.9577     1361.107    0.319   2
       134    385.101    951.580 327.7427901 +28.7558463     4.88  0.000527207 -10.6521 -10.7888   0.0382     20678.35     727.3256     1339.494    0.173   0
       135   1005.006    864.003 327.6664712 +28.7667564     3.29 0.0003555207  -8.4394  99.0000  99.0000    -13408.43     719.9791     779.9603    0.010   0
       136     57.211    960.530 327.7832407 +28.7540866     4.85 0.0005237134 -11.8533 -11.9876   0.0129     62380.66     741.4619       1058.4    0.137   0
