#   1 NUMBER                 Running object number                                     
#   2 X_IMAGE                Object position along x                                    [pixel]
#   3 Y_IMAGE                Object position along y                                    [pixel]
#   4 ALPHA_J2000            Right ascension of barycenter (J2000)                      [deg]
#   5 DELTA_J2000            Declination of barycenter (J2000)                          [deg]
#   6 FWHM_IMAGE             FWHM assuming a gaussian core                              [pixel]
#   7 FWHM_WORLD             FWHM assuming a gaussian core                              [deg]
#   8 MAG_BEST               Best of MAG_AUTO and MAG_ISOCOR                            [mag]
#   9 MAG_APER               Fixed aperture magnitude vector                            [mag]
#  10 MAGERR_APER            RMS error vector for fixed aperture mag.                   [mag]
#  11 FLUX_APER              Flux vector within fixed circular aperture(s)              [count]
#  12 FLUXERR_APER           RMS error vector for aperture flux(es)                     [count]
#  13 BACKGROUND             Background at centroid position                            [count]
#  14 ELLIPTICITY            1 - B_IMAGE/A_IMAGE                                       
#  15 FLAGS                  Extraction flags                                          
         1     10.332     80.753 327.7911101 +28.8488765    63.18  0.006826148 -13.4758 -12.6547   0.0068     115316.5     719.1572     405.8628    0.599  24
         2    141.339     87.984 327.7748994 +28.8484213    44.12  0.004766663 -13.1694 -11.8452   0.0147     54711.51     739.4231      1257.93    0.718   0
         3    192.220     30.524 327.7687447 +28.8547398    33.09  0.003575838 -12.8067 -11.8670   0.0144     55819.18     739.8174     757.2861    0.249  17
         4    135.928     10.949 327.7757493 +28.8567109    86.46  0.009341311 -14.7104 -13.4724   0.0034     244894.8     769.4901     276.4818    0.746  24
         5    460.449     24.989 327.7355999 +28.8559926     5.53 0.0005976332 -10.0415  99.0000  99.0000    -19063.62     720.6877     921.0667    0.266   0
         6    293.516     48.177 327.7561818 +28.8530859     5.57 0.0006020995 -10.0113  99.0000  99.0000    -39927.03     720.6877     1138.121    0.195   0
         7    717.713    136.433 327.7035436 +28.8446027     6.28 0.0006785399 -15.9860 -16.0009   0.0006      2513919     1332.776     1464.187    0.175   4
         8    274.206     65.632 327.7585280 +28.8511573     6.59 0.0007125497 -10.2657  99.0000  99.0000    -26302.89     720.4022     1274.292    0.093   0
         9    974.239     65.972 327.6719934 +28.8528096     6.01 0.0006490338  -8.6575  99.0000  99.0000    -34361.18     720.6061     1078.003    0.494   0
        10     64.850    110.130 327.7843019 +28.8458453    22.48  0.002428546  -9.7275  99.0000  99.0000     -1324.86     720.5654     910.8214    0.507   0
        11    733.519     79.842 327.7017186 +28.8507402     8.36 0.0009028632  -9.2261  99.0000  99.0000    -28627.13     720.7081     1305.651    0.234   0
        12    920.250    103.270 327.6785833 +28.8486613     7.08 0.0007653759 -10.7761 -10.8167   0.0373     21216.85     727.8893     1348.212    0.127   0
        13    189.508    109.647 327.7688946 +28.8462051     6.33 0.0006834068 -11.0365  -9.5728   0.1164     6747.276     723.0448     1512.828    0.101   0
        14     81.934    123.636 327.7821584 +28.8444320    18.44  0.001992941 -12.1221 -11.6090   0.0182     44013.84     735.7773     1144.911    0.450   2
        15     81.564    141.743 327.7821614 +28.8424795    11.48  0.001239903 -12.2711 -11.5874   0.0185     43147.41     735.5229     1270.407    0.261   0
        16    266.056    158.914 327.7593178 +28.8410832     6.48 0.0007002564 -11.2180 -11.3065   0.0239     33311.37      732.172     1531.847    0.073   0
        17     73.402    252.193 327.7829098 +28.8305549    27.37  0.002957653 -13.2158 -11.8532   0.0146     55117.53     739.3617     1356.574    0.097   2
        18    402.867    167.037 327.7423891 +28.8405423     6.27 0.0006776507 -11.7399 -11.7779   0.0156     51424.57     738.2314     1521.025    0.068   0
        19     75.809    165.171 327.7828175 +28.8399402    11.86  0.001281231 -11.8386 -11.5242   0.0196     40709.03     734.3936     1362.283    0.122   0
        20    747.317    184.548 327.6997750 +28.8394879     9.25 0.0009993362 -10.1965 -10.5113   0.0493     16014.11     726.2823     1456.782    0.184   0
        21    525.066    279.558 327.7270266 +28.8287116     6.07 0.0006556549 -16.2260 -16.2400   0.0005      3133302     1444.273     1512.576    0.031   6
        22    899.665    233.935 327.6808336 +28.8345289     6.03 0.0006512391 -13.5711 -13.6099   0.0032     277944.8     811.4683     1388.851    0.068   0
        23    705.748    205.584 327.7048651 +28.8371207     3.63 0.0003924501  -9.5228 -10.2908   0.0602     13071.87     725.1675     1474.567    0.235   0
        24    464.809    288.329 327.7344532 +28.8276200     5.86 0.0006330833 -15.6143 -15.6076   0.0007      1749974     1180.813     1519.346    0.068   3
        25    511.142    256.343 327.7288008 +28.8311800     6.02 0.0006503011 -13.1670 -13.1972   0.0045     190051.6     783.7911     1515.169    0.116   3
        26     80.512    222.991 327.7821000 +28.8337199    10.65   0.00115101 -11.7118 -11.5571   0.0190     41962.26        735.1     1414.318    0.403   2
        27    479.782    277.524 327.7326277 +28.8288209     5.91 0.0006385141 -14.3577 -14.3748   0.0017     562248.2     894.7314     1519.099    0.073   3
        28    270.626    255.992 327.7585266 +28.8306312     6.04 0.0006523298 -13.5773 -13.6124   0.0032     278584.4      811.285     1536.091    0.087   0
        29     78.794    394.686 327.7819078 +28.8152102    21.70  0.002344651 -12.8709 -11.6800   0.0170     46989.58      736.688     1391.767    0.333   2
        30   1026.082    236.297 327.6652039 +28.8345744     5.84 0.0006312921 -10.0943  -9.8600   0.0719     8790.153     582.2107     1325.944    0.132  24
        31    656.430    252.837 327.7108528 +28.8319090     5.94 0.0006418234 -12.1063 -12.1683   0.0110     73673.66      745.787     1492.192    0.030   0
        32    317.191    252.794 327.7527792 +28.8310900     6.03 0.0006516074 -11.8408 -11.8687   0.0144     55906.81     739.5887     1532.189    0.090   0
        33    112.639    241.628 327.7780855 +28.8317906     6.29 0.0006797225  -8.8848  99.0000  99.0000    -9866.593     720.6061     1533.981    0.128   0
        34    764.737    266.125 327.6974369 +28.8307370     5.89 0.0006360898 -12.0482 -12.0898   0.0118     68538.94      744.044     1445.385    0.048   0
        35    208.928    269.314 327.7661205 +28.8290439     6.14 0.0006637221 -11.9219 -11.9785   0.0130     61856.41     741.8745     1537.203    0.114   0
        36    668.577    256.844 327.7093424 +28.8315064     5.93 0.0006409509 -10.5383 -10.8346   0.0367     21568.97     728.0305     1488.273    0.083   1
        37     78.164    279.598 327.7822567 +28.8276128    15.61   0.00168699 -12.5578 -11.6864   0.0169     47266.98     736.6426     1394.101    0.656   2
        38    573.834    268.629 327.7210246 +28.8300075     6.08  0.000657438 -10.6911 -10.7947   0.0380     20792.15     727.7839     1506.783    0.096   0
        39    247.311    260.344 327.7613978 +28.8301050     6.22  0.000672334  -9.7610 -10.1144   0.0708      11110.8     724.5723     1536.678    0.244   0
        40    186.267    292.196 327.7688674 +28.8265218     6.04 0.0006522894 -12.0496 -12.1251   0.0114     70798.92     744.7833     1537.263    0.084   0
        41    201.597    331.967 327.7668798 +28.8222730     5.94 0.0006419877 -13.4609 -13.5098   0.0034     253464.3     803.5618     1536.036    0.080   0
        42    261.223    311.057 327.7595602 +28.8246732     6.10 0.0006596004 -10.8632 -10.9124   0.0342     23171.79     728.7017     1533.768    0.098   0
        43    101.107    307.934 327.7793547 +28.8246155     6.80 0.0007352006  -9.4959  -9.1429   0.1727     4541.275     722.3427     1535.307    0.233   0
        44     74.533    307.205 327.7826404 +28.8246284     5.16  0.000557669 -10.4648 -11.6472   0.0175     45591.15     736.2932     1370.931    0.277   0
        45    841.146    317.192 327.6878782 +28.8254157     6.58 0.0007107076  -9.9946 -10.0123   0.0778     10113.47     724.0861     1391.858    0.058   0
        46     82.019    328.692 327.7816647 +28.8223310     7.44 0.0008035861 -10.9421 -11.4610   0.0208     38407.51       733.89     1422.127    0.360   0
        47    811.381    336.901 327.6915121 +28.8232203     6.68  0.000722033  -9.2969  -9.3941   0.1371     5723.174     722.7313     1403.624    0.203   0
        48    210.460    361.519 327.7657154 +28.8191096     6.23 0.0006730686 -11.1946 -11.2987   0.0240     33074.41     732.1915     1534.028    0.106   0
        49    116.184    349.393 327.7773940 +28.8201843     5.86 0.0006326497  -9.2150  99.0000  99.0000    -11202.33     720.3818     1534.937    0.196   0
        50    729.372    375.943 327.7015579 +28.8188157     2.04 0.0002208551  -8.2130  -7.1844   1.0471     747.7635     720.9879     1435.282    0.175   0
        51    543.668    388.468 327.7244775 +28.8170181     6.13 0.0006620304  -9.9558 -10.0654   0.0741     10621.23     724.4439     1501.152    0.128   0
        52    120.009    396.030 327.7768117 +28.8151671     4.74 0.0005119984  -8.4227  99.0000  99.0000    -13583.19     720.4022     1528.548    0.009   0
        53     77.496    673.525 327.7814113 +28.7851533    41.99  0.004537043 -14.2633 -11.8285   0.0149     53878.82     739.1614     1336.257    0.706   2
        54    701.384    399.856 327.7049621 +28.8161712     1.35 0.0001455354  -7.6073  -8.0048   0.4920      1591.91      721.199     1442.156    0.356   0
        55    963.497    461.687 327.6724336 +28.8101330     5.76 0.0006222551 -15.7273 -15.7488   0.0007      1993018     1231.267     1266.232    0.042   0
        56    342.490    438.959 327.7492202 +28.8110867     5.68 0.0006134714 -13.5329 -13.5749   0.0033     269135.4     808.6588     1519.366    0.075   0
        57    816.226    419.442 327.6907266 +28.8143354     5.71 0.0006174223 -11.1969 -11.1905   0.0265     29935.98     730.8979      1374.82    0.029   0
        58     76.870    444.341 327.7820284 +28.8098536    12.03  0.001299288 -11.8314 -11.6342   0.0177     45049.35     736.1292     1371.742    0.532   2
        59    169.894    441.104 327.7705418 +28.8104321     5.88 0.0006355565 -11.7424 -11.8170   0.0151     53308.91     739.1078     1527.279    0.099   0
        60    804.038    445.838 327.6921729 +28.8114612     6.59 0.0007124454 -12.0158 -12.0559   0.0122     66432.03     743.4148     1370.274    0.197   0
        61     76.383    453.875 327.7820662 +28.8088247    14.92  0.001611763 -12.4130 -11.6172   0.0180     44348.86     735.9511     1363.697    0.425   2
        62    269.115    484.241 327.7581810 +28.8060265     5.67 0.0006131212 -14.9745 -15.0013   0.0011      1001226     1009.967     1521.325    0.073   0
        63    719.219    439.524 327.7026680 +28.8119385     4.70 0.0005074524  -9.0435  -9.1381   0.1735     4520.898      722.295      1419.54    0.268   0
        64    665.067    447.478 327.7093413 +28.8109510     6.24 0.0006746287  -9.1139  -9.1956   0.1646     4766.894     722.3597     1444.988    0.233   0
        65    422.334    448.009 327.7393332 +28.8103060     6.95 0.0007508023  -9.2329  -9.4994   0.1245     6306.158     722.8516     1510.054    0.218   0
        66   1012.146    461.026 327.6664237 +28.8103196     5.91 0.0006388642 -11.4524 -11.4519   0.0209      38084.4        733.8     1238.313    0.083   0
        67     36.188    476.356 327.7869797 +28.8063022     5.88 0.0006356591 -12.0566 -11.5739   0.0187     42615.08      735.202     1065.666    0.170   0
        68     85.560    764.339 327.7802015 +28.7753853    40.19  0.004342807 -14.8164 -12.5366   0.0079     103428.7      755.715     1360.119    0.714   0
        69    947.059    504.872 327.6743677 +28.8054393     5.65 0.0006107427 -13.9570 -13.9894   0.0023     394230.3      846.432     1254.531    0.037   0
        70    567.930    476.156 327.7212783 +28.8076256     5.49 0.0005936393  -9.1330  -9.2272   0.1598     4907.738     722.3271     1476.433    0.374   0
        71    462.243    479.053 327.7343304 +28.8070572     6.33 0.0006841109  -9.0126  -8.3445   0.3600     2176.805     721.5035     1501.798    0.308   0
        72     78.137    492.431 327.7817587 +28.8046734     6.34 0.0006849463 -10.7539 -11.5669   0.0189      42340.8     735.3086     1375.873    0.543   0
        73     84.950    580.062 327.7807105 +28.7952454     8.63 0.0009326022 -12.6322 -11.9823   0.0130     62073.45     741.7694      1419.38    0.055   0
        74    344.433    523.692 327.7487833 +28.8019587     5.81 0.0006279633 -11.2055 -11.2733   0.0246     32308.33     731.7692      1507.55    0.102   0
        75     79.802    524.396 327.7814776 +28.8012324     3.71 0.0004012751  -7.9057 -11.4838   0.0203     39222.84     733.9475     1388.187    0.617   1
        76    428.261    547.234 327.7383716 +28.7996258     5.48 0.0005918863 -12.5440 -12.6001   0.0075     109660.4     757.8125     1496.064    0.059   0
        77    385.052    952.767 327.7427713 +28.7558115     5.73 0.0006194608 -10.6983 -10.7841   0.0384     20588.73     727.8351     1338.178    0.158   0
        78    884.932    887.691 327.6811823 +28.7640303     6.47 0.0006989644  -9.8475  -9.8739   0.0883     8903.321     723.8102     1043.551    0.198   0
        79    138.845    840.739 327.7734403 +28.7672824     5.14 0.0005557661 -11.7046 -11.6647   0.0173     46332.38     736.5049     1419.067    0.108   0
        80    880.209    828.812 327.6818981 +28.7703652     5.71 0.0006170863 -13.2101 -13.2318   0.0043     196217.6     785.5122     1122.714    0.133   0
        81    316.364    879.568 327.7514242 +28.7635333     6.74 0.0007283756  -9.4332  -9.6299   0.1104     7111.432     723.1301     1393.553    0.193   0
        82    712.527    836.489 327.7025924 +28.7691366     5.36 0.0005792331 -11.6779 -11.7331   0.0162     49345.34     737.6464     1233.342    0.104   0
        83     81.670    867.485 327.7804391 +28.7642585    18.44  0.001992801 -12.7387 -11.6956   0.0168     47670.99     737.0987     1276.996    0.442   2
        84    258.320    788.330 327.7588058 +28.7732250     5.99 0.0006471875  -9.7536  -9.9087   0.0855     9193.442     723.9104     1448.953    0.128   0
        85     86.002    939.491 327.7797347 +28.7565084    12.65  0.001366488 -12.3160 -11.6139   0.0181     44215.93     735.7662     1259.021    0.617   2
        86    462.069    812.082 327.7335839 +28.7711622     5.31 0.0005740519 -13.7138 -13.7488   0.0028     315870.8     823.0518     1386.992    0.083   0
        87    494.547    800.002 327.7296001 +28.7725431     5.81 0.0006272944  -9.8069  -9.6236   0.1110     7070.605     722.9127     1381.118    0.101   0
        88     84.027    893.383 327.7800871 +28.7614731    16.21  0.001751772 -12.3614 -11.7464   0.0160     49954.67     737.5541     1273.764    0.445   2
        89    143.977    794.600 327.7729147 +28.7722679     5.21  0.000562795 -11.0365 -10.9644   0.0326     24308.46      728.769     1447.579    0.108   0
        90    881.068    753.314 327.6819620 +28.7785046     5.74 0.0006196909 -10.7968 -10.8361   0.0366     21599.27     728.2427     1170.659    0.148   0
        91    568.558    702.105 327.7206827 +28.7832739     6.64 0.0007175654  -9.2499  -9.7009   0.1035      7592.25     723.2963     1392.345    0.195   0
        92    671.113    712.790 327.7079894 +28.7823696     5.67 0.0006121013  -9.8138  -9.8352   0.0915     8592.094     723.6012     1327.328    0.090   0
        93    866.437    678.046 327.6839389 +28.7865823     5.69 0.0006142963 -10.7822 -10.8355   0.0366     21586.77     728.2182     1215.519    0.053   0
        94    581.542    707.171 327.7190672 +28.7827592     5.19  0.000560271  -9.2178  -9.8199   0.0928     8471.538     723.7423     1382.676    0.175   0
        95    844.680    758.472 327.6864453 +28.7778619     5.68 0.0006138379 -10.8495 -10.8687   0.0355     22258.35     728.4285     1191.972    0.112   0
        96    378.270    740.695 327.7440999 +28.7786525     5.30  0.000572329 -12.2819 -12.3246   0.0096     85080.16     749.6401     1453.094    0.074   0
        97    960.666    655.128 327.6723496 +28.7892766     6.19 0.0006690259  -9.5669  -9.6173   0.1117     7029.262     723.1017      1163.04    0.122   0
        98    271.142    904.608 327.7569512 +28.7607237     5.20 0.0005618305 -12.0764 -12.1153   0.0115     70166.77     744.5513     1385.014    0.097   0
        99    263.750    741.412 327.7582444 +28.7782951     5.50 0.0005939734 -10.4609 -10.5863   0.0460     17160.34     726.6161     1468.017    0.075   0
       100    823.595    740.510 327.6890905 +28.7797475     5.82 0.0006290323  -9.3539  -8.9947   0.1979     3961.731     722.0403     1215.473    0.192   0
       101    312.437    868.029 327.7519361 +28.7647674     5.96 0.0006442691  -9.9644 -10.1457   0.0688     11436.47     724.6035     1400.983    0.136   0
       102    499.403    921.838 327.7287201 +28.7594232     6.44 0.0006961167  -9.2430  -9.2984   0.1497     5240.562     722.2186     1309.885    0.202   0
       103    604.999    740.989 327.7160921 +28.7791709     5.33 0.0005756763  -9.7005 -10.4854   0.0504     15637.14     725.7477     1353.094    0.345   0
       104    941.555    721.655 327.6745613 +28.7820608     5.81 0.0006276344 -10.9258 -10.9463   0.0331     23906.81     728.9336     1143.478    0.097   0
       105    155.245    618.967 327.7719347 +28.7912257     5.54 0.0005989207 -11.1641 -11.2407   0.0253     31352.69     731.4225     1512.707    0.100   0
       106    149.010    606.466 327.7727343 +28.7925577     5.54 0.0005982946 -11.5992 -11.5732   0.0188      42588.2     735.3128     1513.684    0.106   0
       107    524.094    672.964 327.7262423 +28.7863071     6.16 0.0006659201  -9.7143  -9.8324   0.0917     8569.622     723.5934       1429.4    0.160   0
       108    279.925    722.345 327.7562909 +28.7803898     4.81 0.0005196409  -8.8003  -8.6423   0.2737     2863.685     721.6804     1474.159    0.256   0
       109    124.201    705.680 327.7755661 +28.7818031     5.27 0.0005694203 -10.0736  -8.3378   0.3621     2163.361     721.3359     1479.948    0.175   0
       110    248.224    664.413 327.7603420 +28.7865561     5.62 0.0006072809  -9.8920  -9.7449   0.0993     7906.045     723.1204     1499.936    0.085   0
       111    439.236    669.459 327.7367334 +28.7864789     5.08 0.0005492162  -9.1136  -9.3180   0.1471     5336.048     722.5364      1463.08    0.279   0
       112    256.116    638.078 327.7594284 +28.7894139     5.47 0.0005911807 -10.1163 -10.0848   0.0728     10812.25      724.449     1502.758    0.064   0
       113    570.269    649.882 327.7205910 +28.7889068     5.66 0.0006111679 -10.1574 -10.2040   0.0652     12067.34     724.9022      1415.42    0.095   0
       114    724.351    624.849 327.7016127 +28.7919761     5.49 0.0005937229 -10.7482 -10.7398   0.0400      19766.4     727.5122     1336.146    0.118   0
       115     57.940    987.071 327.7830883 +28.7513108     5.51 0.0005958638 -12.9432 -13.0063   0.0053     159410.2     773.9938      1053.34    0.112   0
       116    848.734    616.330 327.6862653 +28.7931919     6.06 0.0006544719  -9.4161  -9.6270   0.1107     7092.647     723.1642     1259.925    0.243   0
       117    458.233    883.101 327.7338940 +28.7634983     5.32 0.0005749225 -12.5321 -12.5861   0.0076       108254     757.2708     1351.664    0.100   0
       118     57.264    961.793 327.7832312 +28.7540335     5.55 0.0006000379 -11.8504 -11.9716   0.0131     61467.83     741.6643     1058.661    0.122   0
       119    410.239    840.700 327.7399197 +28.7679517     5.37 0.0005806756 -11.1491 -11.1996   0.0263     30189.09     731.0046     1389.039    0.137   0
       120    165.691    995.880 327.7697612 +28.7506273     5.32 0.0005752544 -12.1487 -12.1812   0.0109     74552.49     746.0618     1329.578    0.126   0
       121    172.056    564.311 327.7699859 +28.7971579     4.55 0.0004911294  -9.5098  -9.9848   0.0797     9861.224      724.141     1516.763    0.177   0
       122    123.318    971.942 327.7750501 +28.7531030     5.28 0.0005702107 -12.4113 -12.4321   0.0087     93940.84     752.6478     1328.626    0.137   0
       123    624.441    583.059 327.7140514 +28.7962398     5.52 0.0005961293 -11.4296 -11.4698   0.0206     38718.65      734.016     1413.329    0.061   0
       124    310.865   1007.898 327.7518052 +28.7496882     5.46 0.0005900387 -10.7709 -10.8957   0.0347     22817.98     728.6004     1315.389    0.097   0
       125    121.593   1010.206 327.7751732 +28.7489745     3.46 0.0003743423  -8.2207  99.0000  99.0000    -9599.041     720.4431     1314.578    0.427   0
       126     77.957    534.346 327.7816821 +28.8001554     6.54 0.0007061488 -10.7582 -11.5705   0.0188     42482.69     735.2769      1372.06    0.705   0
       127    298.621    648.270 327.7541536 +28.7884195     6.52 0.0007041172  -9.8154  -9.8089   0.0937     8385.943     723.6518     1497.208    0.066   0
       128    940.406    966.201 327.6741545 +28.7557002     3.46 0.0003737502  -9.1885 -10.7813   0.0385     20536.27     727.6152     649.1381    0.421   0
