#   1 NUMBER                 Running object number                                     
#   2 X_IMAGE                Object position along x                                    [pixel]
#   3 Y_IMAGE                Object position along y                                    [pixel]
#   4 ALPHA_J2000            Right ascension of barycenter (J2000)                      [deg]
#   5 DELTA_J2000            Declination of barycenter (J2000)                          [deg]
#   6 FWHM_IMAGE             FWHM assuming a gaussian core                              [pixel]
#   7 FWHM_WORLD             FWHM assuming a gaussian core                              [deg]
#   8 MAG_BEST               Best of MAG_AUTO and MAG_ISOCOR                            [mag]
#   9 MAG_APER               Fixed aperture magnitude vector                            [mag]
#  10 MAGERR_APER            RMS error vector for fixed aperture mag.                   [mag]
#  11 FLUX_APER              Flux vector within fixed circular aperture(s)              [count]
#  12 FLUXERR_APER           RMS error vector for aperture flux(es)                     [count]
#  13 BACKGROUND             Background at centroid position                            [count]
#  14 ELLIPTICITY            1 - B_IMAGE/A_IMAGE                                       
#  15 FLAGS                  Extraction flags                                          
         1    840.749     80.183 238.0184525 +32.9334623   135.38   0.01454842 -14.5825 -12.4638   0.0058      96722.2     515.5715     747.3815    0.607  16
         2    822.380      9.580 238.0209397 +32.9409735    81.53   0.00876118 -13.5899 -12.3654   0.0059     88339.26     480.6986     430.8067    0.784  24
         3    489.539     47.582 238.0636390 +32.9360410     6.80 0.0007309689  -9.7418  99.0000  99.0000    -97.82912     466.3449     790.3286    0.071   0
         4    245.792     74.009 238.0949082 +32.9325698     6.08 0.0006530182  -9.8091 -10.6237   0.0291     17762.25      475.513     836.2021    0.507   0
         5     62.351    117.963 238.1183931 +32.9273760     5.60 0.0006016453 -13.8309 -13.8660   0.0019     351875.4      627.238     867.8035    0.029   0
         6    727.455    127.341 238.0329240 +32.9281215     6.14 0.0006593372 -10.2867  -9.5101   0.0801     6368.576     469.6811     939.3229    0.147   0
         7    749.272    131.993 238.0301124 +32.9276799     5.76 0.0006192935 -10.0582  -8.1182   0.2871     1767.102     467.2122     939.4639    0.115   0
         8    621.969    138.061 238.0464573 +32.9267003     2.99 0.0003214465  -8.1705  99.0000  99.0000    -2116.113     466.3845     938.2756    0.050   0
         9    369.023    147.868 238.0789366 +32.9249885    11.37  0.001222039  -9.9809  -9.9604   0.0531     9642.056     471.5116     924.3687    0.163   0
        10    746.424    148.733 238.0304481 +32.9258805     4.33 0.0004650484  -7.9375  99.0000  99.0000    -2711.512     466.3712     939.7775    0.440   0
        11    698.374    195.227 238.0365368 +32.9207787     6.74 0.0007246871 -11.8598 -11.9398   0.0090     59695.22     497.2561     940.3536    0.097   0
        12    319.990    190.430 238.0851563 +32.9203027     5.85 0.0006288213  -9.8662 -10.0486   0.0490     10458.01     471.7224     919.9616    0.179   0
        13    475.358    187.235 238.0652023 +32.9210533     6.33 0.0006804416  -9.1919  -9.4717   0.0830     6147.115     469.6418     932.5164    0.200   0
        14    773.468    197.010 238.0268863 +32.9207820     0.14 1.548439e-05  -7.1838  -9.3956   0.0889      5731.31     469.3811     940.4896    0.325   0
        15    109.601    259.206 238.1120528 +32.9123816     5.64 0.0006055749 -13.8035 -13.8381   0.0020     342954.5     623.5736      881.324    0.076   0
        16    759.576    280.024 238.0285209 +32.9118590     5.57 0.0005987074 -12.2255 -12.2874   0.0067     82220.45     508.4427     940.1688    0.151   0
        17    231.730    278.988 238.0963274 +32.9105887    12.63   0.00135752 -10.4897 -10.3846   0.0361     14251.22     473.8972     907.6568    0.294   0
        18    578.666    330.930 238.0516666 +32.9059400     5.16 0.0005550481 -11.3051 -11.4176   0.0143     36899.54     485.7108     934.5311    0.133   0
        19      3.886    320.778 238.1255139 +32.9055074     7.12 0.0007653577  -8.4557  -7.5860   0.3758       1082.4      374.524     854.8121    0.284  16
        20    284.914    344.604 238.0893722 +32.9037050     5.15 0.0005539231 -11.1912 -11.2580   0.0165     31855.61      483.095     915.0748    0.157   0
        21     40.667    347.919 238.1207375 +32.9027004     6.40 0.0006874379  -9.1538  -9.2405   0.1025     4968.083     469.0269      862.172    0.147   0
        22    448.207    385.551 238.0683223 +32.8997516     5.30 0.0005691682 -10.8840 -10.9849   0.0210     24771.72     479.4022     925.9407    0.131   0
        23    417.421    411.133 238.0722287 +32.8969321     3.65 0.0003920103 -10.1752 -10.1666   0.0440     11658.77     472.5536     923.8115    0.501   0
        24    508.800    436.385 238.0604459 +32.8944682     4.92 0.0005285646 -12.1750 -12.2061   0.0072      76285.6     505.3335     925.5991    0.139   0
        25    155.978    453.695 238.1057258 +32.8916844     5.39 0.0005787163  -9.9684 -10.0289   0.0499      10269.7     471.8051     884.3198    0.117   0
        26    539.404    461.540 238.0564690 +32.8918552     7.81 0.0008390317  -9.1743  -9.3755   0.0906     5626.255     469.2596     925.6575    0.089   0
        27    267.512    495.603 238.0913229 +32.8874939     5.02 0.0005396348 -12.4598 -12.5055   0.0056     100509.8     517.3692     905.5652    0.134   0
        28     10.814    496.793 238.1242854 +32.8866829     6.23 0.0006699805 -10.4974 -10.4819   0.0314     15586.92     451.1014     841.7994    0.208  16
        29    437.723    503.319 238.0694501 +32.8871164     5.15 0.0005533841  -9.7493  -9.6931   0.0678     7537.988     470.4208     921.0211    0.178   0
        30    776.952    517.006 238.0258611 +32.8865337     5.84 0.0006273576  -8.4740  -8.4874   0.2045     2482.978     467.5951     929.9479    0.248   0
        31    808.260    869.221 238.0212070 +32.8489079     4.18 0.0004493607 -12.8288 -12.8663   0.0042     140122.6     536.1921     873.1225    0.170   0
        32    510.436   1026.965 238.0591463 +32.8312481     5.95 0.0006398219  -8.6782  -8.3689   0.1780     2226.193     364.8972     798.4844    0.211  24
        33    798.154   1021.137 238.0222309 +32.8326185     4.63 0.0004970751  -9.9929  -9.9214   0.0504     9301.881     431.7229       831.43    0.276  16
        34    356.521   1007.306 238.0789362 +32.8329490     7.70 0.0008274457  -8.7916  -8.7389   0.1624     3130.083     467.9936     777.5025    0.457   0
        35    629.321    785.154 238.0443300 +32.8574449     4.68 0.0005031532  -8.7681  -8.9587   0.1327     3832.635     468.4081      884.206    0.276   0
        36    424.603    750.810 238.0706749 +32.8605869     3.44 0.0003696403  -7.8339  -7.7528   0.4017       1262.2     466.8629     876.2573    0.429   0
        37    299.345    759.177 238.0867399 +32.8593613     5.07 0.0005445302 -10.8926 -10.9347   0.0220     23651.66     478.8435     858.4549    0.205   0
        38    717.611    712.087 238.0331279 +32.8654960    10.93  0.001174648  -9.9926  -9.9920   0.0516     9926.365     471.6101     908.4381    0.337   0
        39    255.679    851.972 238.0921709 +32.8493119     3.79 0.0004078105  -8.1425  -8.3614   0.2296     2210.899     467.5023     820.6294    0.079   0
        40    857.218    793.820 238.0150573 +32.8571059     4.51 0.0004846349 -11.9436 -12.0719   0.0081      67416.3     500.9633     880.5031    0.236   0
        41    882.828    748.818 238.0118500 +32.8619893     3.25 0.0003489109  -9.0802 -10.9095   0.0225     23109.37     478.4188     851.0316    0.264   0
        42    882.562    754.581 238.0118738 +32.8613716     4.90 0.0005270489  -9.6059 -10.9055   0.0226     23025.11     478.4005     849.6698    0.643   0
        43    127.753    634.654 238.1090058 +32.8722369     5.68 0.0006107988 -10.0576 -10.1952   0.0429     11969.95     472.6792     854.7302    0.196   0
        44    883.139    898.354 238.0115429 +32.8459814     7.20  0.000773605 -10.5377 -11.0859   0.0192     27186.77     480.6344     814.6433    0.450   0
        45    378.422    703.234 238.0766924 +32.8655588     4.79 0.0005147398 -12.8086 -12.8553   0.0042     138713.3     535.5001     884.5503    0.149   0
        46    906.437    626.367 238.0090374 +32.8751588     4.66 0.0005003606 -11.2582 -10.9966   0.0208      25041.4     479.5428     820.4507    0.217   0
        47    881.813    876.222 238.0117527 +32.8483473     5.27 0.0005666339  -9.8600 -11.0264   0.0202     25736.35     479.7383     823.3427    0.564   0
        48    884.198    924.400 238.0113605 +32.8431958     1.72 0.0001852898  -9.1486 -11.0622   0.0196     26599.29     480.2006     804.8348    0.410   0
        49    887.244    947.385 238.0109285 +32.8407429     4.76 0.0005110193  -9.6350 -11.0233   0.0203     25664.67     479.8164      795.204    0.332   0
        50    592.638    720.506 238.0491577 +32.8642704     4.82 0.0005175302  -8.3044  -8.7818   0.1561     3256.416     468.0216     898.2056    0.391   0
        51    626.368    700.439 238.0448640 +32.8665064     3.80 0.0004080931  -8.3911  -8.6425   0.1774     2864.078     467.8646     905.0964    0.134   0
