#   1 NUMBER                 Running object number                                     
#   2 X_IMAGE                Object position along x                                    [pixel]
#   3 Y_IMAGE                Object position along y                                    [pixel]
#   4 ALPHA_J2000            Right ascension of barycenter (J2000)                      [deg]
#   5 DELTA_J2000            Declination of barycenter (J2000)                          [deg]
#   6 FWHM_IMAGE             FWHM assuming a gaussian core                              [pixel]
#   7 FWHM_WORLD             FWHM assuming a gaussian core                              [deg]
#   8 MAG_BEST               Best of MAG_AUTO and MAG_ISOCOR                            [mag]
#   9 MAG_APER               Fixed aperture magnitude vector                            [mag]
#  10 MAGERR_APER            RMS error vector for fixed aperture mag.                   [mag]
#  11 FLUX_APER              Flux vector within fixed circular aperture(s)              [count]
#  12 FLUXERR_APER           RMS error vector for aperture flux(es)                     [count]
#  13 BACKGROUND             Background at centroid position                            [count]
#  14 ELLIPTICITY            1 - B_IMAGE/A_IMAGE                                       
#  15 FLAGS                  Extraction flags                                          
         1    833.461    182.414 200.9207645 +36.2167194   177.63   0.01919772 -15.7612 -12.2269   0.0096     77761.93     690.6132     1166.877    0.910  16
         2    519.715     45.046 200.9632256 +36.2306213     6.19 0.0006686919  -9.7980  -9.8189   0.0854     8463.481     665.1849     1222.218    0.353   0
         3    472.090     85.810 200.9695342 +36.2260935     5.41 0.0005847485 -10.3794 -10.3514   0.0524     13821.66     667.1213     1240.132    0.309   0
         4    538.895    141.197 200.9604338 +36.2203199     5.67 0.0006131956  -9.8494 -10.0338   0.0701     10316.38     665.6947      1282.85    0.353   0
         5    607.907    161.639 200.9511158 +36.2183158     7.89 0.0008531118 -10.8140 -10.8330   0.0338     21537.29     669.9324     1307.715    0.263   0
         6    771.967    261.999 200.9288529 +36.2079731     0.00            0  -8.0153  99.0000  99.0000    -10212.15      661.678     1337.731    0.003   0
         7    260.993    293.997 200.9974254 +36.2030584     0.00            0  -8.8447  -9.6006   0.1042     6921.849     664.3441     1296.906    0.004   0
         8    188.928    326.823 201.0070309 +36.1993124     4.75 0.0005136243 -10.1899 -10.0877   0.0667     10841.46     666.0408     1290.712    0.185   0
         9    442.385    387.453 200.9728484 +36.1935179     4.35 0.0004705499  -9.6509  -9.9721   0.0742     9746.076     665.5364     1362.302    0.077   0
        10    864.895    627.446 200.9155767 +36.1688731     4.08 0.0004408062 -12.2266 -12.0326   0.0115      65016.3      686.038     1301.127    0.070   0
        11    887.967    887.908 200.9119159 +36.1408834    58.37  0.006308285 -13.7793 -12.4338   0.0080     94080.98     696.5134     552.7395    0.149  16
        12    159.914    786.356 201.0098732 +36.1497315     4.79 0.0005182246  -9.1646 -10.5517   0.0437     16622.57     668.2629     1308.454    0.270   0
        13    169.199    539.683 201.0091925 +36.1763278     4.31 0.0004660388 -10.4752 -10.6083   0.0414     17511.69     668.3729     1339.305    0.131   0
        14    307.468    471.837 200.9907786 +36.1840384     4.26 0.0004599383 -10.4785 -10.6090   0.0414     17522.44     668.4326     1364.564    0.144   0
        15    885.089    445.535 200.9132585 +36.1885239     3.97 0.0004291479 -11.8114 -10.2959   0.0552     13132.38     666.9187     1090.298    0.031   0
        16    444.181    499.669 200.9723553 +36.1814362     4.01 0.0004331498 -12.2328 -12.2893   0.0091     82359.66     692.3651     1378.944    0.077   0
        17     98.539    721.232 201.0182625 +36.1565661     4.16 0.0004491052  -8.7409  -9.0287   0.1763     4087.634     663.5383     1304.985    0.192   0
        18    863.305    698.024 200.9156374 +36.1612666     4.07 0.0004400447  -8.1144  99.0000  99.0000    -9675.969     661.8653     1320.848    0.087   0
        19    589.013    593.035 200.9526977 +36.1717957     4.20 0.0004542632  -8.2296  -7.9112   0.4925     1460.468     662.3419     1384.842    0.012   0
        20    431.394    540.195 200.9739816 +36.1770343     3.96 0.0004277458 -12.1180 -12.2050   0.0098     76209.96     689.8895     1378.423    0.082   0
        21    800.823    799.535 200.9238055 +36.1501561    14.14  0.001528688 -12.3110 -11.5463   0.0177     41545.11     677.4492      1322.27    0.517   0
        22    840.823    830.467 200.9183686 +36.1469374    81.07  0.008762293 -13.8311 -12.7989   0.0059     131686.9     709.9703      1079.07    0.480  16
        23    825.991    483.492 200.9211135 +36.1842688     5.52 0.0005968324 -10.2082 -10.9998   0.0290     25114.94     671.3216     1321.031    0.237   0
