#   1 NUMBER                 Running object number                                     
#   2 X_IMAGE                Object position along x                                    [pixel]
#   3 Y_IMAGE                Object position along y                                    [pixel]
#   4 ALPHA_J2000            Right ascension of barycenter (J2000)                      [deg]
#   5 DELTA_J2000            Declination of barycenter (J2000)                          [deg]
#   6 FWHM_IMAGE             FWHM assuming a gaussian core                              [pixel]
#   7 FWHM_WORLD             FWHM assuming a gaussian core                              [deg]
#   8 MAG_BEST               Best of MAG_AUTO and MAG_ISOCOR                            [mag]
#   9 MAG_APER               Fixed aperture magnitude vector                            [mag]
#  10 MAGERR_APER            RMS error vector for fixed aperture mag.                   [mag]
#  11 FLUX_APER              Flux vector within fixed circular aperture(s)              [count]
#  12 FLUXERR_APER           RMS error vector for aperture flux(es)                     [count]
#  13 BACKGROUND             Background at centroid position                            [count]
#  14 ELLIPTICITY            1 - B_IMAGE/A_IMAGE                                       
#  15 FLAGS                  Extraction flags                                          
         1     10.276     81.000 237.9941185 +32.9331816    62.82  0.006732263 -13.3686 -12.5136   0.0071     101257.1     663.9832     424.3977    0.602  24
         2    143.077     86.609 237.9770805 +32.9329456    40.55  0.004344905 -13.0123 -11.7008   0.0155     47897.17      682.417     1165.241    0.743   0
         3    192.173     29.926 237.9708755 +32.9391249    32.80  0.003515013 -12.3454 -11.7411   0.0149     49711.38     683.1545     721.0421    0.298   1
         4    136.268     10.903 237.9780751 +32.9410022    86.01  0.009216341 -14.5705 -13.3214   0.0036     213088.1     711.0478     312.2214    0.745  24
         5    913.029     86.047 237.8783495 +32.9350600     7.16 0.0007670723 -11.8164 -11.6371   0.0164     45168.07     681.4348     1191.843    0.139   0
         6    418.893     89.001 237.9417091 +32.9334354     7.29 0.0007807811 -11.4614 -11.4872   0.0187     39344.51     679.2029      1320.98    0.048   0
         7     64.196    109.276 237.9871587 +32.9303130    18.67  0.002000222 -10.2160  99.0000  99.0000    -6463.353     664.6198     853.3702    0.539   0
         8    984.748    192.162 237.8689962 +32.9239287     7.11 0.0007614082 -14.8027 -14.8079   0.0012     837841.8     927.8013      1258.39    0.078   0
         9     81.716    122.859 237.9848902 +32.9289119     6.77 0.0007249675 -10.7491 -11.2747   0.0227     32350.36     676.8823     1068.755    0.504   0
        10    550.164    136.893 237.9248023 +32.9286780     6.86  0.000734825 -10.8629 -10.7294   0.0373      19577.4     671.9435     1376.161    0.055   0
        11     70.978    246.674 237.9860671 +32.9156762    24.66  0.002642342 -13.1544 -11.6966   0.0155     47714.39       682.46     1242.269    0.361   2
        12    178.839    253.236 237.9722285 +32.9152697     6.67 0.0007150533 -11.9506 -11.9838   0.0120     62159.74     687.7131     1412.226    0.061   0
        13    248.963    267.341 237.9632159 +32.9139553     6.46 0.0006920684  -9.4809  -9.6961   0.0959     7558.353     667.5504     1412.029    0.304   0
        14    565.229    407.524 237.9224544 +32.8998516     7.80 0.0008360935 -17.1066 -17.0933   0.0003      6875565     1969.671     1386.093    0.031   4
        15    377.698    293.599 237.9466708 +32.9115015     2.39 0.0002562906  -8.1534  -8.2459   0.3635      1987.71     665.2731     1402.387    0.366   0
        16    882.833    306.398 237.8818934 +32.9114772     5.97 0.0006399095  -9.1386  -9.5245   0.1122     6453.307     666.8553     1282.547    0.103   0
        17    779.370    338.299 237.8951094 +32.9078026     6.83 0.0007316346 -12.1740 -12.2054   0.0099     76239.29     692.8304     1323.887    0.039   0
        18     75.415    322.781 237.9853754 +32.9075704     6.60 0.0007076535 -10.7745 -11.4476   0.0194     37935.36     678.5551     1267.018    0.615   0
        19     78.879    396.024 237.9848133 +32.8997676    12.73  0.001364313 -12.1910 -11.5375   0.0179      41208.3     680.0357     1284.267    0.556   2
        20     77.413    338.194 237.9850944 +32.9059319     3.45 0.0003697088  -9.5328 -11.4484   0.0194     37964.05     678.5841     1279.232    0.422   0
        21    152.149    371.995 237.9754600 +32.9025300     6.50 0.0006964642 -12.8066 -12.8374   0.0057     136447.1     714.0854     1410.132    0.002   0
        22     75.824    354.231 237.9852723 +32.9042170     5.99 0.0006420836 -10.6787 -11.4936   0.0186     39578.22     679.3257     1271.603    0.392   0
        23    202.866    396.811 237.9689193 +32.9000206     6.55 0.0007022606 -11.9297 -11.9394   0.0125     59668.09     686.7885     1407.615    0.035   0
        24     76.661    548.430 237.9848517 +32.8835054    25.17  0.002697569 -13.0681 -11.6261   0.0166      44712.3     681.4144     1258.906    0.438   0
        25     78.223    433.228 237.9848374 +32.8957974     7.76 0.0008316183 -11.2561 -11.5308   0.0180     40956.14     679.8327     1272.986    0.433   2
        26    369.570    455.182 237.9474594 +32.8942445     6.99 0.0007485666  -9.9520 -10.2220   0.0592     12269.17     669.1255     1395.268    0.088   0
        27     75.809    458.099 237.9851067 +32.8931380     6.49 0.0006958036 -10.6689 -11.5089   0.0184     40140.15     679.5142     1257.992    0.568   0
        28    959.751    498.965 237.8717481 +32.8911384     7.01 0.0007507107 -12.6653 -12.6964   0.0064     119825.9     708.3307       1176.8    0.118   0
        29     80.787    471.675 237.9844467 +32.8917035     8.52 0.0009124947 -11.0605 -11.3810   0.0206     35677.05     677.9439     1289.939    0.548   2
        30    227.884    527.685 237.9655044 +32.8861289     4.80 0.0005143234  -9.1683  -9.4819   0.1167      6205.05     666.9497     1395.381    0.263   0
        31     85.135    895.387 237.9832069 +32.8465209     6.32 0.0006776048 -10.7843 -11.5313   0.0180     40975.93     679.9503     1185.465    0.512   0
        32     84.438    990.937 237.9831423 +32.8363273     9.71  0.001040615 -11.0481 -11.1601   0.0252     29108.77     675.6099     1137.732    0.453   0
        33    719.008    879.733 237.9020280 +32.8498916     6.78 0.0007264392 -11.9057 -11.9368   0.0125     59529.49      686.738     1135.214    0.108   0
        34     85.487    875.199 237.9831943 +32.8486752     8.15 0.0008737171 -11.3068 -11.4890   0.0187     39408.69     679.3002     1196.769    0.574   0
        35     81.520    621.874 237.9841106 +32.8756849     7.19 0.0007708456 -10.9757 -11.4609   0.0192     38402.32     679.0586     1281.129    0.201   2
        36    436.013    616.262 237.9386923 +32.8772416     6.46 0.0006925992 -12.6134 -12.6433   0.0067     114108.6     706.2745     1370.901    0.046   0
        37    310.065    577.913 237.9548928 +32.8809934     5.43 0.0005818184  -9.3835  -9.4312   0.1223     5922.126     666.9749     1388.521    0.330   0
        38     79.956    767.827 237.9840759 +32.8601127    26.26  0.002814487 -13.5662 -11.6228   0.0166     44579.45     681.2189      1216.74    0.723   2
        39     82.297    808.848 237.9837098 +32.8557437    19.33  0.002071105 -12.9178 -11.6106   0.0168     44081.25     681.1094     1210.301    0.525   0
        40    530.467    667.010 237.9265099 +32.8720810     5.03 0.0005388894  -9.0625  -9.4315   0.1223     5923.735      666.938     1326.753    0.393   0
        41    151.066    810.394 237.9748969 +32.8557659     6.43 0.0006886644 -11.8148 -11.8480   0.0136     54852.97     685.0153     1329.564    0.021   0
        42    775.085    832.621 237.8949148 +32.8550647     7.20 0.0007717843 -10.8425 -10.8649   0.0330     22178.92     673.0036     1127.032    0.050   0
        43     84.667    766.766 237.9834739 +32.8602387     6.99 0.0007493395  -9.8765 -11.4991   0.0186     39779.26     679.4733     1248.727    0.202   3
        44    205.933    824.691 237.9678448 +32.8543898     1.50 0.0001612158  -7.7827  -9.1240   0.1622     4462.733     666.4651      1325.67    0.076   0
        45     77.680    722.952 237.9844397 +32.8648931     9.85  0.001055272 -11.6224 -11.5906   0.0171     43273.34     680.8495     1222.953    0.476   2
        46    747.114    648.717 237.8987757 +32.8746070     7.00 0.0007506371  -9.5582  -9.8204   0.0856     8475.472     667.8189     1229.079    0.414   0
        47     78.373    632.813 237.9844963 +32.8745095     8.84 0.0009471564 -11.5179 -11.5951   0.0170     43456.37     680.5679     1251.375    0.687   0
        48     77.182    736.079 237.9844824 +32.8634916     9.70  0.001039882 -11.6545 -11.5587   0.0176     42022.52      680.335     1212.086    0.134   0
        49    684.916    691.744 237.9066809 +32.8698532     6.86  0.000735426 -11.4485 -11.4711   0.0190      38764.7     679.1736     1245.569    0.055   0
        50     79.097    677.542 237.9843314 +32.8697405    28.37  0.003040089 -13.5108 -11.6995   0.0155     47840.98      682.488     1244.912    0.545   2
        51     76.430    603.026 237.9847933 +32.8776813     8.05 0.0008623915 -11.2455 -11.4905   0.0187     39462.25     679.2831     1245.479    0.337   2
        52     81.854    582.511 237.9841312 +32.8798843     6.94 0.0007441475 -10.8463 -11.3281   0.0216     33980.14     677.3732     1288.176    0.568   0
        53     78.006    589.658 237.9846129 +32.8791115     7.49  0.000802856 -10.9890 -11.4498   0.0194     38011.07     678.7672     1260.474    0.168   2
        54    750.230    944.156 237.8979310 +32.8431025     6.90 0.0007398397 -12.6849 -12.7182   0.0063     122257.7     709.1356     1081.665    0.108   0
        55     83.001    913.708 237.9834508 +32.8445609     4.30 0.0004605945  -9.9461 -11.4566   0.0193     38250.81     678.8003     1163.157    0.633   0
        56     85.089    945.003 237.9831329 +32.8412285     8.18 0.0008764681 -11.1780 -11.4569   0.0193     38261.72     678.9148     1160.361    0.561   2
        57     84.771    867.310 237.9832987 +32.8495147     6.08 0.0006516998 -10.6540 -11.4958   0.0186     39658.29      679.484     1201.291    0.561   0
        58    649.096   1003.671 237.9107957 +32.8364869     6.74 0.0007217431 -12.5117 -12.5462   0.0073       104345     702.8633     1112.403    0.112   0
        59    584.759    949.248 237.9191200 +32.8421210     7.15 0.0007666995  -9.9313 -10.0074   0.0721     10068.33     668.5646     1168.997    0.095   0
