#   1 NUMBER                 Running object number                                     
#   2 X_IMAGE                Object position along x                                    [pixel]
#   3 Y_IMAGE                Object position along y                                    [pixel]
#   4 ALPHA_J2000            Right ascension of barycenter (J2000)                      [deg]
#   5 DELTA_J2000            Declination of barycenter (J2000)                          [deg]
#   6 FWHM_IMAGE             FWHM assuming a gaussian core                              [pixel]
#   7 FWHM_WORLD             FWHM assuming a gaussian core                              [deg]
#   8 MAG_BEST               Best of MAG_AUTO and MAG_ISOCOR                            [mag]
#   9 MAG_APER               Fixed aperture magnitude vector                            [mag]
#  10 MAGERR_APER            RMS error vector for fixed aperture mag.                   [mag]
#  11 FLUX_APER              Flux vector within fixed circular aperture(s)              [count]
#  12 FLUXERR_APER           RMS error vector for aperture flux(es)                     [count]
#  13 BACKGROUND             Background at centroid position                            [count]
#  14 ELLIPTICITY            1 - B_IMAGE/A_IMAGE                                       
#  15 FLAGS                  Extraction flags                                          
         1    831.408    139.162 200.9197915 +36.2207249   152.07   0.01641712 -15.7281 -12.3021   0.0091     83339.95     694.5228       1153.3    0.861  18
         2    510.610     38.729 200.9631137 +36.2307040     6.63 0.0007162097  -9.8042  -9.9366   0.0768     9433.148     667.5201     1220.965    0.334   0
         3    462.906     79.625 200.9694430 +36.2261881     6.40 0.0006911213 -10.3535 -10.1953   0.0606     11970.52     668.4324      1239.06    0.309   0
         4    529.979    135.202 200.9603145 +36.2203883     6.15 0.0006638287  -9.8848 -10.0661   0.0682     10627.69     667.6873     1282.838    0.362   0
         5    598.712    155.788 200.9510347 +36.2183515     7.76 0.0008373502 -10.6081 -10.6760   0.0391     18637.92     670.9772     1307.168    0.257   0
         6    260.986    294.005 200.9961396 +36.2026350     0.00            0  -8.8523  -9.3284   0.1342      5387.37     665.7035     1303.065    0.005   0
         7    179.679    320.764 201.0070095 +36.1995488     5.12 0.0005522866 -10.2414 -10.2487   0.0578     12574.14     668.6582      1288.35    0.231   0
         8    433.415    381.391 200.9727904 +36.1936906     4.48 0.0004838819  -9.5303  -9.7168   0.0940     7704.311     666.6105     1363.751    0.030   0
         9    876.249    439.803 200.9131745 +36.1885357     3.97 0.0004290308 -11.9429 -10.9891   0.0294     24868.61     673.1465     1155.952    0.047   0
        10    160.049    533.740 201.0092015 +36.1766156     4.43 0.0004785773 -10.3822 -10.4837   0.0466     15613.16     669.7562     1341.764    0.113   0
        11    859.465    710.385 200.9148982 +36.1594219     4.50 0.0004861516  -9.6758  -9.8587   0.0825     8779.622     667.2941     1321.191    0.311   0
        12    854.842    692.124 200.9155550 +36.1613723     5.29 0.0005713089  -9.9984 -10.5427   0.0441     16485.32     670.1375     1320.253    0.224   0
        13    532.012    625.872 200.9590478 +36.1676755     4.30 0.0004645866  -8.9485  -9.0319   0.1763     4099.766     665.5197     1389.769    0.075   0
        14    298.360    465.973 200.9907618 +36.1842554     4.51 0.0004866389 -10.5078 -10.7250   0.0374     19498.54     671.2235     1368.098    0.179   0
        15    888.141    887.856 200.9106995 +36.1404256    58.12  0.006274446 -13.7990 -12.4583   0.0079     96231.06     699.2012      548.829    0.136  16
        16    435.242    493.792 200.9723154 +36.1816189     4.21 0.0004539923 -12.2498 -12.3251   0.0089     85117.78     695.1625     1384.815    0.097   0
        17    840.808    830.578 200.9171677 +36.1464615    76.41   0.00824847 -13.8608 -12.8372   0.0057     136414.6     713.2144     1072.379    0.462  16
        18    422.451    534.336 200.9739509 +36.1772299     4.14 0.0004468075 -12.1153 -12.1961   0.0099     75588.45      691.745     1384.896    0.101   0
        19    150.613    781.469 201.0099504 +36.1499750     5.82  0.000627817  -9.6535 -10.5336   0.0445     16346.42     670.1229     1311.332    0.332   0
        20    856.135    621.869 200.9155193 +36.1689239     4.17  0.000450458 -12.3918 -12.4618   0.0079     96539.47     699.4006     1311.513    0.070   0
        21     89.441    715.125 201.0183046 +36.1569433     4.44 0.0004797152  -8.7893  -9.0030   0.1810     3992.139      665.498     1305.215    0.130   0
        22    817.064    477.701 200.9210517 +36.1843157     6.57 0.0007088911  -9.6842 -10.6949   0.0384     18965.76     671.0994     1345.897    0.378   0
