#   1 NUMBER                 Running object number                                     
#   2 X_IMAGE                Object position along x                                    [pixel]
#   3 Y_IMAGE                Object position along y                                    [pixel]
#   4 ALPHA_J2000            Right ascension of barycenter (J2000)                      [deg]
#   5 DELTA_J2000            Declination of barycenter (J2000)                          [deg]
#   6 FWHM_IMAGE             FWHM assuming a gaussian core                              [pixel]
#   7 FWHM_WORLD             FWHM assuming a gaussian core                              [deg]
#   8 MAG_BEST               Best of MAG_AUTO and MAG_ISOCOR                            [mag]
#   9 MAG_APER               Fixed aperture magnitude vector                            [mag]
#  10 MAGERR_APER            RMS error vector for fixed aperture mag.                   [mag]
#  11 FLUX_APER              Flux vector within fixed circular aperture(s)              [count]
#  12 FLUXERR_APER           RMS error vector for aperture flux(es)                     [count]
#  13 BACKGROUND             Background at centroid position                            [count]
#  14 ELLIPTICITY            1 - B_IMAGE/A_IMAGE                                       
#  15 FLAGS                  Extraction flags                                          
         1    834.237    303.747 200.9186544 +36.2029585   100.34    0.0108287 -14.7135 -12.1137   0.0107     70063.49     692.1078      1217.19    0.803  19
         2    830.961    134.353 200.9194224 +36.2211775   155.21   0.01674907 -15.5845 -12.3122   0.0090     84117.87      697.166     1145.227    0.861  18
         3    509.338     40.883 200.9627347 +36.2302543     5.99 0.0006468539  -9.8033  -9.8570   0.0830     8766.095     669.6753     1215.671    0.343   0
         4    461.673     81.462 200.9690451 +36.2257408     6.24 0.0006735416 -10.3357 -10.1727   0.0621     11724.15     670.6851     1233.783    0.302   0
         5    577.258    120.593 200.9534680 +36.2218852     0.80 8.611871e-05  -7.5688  -8.1886   0.3841     1885.562     666.9135     1275.854    0.310   0
         6    528.545    136.974 200.9599671 +36.2199729     6.01 0.0006484339  -9.9251 -10.1020   0.0663      10985.2     670.4095      1278.28    0.222   0
         7    597.501    157.707 200.9506801 +36.2179533     8.42 0.0009081462 -10.6496 -10.7136   0.0379     19295.22     673.5945     1303.022    0.332   0
         8     34.641    147.179 201.0261692 +36.2173384     1.30 0.0001406231  -8.0798  -6.9480   1.2033     601.4724     666.4131     1099.226    0.168   0
         9    261.012    293.999 200.9955175 +36.2022476     4.20  0.000453328  -8.8568  -9.5831   0.1066     6811.209     668.5131     1298.366    0.012   0
        10    178.347    322.518 201.0065402 +36.1989208     5.21 0.0005622751 -10.1777 -10.2031   0.0604     12056.82     670.8839     1286.469    0.256   0
        11    432.041    383.323 200.9724106 +36.1931655     4.63 0.0004994054  -9.6474  -9.8945   0.0801     9074.014     669.6402     1362.517    0.163   0
        12    874.981    441.587 200.9129261 +36.1882484     4.05 0.0004368039 -11.9932 -11.1640   0.0252     29214.87     676.9137     1166.548    0.076   0
        13    297.073    467.823 200.9903292 +36.1836542     4.52 0.0004882282 -10.5111 -10.6536   0.0400     18258.15     673.1349     1367.774    0.177   0
        14    858.378    712.097 200.9146283 +36.1590878     5.54 0.0005973767  -9.4996  -9.7618   0.0905     8029.852     669.3066     1324.993    0.280   0
        15    853.776    694.168 200.9152795 +36.1610033     4.67 0.0005037096 -10.1949 -10.5340   0.0446     16353.01     672.3149     1324.249    0.145   0
        16    433.965    495.612 200.9719267 +36.1810878     4.27 0.0004612549 -12.2289 -12.2905   0.0092     82449.33     696.3871     1384.984    0.110   0
        17    815.644    479.569 200.9208053 +36.1839814     6.19  0.000668338  -9.6169 -10.6092   0.0417     17525.91     672.7695     1348.087    0.193   0
        18    148.732    783.136 201.0095591 +36.1492604     4.80 0.0005174736  -9.2409 -10.5721   0.0431     16937.69     672.6256     1311.148    0.293   0
        19    854.912    623.677 200.9152637 +36.1685925     4.19 0.0004517666 -12.4287 -12.5171   0.0075     101585.2     703.4553     1314.273    0.078   0
        20    841.278    830.210 200.9166908 +36.1463255    78.91   0.00851512 -13.9409 -12.8534   0.0056     138474.2     716.3051     1078.764    0.480  16
        21    888.071    887.879 200.9103112 +36.1402610    58.65  0.006329066 -13.7774 -12.4204   0.0082     92934.41     700.3204     554.9138    0.140  16
        22    158.711    535.557 201.0087327 +36.1759339     4.55 0.0004909564 -10.4104 -10.5709   0.0432     16918.29     672.6184      1340.66    0.145   0
        23    421.159    536.152 200.9735613 +36.1766857     4.22 0.0004558527 -12.1113 -12.1919   0.0100        75295     694.0311      1385.97    0.100   0
        24     88.150    717.173 201.0178115 +36.1561690     3.81 0.0004116434  -8.6227  -7.4866   0.7329     987.7452     666.6145     1306.998    0.022   0
