#   1 NUMBER                 Running object number                                     
#   2 X_IMAGE                Object position along x                                    [pixel]
#   3 Y_IMAGE                Object position along y                                    [pixel]
#   4 ALPHA_J2000            Right ascension of barycenter (J2000)                      [deg]
#   5 DELTA_J2000            Declination of barycenter (J2000)                          [deg]
#   6 FWHM_IMAGE             FWHM assuming a gaussian core                              [pixel]
#   7 FWHM_WORLD             FWHM assuming a gaussian core                              [deg]
#   8 MAG_BEST               Best of MAG_AUTO and MAG_ISOCOR                            [mag]
#   9 MAG_APER               Fixed aperture magnitude vector                            [mag]
#  10 MAGERR_APER            RMS error vector for fixed aperture mag.                   [mag]
#  11 FLUX_APER              Flux vector within fixed circular aperture(s)              [count]
#  12 FLUXERR_APER           RMS error vector for aperture flux(es)                     [count]
#  13 BACKGROUND             Background at centroid position                            [count]
#  14 ELLIPTICITY            1 - B_IMAGE/A_IMAGE                                       
#  15 FLAGS                  Extraction flags                                          
         1      9.804     81.688 237.9952582 +32.9340914    60.63  0.006554987 -13.1774 -12.3040   0.0078     83481.28     599.9596     434.2357    0.616  24
         2    192.822     30.045 237.9717869 +32.9401531    28.84  0.003117484 -11.9679 -11.3813   0.0189     35688.35     620.0291      691.282    0.150   1
         3    136.212     10.832 237.9791394 +32.9420754    84.92   0.00918059 -14.3731 -13.1225   0.0040     177418.4     647.1857     342.8609    0.744  24
         4    152.583     78.934 237.9768494 +32.9347707    20.51  0.002217728 -10.9388 -11.3721   0.0190     35387.14     619.9745     1012.302    0.346   3
         5    136.708     92.256 237.9788621 +32.9332908    24.58  0.002657299 -11.6412 -11.3422   0.0195     34426.93     619.5872     1074.975    0.454   2
         6    915.508     91.272 237.8784116 +32.9354351     5.15 0.0005563819 -11.9227 -11.9154   0.0117     58366.07     629.1888     1098.983    0.064   0
         7    421.735     93.946 237.9420943 +32.9338637     5.36 0.0005797745 -11.4981 -11.5531   0.0162     41804.68     622.4903      1209.69    0.032   0
         8     64.764    108.084 237.9880999 +32.9313906    12.65  0.001367107  -9.6604  99.0000  99.0000    -14552.41     605.5197     794.7863    0.733   0
         9    552.661    141.882 237.9250846 +32.9290345     5.12 0.0005533557 -10.8709 -10.8159   0.0315     21200.64     614.3286     1230.337    0.006   0
        10    987.076    197.374 237.8689166 +32.9241693     5.41 0.0005849755 -14.6969 -14.7199   0.0012     772578.3     867.7469     1125.783    0.039   0
        11     74.535    237.112 237.9865006 +32.9174941     7.57 0.0008178691 -10.9730 -11.3522   0.0194     34744.32     619.7654     1137.266    0.680   0
        12    181.603    258.456 237.9726375 +32.9154769     5.16 0.0005575488 -11.8644 -11.9346   0.0115     59408.59     629.4711     1259.151    0.029   0
        13     76.760    285.091 237.9860876 +32.9123230     7.46 0.0008066601 -10.8205 -11.2974   0.0203      33033.7     618.9745     1148.301    0.357   0
        14    251.810    272.799 237.9635466 +32.9141157     6.49 0.0007016924  -9.3219  -9.5396   0.1009     6543.998     607.9596     1258.457    0.118   0
        15    567.607    412.889 237.9224658 +32.8998304     9.00 0.0009732884 -16.9784 -16.9775   0.0003      6179937     1859.199      1235.33    0.073   4
        16    885.787    311.696 237.8816941 +32.9115738     4.47 0.0004832852  -9.2267  -9.5348   0.1014     6514.939     608.2377     1143.847    0.161   0
        17    781.731    343.379 237.8950327 +32.9078870     5.33 0.0005759109 -12.0809 -12.1409   0.0096     71837.48     634.5353     1179.836    0.056   0
        18    154.830    377.089 237.9757798 +32.9026046     5.14 0.0005559865 -12.7155 -12.7646   0.0056       127602     656.0591     1257.588    0.009   0
        19    434.384    354.255 237.9397934 +32.9058084     3.43 0.0003709856  -8.3859  -9.2720   0.1290     5114.487     607.6105     1248.607    0.397   0
        20    338.872    377.885 237.9520479 +32.9030069     4.51 0.0004880451  -8.7415  -9.5497   0.1000     6605.207     608.3089     1250.837    0.210   0
        21    205.499    401.855 237.9691821 +32.9000671     5.27 0.0005700894 -11.7823 -11.8606   0.0123     55492.43     627.9799     1255.583    0.025   0
        22     78.316    423.447 237.9855234 +32.8973981     6.20 0.0006702625 -10.3948 -11.2491   0.0213     31595.52      618.494     1142.526    0.378   0
        23     74.115    448.772 237.9859985 +32.8946541     5.07 0.0005486233  -9.9633 -11.2937   0.0204     32920.37     618.9623     1118.695    0.485   0
        24    372.185    460.556 237.9475393 +32.8941742     5.54  0.000598875  -9.6782  -9.9483   0.0694     9534.922     609.3585     1245.408    0.171   0
        25    962.078    504.189 237.8713774 +32.8909983     5.29 0.0005720261 -12.5436 -12.5874   0.0065     108379.3     648.6768     1054.278    0.031   0
        26     78.668    554.240 237.9851347 +32.8832859    20.82  0.002251259 -12.6105 -11.4012   0.0185     36349.41     620.3123     1141.155    0.603   0
        27    230.521    533.040 237.9656146 +32.8859782     6.01 0.0006498039  -9.2533  -9.5806   0.0972      6795.56     608.3189     1245.172    0.162   0
        28     82.257    778.124 237.9840846 +32.8591376     4.55 0.0004917905  -9.9306 -11.3377   0.0196     34281.85     619.4952     1103.248    0.537   0
        29    752.664    949.713 237.8972534 +32.8423852     5.38 0.0005814523 -12.5737 -12.6161   0.0063     111287.6     649.9243     973.2434    0.026   0
        30     81.489    637.999 237.9845512 +32.8742556     2.74 0.0002962621  -9.5549 -11.2762   0.0207      32394.8     618.6661     1139.755    0.377   0
        31    438.509    621.436 237.9385751 +32.8769892     5.19 0.0005611228 -12.5205 -12.5772   0.0066     107369.6     648.3035     1221.217    0.028   0
        32    777.409    838.161 237.8943454 +32.8544861     5.71 0.0006169366 -10.6409 -10.7113   0.0346     19254.81     613.2995     1012.612    0.020   0
        33    153.704    815.496 237.9747793 +32.8552958     5.41 0.0005852421 -11.7159 -11.7510   0.0136     50165.43     626.0711     1189.868    0.021   0
        34     79.310    840.301 237.9843012 +32.8524206     4.28 0.0004625957  -9.6317 -11.2574   0.0211     31838.71     618.6426     1063.092    0.608   0
        35    532.544    671.646 237.9263258 +32.8718178     5.01 0.0005415975  -9.2078  -9.5065   0.1041     6347.512     608.1859      1181.78    0.021   0
        36    707.398    675.794 237.9037776 +32.8718253     3.43 0.0003712188  -8.4329  -8.3304   0.3064     2148.573     606.2864     1110.183    0.422   0
        37     78.740    675.433 237.9848073 +32.8702089     8.72 0.0009423651 -11.0668 -11.4454   0.0178     37859.88     621.0209     1119.556    0.684   0
        38     80.326    763.662 237.9843714 +32.8606929    -0.34 -3.668177e-05  -9.6132 -11.3483   0.0194     34618.39     619.6477      1098.01    0.507   2
        39     81.176    696.229 237.9844387 +32.8679715     5.83 0.0006300272 -10.4450 -11.3626   0.0192     35079.95      619.767      1124.88    0.156   0
        40    687.258    697.065 237.9063198 +32.8694778     5.34 0.0005771487 -11.4663 -11.5089   0.0168     40137.43      621.837     1111.686    0.044   0
        41    749.758    653.952 237.8983727 +32.8742918     5.47 0.0005911533  -9.6013  -9.6791   0.0888      7441.24     608.6523     1098.367    0.111   0
        42    312.626    583.269 237.9549002 +32.8807758     8.09  0.000874097  -9.4379  -9.5202   0.1028     6428.017     608.2531     1239.253    0.122   0
        43     81.131    650.495 237.9845646 +32.8729062     5.82 0.0006289039 -10.4164 -11.3284   0.0198     33990.45     619.4446     1136.775    0.090   0
        44    577.781    570.138 237.9207535 +32.8828891     7.09 0.0007666881  -9.4755  -9.6240   0.0934     7072.731     608.4669     1195.231    0.248   0
        45    651.655   1009.297 237.9101176 +32.8356940     5.36 0.0005792571 -12.4031 -12.4456   0.0073     95110.69     643.5911     1000.877    0.019   0
        46    587.388    954.859 237.9185362 +32.8414008     5.49 0.0005935341  -9.9922 -10.1306   0.0588     11278.41     610.1414     1048.671    0.026   0
        47    721.520    885.206 237.9014290 +32.8492652     5.28  0.000570959 -11.7772 -11.8296   0.0126     53930.16     627.2916      1019.55    0.026   0
        48     86.944    995.875 237.9829095 +32.8356540     9.23 0.0009981105 -10.5030 -10.7289   0.0341     19568.55     613.5626     1045.752    0.228   0
        49     82.604    889.880 237.9837467 +32.8470797     4.76 0.0005148174 -10.0201 -11.3079   0.0202     33354.25     619.0537     1061.607    0.485   0
