#   1 NUMBER                 Running object number                                     
#   2 X_IMAGE                Object position along x                                    [pixel]
#   3 Y_IMAGE                Object position along y                                    [pixel]
#   4 ALPHA_J2000            Right ascension of barycenter (J2000)                      [deg]
#   5 DELTA_J2000            Declination of barycenter (J2000)                          [deg]
#   6 FWHM_IMAGE             FWHM assuming a gaussian core                              [pixel]
#   7 FWHM_WORLD             FWHM assuming a gaussian core                              [deg]
#   8 MAG_BEST               Best of MAG_AUTO and MAG_ISOCOR                            [mag]
#   9 MAG_APER               Fixed aperture magnitude vector                            [mag]
#  10 MAGERR_APER            RMS error vector for fixed aperture mag.                   [mag]
#  11 FLUX_APER              Flux vector within fixed circular aperture(s)              [count]
#  12 FLUXERR_APER           RMS error vector for aperture flux(es)                     [count]
#  13 BACKGROUND             Background at centroid position                            [count]
#  14 ELLIPTICITY            1 - B_IMAGE/A_IMAGE                                       
#  15 FLAGS                  Extraction flags                                          
         1    833.909    200.085 327.8174653 +28.9456666   231.70   0.02502939 -17.3687 -13.7512   0.0061     316588.1     1765.291     3183.555    0.897  24
         2    425.913     90.817 327.8681968 +28.9563996     7.54 0.0008145732 -12.8408 -12.8648   0.0135     139933.8     1740.046     3382.435    0.290   0
         3    444.637    104.272 327.8658474 +28.9549979     7.43  0.000802413 -12.8374 -12.8980   0.0131     144281.8      1740.67     3433.366    0.251   0
         4     45.017     94.597 327.9152997 +28.9550017     6.83 0.0007373914 -11.2397 -11.3987   0.0516     36264.93     1724.213     2428.053    0.129   0
         5    198.124    132.654 327.8962666 +28.9513006     7.54 0.0008149786 -13.2627 -13.2931   0.0092     207615.6     1749.791     3174.749    0.284   0
         6    707.479    207.236 327.8330845 +28.9445749     6.67 0.0007204631 -11.6459 -11.7292   0.0381     49169.71     1726.859     3834.641    0.219   0
         7    173.121    201.306 327.8991861 +28.9438369     4.83 0.0005213991 -10.0890 -10.2130   0.1537     12167.02     1721.591     3284.953    0.276   0
         8    585.955    220.596 327.8480811 +28.9428248     6.89 0.0007442806 -11.7962 -11.9059   0.0324     57855.84     1727.874     3767.495    0.204   0
         9    437.517    240.722 327.8663890 +28.9402745     6.64 0.0007172968 -12.0293 -12.1137   0.0268     70060.08     1730.122     3694.672    0.234   0
        10    603.219    304.081 327.8457404 +28.9338717     6.02  0.000650813 -12.2386 -12.2890   0.0228     82339.33     1731.848     3884.629    0.177   0
        11    261.035    293.993 327.8880811 +28.9340769     4.24  0.000457809  -9.1131 -10.5196   0.1159     16137.16     1721.681     3636.154    0.007   0
        12    568.092    337.382 327.8500022 +28.9301930     5.96  0.000644007 -11.7728 -11.7927   0.0360     52130.05     1727.481     3926.424    0.201   0
        13    499.832    348.698 327.8584152 +28.9287983     6.95 0.0007502629 -11.0569 -11.1653   0.0640     29248.75     1724.215     3911.491    0.251   0
        14    494.388    372.751 327.8590288 +28.9261921     5.47 0.0005908196  -9.9616  -6.1973   6.2006     301.2332     1719.916     3951.259    0.294   0
        15    267.023    431.510 327.8869961 +28.9192723     5.97 0.0006451844 -12.5163 -12.6483   0.0165     114632.9     1736.407      3875.42    0.217   0
        16    860.436    426.885 327.8136335 +28.9212915     6.40 0.0006913867 -11.0658  99.0000  99.0000    -3411.971     1719.823     3349.336    0.225   0
        17    300.893    569.462 327.8824633 +28.9044932     6.64 0.0007176266 -10.3627 -10.9911   0.0751      24914.7     1723.684     3998.218    0.438   0
        18    888.615    888.724 327.8090296 +28.8715900    54.02  0.005835831 -15.6186 -13.9748   0.0050     388970.7     1775.418     612.1874    0.150  17
        19    236.705    888.028 327.8896000 +28.8699950     3.97  0.000428771 -11.9097  99.0000  99.0000    -186029.2     1719.872     3047.678    0.087   0
        20    836.837    827.308 327.8155781 +28.8780779    78.62  0.008492387 -14.8383 -14.3616   0.0035     555435.9     1798.613     2991.052    0.200  16
        21    163.108    847.505 327.8987975 +28.8741707    10.62  0.001147727 -12.5602 -12.4531   0.0197      95770.8      1733.93     3581.189    0.299   0
        22    136.785    849.604 327.9020455 +28.8738758     3.45 0.0003725238 -10.5224 -12.3759   0.0211     89200.71      1731.92     3522.359    0.416   0
        23     54.700    826.956 327.9122477 +28.8761020     7.17 0.0007741908 -10.9116 -11.7319   0.0380     49290.36     1726.828     3438.521    0.257   0
        24    128.105    798.298 327.9032476 +28.8793823     6.28  0.000678124 -11.7548 -12.5621   0.0178     105882.3     1735.725     3620.999    0.574   0
        25    101.484    790.409 327.9065578 +28.8801630     6.18 0.0006675486 -11.7623 -12.5814   0.0175       107783     1735.227     3571.431    0.418   0
        26    667.838    587.939 327.8370530 +28.9034454     5.76 0.0006217123 -10.8633 -10.7054   0.0977     19150.25     1722.702     4084.891    0.176   0
        27    696.564    559.875 327.8335703 +28.9065432     5.17 0.0005582361 -11.1927  -9.7940   0.2260     8271.423     1721.122     4080.983    0.167   0
        28    798.340    542.697 327.8210295 +28.9086530     5.29 0.0005715939 -14.6197 -14.6493   0.0027       723953     1822.115      4067.76    0.110   0
        29    307.437    531.735 327.8817486 +28.9085759     6.24 0.0006741656  -9.9489  -7.3359   2.1727     859.7372     1720.045     3985.634    0.215   0
        30    858.318    518.119 327.8136738 +28.9114538     5.63 0.0006084625 -11.4146 -10.7053   0.0977     19147.31      1722.75     3615.644    0.150   0
        31    845.877    508.647 327.8152349 +28.9124431     8.30 0.0008968365 -11.9086 -12.3952   0.0207     90797.84     1733.068     3697.016    0.502   0
        32    412.127    502.135 327.8688790 +28.9120367     3.66 0.0003954138  -8.6771  99.0000  99.0000    -5876.848     1719.872     4029.011    0.205   0
        33    305.648    494.997 327.8820615 +28.9125306     5.60 0.0006047146 -13.2846 -13.2903   0.0092     207062.9     1749.281     3968.509    0.173   0
        34    505.104    487.539 327.8574197 +28.9138490     5.86 0.0006332753 -11.0105 -11.2400   0.0598     31333.41      1724.42     4047.456    0.244   0
        35    748.523    502.519 327.8272867 +28.9128566     5.52 0.0005958983 -11.9893 -12.0584   0.0282     66585.05     1729.669     4066.212    0.131   0
        36    224.119    458.043 327.8922343 +28.9163014     6.28  0.000678129 -10.9537 -11.0488   0.0712     26274.44     1723.735     3856.495    0.270   0
        37     60.279    892.985 327.9113912 +28.8690007     3.20 0.0003458821  -8.8861  99.0000  99.0000    -280296.6     1719.775     2727.544    0.094   0
        38    583.746    911.845 327.8466513 +28.8683233     2.61 0.0002820869  -9.5510  99.0000  99.0000      -657432      1719.92     2355.019    0.105   0
        39    449.030    855.945 327.8634388 +28.8740018     5.02 0.0005427623 -11.9018 -11.5484   0.0450     41623.94      1725.96     3853.666    0.107   0
        40    572.113    824.660 327.8483038 +28.8776894     4.80 0.0005190011 -12.3949 -12.0498   0.0284     66059.18     1729.544     4009.706    0.096   0
        41    672.640    802.596 327.8359331 +28.8803241     5.89 0.0006358034 -10.1759  99.0000  99.0000    -7141.926     1719.337     4123.784    0.151   0
        42    264.653    852.895 327.8862339 +28.8738539     4.82 0.0005210463 -11.1235 -12.0516   0.0284     66166.96     1729.463     3714.612    0.273   0
        43    105.466    692.975 327.9063115 +28.8906737     6.02  0.000649868 -11.1096 -11.4939   0.0473     39588.29     1725.714     3727.569    0.259   0
        44    532.725    711.666 327.8534510 +28.8897657     5.14 0.0005557545 -13.0011 -13.0805   0.0111     170689.3     1744.507     4105.973    0.101   0
        45    797.259    689.580 327.8208052 +28.8928207     5.16 0.0005569815 -13.2139 -13.2732   0.0093     203829.4     1749.202     4091.562    0.087   0
        46    652.211    649.775 327.8388331 +28.8967415     6.64 0.0007175082 -10.2844 -10.7451   0.0941     19863.51     1721.931     4110.411    0.229   0
        47    743.997    611.327 327.8275804 +28.9011188     5.33 0.0005760968 -11.4877 -11.2526   0.0591     31697.92     1724.231     4075.732    0.088   0
        48    846.449    593.841 327.8149572 +28.9032631     5.42  0.000585127 -10.6847 -11.3854   0.0523     35822.92     1725.265      3807.52    0.325   0
        49    811.389    569.543 327.8193507 +28.9057930     4.95 0.0005343253 -10.8684  99.0000  99.0000    -374.9033     1719.726     4003.383    0.157   0
        50    302.045    553.620 327.8823604 +28.9062035     5.71 0.0006171713 -12.2363 -12.3576   0.0215     87710.32     1732.478     3991.899    0.151   0
