#   1 NUMBER                 Running object number                                     
#   2 X_IMAGE                Object position along x                                    [pixel]
#   3 Y_IMAGE                Object position along y                                    [pixel]
#   4 ALPHA_J2000            Right ascension of barycenter (J2000)                      [deg]
#   5 DELTA_J2000            Declination of barycenter (J2000)                          [deg]
#   6 FWHM_IMAGE             FWHM assuming a gaussian core                              [pixel]
#   7 FWHM_WORLD             FWHM assuming a gaussian core                              [deg]
#   8 MAG_BEST               Best of MAG_AUTO and MAG_ISOCOR                            [mag]
#   9 MAG_APER               Fixed aperture magnitude vector                            [mag]
#  10 MAGERR_APER            RMS error vector for fixed aperture mag.                   [mag]
#  11 FLUX_APER              Flux vector within fixed circular aperture(s)              [count]
#  12 FLUXERR_APER           RMS error vector for aperture flux(es)                     [count]
#  13 BACKGROUND             Background at centroid position                            [count]
#  14 ELLIPTICITY            1 - B_IMAGE/A_IMAGE                                       
#  15 FLAGS                  Extraction flags                                          
         1    833.328    181.769 200.9230998 +36.2142868   180.63   0.01952385 -15.8008 -12.2727   0.0095     81112.26     712.8146      1193.43    0.909  16
         2    536.103     21.925 200.9633672 +36.2306154     7.26 0.0007850555  -9.7665  -9.8584   0.0850     8777.161     687.0153     1239.104    0.364   0
         3    488.496     62.823 200.9696755 +36.2260641     6.37 0.0006884957 -10.4265 -10.4208   0.0508     14733.51     689.1218     1256.342    0.317   0
         4    767.005    111.960 200.9321553 +36.2216102     0.00            0  -7.2690  99.0000  99.0000    -6921.525     683.6011     1308.623    0.030   0
         5    555.317    118.468 200.9605794 +36.2202711     5.76 0.0006229451  -9.9486 -10.2563   0.0590     12662.09     688.4852     1302.507    0.302   0
         6    624.303    139.037 200.9512684 +36.2182635     9.72  0.001050518 -10.8640 -10.8670   0.0338     22223.57     691.7955     1325.979    0.366   0
         7    261.023    293.986 200.9997290 +36.2004614     0.00            0  -8.9107  -9.7222   0.0963     7742.554     686.3497     1329.432    0.004   0
         8    205.570    304.386 201.0071536 +36.1991702     5.17 0.0005585901 -10.2407 -10.3038   0.0565     13229.18     688.3645     1319.311    0.217   0
         9    459.025    365.126 200.9729837 +36.1934016     4.87 0.0005261107  -9.3579  -8.8792   0.2089     3562.026      685.115     1391.692    0.240   0
        10    901.498    423.481 200.9134419 +36.1884454     3.84 0.0004152412 -11.3741  99.0000  99.0000     -12113.5     683.7946     988.8577    0.084   0
        11    115.618    698.989 201.0183597 +36.1563745     4.62 0.0004989125  -9.2018  -9.8567   0.0851      8763.32     686.7021     1351.503    0.204   0
        12    888.240    887.885 200.9142598 +36.1383660    58.19  0.006289664 -13.8586 -12.5115   0.0077     101066.3     719.8157     544.8787    0.137  16
        13    324.062    449.765 200.9909236 +36.1838697     4.34 0.0004695658 -10.4645 -10.7113   0.0390     19253.81      690.798      1400.08    0.144   0
        14    841.228    830.557 200.9206880 +36.1444030    78.60  0.008495841 -13.8914 -12.8664   0.0057     140142.8     733.1716     1092.821    0.489  16
        15    460.640    477.562 200.9725248 +36.1812915     4.07 0.0004403497 -12.2410 -12.3356   0.0090     85950.04     714.5464     1417.591    0.110   0
        16    881.402    605.406 200.9157631 +36.1687829     3.81 0.0004121342 -11.6460  99.0000  99.0000    -23445.36     683.6205     1232.928    0.082   0
        17    185.975    517.473 201.0093157 +36.1761500     4.12 0.0004449379 -10.3120 -10.3530   0.0540     13842.54     688.8369      1379.24    0.136   0
        18    803.881    581.106 200.9262210 +36.1711700     1.57 0.0001694138  -8.2874  99.0000  99.0000    -6240.772     683.7753     1407.298    0.030   0
        19    447.849    518.081 200.9741550 +36.1768867     4.09 0.0004423464 -12.0509 -12.0863   0.0113     68317.43     708.4437     1417.174    0.083   0
        20    427.976    758.498 200.9763046 +36.1509213    -0.64 -6.87292e-05  -7.6731  99.0000  99.0000     -2565.18     683.7946     1419.554    0.296   0
        21    842.190    460.945 200.9213280 +36.1842319     8.81 0.0009517684 -11.7836 -11.4805   0.0194     39101.41     697.8492     1311.096    0.189   0
        22    396.511    465.009 200.9811625 +36.1824487     1.47 0.0001587831  -8.4929  -9.5080   0.1172     6356.124     686.1145     1412.045    0.264   0
