#   1 NUMBER                 Running object number                                     
#   2 X_IMAGE                Object position along x                                    [pixel]
#   3 Y_IMAGE                Object position along y                                    [pixel]
#   4 ALPHA_J2000            Right ascension of barycenter (J2000)                      [deg]
#   5 DELTA_J2000            Declination of barycenter (J2000)                          [deg]
#   6 FWHM_IMAGE             FWHM assuming a gaussian core                              [pixel]
#   7 FWHM_WORLD             FWHM assuming a gaussian core                              [deg]
#   8 MAG_BEST               Best of MAG_AUTO and MAG_ISOCOR                            [mag]
#   9 MAG_APER               Fixed aperture magnitude vector                            [mag]
#  10 MAGERR_APER            RMS error vector for fixed aperture mag.                   [mag]
#  11 FLUX_APER              Flux vector within fixed circular aperture(s)              [count]
#  12 FLUXERR_APER           RMS error vector for aperture flux(es)                     [count]
#  13 BACKGROUND             Background at centroid position                            [count]
#  14 ELLIPTICITY            1 - B_IMAGE/A_IMAGE                                       
#  15 FLAGS                  Extraction flags                                          
         1    853.568     90.023 238.0168852 +32.9313846   103.14   0.01105095 -14.9967 -12.8820   0.0046     142172.3     604.3792     860.9414    0.453  19
         2    818.022     48.121 238.0215136 +32.9357546    82.81  0.008872669 -13.9954 -12.5085   0.0063     100787.7     587.1103     683.0735    0.719  19
         3    821.285     10.093 238.0211590 +32.9398189    82.84   0.00887681 -13.9188 -12.7691   0.0048     128130.5      567.689     402.7937    0.765  24
         4    489.960     40.016 238.0635961 +32.9357020     4.52 0.0004848492  -9.4053  99.0000  99.0000    -7838.004     542.3911      879.133    0.277   0
         5     62.921    109.976 238.1182304 +32.9270268     4.82 0.0005166847 -13.8171 -13.8629   0.0021     350874.3      685.365     1014.398    0.125   0
         6    727.869    119.238 238.0329539 +32.9279201     4.81 0.0005153263 -10.1527  -7.7664   0.4614      1278.09     543.0259     1121.527    0.133   0
         7    749.650    123.833 238.0301533 +32.9274907     4.66 0.0004988111  -9.8158  99.0000  99.0000    -6974.321     542.4985     1121.645    0.118   0
         8    369.262    140.184 238.0788984 +32.9246792     7.22 0.0007731692  -9.6080  -9.5372   0.0907      6529.32     545.4839     1096.431    0.372   0
         9    698.854    187.266 238.0365588 +32.9205846     5.04 0.0005405247 -11.8703 -11.9527   0.0102     60407.59     569.5687     1121.567    0.110   0
        10    475.920    179.049 238.0651557 +32.9208359     5.90 0.0006326368  -9.1039  -9.4390   0.0993     5965.023     545.2863     1110.959    0.120   0
        11    320.444    182.355 238.0850837 +32.9200436     4.81 0.0005156106  -9.8553 -10.0464   0.0570     10436.67     547.3174     1091.609    0.129   0
        12    110.171    251.259 238.1119193 +32.9120960     4.65 0.0004985512 -13.7820 -13.8238   0.0022     338483.9     680.8793     1035.522    0.105   0
        13    760.095    272.021 238.0285639 +32.9117168     4.69 0.0005026306 -12.1979 -12.2670   0.0078      80684.7     578.4868     1122.474    0.073   0
        14    233.076    271.706 238.0961270 +32.9102668    10.15  0.001087104 -10.3329 -10.3669   0.0425     14019.78     548.9061     1075.808    0.412   0
        15    579.125    322.930 238.0516768 +32.9057825     4.61 0.0004940147 -11.3028 -11.4044   0.0167     36455.43     559.0757     1112.212    0.092   0
        16      4.339    312.448 238.1253763 +32.9052669     4.51 0.0004832069  -8.5467  -8.0489   0.2894      1657.93     441.8652     994.0383    0.127  16
        17    285.492    336.617 238.0892933 +32.9034939     4.50 0.0004823272 -11.1362 -11.2057   0.0199     30359.79     556.3284     1085.382    0.121   0
        18     41.152    340.006 238.1206078 +32.9024340     5.79 0.0006202331  -9.2358  -9.4121   0.1017     5818.952     545.0818     1006.043    0.182   0
        19    448.705    377.500 238.0683005 +32.8995963     4.55 0.0004872146 -10.8574 -10.9766   0.0245     24582.39     553.8313     1100.372    0.155   0
        20    509.360    428.328 238.0604380 +32.8943468     4.43 0.0004749752 -12.1651 -12.2231   0.0081     77492.02     577.0621     1100.142    0.077   0
        21    156.569    445.654 238.1056251 +32.8914987     4.65 0.0004977681  -9.8611  -9.9443   0.0625     9500.166     546.8742     1039.682    0.144   0
        22    540.176    452.996 238.0564457 +32.8918029     3.82 0.0004088987  -8.8479  -9.2912   0.1136     5205.563     544.6171     1100.572    0.198   0
        23    268.109    487.563 238.0912553 +32.8873476     4.46 0.0004780536 -12.4398 -12.4856   0.0065     98683.49     586.1426     1071.402    0.085   0
        24     11.363    488.853 238.1241579 +32.8864754     5.03 0.0005392372 -10.4457 -10.3966   0.0397     14408.88     526.3069     980.1533    0.180  16
        25    438.253    495.175 238.0694359 +32.8870179     4.54 0.0004867734  -9.6160  -9.7105   0.0774      7659.26     545.9863     1093.457    0.133   0
        26    777.632    508.873 238.0259167 +32.8865075     3.98 0.0004260641  -8.2719  -8.2572   0.2938     2008.457     543.3927     1108.793    0.257   0
        27    884.407    925.757 238.0115372 +32.8423463    10.15  0.001087218 -11.6167 -11.3797   0.0170     35634.98     558.5299     931.3287    0.394   2
        28    368.187   1020.979 238.0774977 +32.8307482     0.00            0  -7.4261  99.0000  99.0000    -2364.247      497.409      889.908    0.034  16
        29    511.157   1018.774 238.0591896 +32.8313865     5.21 0.0005579643  -8.7353  -7.7723   0.4385      1285.03     518.8817     923.1058    0.105  16
        30    798.956   1012.606 238.0223377 +32.8328481     4.67 0.0005001971  -9.9368  -9.8518   0.0680     8724.081     546.3669     970.7619    0.172   0
        31    626.999    691.982 238.0449097 +32.8665607     4.10 0.0004390912  -8.0430  -8.2479   0.2962      1991.43      543.109     1076.237    0.406   0
        32    881.621    672.747 238.0123158 +32.8693199     5.08 0.0005446929 -10.0071 -11.1572   0.0208     29033.29      555.687     1021.437    0.617   0
        33    882.189    808.720 238.0120164 +32.8548212    12.37   0.00132503 -11.8312 -11.2991   0.0183      33085.6     557.4922      981.243    0.556   2
        34    858.030    785.470 238.0151503 +32.8572338     4.82  0.000516097 -12.0221 -12.1285   0.0088     71024.52     574.2824     1041.683    0.048   0
        35    630.231    776.797 238.0443509 +32.8575249     6.16  0.000659701  -8.5893  -8.7373   0.1889     3125.372      543.692     1046.469    0.351   0
        36    879.822    738.903 238.0124360 +32.8622600     6.10 0.0006536316 -10.3095 -11.1904   0.0202     29934.35     556.1221     1009.199    0.756   0
        37    884.063    753.060 238.0118689 +32.8607620     8.17 0.0008752405 -11.0736 -11.2117   0.0198     30527.44     556.3438     992.5353    0.663   0
        38    718.592    704.476 238.0331523 +32.8654839    10.35  0.001109258 -10.0837 -10.1141   0.0535     11108.02     547.5023     1078.612    0.392   0
        39    906.529    618.346 238.0092145 +32.8751900     4.60 0.0004932926 -11.0756 -10.5074   0.0374     15956.87     549.7422     947.6191    0.103   0
        40    881.655    823.947 238.0120593 +32.8531959     9.45  0.001012553 -11.3789 -11.2888   0.0185     32772.29     557.3666      975.714    0.294   0
        41    300.021    750.920 238.0867026 +32.8593539     4.74 0.0005076931 -10.8398 -10.9034   0.0261     22980.83     552.9724     1008.508    0.137   0
        42    357.401    999.121 238.0789173 +32.8330486     4.13  0.000442829  -8.6617  -8.4598   0.2439     2420.575      543.521     894.9703    0.143   0
        43    379.083    695.055 238.0766705 +32.8655355     4.42 0.0004737585 -12.7824 -12.8342   0.0048     136047.6     601.9788     1044.577    0.079   0
        44    128.382    626.766 238.1089147 +32.8721043     5.00 0.0005354408 -10.0184 -10.1617   0.0512     11605.91     547.6992     999.4026    0.168   0
        45    882.742    876.674 238.0118322 +32.8475760    21.44   0.00229721 -12.8569 -11.3981   0.0167     36245.82     558.9075     953.0701    0.431   2
        46    808.971    860.805 238.0213094 +32.8490641     4.41 0.0004728021 -12.8152 -12.8573   0.0047     138971.5     602.9709     1030.828    0.089   0
        47    376.805    716.389 238.0769252 +32.8632540     3.13 0.0003356706  -8.0919  -8.9740   0.1520     3886.806      544.042     1035.893    0.408   0
        48    884.073    957.845 238.0115265 +32.8389236    16.30  0.001746478 -12.4985 -11.3951   0.0168     36144.19     558.8472     923.4067    0.659   2
