#   1 NUMBER                 Running object number                                     
#   2 X_IMAGE                Object position along x                                    [pixel]
#   3 Y_IMAGE                Object position along y                                    [pixel]
#   4 ALPHA_J2000            Right ascension of barycenter (J2000)                      [deg]
#   5 DELTA_J2000            Declination of barycenter (J2000)                          [deg]
#   6 FWHM_IMAGE             FWHM assuming a gaussian core                              [pixel]
#   7 FWHM_WORLD             FWHM assuming a gaussian core                              [deg]
#   8 MAG_BEST               Best of MAG_AUTO and MAG_ISOCOR                            [mag]
#   9 MAG_APER               Fixed aperture magnitude vector                            [mag]
#  10 MAGERR_APER            RMS error vector for fixed aperture mag.                   [mag]
#  11 FLUX_APER              Flux vector within fixed circular aperture(s)              [count]
#  12 FLUXERR_APER           RMS error vector for aperture flux(es)                     [count]
#  13 BACKGROUND             Background at centroid position                            [count]
#  14 ELLIPTICITY            1 - B_IMAGE/A_IMAGE                                       
#  15 FLAGS                  Extraction flags                                          
         1    835.203    288.387 200.9189834 +36.2056478   129.93   0.01397472 -15.3517 -12.6800   0.0086       118033     929.6601      1657.21    0.838  19
         2    830.945    134.444 200.9198802 +36.2221811   181.75   0.01954782 -16.2210 -12.8546   0.0073     138626.5     935.6204      1559.82    0.858  19
         3    514.645     50.306 200.9622459 +36.2303440     6.68 0.0007183052  -9.7300  -9.5282   0.1509     6475.697     899.5153     1688.106    0.337   0
         4    467.024     91.064 200.9685072 +36.2258299     5.07 0.0005448969 -10.2777 -10.0714   0.0916     10679.94     900.7336      1718.69    0.160   0
         5    533.718    146.691 200.9594908 +36.2200387     6.64 0.0007136139  -9.6496  -9.7503   0.1230     7945.239     899.9236     1792.399    0.178   0
         6    602.731    167.115 200.9502431 +36.2180366     8.83 0.0009492422 -10.7259 -10.8058   0.0467     21005.11     903.6957     1827.951    0.264   0
         7    261.007    293.998 200.9955275 +36.2034375     0.00            0  -8.8987  -9.7500   0.1230     7943.184     899.7709     1807.115    0.012   0
         8    183.612    331.984 201.0057605 +36.1991347     5.54 0.0005959347 -10.1469 -10.2181   0.0800     12224.47     900.8079     1795.924    0.138   0
         9    437.242    392.333 200.9718138 +36.1933675     5.43  0.000583931 -10.1040 -10.6416   0.0543     18056.16     902.6775     1921.967    0.183   0
        10    879.651    450.591 200.9127122 +36.1883373     4.47 0.0004805954 -11.6717  99.0000  99.0000    -12167.94     897.7137     1535.367    0.058   0
        11    888.279    888.202 200.9106326 +36.1413286    56.13  0.006036617 -14.6638 -12.9726   0.0066     154542.9     939.6453      569.297    0.145  17
        12    838.890    828.756 200.9173391 +36.1475818    78.54  0.008447554 -14.1924 -13.4023   0.0045       229573     959.5663     1470.593    0.291  16
        13    438.986    504.770 200.9713332 +36.1812885     4.46 0.0004800464 -12.1668 -12.1618   0.0136     73234.34     917.5836     1953.369    0.034   0
        14    302.302    476.952 200.9896135 +36.1838920     4.87 0.0005241308 -10.3976 -10.4825   0.0628     15596.02     902.0464     1922.965    0.095   0
        15    859.418    632.694 200.9150214 +36.1687100     4.75 0.0005109697 -12.3532 -12.3730   0.0113     88960.45     922.2045     1831.426    0.065   0
        16    163.919    544.825 201.0079054 +36.1762039     5.23 0.0005627422 -10.5719 -10.6874   0.0521      18834.8     902.9436      1881.75    0.123   0
        17    426.097    545.267 200.9729616 +36.1768998     4.42  0.000474935 -12.1121 -12.2009   0.0131     75923.66     918.7133      1952.92    0.022   0
