#   1 NUMBER                 Running object number                                     
#   2 X_IMAGE                Object position along x                                    [pixel]
#   3 Y_IMAGE                Object position along y                                    [pixel]
#   4 ALPHA_J2000            Right ascension of barycenter (J2000)                      [deg]
#   5 DELTA_J2000            Declination of barycenter (J2000)                          [deg]
#   6 FWHM_IMAGE             FWHM assuming a gaussian core                              [pixel]
#   7 FWHM_WORLD             FWHM assuming a gaussian core                              [deg]
#   8 MAG_BEST               Best of MAG_AUTO and MAG_ISOCOR                            [mag]
#   9 MAG_APER               Fixed aperture magnitude vector                            [mag]
#  10 MAGERR_APER            RMS error vector for fixed aperture mag.                   [mag]
#  11 FLUX_APER              Flux vector within fixed circular aperture(s)              [count]
#  12 FLUXERR_APER           RMS error vector for aperture flux(es)                     [count]
#  13 BACKGROUND             Background at centroid position                            [count]
#  14 ELLIPTICITY            1 - B_IMAGE/A_IMAGE                                       
#  15 FLAGS                  Extraction flags                                          
         1    833.606    185.587 200.9208662 +36.2138987   184.13   0.01989173 -15.8050 -12.2662   0.0096     80630.23     709.6609     1195.109    0.910  16
         2    522.048     20.722 200.9630277 +36.2307454     7.44 0.0008040324  -9.7140  -9.7476   0.0937     7925.568     683.8757     1240.607    0.323   0
         3    474.508     61.372 200.9693224 +36.2262250     6.52 0.0007045554 -10.3824 -10.4831   0.0478     15604.59      686.639     1257.051    0.255   0
         4    541.309    117.132 200.9602381 +36.2204155     7.02 0.0007586124 -10.0634 -10.2537   0.0589     12632.25     685.5942     1305.804    0.263   0
         5    610.389    137.612 200.9509235 +36.2184131     8.63 0.0009326745 -10.7340 -10.7852   0.0363     20609.34      688.192     1329.776    0.241   0
         6    261.004    294.001 200.9974750 +36.2005250     4.21 0.0004552116  -8.8963  -9.5482   0.1125     6595.709     683.1014     1335.708    0.004   0
         7    191.255    303.055 201.0068140 +36.1993400     5.66 0.0006114149 -10.1864 -10.2580   0.0587     12682.88     685.5361     1318.418    0.169   0
         8    444.897    364.077 200.9726509 +36.1935244     4.54 0.0004908053  -9.3105  -9.0839   0.1723     4300.858     682.4725      1395.63    0.097   0
         9    887.872    422.294 200.9130977 +36.1885541     4.38 0.0004728906 -11.5911  -8.8249   0.2187     3388.019     682.1957     1083.567    0.079   0
        10    310.017    448.430 200.9905652 +36.1840342     5.04 0.0005448561 -10.5301 -10.7316   0.0381     19618.13      687.889     1401.873    0.076   0
        11    888.123    888.020 200.9121092 +36.1383781    58.07   0.00627324 -13.8551 -12.5115   0.0077     101061.1     717.1149      545.735    0.149  16
        12    841.016    830.567 200.9185434 +36.1444311    78.19  0.008447381 -13.8961 -12.8826   0.0056     142247.4     731.1529     1095.886    0.473  16
        13    446.707    476.440 200.9721684 +36.1814241     4.63 0.0004996854 -12.2500 -12.3328   0.0090     85724.22     711.6559     1422.387    0.060   0
        14    867.550    604.562 200.9154496 +36.1688577     4.63 0.0005006587 -12.0492 -11.5384   0.0183     41245.64     695.9498     1316.657    0.092   0
        15    101.399    697.850 201.0180036 +36.1565350     6.53 0.0007053998  -9.3696  -9.9519   0.0777     9566.531      684.207     1350.698    0.226   0
        16    171.696    516.413 201.0089725 +36.1762946     4.81 0.0005192639 -10.2517 -10.2716   0.0580     12842.75     685.6326     1378.874    0.081   0
        17    802.774    799.982 200.9237341 +36.1476148    17.33  0.001872364 -12.5580 -11.5753   0.0177     42670.44     696.2354     1362.365    0.138   2
        18    433.945    516.995 200.9737938 +36.1770168     4.53 0.0004891859 -12.0568 -12.0918   0.0112     68662.48     705.5811     1422.147    0.072   0
        19    828.749    460.178 200.9209516 +36.1843005     7.61 0.0008220942 -11.1117 -11.3054   0.0226     33277.14     692.9868      1349.81    0.172   0
