#   1 NUMBER                 Running object number                                     
#   2 X_IMAGE                Object position along x                                    [pixel]
#   3 Y_IMAGE                Object position along y                                    [pixel]
#   4 ALPHA_J2000            Right ascension of barycenter (J2000)                      [deg]
#   5 DELTA_J2000            Declination of barycenter (J2000)                          [deg]
#   6 FWHM_IMAGE             FWHM assuming a gaussian core                              [pixel]
#   7 FWHM_WORLD             FWHM assuming a gaussian core                              [deg]
#   8 MAG_BEST               Best of MAG_AUTO and MAG_ISOCOR                            [mag]
#   9 MAG_APER               Fixed aperture magnitude vector                            [mag]
#  10 MAGERR_APER            RMS error vector for fixed aperture mag.                   [mag]
#  11 FLUX_APER              Flux vector within fixed circular aperture(s)              [count]
#  12 FLUXERR_APER           RMS error vector for aperture flux(es)                     [count]
#  13 BACKGROUND             Background at centroid position                            [count]
#  14 ELLIPTICITY            1 - B_IMAGE/A_IMAGE                                       
#  15 FLAGS                  Extraction flags                                          
         1    192.473     31.150 237.9712094 +32.9396045    31.65  0.003390733 -13.6107 -13.0877   0.0102     171826.9     1619.572     1321.938    0.328  19
         2    148.230     81.396 237.9767809 +32.9341374    70.23   0.00752519 -14.7623 -12.9328   0.0118     148982.1     1615.598     2854.734    0.816  19
         3     11.518     79.825 237.9942997 +32.9339812    68.74  0.007365261 -14.6874 -13.9872   0.0044     393454.2     1591.842     163.5374    0.581  24
         4    135.468     11.274 237.9785521 +32.9415915    89.68  0.009609543 -16.0134 -14.8141   0.0021     842622.9     1655.649    -333.4066    0.746  24
         5     66.048    110.568 237.9872533 +32.9308295    29.50   0.00316133  99.0000  99.0000  99.0000    -22172.08     1592.963     1887.095    0.497   2
         6     84.986    122.029 237.9848046 +32.9296511    34.33  0.003677975 -13.3902 -12.7923   0.0134     130894.2     1612.752     2674.337    0.547   3
         7    915.306     91.768 237.8784805 +32.9348021     5.29 0.0005670142 -10.8219  99.0000  99.0000    -11095.41     1592.918     3270.917    0.103   0
         8    421.863     94.655 237.9416970 +32.9333630     5.55 0.0005951499 -10.1550  99.0000  99.0000    -25505.53     1592.918      3876.15    0.095   0
         9    552.741    142.752 237.9248383 +32.9285326     4.22 0.0004524656  -9.1884  99.0000  99.0000    -27322.47     1592.918     3875.855    0.313   0
        10    972.519    144.002 237.8710553 +32.9293560     2.74 0.0002937474  -9.0649 -11.0006   0.0690     25132.82     1596.678      3355.41    0.237   0
        11     76.891    165.692 237.9857566 +32.9249717    20.20  0.002164198 -12.9742 -12.5626   0.0165     105935.7     1609.637     3425.842    0.308   2
        12    986.513    197.748 237.8691652 +32.9236511     5.80 0.0006211471 -14.0262 -14.0639   0.0043     422248.7     1657.994     3356.347    0.039   0
        13    181.606    259.420 237.9721603 +32.9152154     5.75 0.0006158272 -11.2587 -11.4905   0.0440     39462.94     1598.381     3990.189    0.043   0
        14    781.396    343.911 237.8951734 +32.9075865     5.84 0.0006262806 -11.5139 -11.6315   0.0387     44935.04     1599.955     3622.222    0.059   0
        15    567.343    413.083 237.9224609 +32.8997133     6.30 0.0006752406 -16.3439 -16.3609   0.0006      3502366      2071.06     3874.282    0.015   4
        16    154.882    377.920 237.9753540 +32.9025047     5.50 0.0005896505 -11.9540 -11.9537   0.0288     60461.75     1602.648     3982.232    0.062   0
        17    205.554    402.658 237.9688163 +32.8999837     6.43 0.0006894112 -11.5666 -11.7759   0.0339     51327.16     1601.088     3973.802    0.158   0
        18     77.732    418.599 237.9851557 +32.8979806   109.61   0.01174448 -15.9318  99.0000  99.0000            0            0     3446.189    0.915  51
        19     76.110    259.308 237.9856741 +32.9149781    82.01  0.008787686  99.0000  99.0000  99.0000            0            0     3441.968    0.780  50
        20     80.200    719.854 237.9842529 +32.8658332   139.82   0.01498193 -16.3955 -13.0454   0.0106     165251.7     1618.291     3302.521    0.936  50
        21    961.451    504.441 237.8718199 +32.8908605     5.78 0.0006197831 -11.7879 -11.7717   0.0340      51129.1     1601.147     3036.861    0.045   0
        22    686.830    697.487 237.9066303 +32.8696326     6.17  0.000661511 -10.5991 -10.6259   0.0974     17798.35     1595.709     3305.978    0.132   0
        23    651.233   1009.593 237.9106077 +32.8362394     5.77 0.0006178549 -11.5190 -11.3688   0.0492      35278.8     1597.951     2783.718    0.048   0
        24     86.820    995.139 237.9828698 +32.8364674    11.18  0.001197675 -12.5670 -12.3567   0.0199     87638.93     1606.658      2980.71    0.271   0
        25    153.711    816.266 237.9746551 +32.8557168     5.94 0.0006366525 -10.9292 -10.8473   0.0795     21822.64     1596.564     3663.668    0.087   0
        26    720.914    885.372 237.9019193 +32.8496572     6.08 0.0006516003 -11.0768 -11.1176   0.0620     27992.97      1597.35     2875.137    0.050   0
        27    438.333    622.126 237.9385879 +32.8771034     5.78 0.0006196109 -11.8100 -11.8802   0.0308     56503.31     1601.851     3820.642    0.086   0
        28    752.037    949.873 237.8978166 +32.8428439     5.75 0.0006166176 -11.7036 -11.4526   0.0456     38109.93     1598.933     2665.867    0.055   0
