#   1 NUMBER                 Running object number                                     
#   2 X_IMAGE                Object position along x                                    [pixel]
#   3 Y_IMAGE                Object position along y                                    [pixel]
#   4 ALPHA_J2000            Right ascension of barycenter (J2000)                      [deg]
#   5 DELTA_J2000            Declination of barycenter (J2000)                          [deg]
#   6 FWHM_IMAGE             FWHM assuming a gaussian core                              [pixel]
#   7 FWHM_WORLD             FWHM assuming a gaussian core                              [deg]
#   8 MAG_BEST               Best of MAG_AUTO and MAG_ISOCOR                            [mag]
#   9 MAG_APER               Fixed aperture magnitude vector                            [mag]
#  10 MAGERR_APER            RMS error vector for fixed aperture mag.                   [mag]
#  11 FLUX_APER              Flux vector within fixed circular aperture(s)              [count]
#  12 FLUXERR_APER           RMS error vector for aperture flux(es)                     [count]
#  13 BACKGROUND             Background at centroid position                            [count]
#  14 ELLIPTICITY            1 - B_IMAGE/A_IMAGE                                       
#  15 FLAGS                  Extraction flags                                          
         1    839.986     80.531 238.0188109 +32.9334384   142.29   0.01525358 -15.0693 -13.0376   0.0044     164075.9     665.8464     922.6437    0.602  16
         2    826.480     10.065 238.0206592 +32.9409135    91.61   0.00982124 -14.0029 -12.9688   0.0044     154005.9     627.4463     361.2698    0.805  24
         3    490.721     50.498 238.0637046 +32.9356708     4.29 0.0004599209  -9.6118  99.0000  99.0000    -7115.516     601.0935     995.7642    0.075   0
         4    247.659     75.213 238.0948706 +32.9323518    10.08  0.001080093 -11.2391 -11.1957   0.0221     30078.91     613.4594      1075.17    0.100   0
         5    134.498     82.997 238.1093858 +32.9312008     3.75 0.0004016719  -9.3574 -11.2527   0.0210     31700.63     614.0034      1076.71    0.380   0
         6     63.918    120.029 238.1183832 +32.9270518     4.54 0.0004864072 -13.7664 -13.8011   0.0024     331460.7     725.9496     1126.937    0.064   0
         7    728.794    129.410 238.0330076 +32.9279206     4.43 0.0004749365 -10.1674  99.0000  99.0000    -952.0023     600.8724     1245.547    0.099   0
         8    750.517    134.050 238.0302110 +32.9274860     4.25 0.0004556696  -9.8888  99.0000  99.0000    -10008.77     601.1616     1245.669    0.102   0
         9    370.342    150.094 238.0789926 +32.9247151     4.84 0.0005187244  -9.3738  -9.7930   0.0794     8263.815     604.5546     1224.539    0.274   0
        10    699.742    197.249 238.0366262 +32.9206078     4.94  0.000529387 -11.8085 -11.8966   0.0118     57361.86     624.4298     1246.573    0.075   0
        11    321.585    192.672 238.0851797 +32.9200386     4.79 0.0005140053  -9.9232 -10.1762   0.0560     11761.92     606.0163      1217.59    0.102   0
        12    476.431    188.994 238.0653075 +32.9208659     4.81 0.0005151604  -9.1418  -9.7797   0.0804      8163.75     604.2426      1237.11    0.166   0
        13    111.106    261.271 238.1120807 +32.9121288     4.51 0.0004830558 -13.7413 -13.7813   0.0024     325467.3     723.9251     1151.046    0.064   0
        14    760.919    282.078 238.0286343 +32.9117336     4.39 0.0004704114 -12.1661 -12.2438   0.0087     78977.29       633.17     1246.595    0.101   0
        15    234.304    279.554 238.0962356 +32.9105296     5.54 0.0005935945  -9.6429 -10.3107   0.0495     13313.42     606.6223     1199.075    0.683   2
        16    236.494    282.507 238.0959494 +32.9102210     0.28 3.012266e-05  -8.9820 -10.2062   0.0544     12091.41     606.2196     1199.652    0.446   2
        17    579.904    332.951 238.0517856 +32.9058078     4.31 0.0004621574 -11.2627 -11.3624   0.0191     35072.12     615.5075     1238.432    0.043   0
        18      4.876    322.619 238.1256093 +32.9052854     6.38 0.0006835884  -8.5485  -7.2410   0.6855     787.7639     497.2176     1100.881    0.216  16
        19    286.297    346.695 238.0894474 +32.9035189     4.43 0.0004746635 -11.0966 -11.0820   0.0246     27089.86     612.4404      1213.74    0.103   0
        20     41.949    350.035 238.1208033 +32.9024686     5.08 0.0005448812  -9.1688  -8.9588   0.1708     3832.976     602.7195     1116.407    0.081   0
        21    449.504    387.555 238.0684313 +32.8996222     4.53 0.0004852856 -10.8296 -10.9923   0.0266     24941.85     611.3791     1226.121    0.110   0
        22    510.152    438.431 238.0605626 +32.8943681     4.39 0.0004702292 -12.1090 -12.1276   0.0096     70963.25     629.9005     1226.741    0.050   0
        23    157.261    455.866 238.1058210 +32.8915149     4.76 0.0005107712  -9.7802  -9.7720   0.0810     8105.786     604.4385     1156.001    0.118   0
        24    540.712    463.019 238.0565997 +32.8918322     5.78 0.0006194543  -8.9962  -9.5680   0.0976      6717.17     603.8808      1227.22    0.371   0
        25    268.844    497.691 238.0914302 +32.8873721     4.40 0.0004713741 -12.4052 -12.4514   0.0073     95624.51     639.6133      1193.48    0.078   0
        26     12.211    498.921 238.1243603 +32.8865113     4.76 0.0005105745 -10.3569 -10.2298   0.0517     12356.75     588.2227       1083.8    0.126  16
        27    883.697    869.289 238.0119292 +32.8494698    62.60  0.006711156 -14.5279 -11.6391   0.0149     45252.65     619.6782     1043.094    0.872  18
        28    438.893    505.201 238.0695957 +32.8870504     4.82 0.0005166549  -9.7029  -9.7185   0.0850     7716.093     604.1589     1219.638    0.117   0
        29    777.817    519.398 238.0260793 +32.8864799     3.45 0.0003703519  -8.1999  -8.1761   0.3505     1863.911     601.5455      1232.76    0.430   0
        30    907.084    628.430 238.0093158 +32.8752117     4.12 0.0004420614 -11.0549 -10.1450   0.0576     11429.22     605.8115     1035.953    0.054   0
        31    511.210   1028.389 238.0594440 +32.8314766     3.44 0.0003691998  -7.9791  99.0000  99.0000     -364.061     444.5039      1006.29    0.407  24
        32    799.312   1023.261 238.0225040 +32.8328228     4.21 0.0004515897  -9.8602  -9.6995   0.0754     7582.258     526.6713     1060.581    0.087  16
        33    858.494    795.800 238.0152805 +32.8572352     4.90 0.0005250326 -11.9763 -12.1266   0.0096     70898.73     629.7288     1146.697    0.151   0
        34    630.492    787.009 238.0445440 +32.8575421     4.55 0.0004878215  -8.5751  -8.3592   0.2963     2206.374     602.0275      1156.46    0.139   0
        35    129.029    636.946 238.1091316 +32.8721300     4.81 0.0005154973  -9.9970 -10.2649   0.0516     12763.05     606.4123     1102.709    0.077   0
        36    886.011    995.281 238.0114298 +32.8360443     6.09 0.0006524703 -10.6020 -11.4286   0.0180     37275.48     616.3521     988.5723    0.180   2
        37    300.580    761.236 238.0869098 +32.8593659     4.43 0.0004746001 -10.7976 -10.8196   0.0311     21274.25     609.7602       1111.3    0.068   0
        38    718.933    714.638 238.0333167 +32.8655028     9.31 0.0009976681  -9.8084  -9.8385   0.0762     8617.878     604.6165     1196.589    0.363   0
        39    379.691    705.241 238.0768555 +32.8655582     4.40 0.0004712469 -12.7532 -12.8086   0.0053     132873.7     653.9793     1155.076    0.051   0
        40    809.511    871.259 238.0214421 +32.8490557     4.31 0.0004615799 -12.7635 -12.7952   0.0054     131246.3     653.4508      1131.89    0.016   0
        41    627.788    702.416 238.0450303 +32.8665530     3.45 0.0003697641  -8.1274  -6.9445   1.0889     599.5128     601.1048     1194.021    0.415   0
        42    357.650   1009.554 238.0791691 +32.8330540     5.23 0.0005601341  -8.4850  -6.7713   1.2776     511.1181     601.3061     971.0767    0.145   0
