#   1 NUMBER                 Running object number                                     
#   2 X_IMAGE                Object position along x                                    [pixel]
#   3 Y_IMAGE                Object position along y                                    [pixel]
#   4 ALPHA_J2000            Right ascension of barycenter (J2000)                      [deg]
#   5 DELTA_J2000            Declination of barycenter (J2000)                          [deg]
#   6 FWHM_IMAGE             FWHM assuming a gaussian core                              [pixel]
#   7 FWHM_WORLD             FWHM assuming a gaussian core                              [deg]
#   8 MAG_BEST               Best of MAG_AUTO and MAG_ISOCOR                            [mag]
#   9 MAG_APER               Fixed aperture magnitude vector                            [mag]
#  10 MAGERR_APER            RMS error vector for fixed aperture mag.                   [mag]
#  11 FLUX_APER              Flux vector within fixed circular aperture(s)              [count]
#  12 FLUXERR_APER           RMS error vector for aperture flux(es)                     [count]
#  13 BACKGROUND             Background at centroid position                            [count]
#  14 ELLIPTICITY            1 - B_IMAGE/A_IMAGE                                       
#  15 FLAGS                  Extraction flags                                          
         1    854.742     33.450 327.8150936 +28.9633050     6.51 0.0007027117 -11.6113 -11.6978   0.0090     47767.09     395.7724     638.8071    0.264   0
         2    618.196     45.586 327.8442885 +28.9614438     3.44 0.0003710471  -7.8818  -8.6249   0.1411     2818.197     366.1573     689.3939    0.409   0
         3    425.702     84.403 327.8679747 +28.9568032     6.24 0.0006743532 -13.0922 -13.1292   0.0029     178524.2     471.1362     687.8185    0.236   0
         4    444.419     97.694 327.8656299 +28.9554141     6.19 0.0006681884 -12.9369 -12.9799   0.0032     155576.8     458.8798     690.5578    0.228   0
         5     44.394     87.905 327.9150714 +28.9555137     5.47 0.0005910358 -11.1467 -11.2034   0.0138     30292.92     384.5467     636.8062    0.207   0
         6    747.789     96.659 327.8281548 +28.9562388     6.46 0.0006973163  -9.6038  -9.7069   0.0526     7634.196     369.5732     695.5683    0.254   0
         7    197.832    126.321 327.8960211 +28.9517393     6.26 0.0006757764 -13.4383 -13.4696   0.0022     244252.6     504.8773     674.6292    0.238   0
         8     83.339     93.213 327.9102472 +28.9550351     6.74 0.0007282521  -8.7127  -9.1219   0.0896     4453.909     367.4054     653.5718    0.201   0
         9    470.817     99.949 327.8623632 +28.9552333     6.46 0.0006977541  -8.6595  -8.7737   0.1232     3232.001     366.5935     691.5242    0.186   0
        10    706.989     99.782 327.8331877 +28.9558067     0.77 8.358665e-05  -6.9686  -7.5637   0.3738       1060.4     364.9758     696.2982    0.033   0
        11    166.996    119.200 327.8998479 +28.9524334     6.97 0.0007532415  -8.8893  -9.1914   0.0840     4748.684     367.5037     671.1398    0.256   0
        12    493.248    120.322 327.8595424 +28.9530890     6.36 0.0006867005  -8.8879  -9.0088   0.0993     4013.434     367.1567     693.6126    0.267   0
        13    471.098    128.254 327.8622593 +28.9521811     6.88 0.0007427872  -9.3449  -9.3280   0.0742      5385.25     368.0488     693.7314    0.310   0
        14    124.942    167.916 327.9049217 +28.9470782     4.26 0.0004602434  -8.1793  -8.5474   0.1516     2624.021     366.2299     672.3907    0.013   0
        15    172.691    194.596 327.8989572 +28.9443154     5.51 0.0005953163 -10.4071 -10.4525   0.0268     15170.12     374.6363      679.393    0.271   0
        16    707.312    200.796 327.8329037 +28.9449126     5.40 0.0005826663 -11.7900 -11.8441   0.0079     54658.77     400.1208     706.7856    0.168   0
        17    585.844    214.498 327.8478747 +28.9431500     5.26 0.0005677571 -11.7785 -11.8352   0.0080     54210.57     399.8407      703.631    0.180   0
        18     68.865    201.520 327.9117646 +28.9433190     4.42 0.0004774886  -8.2302  -8.6942   0.1325     3003.949     366.4687      670.977    0.250   0
        19    437.255    234.300 327.8661801 +28.9406636     5.36 0.0005791646 -12.1779 -12.2262   0.0058     77708.48     414.2542     699.5218    0.198   0
        20     99.275    216.255 327.9079716 +28.9418031     3.16 0.0003415823  -8.2139  -9.0454   0.0961      4151.21     367.2301     676.0552    0.300   0
        21    299.093    236.413 327.8832404 +28.9401075     5.66 0.0006109825  -9.5087  -9.5947   0.0582     6884.664     369.1066     692.3203    0.258   0
        22    855.592    272.780 327.8144150 +28.9374942     5.59 0.0006040575 -10.1251 -10.3776   0.0287     14158.99     373.8102     663.5985    0.188   0
        23    603.088    297.882 327.8455422 +28.9341972     5.00 0.0005404244 -12.3943 -12.4386   0.0049     94498.55     424.2747     708.2823    0.130   0
        24    261.009    294.004 327.8878022 +28.9338052     4.19 0.0004528675  -8.8161  -9.2166   0.0821     4860.062     367.6101     695.7137    0.011   0
        25    751.503    302.107 327.8272010 +28.9340889     5.07  0.000547996 -10.0099  -9.9887   0.0407     9896.122     371.2014     711.0536    0.163   0
        26    567.901    331.194 327.8498071 +28.9305216     4.91 0.0005302434 -12.0099 -12.0617   0.0066     66786.52     407.5727     709.4443    0.157   0
        27    499.737    342.556 327.8581981 +28.9291355     4.88 0.0005268978 -11.0728 -11.1316   0.0147     28356.06     383.3345     709.9014    0.148   0
        28    144.244    353.489 327.9020758 +28.9271100     5.47 0.0005904019  -9.0496  -9.1982   0.0836     4778.238     367.6669     695.5557    0.180   0
        29    494.272    366.254 327.8588151 +28.9265667     4.87 0.0005260015 -10.5852 -10.6241   0.0230     17768.24     376.3361     711.3722    0.159   0
        30    328.704    367.998 327.8792588 +28.9259861     7.24 0.0007821139  -9.7704  -9.8893   0.0445     9031.076     370.4561     707.6801    0.281   0
        31    686.967    376.692 327.8349916 +28.9258938     5.71 0.0006165688  -8.1735  -8.2735   0.1948      2038.87     365.7687     714.3914    0.360   0
        32    551.062    384.618 327.8517567 +28.9247200     4.86 0.0005249534  -9.4459  -9.6505   0.0553     7247.708     369.3219     713.1324    0.122   0
        33    328.943    389.841 327.8791755 +28.9236308     6.63 0.0007160729  -8.6314  -8.9841   0.1016     3923.018     367.0952     709.3035    0.398   0
        34    359.157    396.554 327.8754276 +28.9229786     4.88 0.0005272988  -8.8054  -8.9115   0.1086     3669.461     366.9122     710.5493    0.191   0
        35    266.844    425.464 327.8867566 +28.9196407     4.78 0.0005165171 -12.4730 -12.5318   0.0045     102970.7     429.2379     709.3448    0.142   0
        36    860.776    421.043 327.8134195 +28.9215152     4.86 0.0005246798 -10.8327 -10.8821   0.0183     22534.84     379.5092     679.9227    0.136   0
        37    477.567    414.752 327.8607598 +28.9212964     5.23 0.0005649285  -8.8921  -9.1495   0.0874     4568.916     367.5041      713.275    0.163   0
        38    503.682    425.230 327.8575091 +28.9202280     5.99  0.000647086  -8.2000  -8.6050   0.1438      2767.02     366.2763     714.2722    0.223   0
        39     11.173    426.174 327.9183282 +28.9189502     3.92 0.0004233346  -8.6658  -9.8668   0.0435      8845.79     354.0585     688.5549    0.277  16
        40    748.505    496.491 327.8271028 +28.9131166     4.56 0.0004922037 -12.1588 -12.2364   0.0057     78447.03     414.7721     716.3933    0.090   0
        41    583.711    924.206 327.8464139 +28.8665997     3.62 0.0003911115  -7.4194  99.0000  99.0000    -25536.92     317.4784     601.5571    0.315  16
        42    600.143    643.234 327.8450673 +28.8969425     4.55 0.0004918996  -9.6642  -9.7654   0.0499      8056.52     369.8791     716.2456    0.133   0
        43    503.188    625.826 327.8570806 +28.8985918     3.36 0.0003631221  -7.6038  -6.9839   0.6370     621.6771     364.6546     714.9337    0.246   0
        44    791.576    620.128 327.8214871 +28.8998821     4.24 0.0004575545  -8.3106  -8.3391   0.1835     2165.874     365.8965     716.3768    0.215   0
        45    667.750    581.970 327.8368683 +28.9037086     4.30 0.0004638733 -10.9438 -11.0316   0.0160     25860.56     381.7035     716.3849    0.069   0
        46     43.172    563.405 327.9140337 +28.9042267     3.44 0.0003717422  -7.6561  -8.1252   0.2232     1778.565     365.4777     692.3225    0.408   0
        47    170.499    561.983 327.8983155 +28.9046862     3.73 0.0004027582  -7.7086  -7.6982   0.3305     1200.295     365.2465     706.7973    0.375   0
        48    301.982    547.465 327.8821164 +28.9065663     4.30 0.0004647168 -12.3332 -12.3982   0.0050     91049.92     422.2645     712.6455    0.102   0
        49    858.524    512.196 327.8134793 +28.9116787     4.62 0.0004990992 -11.8207 -11.8680   0.0078     55870.24     400.8302     693.4529    0.112   0
        50    806.712    511.135 327.8198799 +28.9116728     5.29 0.0005711378  -9.7375 -10.1524   0.0351     11506.42     372.2339     713.9218    0.206   0
        51    795.072    511.408 327.8213166 +28.9116162     1.27 0.0001370713  -8.3870 -10.1336   0.0357     11309.08     372.0306     716.2999    0.201   0
        52    305.502    488.878 327.8818262 +28.9128934     4.49  0.000485312 -13.5335 -13.5757   0.0021     269329.4     517.1528     712.1372    0.110   0
        53    863.660    485.431 327.8129092 +28.9145774     4.68 0.0005056506  -9.6876  -9.5003   0.0635     6311.143     368.7383     691.2922    0.118   0
        54    504.945    481.561 327.8572157 +28.9141555     4.52  0.000487803 -11.0904 -11.1593   0.0143     29087.28     383.8502     715.3582    0.109   0
        55    223.883    451.691 327.8919970 +28.9167094     4.72 0.0005100498 -11.1785 -11.2326   0.0134     31119.46     385.1422     708.5284    0.170   0
        56    258.485    823.512 327.8868053 +28.8766898     4.35  0.000470235  -7.7602  -7.7481   0.3156     1256.749     365.2337     703.1843    0.538   0
        57    672.399    796.809 327.8357748 +28.8805481     4.13 0.0004458884 -10.8279 -10.9098   0.0178     23116.02     379.8028      716.334    0.044   0
        58     60.225    886.761 327.9111210 +28.8693928     3.70 0.0003994132 -11.2113 -10.8064   0.0196     21016.74     378.4979     654.6412    0.015   0
        59    583.846    906.178 327.8464410 +28.8685445     3.45 0.0003722198 -11.8383 -11.4463   0.0112     37889.46      389.483     630.5607    0.036   0
        60     54.300    820.594 327.9120175 +28.8765149     4.15 0.0004487025 -10.2661 -10.4033   0.0280     14498.21     374.1274     686.2838    0.075   0
        61    236.686    881.796 327.8893521 +28.8703516     3.75 0.0004055148 -12.9420 -12.9279   0.0033     148301.4     454.8907     671.2974    0.022   0
        62    359.968    877.574 327.8741451 +28.8711006     3.43 0.0003708734  -8.8579  99.0000  99.0000    -8162.217     364.3622     680.5267    0.121   0
        63    571.993    818.642 327.8481167 +28.8779578     4.07  0.000439186 -12.7564 -12.8023   0.0037     132104.8     445.8415     709.8784    0.048   0
        64    449.035    849.971 327.8632186 +28.8742889     4.02 0.0004336829 -12.1773 -12.2286   0.0058      77880.2     414.3669     703.7012    0.039   0
        65    840.021    829.671 327.8150033 +28.8773944    39.96  0.004315412 -12.3909 -11.1714   0.0142     29414.59     384.0731     650.2106    0.715   2
        66    712.269    833.728 327.8307639 +28.8766594     4.09 0.0004420558  -8.3910  -7.6899   0.3330     1191.121     365.2505     703.8661    0.124   0
        67    163.578    840.560 327.8984785 +28.8746241     4.40 0.0004746571  -9.6276  -9.7259   0.0517     7768.836      369.644     694.5237    0.111   0
        68    403.984    811.574 327.8688738 +28.8783234     4.21  0.000455002  -9.6082  -9.5933   0.0583     6875.913      368.948     710.5533    0.098   0
        69     39.080    796.719 327.9139559 +28.8790532     4.42  0.000476854  -8.8662  -8.9735   0.1026     3884.965     367.0999      688.733    0.146   0
        70    652.085    643.585 327.8386533 +28.8970264     4.35 0.0004697787 -10.4457 -10.5537   0.0245     16652.46     375.6042     716.3994    0.100   0
        71    464.878    766.863 327.8614659 +28.8832899     3.87 0.0004176551  -8.4700  -8.7179   0.1296     3070.192     366.5036     713.8156    0.098   0
        72    795.072    759.190 327.8207213 +28.8848917     4.76 0.0005144659  -9.4890  -9.8233   0.0473      8498.41     370.1574     714.6313    0.104   0
        73    881.990    656.996 327.8102353 +28.8961157     3.67 0.0003960426  -7.1846  99.0000  99.0000    -13300.37      364.259     675.4119    0.020   0
        74    166.729    697.290 327.8984451 +28.8900838     6.56 0.0007083087  -8.5003  -9.0603   0.0948     4208.441     367.2997     704.4788    0.146   0
        75    532.676    705.667 327.8532453 +28.8900501     4.11 0.0004443562 -13.1865 -13.2412   0.0026     197917.3      481.387     715.7286    0.060   0
        76    875.984    675.294 327.8109331 +28.8941283     4.21 0.0004543025  -7.3525  99.0000  99.0000    -10078.46     364.4137     686.3433    0.083   0
        77    105.489    686.845 327.9060317 +28.8910633     4.24 0.0004583653 -10.6736 -10.7602   0.0204     20141.55     377.9691     699.6529    0.123   0
        78    550.393    665.196 327.8511564 +28.8944568     3.45 0.0003728099  -8.4471  -9.0706   0.0939     4248.605     367.1941     715.7697    0.432   0
        79    797.142    683.617 327.8206473 +28.8930475     4.22 0.0004561991 -13.4046 -13.4483   0.0023     239515.7     502.5038     716.3936    0.039   0
        80    672.984    670.730 327.8360073 +28.8941477     3.68 0.0003973864  -7.7853  -8.3359   0.1840     2159.606     365.8922     716.4204    0.068   0
        81    248.436    657.984 327.8884549 +28.8945186     4.80 0.0005181815  -9.1672  -9.3906   0.0701     5704.561     368.2146     711.5817    0.107   0
        82    360.813    565.632 327.8748074 +28.9047469     4.47 0.0004829006  -9.0446  -9.1575   0.0867     4602.398     367.4042     713.5177    0.127   0
        83    744.043    605.295 327.8273917 +28.9013712     4.27  0.000461216 -11.7887 -11.8311   0.0080     54007.21     399.7229     716.4753    0.075   0
        84    618.051    598.589 327.8429646 +28.9017997     5.67 0.0006122998  -8.4035  -8.3563   0.1806     2200.453     365.8996     716.2331    0.018   0
        85    901.595    605.253 327.8079383 +28.9017418     3.96 0.0004274935  -9.9527  99.0000  99.0000     -2475.32     364.3312     641.2392    0.114   0
        86    798.205    536.623 327.8208691 +28.9089039     4.35 0.0004702673 -14.8758 -14.9059   0.0009     917021.8     768.8729     716.3875    0.085   0
        87     15.894    591.481 327.9173315 +28.9011328     5.79 0.0006257672  -8.2634  -8.4470   0.1662     2392.117     366.0203     688.3572    0.234   0
        88    811.349    563.522 327.8191815 +28.9060334     4.24 0.0004580933 -11.4807 -11.6193   0.0096     44436.42     393.7202     712.5992    0.076   0
        89    846.683    587.768 327.8147605 +28.9035004     4.35 0.0004698197 -10.0080 -10.2095   0.0334     12128.12     372.6109     699.6685    0.069   0
        90    301.183    563.364 327.8821759 +28.9048495     4.52 0.0004880446 -10.3817 -10.5111   0.0254     16011.55     375.1673     712.6621    0.135   0
        91    893.569    524.516 327.8091223 +28.9104311     3.76 0.0004060279  -8.4445  99.0000  99.0000    -11809.98     364.3725     648.8569    0.269   0
        92    696.582    553.927 327.8333759 +28.9068007     4.34 0.0004682223 -11.7495 -11.8003   0.0083     52497.05     398.8055     716.4426    0.088   0
        93    307.564    525.725 327.8814807 +28.9089243     4.37 0.0004719027 -10.5561 -10.6381   0.0227     17998.22     376.5487     712.5291    0.115   0
