#   1 NUMBER                 Running object number                                     
#   2 X_IMAGE                Object position along x                                    [pixel]
#   3 Y_IMAGE                Object position along y                                    [pixel]
#   4 ALPHA_J2000            Right ascension of barycenter (J2000)                      [deg]
#   5 DELTA_J2000            Declination of barycenter (J2000)                          [deg]
#   6 FWHM_IMAGE             FWHM assuming a gaussian core                              [pixel]
#   7 FWHM_WORLD             FWHM assuming a gaussian core                              [deg]
#   8 MAG_BEST               Best of MAG_AUTO and MAG_ISOCOR                            [mag]
#   9 MAG_APER               Fixed aperture magnitude vector                            [mag]
#  10 MAGERR_APER            RMS error vector for fixed aperture mag.                   [mag]
#  11 FLUX_APER              Flux vector within fixed circular aperture(s)              [count]
#  12 FLUXERR_APER           RMS error vector for aperture flux(es)                     [count]
#  13 BACKGROUND             Background at centroid position                            [count]
#  14 ELLIPTICITY            1 - B_IMAGE/A_IMAGE                                       
#  15 FLAGS                  Extraction flags                                          
         1    838.414     81.289 238.0190775 +32.9331418   151.40   0.01619206 -16.8760 -14.9758   0.0022     977980.7     1991.141     2887.895    0.587  16
         2    829.869     11.002 238.0203030 +32.9406000   100.96   0.01079763 -16.5625 -14.9186   0.0022     927791.2     1900.615    -473.6089    0.810  25
         3    120.179     82.963 238.1110101 +32.9310893    88.87  0.009504141 -15.6678 -13.2301   0.0105     195896.1     1890.033     3660.062    0.821  19
         4    223.473     82.527 238.0977894 +32.9314094    82.35  0.008807147 -15.4752 -13.1764   0.0110     186454.7     1889.408     3881.081    0.829  19
         5    373.030     80.913 238.0786491 +32.9319750    86.19  0.009218008 -15.7022 -13.0406   0.0124     164528.7     1886.088     4051.243    0.889   3
         6     70.049    120.533 238.1173519 +32.9269577     5.12 0.0005478432 -13.1188 -13.0982   0.0118     173496.7     1887.016     3995.989    0.059   0
         7    704.723    197.150 238.0359713 +32.9204679     5.86 0.0006268025 -11.6035 -11.8044   0.0386     52694.33     1871.416     4771.555    0.097   0
         8    117.063    261.751 238.1110544 +32.9120542     5.12 0.0005471719 -13.1693 -13.2281   0.0105     195548.3     1889.883     4141.948    0.032   0
         9    765.759    281.853 238.0280002 +32.9116108     5.26 0.0005624429 -11.7563 -11.9159   0.0348     58392.99     1872.229     4772.493    0.041   0
        10    585.241    332.845 238.0510042 +32.9057178     5.22 0.0005587892 -10.6606 -10.8230   0.0950     21341.02     1867.222     4703.115    0.066   0
        11    876.719    340.411 238.0136908 +32.9056635     6.55 0.0007001405 -11.7906 -12.3991   0.0224     91123.34      1876.28     4399.968    0.445   2
        12    291.994    346.986 238.0885015 +32.9034462     5.49 0.0005871932 -10.4889 -10.5671   0.1202      16858.8     1865.779      4513.83    0.032   0
        13    454.921    387.342 238.0675752 +32.8995787     5.65 0.0006040513 -10.1871 -10.6568   0.1107     18311.88     1866.922     4624.754    0.206   0
        14    515.364    438.455 238.0597432 +32.8942968     5.12 0.0005473522 -11.2593 -10.0169   0.1995     10156.76     1865.672     4635.271    0.063   0
        15    274.409    497.803 238.0904564 +32.8873497     5.35 0.0005721479 -11.7956 -11.8502   0.0370     54961.73     1871.035     4399.936    0.055   0
        16      6.120    994.609 238.1237880 +32.8337677    51.71   0.00552985 -14.1850 -12.6731   0.0149     117280.9     1613.685     295.8716    0.857  24
        17    882.113    785.298 238.0121716 +32.8583313   204.56   0.02187686 -16.7912 -13.5318   0.0080     258656.2     1898.834     3809.375    0.950  56
        18    306.019    761.201 238.0858984 +32.8594018     5.71 0.0006103086 -10.0614  -9.9895   0.2045     9904.042     1864.636     3912.817    0.159   0
        19    384.859    705.145 238.0759237 +32.8655744     5.29 0.0005661047 -12.1968 -12.2815   0.0249     81774.87     1874.982     4179.282    0.027   0
        20    813.991    870.643 238.0207245 +32.8490743     5.10 0.0005454558 -12.0315 -11.8423   0.0372     54567.29      1871.14     4055.462    0.049   0
