#   1 NUMBER                 Running object number                                     
#   2 X_IMAGE                Object position along x                                    [pixel]
#   3 Y_IMAGE                Object position along y                                    [pixel]
#   4 ALPHA_J2000            Right ascension of barycenter (J2000)                      [deg]
#   5 DELTA_J2000            Declination of barycenter (J2000)                          [deg]
#   6 FWHM_IMAGE             FWHM assuming a gaussian core                              [pixel]
#   7 FWHM_WORLD             FWHM assuming a gaussian core                              [deg]
#   8 MAG_BEST               Best of MAG_AUTO and MAG_ISOCOR                            [mag]
#   9 MAG_APER               Fixed aperture magnitude vector                            [mag]
#  10 MAGERR_APER            RMS error vector for fixed aperture mag.                   [mag]
#  11 FLUX_APER              Flux vector within fixed circular aperture(s)              [count]
#  12 FLUXERR_APER           RMS error vector for aperture flux(es)                     [count]
#  13 BACKGROUND             Background at centroid position                            [count]
#  14 ELLIPTICITY            1 - B_IMAGE/A_IMAGE                                       
#  15 FLAGS                  Extraction flags                                          
         1    382.924    124.998 327.7477009 +28.9550497     4.28 0.0004621854  -7.1806  -7.3238   0.4094       850.21     320.5352     629.4666    0.015   0
         2    221.450    204.690 327.7674856 +28.9460658     7.97 0.0008614078  -9.6421  -9.8192   0.0419      8465.77     326.4829     635.7136    0.349   0
         3    160.146    301.717 327.7748416 +28.9354568     7.94 0.0008573735  -9.2395  -9.3871   0.0619     5686.654     324.3568     636.6499    0.307   0
         4    566.676    390.994 327.7243749 +28.9268217     1.45 0.0001570925  -6.8293  99.0000  99.0000    -2185.755     319.8532     628.0903    0.086   0
         5    207.000    568.460 327.7684327 +28.9068186     5.58 0.0006026766  -8.6181  -9.3281   0.0653     5385.834     324.0087     635.8129    0.273   0
         6    728.369    817.866 327.7034278 +28.8811953     6.06 0.0006549324  -8.9409  -9.1390   0.0776      4524.79     323.4332     623.9622    0.160   0
         7     62.392    760.787 327.7858602 +28.8857320     3.45 0.0003723362  -8.7502 -10.6546   0.0198      18274.5     333.7706     598.8709    0.409   0
         8    560.922    740.429 327.7242958 +28.8891409     6.89 0.0007447575  -9.0149  -9.1481   0.0770     4563.018     323.4448     629.9401    0.184   0
         9    273.096    717.735 327.7599196 +28.8908894     5.85 0.0006324196  -9.0969  -9.1481   0.0770     4562.981     323.4806     634.3929    0.114   0
        10    296.978    685.778 327.7570414 +28.8943924     5.90 0.0006370986 -10.5943 -10.6344   0.0202     17936.72     333.5175     633.9366    0.162   0
        11    521.019    564.675 327.7296258 +28.9079899     7.19 0.0007763063  -9.3838  -9.6787   0.0475     7438.394     325.6775     634.5516    0.144   0
        12    524.826    539.886 327.7292113 +28.9106712     7.72 0.0008336027  -8.6214  -9.0024   0.0879     3989.928     323.0016     634.1547    0.358   0
        13    900.162    505.669 327.6828903 +28.9152571     6.79 0.0007331679 -10.4856 -10.5810   0.0212      17077.1     332.9508     609.2137    0.142   0
        14     21.834    466.783 327.7915578 +28.9173234     7.45 0.0008045464  -9.6416  -9.6848   0.0473     7480.439     325.6298     598.0938    0.379   0
        15    747.114    828.256 327.7010882 +28.8801201     6.10 0.0006591135 -10.7142 -10.7514   0.0182     19979.07     335.1659     622.3938    0.147   0
        16     78.842    775.251 327.7837936 +28.8842135     7.50 0.0008098396 -10.2282 -10.6929   0.0192     18930.25        334.4     601.2638    0.596   0
        17    223.415    639.784 327.7662393 +28.8991707     6.08 0.0006564033 -11.1698 -11.2025   0.0123     30269.28     342.6371     634.1844    0.169   0
