#   1 NUMBER                 Running object number                                     
#   2 X_IMAGE                Object position along x                                    [pixel]
#   3 Y_IMAGE                Object position along y                                    [pixel]
#   4 ALPHA_J2000            Right ascension of barycenter (J2000)                      [deg]
#   5 DELTA_J2000            Declination of barycenter (J2000)                          [deg]
#   6 FWHM_IMAGE             FWHM assuming a gaussian core                              [pixel]
#   7 FWHM_WORLD             FWHM assuming a gaussian core                              [deg]
#   8 MAG_BEST               Best of MAG_AUTO and MAG_ISOCOR                            [mag]
#   9 MAG_APER               Fixed aperture magnitude vector                            [mag]
#  10 MAGERR_APER            RMS error vector for fixed aperture mag.                   [mag]
#  11 FLUX_APER              Flux vector within fixed circular aperture(s)              [count]
#  12 FLUXERR_APER           RMS error vector for aperture flux(es)                     [count]
#  13 BACKGROUND             Background at centroid position                            [count]
#  14 ELLIPTICITY            1 - B_IMAGE/A_IMAGE                                       
#  15 FLAGS                  Extraction flags                                          
         1     10.242     81.329 237.9944861 +32.9333971    62.63   0.00672991 -13.3425 -12.4914   0.0072     99210.83     660.3514     418.6191    0.605  24
         2    142.459     87.738 237.9774885 +32.9330444    37.76  0.004057657 -12.8200 -11.6489   0.0161     45663.57     678.8395     1158.893    0.700   0
         3    192.985     30.067 237.9710947 +32.9393440    30.81  0.003309998 -12.1133 -11.5985   0.0169     43593.26     678.1498     718.9093    0.203   1
         4    136.787     10.933 237.9783477 +32.9412510    85.54  0.009190736 -14.5541 -13.3169   0.0036     212214.8     708.4566      304.845    0.741  24
         5    916.429     87.113 237.8780510 +32.9350165     4.88 0.0005239237 -11.9572 -11.7721   0.0145     51149.64     680.8933     1179.688    0.127   0
         6    422.351     89.925 237.9415253 +32.9335083     4.79 0.0005147931 -11.4806 -11.5451   0.0177     41500.57      677.323      1313.13    0.094   0
         7     64.579    108.580 237.9874585 +32.9306176    16.24  0.001745372 -10.0895  99.0000  99.0000    -14754.51     661.6218     847.1725    0.619   0
         8    553.311    138.075 237.9246211 +32.9286777     4.49 0.0004826401 -10.9843 -10.7486   0.0365     19927.71     669.4056      1363.42    0.056   0
         9    988.056    193.577 237.8686816 +32.9237933     4.58  0.000492156 -14.7579 -14.7953   0.0012     828148.9     923.1412     1239.417    0.081   0
        10    980.365    177.536 237.8696948 +32.9254918     6.61 0.0007099076  -9.1378 -10.8013   0.0348     20917.22     669.7751     1243.333    0.218   1
        11    953.286    203.145 237.8731332 +32.9226856     4.80 0.0005152614  -9.0554  -9.9705   0.0743       9732.1     665.5498      1256.55    0.289   0
        12     73.884    247.976 237.9860248 +32.9157207    11.94  0.001282426 -11.9620 -11.6196   0.0166     44448.55      678.465     1247.947    0.683   2
        13    182.155    254.442 237.9721065 +32.9153008     4.45 0.0004780577 -11.9159 -11.9980   0.0118     62977.73     685.3129     1398.971    0.065   0
        14    252.284    268.489 237.9630747 +32.9139728     5.39 0.0005790887  -9.5172  -9.6273   0.1017     7094.655     664.4838     1398.213    0.093   0
        15     74.271    277.699 237.9859243 +32.9125402     4.61 0.0004958596 -10.0470 -11.4536   0.0193     38145.83     676.1752     1247.933    0.497   0
        16     77.986    291.015 237.9854245 +32.9111244     3.73 0.0004002916  -9.5820 -11.3627   0.0209     35081.16     674.7474     1274.002    0.621   0
        17    568.378    409.274 237.9222430 +32.8996867    18.74  0.002013791 -16.9817 -16.9897   0.0003      6250213     1887.656     1371.359    0.303   4
        18     72.389    307.204 237.9861157 +32.9093775     2.34 0.0002519157  -9.2536 -11.3310   0.0215     34071.07     674.3547     1233.703    0.392   0
        19    886.109    307.800 237.8815973 +32.9113218     4.89 0.0005259158  -9.4978  -9.6277   0.1017     7097.111     664.4101     1263.954    0.100   0
        20    782.561    339.518 237.8948470 +32.9076761     4.29 0.0004608198 -12.1267 -12.1941   0.0099     75444.86     689.7919     1304.146    0.043   0
        21     76.474    373.516 237.9854778 +32.9022900     5.99 0.0006432391 -10.5959 -11.4530   0.0193     38125.16     676.2043     1253.917    0.550   0
        22     77.121    333.878 237.9854624 +32.9065343     4.51 0.0004843059  -9.8990 -11.3437   0.0213      34473.6     674.8896     1265.026    0.207   0
        23    434.786    350.599 237.9394969 +32.9056377     2.76 0.0002966993  -8.3612  -9.2737   0.1406       5122.7     663.4426     1384.354    0.389   0
        24    155.338    373.093 237.9753499 +32.9025336     4.34 0.0004668022 -12.7909 -12.8382   0.0057     136542.4     711.6606      1396.83    0.066   0
        25    439.535    360.710 237.9388702 +32.9045673     4.86 0.0005220267  -9.4192  -9.7460   0.0912     7914.263     664.9225     1383.451    0.196   0
        26    786.984    371.547 237.8942278 +32.9042586     5.57 0.0005984247  -8.9395  -9.1074   0.1639     4395.198     663.5047     1293.559    0.264   0
        27    339.223    374.531 237.9517307 +32.9028391     4.92  0.000528374  -8.9257  -9.4928   0.1151     6267.801     664.3405      1388.05    0.057   0
        28    206.108    397.931 237.9687876 +32.9000024     4.30 0.0004622731 -11.7925 -11.9079   0.0128     57966.58     683.4642     1394.179    0.063   0
        29     83.998    397.440 237.9844706 +32.8997483     5.31 0.0005704776 -10.1245 -11.2506   0.0231     31639.52     673.4894     1302.954    0.640   0
        30     79.602    424.009 237.9849899 +32.8968933     3.45 0.0003710489  -9.5801 -11.3815   0.0205     35694.43     675.0113     1272.725    0.844   0
        31     75.316    450.898 237.9854944 +32.8940045     5.69 0.0006109703 -10.4389 -11.4327   0.0196     37418.08     675.9244      1237.68    0.192   0
        32    372.648    456.682 237.9473013 +32.8941291     4.44 0.0004766246  -9.8390 -10.0002   0.0723     10001.57     665.7441      1381.18    0.096   0
        33    484.934    479.195 237.9328445 +32.8919972     1.05 0.0001126706  -8.0940  99.0000  99.0000    -437.9289     661.8466     1374.063    0.142   0
        34    962.932    500.275 237.8714275 +32.8909050     4.23 0.0004541487 -12.6317 -12.6744   0.0065     117425.8     704.8252     1156.803    0.064   0
        35     77.869    491.548 237.9850971 +32.8896600     4.51 0.0004842641  -9.9055 -11.3858   0.0205     35835.66     675.1738     1254.595    0.641   0
        36    231.229    529.179 237.9653404 +32.8860171     4.75 0.0005100498  -9.2130  -9.1676   0.1551     4645.724     663.5057     1381.874    0.146   0
        37     79.467    550.560 237.9847911 +32.8833477    18.06  0.001940249 -12.3383 -11.5275   0.0180     40832.04     677.0762     1257.946    0.166   2
        38     80.365    876.849 237.9841193 +32.8484255     6.16 0.0006619913 -10.6987 -11.4859   0.0187     39298.46     676.5463     1149.326    0.512   0
        39    774.540    997.566 237.8948256 +32.8372216     2.04 0.0002187783  -8.5407  99.0000  99.0000    -14799.87     661.9215      993.947    0.190   3
        40     87.696    991.248 237.9829835 +32.8361992     5.95 0.0006397116 -10.8815 -11.0405   0.0280     26073.77     671.6786     1146.967    0.134   0
        41    652.332   1004.984 237.9104975 +32.8361299     4.17  0.000448449 -12.5014 -12.5389   0.0073     103647.1      699.974     1089.599    0.086   0
        42     82.004    917.013 237.9838405 +32.8441306     4.14 0.0004444037  -9.6747 -11.3914   0.0204     36021.96     675.0775     1139.535    0.431   0
        43    402.901    783.288 237.9428755 +32.8592456     4.50 0.0004838576  -8.9721  -8.6242   0.2557     2816.334     663.0591     1298.642    0.078   0
        44     81.943    895.815 237.9838844 +32.8463995     8.71 0.0009362596 -11.3995 -11.5217   0.0181     40615.29     677.0693     1150.928    0.686   2
        45    614.029    543.293 237.9161624 +32.8854537     3.63 0.0003897688  -8.9076  -8.8237   0.2128     3384.317     663.1798     1315.867    0.039   0
        46    722.257    881.020 237.9017225 +32.8495691     4.00  0.000430148 -11.8433 -11.8940   0.0130     57225.22     683.1567     1114.118    0.049   0
        47     78.757    612.425 237.9847768 +32.8767241    10.10  0.001084733 -11.5119 -11.4397   0.0195     37660.89     675.9226     1248.797    0.511   0
        48     83.168    865.181 237.9837795 +32.8496815     5.00 0.0005377295 -10.2969 -11.4703   0.0190     38737.77     676.2658     1173.752    0.279   2
        49     86.105    814.019 237.9834896 +32.8551649     7.95 0.0008542596 -11.2659 -11.4986   0.0185     39760.41     676.7353     1217.308    0.661   2
        50     80.255    845.261 237.9841873 +32.8518062     5.47 0.0005879849 -10.4867 -11.5024   0.0184     39897.09     676.7309     1165.304    0.264   2
        51    313.609    579.070 237.9546787 +32.8808824     4.53 0.0004870014  -9.5993  -9.8189   0.0853     8464.019      665.036     1372.979    0.072   0
        52    778.272    834.058 237.8946076 +32.8547319     3.98 0.0004278902 -10.7354 -10.7860   0.0353      20625.9     669.5923     1105.434    0.091   0
        53     75.244    642.241 237.9851770 +32.8735239     5.90 0.0006339425 -10.6215 -11.5218   0.0181     40616.54     677.0881     1213.789    0.161   0
        54    154.237    811.421 237.9747484 +32.8556144     3.96 0.0004250498 -11.8261 -11.8816   0.0131     56575.36     682.7918     1314.488    0.055   0
        55    750.490    649.752 237.8984690 +32.8743918     4.23 0.0004548822  -9.7119  -9.9093   0.0786     9198.564     665.4052      1207.45    0.126   0
        56    533.402    667.606 237.9263123 +32.8719498     4.49 0.0004823355  -9.2236  -9.1106   0.1634     4408.051     663.3975     1308.837    0.098   0
        57     77.722    771.616 237.9846380 +32.8596824    11.98  0.001287154 -12.1301 -11.5622   0.0175     42157.02     677.6201     1187.005    0.647   0
        58     81.674    702.558 237.9842485 +32.8670841    13.65  0.001466938 -12.2956 -11.5477   0.0177     41598.53     677.3958     1240.639    0.506   2
        59     82.649    744.310 237.9840521 +32.8626176     3.64 0.0003909035  -9.7525 -11.4845   0.0187     39247.59     676.6008     1231.689    0.381   2
        60     82.098    726.326 237.9841536 +32.8645412    13.53  0.001454087 -12.2452 -11.5413   0.0178      41353.9     677.3054     1232.453    0.358   0
        61    688.068    693.036 237.9064139 +32.8696068     3.95   0.00042477 -11.5575 -11.6027   0.0168     43758.62     678.1559     1224.029    0.032   0
        62    896.986    624.505 237.8796999 +32.8774490     3.10 0.0003329253  -8.6115  -8.8260   0.2124     3391.574     663.1825     1134.151    0.142   0
        63    708.354    672.124 237.9038430 +32.8718946     4.59 0.0004934167  -8.8557  -8.6832   0.2421     2973.715     663.0063     1221.475    0.083   0
        64     81.074    666.027 237.9843879 +32.8709927    10.88  0.001169573 -11.9048 -11.5957   0.0169     43479.11     678.0894     1246.767    0.446   2
        65    439.221    617.449 237.9384867 +32.8770862     4.05 0.0004349387 -12.5831 -12.6476   0.0067     114563.8     703.7917     1354.301    0.042   0
        66    753.469    945.474 237.8976132 +32.8427461     4.11 0.0004414673 -12.6566 -12.6954   0.0064     119722.3      705.692     1059.765    0.084   0
        67    100.661    553.901 237.9820642 +32.8830434     4.71 0.0005061777  -8.7728  -8.1521   0.3947     1823.143     662.5536     1379.162    0.229   0
        68     87.915    947.729 237.9830295 +32.8408578     5.39  0.000578778 -10.2992 -11.3406   0.0213     34374.01     674.7976     1161.177    0.502   0
        69    578.625    566.180 237.9206714 +32.8829172     7.35 0.0007901962  -9.5690  -9.7649   0.0896     8053.233     664.7138     1322.729    0.242   0
        70    771.059    999.668 237.8952689 +32.8369881     2.67 0.0002870359  -8.7058  99.0000  99.0000    -14047.55     661.8279     995.5432    0.411   3
        71    587.948    950.622 237.9188487 +32.8417910     4.06 0.0004358641  -9.9548 -10.0432   0.0695     10406.25     665.7471     1147.486    0.092   0
