#   1 NUMBER                 Running object number                                     
#   2 X_IMAGE                Object position along x                                    [pixel]
#   3 Y_IMAGE                Object position along y                                    [pixel]
#   4 ALPHA_J2000            Right ascension of barycenter (J2000)                      [deg]
#   5 DELTA_J2000            Declination of barycenter (J2000)                          [deg]
#   6 FWHM_IMAGE             FWHM assuming a gaussian core                              [pixel]
#   7 FWHM_WORLD             FWHM assuming a gaussian core                              [deg]
#   8 MAG_BEST               Best of MAG_AUTO and MAG_ISOCOR                            [mag]
#   9 MAG_APER               Fixed aperture magnitude vector                            [mag]
#  10 MAGERR_APER            RMS error vector for fixed aperture mag.                   [mag]
#  11 FLUX_APER              Flux vector within fixed circular aperture(s)              [count]
#  12 FLUXERR_APER           RMS error vector for aperture flux(es)                     [count]
#  13 BACKGROUND             Background at centroid position                            [count]
#  14 ELLIPTICITY            1 - B_IMAGE/A_IMAGE                                       
#  15 FLAGS                  Extraction flags                                          
         1    839.964     79.672 200.9165503 +36.1186186   135.60   0.01457875 -14.6409 -12.5242   0.0056     102252.4     530.8206      773.153    0.608  16
         2    825.141      9.488 200.9186631 +36.1261161    86.00  0.009245791 -13.5555 -12.4041   0.0059     91543.46     493.4614     429.5744    0.807  24
         3    678.478    203.295 200.9378022 +36.1048791     5.33  0.000572567 -15.4841 -15.5117   0.0007      1602034     1015.694     977.2751    0.079   4
         4    765.687    200.969 200.9261979 +36.1053775     5.02 0.0005398223 -15.0093 -15.0406   0.0009      1038149     865.8478     978.3456    0.060   0
         5    118.487    212.049 201.0123266 +36.1023161     4.73 0.0005080444 -13.2275 -13.2750   0.0031     204182.8     576.8664     914.5085    0.055   0
         6    541.764    210.407 200.9559867 +36.1037232     5.53 0.0005944306  -8.5030  -9.0438   0.1264     4144.846     482.2719     971.0504    0.222   0
         7    330.610    273.976 200.9839624 +36.0962838     6.20 0.0006664421  -8.6852  -8.9812   0.1338     3912.882     482.0569     954.6683    0.240   0
         8    619.760    334.470 200.9453537 +36.0906198     4.77 0.0005127132 -10.8561 -10.9264   0.0228     23473.19     492.3219     970.5739    0.082   0
         9    258.924    380.496 200.9932818 +36.0846322     7.70 0.0008282005  -9.3159  -9.2772   0.1021     5139.042     482.9221     942.1132    0.197   0
        10    195.749    443.113 201.0015579 +36.0777212     7.21 0.0007751308  -9.0898  -9.0044   0.1310     3997.262     482.3442     923.7328    0.185   0
        11     23.539    492.294 201.0243689 +36.0719318     5.78 0.0006214566  -9.1404  -9.2233   0.1072     4890.051     482.8338     872.3955    0.218   0
        12    137.580    533.142 201.0091088 +36.0678794     4.76 0.0005113552 -12.9669 -13.0121   0.0038     160265.8     557.4856     900.0676    0.124   0
        13    892.070    902.142 200.9079938 +36.0304124     4.78  0.000513744 -11.2202 -11.1509   0.0186     28863.42      495.012     823.2581    0.133   0
        14    107.656    885.286 201.0123473 +36.0299633     6.32 0.0006792032  -8.9659  -9.1988   0.1097     4781.162     482.7504     787.1263    0.175   0
        15    885.888    834.219 200.9089496 +36.0376916     4.89 0.0005258766  -9.6791 -10.9871   0.0216     24821.96     493.0063     853.4597    0.670   0
        16    530.000    728.326 200.9564990 +36.0480525     4.08 0.0004390402  -9.6859  -9.8353   0.0612     8592.463     484.5989     924.3164    0.057   0
        17    219.687    723.280 200.9977869 +36.0476948     4.67 0.0005024592 -10.2680 -10.3430   0.0386     13715.74     487.3419     879.7354    0.180   0
        18    536.703    707.187 200.9556503 +36.0503427     5.98 0.0006430246 -10.2317 -10.2653   0.0414     12767.77     486.8688     930.2914    0.044   0
        19    883.908    858.529 200.9091651 +36.0350745     4.88 0.0005243926  -9.8514 -11.1094   0.0193     27781.97     494.5183     851.1994    0.759   0
        20     45.036    776.613 201.0209053 +36.0414530     6.21 0.0006672528  -8.4836  -8.3986   0.2285     2287.833     481.3761     819.6774    0.264   0
        21    880.998    757.338 200.9097513 +36.0459367     4.31 0.0004633561  -9.4895 -10.9632   0.0220     24281.52     492.6263      883.767    0.390   0
        22    764.655    599.461 200.9255413 +36.0625668     4.26 0.0004581563 -10.3142 -10.3673   0.0377     14025.44     487.4606     961.6511    0.079   0
        23    484.911    674.377 200.9626068 +36.0537181     4.35 0.0004673243 -10.1937 -10.2376   0.0425     12445.93     486.6901     933.5598    0.095   0
        24    702.995    565.949 200.9338121 +36.0659913     6.16  0.000662102  -8.5640  -8.8370   0.1528     3426.227     481.9534     962.0896    0.255   0
        25    883.720    942.234 200.9090254 +36.0260820     7.81  0.000839737 -10.7736 -11.1385   0.0188     28537.24     494.8604     828.3837    0.471   2
        26    883.333    958.369 200.9090451 +36.0243475     6.58 0.0007079246 -10.2799 -11.1311   0.0190     28342.04     494.8013     827.5213    0.709   0
