#   1 NUMBER                 Running object number                                     
#   2 X_IMAGE                Object position along x                                    [pixel]
#   3 Y_IMAGE                Object position along y                                    [pixel]
#   4 ALPHA_J2000            Right ascension of barycenter (J2000)                      [deg]
#   5 DELTA_J2000            Declination of barycenter (J2000)                          [deg]
#   6 FWHM_IMAGE             FWHM assuming a gaussian core                              [pixel]
#   7 FWHM_WORLD             FWHM assuming a gaussian core                              [deg]
#   8 MAG_BEST               Best of MAG_AUTO and MAG_ISOCOR                            [mag]
#   9 MAG_APER               Fixed aperture magnitude vector                            [mag]
#  10 MAGERR_APER            RMS error vector for fixed aperture mag.                   [mag]
#  11 FLUX_APER              Flux vector within fixed circular aperture(s)              [count]
#  12 FLUXERR_APER           RMS error vector for aperture flux(es)                     [count]
#  13 BACKGROUND             Background at centroid position                            [count]
#  14 ELLIPTICITY            1 - B_IMAGE/A_IMAGE                                       
#  15 FLAGS                  Extraction flags                                          
         1    840.537     79.590 200.9192421 +36.1182068   133.55   0.01441387 -14.4918 -12.3591   0.0061     87830.13     495.2337     731.7433    0.609  16
         2    822.400      9.389 200.9218102 +36.1257051    80.04  0.008639138 -13.4887 -12.2458   0.0063      79126.8     459.6086     440.0442    0.787  24
         3    694.277    199.456 200.9386068 +36.1048925     4.92 0.0005311935 -15.4984 -15.5275   0.0007      1625576     1007.051     909.0049    0.087   4
         4    781.436    197.120 200.9269323 +36.1053957     4.76 0.0005140858 -15.0274 -15.0595   0.0009      1056310      854.099     909.1002    0.067   0
         5    135.003    208.103 201.0135287 +36.1023191     4.34 0.0004681442 -13.2532 -13.3031   0.0029       209523     553.1729     859.0388    0.029   0
         6    557.410    205.954 200.9569336 +36.1037958     6.52 0.0007039596  -8.5518  -9.0675   0.1156     4236.509     450.9892     903.0424    0.224   0
         7    750.656    218.342 200.9310150 +36.1030243     4.04 0.0004357979  -8.3346  -9.2110   0.1014       4835.1     451.3587     909.7277    0.411   0
         8    346.456    269.926 200.9850695 +36.0962967     4.23 0.0004567555  -8.5282  -8.2796   0.2382     2050.364     449.8137     891.5152    0.198   0
         9    635.667    330.579 200.9461997 +36.0906197     4.46 0.0004816726 -10.8865 -10.9991   0.0200     25096.92     462.4945     903.5445    0.094   0
        10    275.591    376.297 200.9943456 +36.0846468     8.16 0.0008809552  -9.2682  -9.2561   0.0973     5040.326     451.4598     881.5504    0.168   0
        11    212.067    438.769 201.0027263 +36.0777394     7.54 0.0008138768  -9.1356  -9.1489   0.1073     4566.223     451.2603     865.9072    0.341   0
        12     40.487    488.085 201.0256056 +36.0719239     5.44 0.0005866733  -9.2441  -9.3973   0.0855     5740.247      451.822     822.5789    0.172   0
        13    154.157    528.942 201.0102960 +36.0678690     4.24 0.0004573035 -12.9869 -13.0295   0.0035     162855.7      531.739     847.9027    0.084   0
        14    908.349    898.216 200.9085679 +36.0303543     3.80 0.0004104987  -8.9557  99.0000  99.0000    -2186.397     448.6981     749.7369    0.102   0
        15    125.859   1019.956 201.0130651 +36.0149748     1.70 0.0001839262  -8.1361  99.0000  99.0000    -11499.93     419.8967     634.3115    0.101  16
        16    881.016    886.021 200.9122507 +36.0315876     4.15 0.0004480991  -9.1228 -10.9081   0.0217     23079.81     461.2177     799.0856    0.430   0
        17    124.267    881.325 201.0135663 +36.0298802     6.31 0.0006807993  -9.0557  -9.3104   0.0926      5298.81     451.6534     755.1942    0.339   0
        18    883.624    869.807 200.9119330 +36.0333390     3.45 0.0003722366  -8.9678 -10.9323   0.0212     23599.59     461.4623     797.7684    0.428   0
        19    546.195    724.188 200.9573979 +36.0480250     3.78 0.0004084689  -9.7508  -9.9934   0.0496     9939.759     454.0393     864.7973    0.137   0
        20    236.240    718.919 200.9989112 +36.0476802     4.23 0.0004570774 -10.2705 -10.2499   0.0393     12588.15     455.6453     829.9532    0.133   0
        21    474.135    660.887 200.9671743 +36.0546226     4.48 0.0004832296  -8.2196  -8.4712   0.1998      2446.04     450.0968     872.8438    0.231   0
        22    319.009    994.275 200.9872659 +36.0183096     0.86 9.270653e-05  -7.3321  -7.8898   0.3409     1431.934     449.4318     753.3988    0.062   0
        23     61.781    772.346 201.0221589 +36.0414147     6.51 0.0007023198  -8.7189  -8.9294   0.1312     3730.425     450.7844     779.8292    0.311   0
        24    881.811    805.225 200.9123011 +36.0402799     3.69 0.0003979103  -9.1369 -10.8840   0.0222     22573.89     460.9063     816.2641    0.719   0
        25    882.318    741.642 200.9123566 +36.0471200     4.54 0.0004904031  -9.4617 -10.8890   0.0221     22678.55     461.1978      827.685    0.780   0
        26    552.752    703.181 200.9565619 +36.0503035     5.60 0.0006043569 -10.1678 -10.2565   0.0391      12664.4     455.7121     870.3278    0.016   0
        27    780.624    595.335 200.9262601 +36.0625636     4.12 0.0004441363 -10.3399 -10.4550   0.0326     15205.27     457.1164     893.6596    0.114   0
        28    501.005    670.170 200.9635574 +36.0537028     4.05 0.0004373127 -10.2102 -10.2770   0.0383     12905.87     455.6821     873.7692    0.100   0
        29    718.952    561.683 200.9345859 +36.0660049     5.54 0.0005982115  -8.6233  -9.1152   0.1107     4426.633     451.2334     894.6106    0.245   0
        30    878.781    685.232 200.9129397 +36.0531770     8.12 0.0008764776 -10.7153 -10.8067   0.0238     21022.15        460.2     844.7104    0.093   0
        31    882.317    954.334 200.9119440 +36.0242440     4.89 0.0005274146  -9.6594 -10.9721   0.0205     24480.49     462.2105     783.1436    0.518   0
