#   1 NUMBER                 Running object number                                     
#   2 X_IMAGE                Object position along x                                    [pixel]
#   3 Y_IMAGE                Object position along y                                    [pixel]
#   4 ALPHA_J2000            Right ascension of barycenter (J2000)                      [deg]
#   5 DELTA_J2000            Declination of barycenter (J2000)                          [deg]
#   6 FWHM_IMAGE             FWHM assuming a gaussian core                              [pixel]
#   7 FWHM_WORLD             FWHM assuming a gaussian core                              [deg]
#   8 MAG_BEST               Best of MAG_AUTO and MAG_ISOCOR                            [mag]
#   9 MAG_APER               Fixed aperture magnitude vector                            [mag]
#  10 MAGERR_APER            RMS error vector for fixed aperture mag.                   [mag]
#  11 FLUX_APER              Flux vector within fixed circular aperture(s)              [count]
#  12 FLUXERR_APER           RMS error vector for aperture flux(es)                     [count]
#  13 BACKGROUND             Background at centroid position                            [count]
#  14 ELLIPTICITY            1 - B_IMAGE/A_IMAGE                                       
#  15 FLAGS                  Extraction flags                                          
         1    852.362     88.935 238.0171849 +32.9326405   114.41   0.01228136 -15.9676 -13.8207   0.0031     337513.6     963.1627     1308.288    0.498  19
         2    815.554     45.781 238.0220011 +32.9371736    74.22  0.007967446 -14.5788 -13.2441   0.0051     198437.4     926.3145     831.6191    0.809  19
         3    828.245     10.549 238.0204560 +32.9409774    96.51   0.01036032 -14.6342 -13.6882   0.0033     298731.8     908.9971     228.2744    0.809  24
         4    238.383     80.345 238.0958800 +32.9320587    37.63  0.004039453 -13.8194 -12.0313   0.0149     64942.07     889.5565      1608.56    0.567   2
         5    493.122     49.675 238.0633105 +32.9359724     4.80 0.0005150503  -8.5030  99.0000  99.0000    -31100.09      871.262     1437.571    0.259   0
         6     86.600     81.996 238.1153251 +32.9315031     8.82 0.0009467039 -11.3936 -11.8940   0.0168     57225.29      887.119     1535.114    0.750   2
         7    111.273     80.134 238.1121680 +32.9317642     4.93 0.0005292299 -10.7801 -11.8986   0.0168     57467.81     887.5018     1531.208    0.667   0
         8    376.330     76.436 238.0782131 +32.9328191     4.74 0.0005090506 -10.5124 -11.7720   0.0188     51144.91     885.6462     1635.828    0.718   0
         9    384.643     79.144 238.0771414 +32.9325496     7.87 0.0008446895 -11.5305 -11.8104   0.0182     52983.62     886.2136     1668.754    0.390   2
        10    353.684     80.011 238.0811063 +32.9323802     4.91 0.0005269558 -10.5435 -11.7953   0.0184     52256.35     885.9599     1665.292    0.390   0
        11    404.127     81.131 238.0746400 +32.9323848     7.25 0.0007780682 -11.3126 -11.7589   0.0190     50531.97     885.6429     1696.365    0.528   2
        12     70.099     82.815 238.1174375 +32.9313740     5.64 0.0006051592 -10.8620 -11.7996   0.0183     52462.06     886.0664     1540.511    0.202   2
        13    315.599     82.778 238.0859800 +32.9319897     3.46 0.0003714412  -9.8538 -11.7240   0.0196     48933.52     884.7549     1677.029    0.423   0
        14    368.800     84.288 238.0791592 +32.9319595     6.79 0.0007292401 -11.1461 -11.7278   0.0196      49105.8     885.0219     1710.422    0.278   0
        15     94.689     87.301 238.1142757 +32.9309552    10.74  0.001152446 -12.1401 -11.8300   0.0178     53949.21     886.6796     1578.082    0.569   2
        16     66.041    119.292 238.1178691 +32.9274573     5.99 0.0006435316 -13.7196 -13.7516   0.0033     316706.2      957.657     1664.236    0.091   0
        17    730.639    128.406 238.0326911 +32.9281195     5.34 0.0005731835  -9.6612  99.0000  99.0000    -16521.73     870.8922       1913.3    0.051   0
        18    752.533    133.031 238.0298750 +32.9276772     4.55 0.0004881973  -8.9534  99.0000  99.0000    -34169.66      871.188     1913.302    0.147   0
        19    701.519    196.325 238.0362645 +32.9207750     6.36 0.0006822036 -11.8696 -11.9117   0.0166     58168.62     887.7718     1913.403    0.072   0
        20    323.765    191.896 238.0846735 +32.9203238     6.76 0.0007260457  -9.8334 -10.1597   0.0820     11584.94      874.408     1845.852    0.180   0
        21    113.210    260.559 238.1114842 +32.9124464     5.94 0.0006374081 -13.7099 -13.7521   0.0033     316831.6     957.6225     1704.956    0.098   0
        22    762.608    281.106 238.0282414 +32.9118431     5.84 0.0006272201 -12.1548 -12.2261   0.0125     77706.47     893.1125      1913.16    0.071   0
        23    581.739    331.953 238.0512934 +32.9059583     5.90 0.0006338353 -11.2605 -11.3335   0.0280     34151.34     880.7387     1888.198    0.090   0
        24    288.431    345.810 238.0888331 +32.9037527     5.77 0.0006189646 -11.0765 -11.1305   0.0337     28328.11     878.9133     1826.777    0.080   0
        25    451.497    386.633 238.0678483 +32.8997832     5.86 0.0006286484 -10.8044 -10.9241   0.0407     23423.46     877.8106      1861.86    0.053   0
        26    511.945    437.515 238.0599858 +32.8944822     5.67 0.0006084095 -12.0102 -11.9932   0.0154     62699.03     889.0225     1863.491    0.065   0
        27    159.562    454.979 238.1050781 +32.8917407     6.25   0.00067088  -9.7616  -9.7446   0.1200     7904.077     873.3058     1716.402    0.133   0
        28    270.827    496.791 238.0907274 +32.8875396     5.67 0.0006088064 -12.3781 -12.4341   0.0104      94109.2     897.4052     1786.516    0.078   0
        29     14.718    498.098 238.1235248 +32.8867600     5.93  0.000636344 -10.3254 -10.1416   0.0831      11392.9     871.3768     1572.926    0.111   0
        30    441.137    504.253 238.0688975 +32.8871611     6.23 0.0006685879  -9.3424  -8.9197   0.2562     3697.178     872.1006     1845.356    0.319   0
        31    878.724    527.745 238.0127995 +32.8857084     8.22 0.0008824627 -11.0849 -11.5532   0.0229     41809.53     883.1044     1757.791    0.540   2
        32    882.902    560.070 238.0121903 +32.8822565    11.27  0.001209458 -12.1483 -11.7500   0.0192     50116.75     885.4772     1718.966    0.403   2
        33    883.275    824.395 238.0115364 +32.8539488   151.06   0.01621594 -15.5310 -12.2969   0.0117      82941.8     894.5288     1561.854    0.949  16
        34    381.611    704.331 238.0760469 +32.8655869     5.79 0.0006210688 -12.7083 -12.7578   0.0078     126795.7     906.7969     1718.118    0.085   0
        35    886.004   1026.599 238.0107238 +32.8322999     4.18 0.0004487508  -8.2444 -11.0111   0.0298     25375.94     696.1329     1405.369    0.214  17
        36    801.302   1021.679 238.0215767 +32.8326232     5.46 0.0005856518  -9.5705  -7.8710   0.6078     1407.382     787.6656     1551.074    0.163  16
        37    860.500    794.707 238.0145204 +32.8570737     6.37 0.0006836888 -12.0246 -12.2893   0.0118     82358.93     894.6539     1711.074    0.080   1
        38      3.720   1007.953 238.1236950 +32.8321295    17.63  0.001892425 -12.1950 -11.4496   0.0202     38006.61     708.0614     455.5419    0.837  16
        39    302.754    760.215 238.0860107 +32.8594072     5.84 0.0006265232 -10.6871 -10.7247   0.0488      19493.2     876.5926      1631.82    0.032   0
        40    131.401    635.662 238.1082494 +32.8723200     6.84 0.0007343243 -10.0393 -10.2384   0.0762     12455.74     874.5096      1611.73    0.173   0
        41    908.726    627.239 238.0087292 +32.8751248     5.19 0.0005575718 -10.5593  99.0000  99.0000    -17950.49     871.1387     1493.189    0.121   0
        42    811.138    870.093 238.0206668 +32.8488813     5.62 0.0006031219 -12.6915 -12.7124   0.0081     121603.4     905.4828     1682.881    0.088   0
        43      5.151    935.093 238.1236887 +32.8399360     3.05 0.0003278311  -9.2068 -10.6940   0.0420     18949.95     732.4189     683.8683    0.175  16
