#   1 NUMBER                 Running object number                                     
#   2 X_IMAGE                Object position along x                                    [pixel]
#   3 Y_IMAGE                Object position along y                                    [pixel]
#   4 ALPHA_J2000            Right ascension of barycenter (J2000)                      [deg]
#   5 DELTA_J2000            Declination of barycenter (J2000)                          [deg]
#   6 FWHM_IMAGE             FWHM assuming a gaussian core                              [pixel]
#   7 FWHM_WORLD             FWHM assuming a gaussian core                              [deg]
#   8 MAG_BEST               Best of MAG_AUTO and MAG_ISOCOR                            [mag]
#   9 MAG_APER               Fixed aperture magnitude vector                            [mag]
#  10 MAGERR_APER            RMS error vector for fixed aperture mag.                   [mag]
#  11 FLUX_APER              Flux vector within fixed circular aperture(s)              [count]
#  12 FLUXERR_APER           RMS error vector for aperture flux(es)                     [count]
#  13 BACKGROUND             Background at centroid position                            [count]
#  14 ELLIPTICITY            1 - B_IMAGE/A_IMAGE                                       
#  15 FLAGS                  Extraction flags                                          
         1     10.094     81.087 237.9943678 +32.9333678    61.92  0.006639263 -13.3110 -12.4595   0.0073     96334.25      650.246     425.6141    0.609  24
         2    140.589     88.831 237.9776080 +32.9328960    37.71  0.004043499 -12.8904 -11.6337   0.0162     45028.68     670.2504     1155.804    0.702   2
         3    191.993     29.938 237.9711012 +32.9393179    30.56  0.003276756 -12.1895 -11.6351   0.0161     45084.54     670.4335     714.1308    0.230   1
         4    136.453     10.921 237.9782592 +32.9411965    85.59  0.009176834 -14.5370 -13.2983   0.0036     208610.4     700.0516     313.9513    0.743  24
         5     64.666    110.150 237.9873187 +32.9304157    20.33  0.002180106  -9.7253  99.0000  99.0000    -4246.073     653.3315     852.2894    0.562   0
         6    915.186     88.038 237.8781949 +32.9350382     6.88 0.0007378247 -11.9125 -11.8104   0.0138     52983.67     673.3187     1182.579    0.137   0
         7    420.994     90.896 237.9416173 +32.9334296     6.72 0.0007200689 -11.5458 -11.5712   0.0171     42507.22     669.3995     1307.582    0.039   0
         8    552.021    138.857 237.9247299 +32.9286617     6.73 0.0007214386 -10.9258 -10.7916   0.0346     20732.24     661.3817     1350.359    0.072   0
         9    986.716    194.226 237.8688641 +32.9238956     6.77 0.0007260058 -14.8048 -14.8145   0.0012     842936.7     921.1295     1232.811    0.087   0
        10     74.469    263.821 237.9858217 +32.9140482    21.49   0.00230429 -12.8134 -11.5755   0.0170      42679.5     669.6624     1236.564    0.758  18
        11    180.937    255.221 237.9721737 +32.9152540     6.34 0.0006802725 -11.9452 -11.9932   0.0117     62701.79     677.0245     1384.229    0.056   0
        12     75.330    235.596 237.9857552 +32.9170616     9.92  0.001064072 -11.3286 -11.5035   0.0182     39939.51     668.5122     1243.316    0.685   2
        13     71.526    246.377 237.9862265 +32.9159012    14.16  0.001518645 -12.1589 -11.5748   0.0171     42649.64     669.5971     1224.284    0.413   2
        14    250.515    270.002 237.9632232 +32.9138648     4.58  0.000490721  -9.3347  -9.7545   0.0894     7976.488     656.4135      1383.96    0.388   0
        15     78.312    280.180 237.9853032 +32.9123134     7.39   0.00079285 -11.0145 -11.4581   0.0189     38304.46     667.9728     1261.741    0.328   0
        16    567.188    409.568 237.9223833 +32.8998213     8.82 0.0009460137 -17.0972 -17.0868   0.0003      6834400     1960.586     1358.929    0.034   4
        17    884.725    308.531 237.8817892 +32.9114355     6.69 0.0007172709  -9.4023  -9.5874   0.1042     6838.329     656.1272     1256.051    0.191   0
        18    781.368    340.280 237.8950052 +32.9077781     6.43 0.0006890993 -12.2008 -12.2344   0.0095     78302.05     682.7608     1295.823    0.064   0
        19     73.006    326.507 237.9859119 +32.9073566     3.75 0.0004025225  -9.5908 -11.3699   0.0205     35316.65     666.8174     1227.984    0.383   0
        20    154.174    373.896 237.9754249 +32.9025210     6.10 0.0006538804 -12.8225 -12.8655   0.0055     140017.4     704.9965     1381.468    0.027   0
        21     79.883    355.626 237.9849844 +32.9042688     7.02 0.0007521558 -10.7805 -11.3728   0.0205     35408.61       666.87     1271.174    0.565   2
        22    204.907    398.718 237.9688778 +32.9000099     6.25 0.0006704653 -11.9106 -11.9510   0.0122     60310.44     676.1766     1379.521    0.033   0
        23     74.518    381.802 237.9856320 +32.9014617     7.79 0.0008356253 -11.1694 -11.4420   0.0192     37738.22     667.6523     1236.289    0.621   0
        24     74.703    398.622 237.9855822 +32.8996677     5.47 0.0005864881 -10.3844 -11.4644   0.0188     38526.39     668.0739     1234.376    0.507   0
        25     76.004    439.482 237.9853518 +32.8953123     3.76 0.0004035043  -9.5750 -11.4361   0.0193     37536.19     667.5947     1236.638    0.387   0
        26     77.244    481.500 237.9851275 +32.8908329     5.89 0.0006315715 -10.4681 -11.4156   0.0197     36832.15     667.3491     1238.946    0.563   2
        27    371.588    457.247 237.9474055 +32.8942138     7.56 0.0008100278  -9.9540 -10.1558   0.0619     11543.38     657.8257     1368.611    0.088   0
        28     76.987    552.569 237.9850500 +32.8832504    21.14  0.002266335 -12.4455 -11.5621   0.0172     42154.87     669.1596     1233.589    0.443   2
        29    961.740    501.016 237.8716345 +32.8911009     6.62 0.0007093161 -12.6673 -12.6986   0.0063     120075.7      697.889     1151.276    0.116   0
        30    230.294    529.874 237.9654203 +32.8860862     6.65 0.0007134133  -9.2506  -9.3414   0.1306     5451.959     655.5435     1368.823    0.297   0
        31     83.251    895.694 237.9837143 +32.8466617    19.44  0.002083958 -12.7131 -11.4915   0.0184     39499.76     668.4742     1150.086    0.722   2
        32     86.656    992.493 237.9831276 +32.8363440    10.84  0.001162269 -11.0138 -11.0019   0.0286     25162.06     663.0722     1134.825    0.162   0
        33    586.903    951.251 237.9190557 +32.8420846     5.88 0.0006309163  -9.9433  -9.9892   0.0721     9901.068     657.2564     1145.161    0.041   0
        34     84.106    868.848 237.9836463 +32.8495280     8.76  0.000938811 -11.3585 -11.4459   0.0191     37874.62       667.83     1170.896    0.469   0
        35    721.195    881.773 237.9019389 +32.8498512     6.13 0.0006570765 -11.8781 -11.9147   0.0126     58328.43     675.1572     1112.401    0.073   0
        36    776.982    834.782 237.8948535 +32.8550109     6.42 0.0006879972 -10.7875 -10.8380   0.0332     21637.47     661.3951     1103.563    0.067   0
        37     81.502    806.625 237.9840767 +32.8561591    12.94  0.001387806 -11.9188 -11.5619   0.0172     42147.71     669.4097     1186.895    0.445   0
        38     85.888    841.667 237.9834599 +32.8524326     4.87 0.0005217811 -10.1542 -11.4064   0.0198     36521.39     667.3594     1195.211    0.282   0
        39    578.002    566.604 237.9207642 +32.8830967     6.52 0.0006988189  -9.5775  -9.7060   0.0934     7627.553     656.1885     1313.897    0.376   0
        40    153.087    812.357 237.9748886 +32.8557415     5.78 0.0006201986 -11.8194 -11.8586   0.0132     55392.12     674.3915     1302.827    0.024   0
        41     78.878    775.703 237.9844612 +32.8594508    16.35  0.001752884 -12.5321 -11.5411   0.0176     41347.36     669.0746      1183.13    0.498   2
        42     80.545    629.419 237.9844743 +32.8750614    11.09  0.001189027 -11.8055 -11.5004   0.0182     39823.79     668.5412     1247.198    0.236   2
        43    438.058    618.209 237.9386373 +32.8772194     5.82 0.0006234638 -12.6086 -12.6485   0.0066       114652      695.874     1343.201    0.013   0
        44    686.941    693.693 237.9066052 +32.8698262     6.07 0.0006505001 -11.4237 -11.4564   0.0190     38242.37     668.0038     1219.946    0.024   0
        45    532.250    668.377 237.9264818 +32.8721178     5.55 0.0005948455  -9.2562  -9.2953   0.1362     5225.636     655.4387     1300.151    0.212   0
        46     80.345    670.040 237.9844370 +32.8707273    20.26  0.002172344 -12.8227 -11.6004   0.0167     43669.44     670.0138     1229.991    0.407   2
        47     80.145    724.215 237.9843785 +32.8649472     6.22 0.0006670008 -10.7685 -11.5095   0.0181     40161.45     668.6674     1212.116    0.554   0
        48    311.793    579.807 237.9548905 +32.8809784     6.25 0.0006704073  -9.5199  -9.5392   0.1089     6541.323     655.7562     1361.225    0.106   0
        49     78.423    601.690 237.9847896 +32.8780139     6.62  0.000709455 -10.8482 -11.4484   0.0191     37962.54     667.8267     1233.701    0.604   0
        50     80.448    889.159 237.9840839 +32.8473512     7.86 0.0008430188 -11.0573 -11.4399   0.0193     37668.26      667.807     1136.712    0.472   2
        51    752.297    946.196 237.8978577 +32.8430599     6.12  0.000656629 -12.6650 -12.7021   0.0063     120459.4     697.9226      1060.41    0.093   0
        52     85.235    916.684 237.9834274 +32.8444278     9.09 0.0009743475 -11.4270 -11.4076   0.0198     36562.26     667.3204     1149.724    0.391   0
        53    749.079    650.373 237.8986986 +32.8746112     8.04 0.0008620353  -9.6175  -9.7508   0.0897      7948.79      656.495     1204.169    0.153   0
        54    651.268   1005.727 237.9107237 +32.8364430     5.90 0.0006330069 -12.5053 -12.5426   0.0072     104005.4     692.1956     1089.212    0.066   0
        55     79.796    945.408 237.9840802 +32.8413486     1.69 0.0001809063  -9.4886 -11.3912   0.0201     36016.08     666.9347     1109.968    0.411   0
