#   1 NUMBER                 Running object number                                     
#   2 X_IMAGE                Object position along x                                    [pixel]
#   3 Y_IMAGE                Object position along y                                    [pixel]
#   4 ALPHA_J2000            Right ascension of barycenter (J2000)                      [deg]
#   5 DELTA_J2000            Declination of barycenter (J2000)                          [deg]
#   6 FWHM_IMAGE             FWHM assuming a gaussian core                              [pixel]
#   7 FWHM_WORLD             FWHM assuming a gaussian core                              [deg]
#   8 MAG_BEST               Best of MAG_AUTO and MAG_ISOCOR                            [mag]
#   9 MAG_APER               Fixed aperture magnitude vector                            [mag]
#  10 MAGERR_APER            RMS error vector for fixed aperture mag.                   [mag]
#  11 FLUX_APER              Flux vector within fixed circular aperture(s)              [count]
#  12 FLUXERR_APER           RMS error vector for aperture flux(es)                     [count]
#  13 BACKGROUND             Background at centroid position                            [count]
#  14 ELLIPTICITY            1 - B_IMAGE/A_IMAGE                                       
#  15 FLAGS                  Extraction flags                                          
         1    851.868     87.276 200.9147385 +36.1166493   116.72     0.012596 -14.6144 -12.3876   0.0060     90167.98     496.8855     742.2438    0.489  19
         2    819.296     47.485 200.9191773 +36.1208327    71.37  0.007702061 -13.3809 -11.8828   0.0092     56638.38     479.8024     627.3566    0.791  19
         3    821.844      9.505 200.9189097 +36.1249275    78.87  0.008510891 -13.5005 -12.2474   0.0063      79242.1     461.2065     453.7204    0.775  24
         4    672.470    192.510 200.9385547 +36.1047800     5.99 0.0006462951 -15.5062 -15.5356   0.0007      1637705     1010.313     914.8802    0.108   4
         5    759.702    190.104 200.9268800 +36.1053043     4.78 0.0005159703 -15.0271 -15.0613   0.0009      1058048     854.9756     916.3404    0.085   0
         6    112.297    201.072 201.0135362 +36.1021271     4.37 0.0004717744 -13.2517 -13.3037   0.0029     209645.6     553.7661     860.4764    0.049   0
         7    203.187    189.190 201.0013920 +36.1036898     3.91 0.0004221892  -8.0295  -8.6375   0.1717       2851.1     450.6532     878.5814    0.270   0
         8    535.734    198.772 200.9568496 +36.1036878     6.56 0.0007080726  -8.4769  -9.1103   0.1113     4406.617     451.7176     909.0262    0.308   0
         9    728.723    211.379 200.9309861 +36.1029207     4.58 0.0004942223  -8.2338  -8.8813   0.1373     3568.674     451.2662     916.8597    0.414   0
        10    324.549    263.062 200.9849936 +36.0961177     4.50 0.0004861492  -8.6740  -8.8524   0.1410     3474.994     451.0878     894.9712    0.124   0
        11    613.799    323.520 200.9461513 +36.0905024     4.43  0.000477778 -10.8885 -11.0251   0.0196     25705.82     463.2816     907.9496    0.130   0
        12    796.756    322.924 200.9216609 +36.0911236     4.95 0.0005345019  -8.6580  -8.8269   0.1443     3394.367     451.1443     913.5126    0.361   0
        13    253.063    369.980 200.9943454 +36.0843901    10.07   0.00108675  -9.3776  -9.3681   0.0879     5587.731     452.3329     884.1077    0.356   0
        14    371.973    395.180 200.9783782 +36.0820472     1.05 0.0001132222  -8.2626  -9.1956   0.1029     4766.755     451.7778     895.0806    0.101   0
        15    189.581    432.268 201.0027147 +36.0774893     6.65 0.0007173109  -9.1490  -9.1300   0.1093     4487.608     451.7877      869.413    0.201   0
        16     17.353    481.349 201.0256633 +36.0716681     4.78 0.0005156222  -9.0268  -8.6380   0.1716     2852.446     450.8313      827.274    0.095   0
        17    131.424    522.164 201.0103130 +36.0676338     4.15 0.0004473484 -12.9811 -13.0265   0.0036     162401.1      531.967     849.6437    0.058   0
        18    100.886    874.132 201.0136724 +36.0296625     6.34 0.0006846528  -8.9967  -9.1288   0.1095     4482.469     451.8101      760.512    0.224   0
        19    524.101    717.181 200.9573752 +36.0478648     3.91 0.0004216923  -9.6988  -9.8650   0.0559     8830.607     454.1845     871.1118    0.098   0
        20    370.218    748.007 200.9779011 +36.0440733     1.60  0.000173016  -8.0611  -7.9587   0.3202     1525.796      449.892     849.6328    0.133   0
        21    530.639    696.240 200.9565422 +36.0501383     5.44 0.0005868369 -10.1830 -10.2868   0.0381     13022.83     456.4612     876.8298    0.105   0
        22    758.790    588.346 200.9262264 +36.0624455     4.05 0.0004370349 -10.2932 -10.3959   0.0345     14399.37     457.1771     901.0615    0.095   0
        23    478.889    663.388 200.9635316 +36.0535146     3.96 0.0004273457 -10.2337 -10.2764   0.0384     12899.35     456.3936     878.6464    0.059   0
        24    696.999    554.996 200.9345604 +36.0658466     4.25 0.0004587491  -8.6600  -9.2389   0.0989     4961.089     451.8475     900.9257    0.174   0
        25     38.921    765.497 201.0221863 +36.0411583     4.65 0.0005019847  -8.4271  -8.1918   0.2586     1891.207     450.2852     783.8597    0.164   0
        26    856.504    678.556 200.9129766 +36.0530337     4.33 0.0004672455  -8.3144  -9.5693   0.0731     6725.175     452.9864     881.6973    0.532   0
        27    213.573    712.119 200.9989310 +36.0474490     4.32 0.0004660768 -10.2714 -10.2530   0.0392     12623.92     456.1801     833.8593    0.069   0
        28    885.960    890.869 200.9086271 +36.0302749     4.44 0.0004792268 -11.3837 -11.2326   0.0163     31118.89     466.2303     797.1075    0.158   0
