#   1 NUMBER                 Running object number                                     
#   2 X_IMAGE                Object position along x                                    [pixel]
#   3 Y_IMAGE                Object position along y                                    [pixel]
#   4 ALPHA_J2000            Right ascension of barycenter (J2000)                      [deg]
#   5 DELTA_J2000            Declination of barycenter (J2000)                          [deg]
#   6 FWHM_IMAGE             FWHM assuming a gaussian core                              [pixel]
#   7 FWHM_WORLD             FWHM assuming a gaussian core                              [deg]
#   8 MAG_BEST               Best of MAG_AUTO and MAG_ISOCOR                            [mag]
#   9 MAG_APER               Fixed aperture magnitude vector                            [mag]
#  10 MAGERR_APER            RMS error vector for fixed aperture mag.                   [mag]
#  11 FLUX_APER              Flux vector within fixed circular aperture(s)              [count]
#  12 FLUXERR_APER           RMS error vector for aperture flux(es)                     [count]
#  13 BACKGROUND             Background at centroid position                            [count]
#  14 ELLIPTICITY            1 - B_IMAGE/A_IMAGE                                       
#  15 FLAGS                  Extraction flags                                          
         1    841.357     76.107 327.8146762 +28.8491764   143.01   0.01544507 -15.1549 -12.5508   0.0057     104791.7     546.8887     762.5562    0.603  19
         2    593.091     31.956 327.8454534 +28.8533151     5.84 0.0006303064 -12.9897 -12.9057   0.0042     145299.3     565.1398     798.0444    0.174   0
         3    821.363      9.879 327.8173057 +28.8562632    81.08  0.008757214 -13.7513 -12.5266   0.0055       102479     515.7168     422.3842    0.770  24
         4    480.455     11.057 327.8594196 +28.8552840     4.97 0.0005367043 -11.8723 -11.3496   0.0154      34659.6     491.1755     710.3953    0.243  16
         5      3.210      8.413 327.9183853 +28.8543538     3.42 0.0003693961  -7.7798  -8.6003   0.1388      2755.04     352.2317     656.1552    0.415  16
         6    754.286     59.242 327.8254734 +28.8507774     6.49 0.0007013159 -12.9410 -13.0092   0.0039     159842.2     571.5491     821.3388    0.057   2
         7    646.086     23.018 327.8389281 +28.8544108     5.55 0.0005994479  -7.8912  99.0000  99.0000    -46671.91     496.7366     744.5353    0.481   0
         8    796.032     61.598 327.8203104 +28.8506274     9.50  0.001026187 -11.1366 -11.2611   0.0174     31947.46     512.3589     767.0402    0.056   3
         9    567.580     83.633 327.8484789 +28.8476827     5.60 0.0006048572 -12.8490 -12.9308   0.0041     148700.1     566.5313     954.5197    0.076   0
        10    358.849     67.000 327.8743050 +28.8489487     8.77 0.0009467635 -10.0811 -10.4628   0.0358     15314.71     504.1501     873.7814    0.337   0
        11    619.323     97.071 327.8420543 +28.8463644     5.49 0.0005924092 -13.1662 -13.2213   0.0033     194327.4     586.4274     997.9854    0.088   0
        12    322.254     80.059 327.8787934 +28.8474489     7.03 0.0007588804 -10.0800 -10.6813   0.0293     18729.27      506.006     911.4245    0.083   0
        13    412.731     85.153 327.8676041 +28.8471290     5.63 0.0006085624  -9.4415 -10.5150   0.0341     16068.88     504.6623     942.1589    0.500   0
        14    737.427    108.572 327.8274368 +28.8454200     5.59 0.0006038739 -12.4121 -12.3932   0.0065     90627.77     540.3364     998.5132    0.103   0
        15     48.402    105.790 327.9125582 +28.8439773     0.67 7.184552e-05  -7.1702  -7.0588   0.8101     666.0952     496.8892     915.1529    0.314   0
        16     35.444    117.716 327.9141289 +28.8426590     5.32 0.0005748266  -9.7344  -8.4987   0.2156     2508.865     498.0257     914.6469    0.079   0
        17     51.339    116.657 327.9121682 +28.8428139     4.58 0.0004944936  -7.7798  99.0000  99.0000     -2285.12     496.6664     916.0966    0.201   0
        18    514.142    136.815 327.8549501 +28.8418179     5.16  0.000557748 -11.1875 -11.0453   0.0211      26187.9     509.7325     993.2404    0.107   0
        19      5.891    130.704 327.9177468 +28.8411836     5.61 0.0006061475  -9.0786  99.0000  99.0000    -2266.363     422.5581     910.4608    0.140  16
        20    589.001    193.377 327.8455652 +28.8359110     5.26 0.0005676526 -14.7310 -14.7651   0.0011     805416.3     805.7321     1000.196    0.077   0
        21    174.065    141.849 327.8969455 +28.8404137     5.96 0.0006435444  -9.1672  -8.7851   0.1657     3266.188     498.2517     946.2952    0.148   0
        22    418.223    142.890 327.8667836 +28.8409215     5.61 0.0006063465  -9.4286  -9.2325   0.1099     4931.555     499.1705     987.6808    0.156   0
        23    698.641    193.450 327.8320224 +28.8361773     5.35 0.0005783201 -14.4545 -14.4908   0.0013     625640.6     748.0425      1002.84    0.082   0
        24    362.121    154.291 327.8736855 +28.8395511     5.17 0.0005580337 -10.0029 -10.1698   0.0467     11693.07     502.5316     982.2693    0.068   0
        25    123.197    189.658 327.9031096 +28.8351320     4.97 0.0005369575 -12.2291 -12.2985   0.0070     83058.98     536.7711     938.4227    0.071   0
        26    352.694    180.237 327.8747859 +28.8367315     5.71   0.00061632  -9.2651  -9.5144   0.0849     6393.716     499.8743     982.6709    0.136   0
        27    773.129    180.567 327.8228526 +28.8377510     7.65 0.0008266448  -9.5870  -9.9716   0.0559     9741.392     501.5736     1001.578    0.202   0
        28    498.207    190.130 327.8567880 +28.8360329     5.11 0.0005519317  -9.7478  -9.9480   0.0571     9532.293     501.4137     993.7736    0.084   0
        29    172.329    200.396 327.8970142 +28.8341006     5.20 0.0005618139 -10.0163 -10.2802   0.0422     12943.86     503.1257     950.7446    0.093   0
        30    389.859    218.853 327.8701002 +28.8326646     5.00 0.0005396671 -12.3747 -12.4393   0.0062     94566.52     542.1557     987.7652    0.085   0
        31    177.872    219.051 327.8962831 +28.8321046     4.85 0.0005239209 -11.9223 -11.9985   0.0091     63011.36     527.4175     952.2386    0.070   0
        32    492.871    206.584 327.8574067 +28.8342465     6.57 0.0007095397  -9.1588  -9.4507   0.0900     6029.333     499.7758     993.4331    0.164   0
        33    442.828    206.960 327.8635869 +28.8340798     5.39 0.0005825852  -8.4670  -8.8948   0.1498     3613.582      498.468     991.5575    0.458   0
        34    770.819    216.927 327.8230503 +28.8338273     7.43 0.0008021492  -8.8050  -9.1470   0.1189      4558.15     499.0254     1002.447    0.089   0
        35     97.984    243.759 327.9060886 +28.8292380     4.91 0.0005305822 -12.8356 -12.8816   0.0043     142119.8     563.6201     931.9351    0.056   0
        36    148.506    226.990 327.8998904 +28.8311742     3.73 0.0004032608  -8.2021  -8.2529   0.2702     2000.677     497.7145     945.0834    0.376   0
        37    800.680    242.245 327.8193008 +28.8311734     5.33 0.0005758977 -10.6788 -10.6703   0.0296     18541.13     505.9683     1001.543    0.098   0
        38    762.336    263.997 327.8239843 +28.8287342     5.23 0.0005649475 -12.7169 -12.7743   0.0047       128747     557.6694     1002.037    0.115   0
        39    207.129    243.888 327.8926077 +28.8295030     0.00            0  -7.2682  -4.6417   7.5042     71.89234     496.7728     959.0987    0.200   0
        40    809.668    262.014 327.8181431 +28.8290654     9.61  0.001037796 -10.2200 -10.1415   0.0479     11391.73     502.4094     1000.956    0.060   0
        41     75.479    268.764 327.9088056 +28.8264859     4.90 0.0005291185 -11.7465 -11.8171   0.0106     53313.85     522.8139     924.4746    0.088   0
        42    415.599    283.320 327.8667625 +28.8257831     4.96 0.0005360444 -11.4923 -11.5704   0.0132     42476.65     517.5789      989.501    0.065   0
        43    694.254    269.213 327.8323806 +28.8280026     5.41 0.0005842227  -8.6562  -8.4587   0.2236     2418.172     497.8961     1001.981    0.306   0
        44    778.418    276.317 327.8219683 +28.8274467     5.20 0.0005613792 -10.1262 -10.3854   0.0384     14261.46     503.8354     1001.422    0.060   0
        45     68.593    284.439 327.9096167 +28.8247792     4.96 0.0005360545 -10.4470 -10.5770   0.0322     17013.59     505.0748     922.3739    0.116   0
        46    613.588    294.480 327.8422822 +28.8250783     5.29 0.0005708392 -10.5292 -10.6881   0.0292     18846.88     506.0641     997.8185    0.075   0
        47    440.583    291.627 327.8636563 +28.8249510     5.46 0.0005899351  -9.3779  -9.5351   0.0833     6517.009     499.8103     990.3281    0.078   0
        48    834.945    291.412 327.8149503 +28.8259603     7.17 0.0007745153  -8.7321  99.0000  99.0000    -6035.536     496.6804     999.6995    0.158   0
        49    474.997    295.271 327.8593971 +28.8246451     5.42  0.000584954  -9.0823  -8.9974   0.1364     3971.561     498.6475     991.7705    0.122   0
        50    558.343    295.716 327.8491023 +28.8248067     6.64 0.0007172194  -8.6952  -8.9088   0.1479     3660.288     498.5894     993.5427    0.228   0
        51    162.635    301.266 327.8979603 +28.8232067     4.73 0.0005105109  -8.3860  -8.1328   0.3017     1791.058     497.5952     947.0502    0.329   0
        52    601.514    309.998 327.8437356 +28.8233761     5.26 0.0005677416  -9.8367 -10.0706   0.0511     10672.11     502.0095     996.1505    0.119   0
        53    749.424    312.552 327.8254618 +28.8234701     5.15 0.0005557548 -10.3603 -10.4581   0.0359     15249.59     504.2701     1000.438    0.077   0
        54    294.602    329.578 327.8815918 +28.8204921     4.69 0.0005066668 -11.9024 -11.9670   0.0093     61206.28     526.4418     975.1934    0.052   0
        55    254.033    313.549 327.8866419 +28.8221162     6.45 0.0006970534  -8.7511  -9.0165   0.1340     4042.185     498.7668     967.8661    0.167   0
        56    221.534    319.345 327.8906411 +28.8214090     5.64  0.000609534  -8.3098  -8.8383   0.1578     3430.148       498.39     961.4202    0.227   0
        57    825.110    324.274 327.8160859 +28.8223950     5.22 0.0005633132  -9.5920  99.0000  99.0000    -100.4474     496.7366     998.5508    0.103   0
        58    466.814    320.998 327.8603447 +28.8218523     3.95 0.0004261844  -8.5653  -9.4289   0.0918      5909.44     499.4504     989.4282    0.495   0
        59    393.875    347.098 327.8692885 +28.8188558     4.73 0.0005104616 -12.0935 -12.1658   0.0079     73504.74     532.4075      983.514    0.067   0
        60     91.602    353.881 327.9066015 +28.8173557     4.75 0.0005130474 -13.0113 -13.0591   0.0037     167349.6     574.7264     929.4712    0.060   0
        61    152.176    339.775 327.8991559 +28.8190306     5.01 0.0005405655  -9.9544 -10.0329   0.0529     10307.19      501.786     943.4241    0.069   0
        62    902.929    335.332 327.8064485 +28.8213960     4.56 0.0004924388  -8.9354  99.0000  99.0000    -14473.23     496.7366     877.8137    0.197   0
        63    332.605    352.690 327.8768414 +28.8180982     5.01 0.0005406049  -9.5769  -9.7507   0.0684      7948.38     500.6791     979.7245    0.057   0
        64    122.508    383.401 327.9027110 +28.8142539     4.78 0.0005167196 -12.3697 -12.4384   0.0062     94481.12     542.0777     934.1348    0.130   0
        65    760.911    384.259 327.8238700 +28.8157719     4.84 0.0005232119 -12.0187 -12.0810   0.0085     67979.95     529.8596     996.5292    0.104   2
        66    911.699    386.027 327.8052439 +28.8159550     3.96 0.0004274785  -9.5029  99.0000  99.0000    -19904.45     496.7366     852.8959    0.239   0
        67    759.080    396.788 327.8240658 +28.8144173     4.87 0.0005264219 -10.9368 -11.0921   0.0203     27342.73     510.2439     995.8369    0.121   3
        68     43.407    397.316 327.9124445 +28.8125519     6.56 0.0007081785  -8.6835  -8.8065   0.1624     3331.205     498.2983     909.4581    0.015   0
        69    596.405    401.398 327.8441440 +28.8135145     4.91 0.0005306801  -9.8244  -9.9165   0.0588     9259.746     501.1942     991.2352    0.111   0
        70    563.783    403.721 327.8481669 +28.8131825     5.13 0.0005542852  -9.7227  -9.7217   0.0702     7738.689     500.5605     989.3187    0.124   0
        71    621.069    424.444 327.8410421 +28.8110930     4.59 0.0004960237 -12.4952 -12.5576   0.0056     105443.8     547.1867     991.2615    0.079   0
        72    448.248    425.190 327.8623819 +28.8105784     4.62 0.0004993997  -9.9467  -9.9785   0.0556      9803.83     501.5769      984.668    0.081   0
        73    484.635    431.504 327.8578730 +28.8099897     5.11 0.0005518267  -9.1184  -8.7983   0.1637     3306.223     498.3278     985.8701    0.158   0
        74    514.377    438.451 327.8541833 +28.8093160     4.60 0.0004968112 -10.2012 -10.0765   0.0508     10729.74     502.0382     986.3323    0.080   0
        75    287.324    446.214 327.8822020 +28.8079058     4.51 0.0004868812 -11.1208 -11.1713   0.0189     29411.05       511.27     969.5683    0.033   0
        76    879.735    468.066 327.8089946 +28.8070360     4.91 0.0005299952 -11.8445 -11.9613   0.0094     60887.84      526.516     947.1003    0.148   0
        77    188.955    441.041 327.8943619 +28.8082128     1.17  0.000126507  -7.6578  -7.9811   0.3469     1557.515     497.5199     947.6993    0.042   0
        78    318.569    442.971 327.8783517 +28.8083345     4.65 0.0005018719  -9.2958  -9.3109   0.1023     5301.089     499.2856     974.4142    0.057   0
        79    496.480    485.456 327.8562782 +28.8042060     4.46 0.0004820129 -12.3673 -12.4402   0.0062     94644.07     542.3073      984.451    0.092   0
        80    833.992    449.292 327.8146884 +28.8089457     4.27  0.000461666  -7.8744  99.0000  99.0000    -8296.472     496.7085     991.7758    0.091   0
        81    181.361    456.642 327.8952610 +28.8065123     4.59 0.0004957874 -10.4321 -10.4944   0.0348     15767.09     504.5957     944.5745    0.016   0
        82    144.387    453.211 327.8998351 +28.8067877     5.70 0.0006151226  -8.3765  -8.1177   0.3058     1766.304     497.4003     935.0587    0.196   0
        83    332.824    483.987 327.8764903 +28.8039510     4.56  0.000492399  -9.7927  -9.9175   0.0587     9268.478      501.129     973.7724    0.041   0
        84    551.934    495.916 327.8494051 +28.8032183     4.44 0.0004800404 -11.6220 -11.7103   0.0117     48317.09     520.5129     986.2782    0.074   0
        85    238.174    498.500 327.8881416 +28.8021469     4.76 0.0005144427  -9.6375  -9.7332   0.0695     7821.606     500.6298     954.9833    0.032   0
        86     83.957    494.259 327.9071946 +28.8022099     5.23 0.0005646247  -9.3644  -9.3726   0.0967     5611.033     499.5107     914.2296    0.112   0
        87    415.956    566.362 327.8660225 +28.7952851     4.27 0.0004606635 -14.5134 -14.5536   0.0012     662909.9     760.3961     975.2917    0.042   0
        88    657.106    527.883 327.8363408 +28.8000371     4.51 0.0004865692  -8.3831  -8.7117   0.1772     3052.764     498.2426     988.2607    0.199   0
        89    181.384    928.163 327.8940856 +28.7557047     5.34   0.00057649 -10.1639 -10.2287   0.0442      12344.9     502.8002     818.1697    0.226   0
        90    849.703   1026.266 327.8113628 +28.7468131     4.44 0.0004790941  -9.9271  -9.7803   0.0534     8167.956     401.4594     879.6552    0.115  24
        91    459.792    991.417 327.8595684 +28.7495946     4.46 0.0004817964 -10.3945 -10.4800   0.0352     15560.21     504.2857     845.3876    0.147   0
        92    784.398    979.836 327.8195342 +28.7516542     4.22 0.0004557162 -14.6507 -14.6884   0.0011     750500.3     788.5443     891.8345    0.129   0
        93    239.832    986.739 327.8867265 +28.7495418     5.08 0.0005490431 -10.3926 -10.3743   0.0388     14116.45     503.8188     805.2286    0.157   0
        94    368.448    982.375 327.8708640 +28.7503383     4.57 0.0004938951 -12.8495 -12.9061   0.0042     145362.7     565.1307     833.8754    0.148   0
        95    657.116    848.005 327.8355630 +28.7655426     4.05 0.0004375097 -13.3543 -13.4070   0.0028     230575.9      601.624     924.9808    0.092   0
        96    298.104    835.531 327.8799084 +28.7659830     5.60 0.0006048562  -8.5306  -8.5361   0.2083     2596.865     498.0419     884.7651    0.138   0
        97    115.986    865.680 327.9023129 +28.7622703     5.05  0.000545517 -11.1540 -11.1942   0.0185     30037.86     511.5354     830.6354    0.223   0
        98    305.847    799.011 327.8790429 +28.7699378     4.33 0.0004676465 -10.5731 -10.6678   0.0297     18497.47     505.8501     901.3216    0.088   0
        99    325.641    794.526 327.8766106 +28.7704712     4.14 0.0004476191 -12.1879 -12.2501   0.0073     79437.44     535.1991     905.3374    0.082   0
       100    154.363    859.359 327.8975918 +28.7630496     6.23 0.0006726098  -8.8746  -9.1071   0.1233     4393.823     498.9431     844.3467    0.154   0
       101    603.027    804.094 327.8423463 +28.7701390     4.17 0.0004506794 -10.2625 -10.3910   0.0382     14334.57     503.8439     933.9034    0.129   0
       102     55.880    794.227 327.9099106 +28.7698156     5.11 0.0005523791 -10.2265 -10.2912   0.0418     13075.56     503.2188     842.5438    0.196   0
       103    882.517    803.480 327.8078470 +28.7709005     3.75 0.0004052178  -9.2973 -11.1060   0.0200     27694.02      510.457     888.4982    0.585   0
       104    290.702    880.739 327.8807104 +28.7610929     4.47 0.0004826607 -10.6148 -10.7025   0.0288     19097.83     506.2433     864.1293    0.138   0
       105    882.233    881.979 327.8076939 +28.7624411     5.19 0.0005603179  -9.8720 -11.1013   0.0201     27574.11     510.3162     869.8434    0.717   0
       106    513.132    766.352 327.8535353 +28.7739804     4.72 0.0005100076  -8.8168  -8.6442   0.1885     2868.796     498.0663     936.4437    0.241   0
       107    767.153    907.955 327.8218359 +28.7593569     4.97 0.0005370727  -8.8332  -8.7734   0.1675     3231.099     498.3321     913.4771    0.223   0
       108    650.374    784.394 327.8365496 +28.7723801     3.99 0.0004311758 -10.5964 -10.6782   0.0294     18675.96     505.8141     944.3697    0.071   0
       109    883.827    780.833 327.8077394 +28.7733440     5.66 0.0006108005 -10.1469 -11.0741   0.0206     26893.89      510.024     891.9669    0.505   0
       110    470.251    890.721 327.8585241 +28.7604712     4.15  0.000448351 -10.7629 -10.8137   0.0260     21157.42     507.2731     888.1778    0.122   0
       111    881.804    759.007 327.8080415 +28.7756909     3.86 0.0004165909  -9.2483 -11.0370   0.0213     25988.43      509.484      902.615    0.380   0
       112    709.709    768.430 327.8292636 +28.7742484     4.00 0.0004324408 -10.6629 -10.7797   0.0268     20505.67     506.9105     952.0214    0.106   0
       113    690.164    917.229 327.8313161 +28.7581659     4.08  0.000440885 -11.3238 -11.3881   0.0156     35913.66     514.4398     904.4103    0.149   0
       114    662.812    747.609 327.8351033 +28.7763749     3.43 0.0003709251  -7.8845  -8.0827   0.3158     1710.282     497.3441     956.0398    0.411   0
       115    582.353    708.959 327.8451300 +28.7803384     4.29  0.000462871  -9.2582  -9.4025   0.0941     5767.422     499.6309     959.8081    0.086   0
       116    631.734    739.277 327.8389601 +28.7771951     4.03 0.0004350714 -12.3785 -12.4337   0.0063     94076.39     541.9941     957.2125    0.076   0
       117     84.043    729.768 327.9065952 +28.7768334     4.94 0.0005334359 -10.6768 -10.8049   0.0262     20988.13     507.1208     870.5284    0.119   0
       118    608.500    712.800 327.8418928 +28.7799899     4.49 0.0004851618  -8.1345  -7.7658   0.4227     1277.353     497.1826     961.3336    0.263   0
       119    620.106    717.146 327.8404494 +28.7795507     0.00            0  -7.2496  -8.2347   0.2747     1967.354     497.7258     961.1503    0.215   0
       120    497.758    731.514 327.8555183 +28.7776956     4.42 0.0004776022  -9.7874  -9.8969   0.0599     9093.809     501.2925     944.6301    0.130   0
       121    237.365    714.781 327.8877052 +28.7788399     4.37 0.0004716186 -11.1687 -11.2244   0.0180     30886.84     511.9093     912.9131    0.075   0
       122     90.108    649.033 327.9060483 +28.7855484     4.67 0.0005047161 -10.4669 -10.5618   0.0327     16777.45     505.0546     893.1777    0.117   0
       123    412.154    685.243 327.8661998 +28.7824657     4.11   0.00044422 -14.0553 -14.0965   0.0017     435127.4     681.3934     953.8588    0.050   0
       124    780.875    698.779 327.8206462 +28.7819306     4.52 0.0004886065  -9.6565  -9.8594   0.0619     8785.119     501.1385     970.8545    0.115   0
       125    606.203    643.093 327.8423459 +28.7874955     4.47 0.0004825552  -9.4567  -9.5330   0.0835     6504.037     499.8457      975.378    0.112   0
       126    306.951    640.665 327.8792978 +28.7870029     4.54 0.0004900491  -9.8148 -10.0088   0.0540     10081.66     501.6597     945.2332    0.022   0
       127    526.968    925.708 327.8514382 +28.7568439     5.52 0.0005959011  -8.6333  -8.8601   0.1547     3499.847     498.4389     881.8054    0.289   0
       128    583.718    913.959 327.8444624 +28.7582522     6.07 0.0006557537  -8.4323  -8.6971   0.1796     3011.851     498.2221     892.2756    0.325   0
       129    787.545    657.074 327.8199232 +28.7864410     4.34 0.0004686876  -9.8668 -10.1045   0.0495     11010.72      502.192     978.5895    0.154   0
       130    464.965    659.033 327.8597443 +28.7854232     4.15  0.000447757  -9.6181  -9.8342   0.0634     8583.425     500.9683     963.1868    0.017   0
       131    439.977    654.511 327.8628403 +28.7858475     4.14 0.0004468708 -12.9633 -13.0081   0.0039     159670.3     571.4373     963.5996    0.068   0
       132    883.205    668.204 327.8080862 +28.7854787     3.85 0.0004159287  -9.2090 -10.9134   0.0238     23192.92     508.0967     918.9324    0.539   0
       133    392.449    671.191 327.8686671 +28.7839301     4.37 0.0004723034  -9.4480  -9.6202   0.0771      7047.97     500.2293     955.1502    0.093   0
       134    637.975    881.223 327.8378450 +28.7619155     4.32 0.0004665949  -9.0940  -9.2738   0.1058     5122.927     499.1545     911.1286    0.117   0
       135    727.199    857.349 327.8268896 +28.7647105     4.13 0.0004461153  -8.7864  -9.2084   0.1123     4823.547     498.9346     928.1041    0.074   0
       136    345.375    847.668 327.8740436 +28.7647950     4.12 0.0004448292 -10.5649 -10.5995   0.0316     17370.02     505.4307     888.0424    0.122   0
       137    271.488    972.468 327.8828550 +28.7511600     5.24  0.000565886  -9.3726  -9.6057   0.0781     6954.974     500.2387     819.2463    0.246   0
       138    914.569    884.552 327.8036964 +28.7622438     3.17 0.0003427957  -8.7616  99.0000  99.0000    -17467.55     496.6945     800.8311    0.244   0
       139    526.785    588.955 327.8522833 +28.7931298     5.03 0.0005435376  -8.7443  -9.2646   0.1067     5079.692     499.1748     981.6238    0.114   0
       140    551.036    617.917 327.8492184 +28.7900700     4.32 0.0004662179 -11.0435 -11.1382   0.0194     28529.57     510.8661     979.9342    0.104   0
       141    539.933    601.841 327.8506284 +28.7917743     4.24 0.0004583156 -12.8986 -12.9527   0.0041     151732.4     567.9293     982.0012    0.072   0
       142    694.017    598.654 327.8316118 +28.7925034     4.44 0.0004796807 -10.6375 -10.7004   0.0288     19060.83     506.1836     986.3447    0.099   0
       143     25.548    558.487 327.9142457 +28.7951394     4.98 0.0005375672 -10.4197 -10.4944   0.0348     15766.92     504.6095     890.1821    0.147   0
       144    855.221   1008.301 327.8107249 +28.7487625     4.46 0.0004816734 -10.8767 -10.9532   0.0230     24060.14     508.7016     880.6649    0.175   0
       145    301.159    585.602 327.8801490 +28.7929214     4.28  0.000462542 -12.4836 -12.5518   0.0057     104888.4     546.8053     955.4403    0.046   0
       146    793.697    826.617 327.8187554 +28.7681873     3.99 0.0004312151 -10.6152 -10.6316   0.0307     17892.02     505.6612     939.4784    0.112   0
       147    452.457    542.081 327.8615754 +28.7979936     5.31 0.0005735165  -8.9128  -9.1567   0.1178     4599.166     499.0739     980.7324    0.165   0
       148    875.750   1005.512 327.8081980 +28.7491138     6.11 0.0006596823 -10.1526 -10.7092   0.0286     19216.77     506.3296     855.9066    0.249   0
       149    761.017    563.710 327.8234237 +28.7964356     4.93 0.0005319958  -8.5125  -8.8235   0.1600     3383.911     498.4368      988.404    0.362   0
       150    838.038    553.346 327.8139386 +28.7977434     4.60 0.0004966217  -9.0748  99.0000  99.0000    -2557.892     496.7366     987.0804    0.136   0
       151    628.382    976.848 327.8387969 +28.7515875     4.10  0.000442627 -11.1417 -11.2162   0.0181     30653.14      511.877     874.0845    0.162   0
       152    117.649    841.031 327.9021691 +28.7649307     4.70 0.0005078524  -9.8817  -9.7008   0.0716     7591.539      500.487     842.7154    0.180   0
       153    854.184    829.218 327.8112826 +28.7680569     4.08 0.0004411553 -11.2965 -11.4787   0.0143     39037.62     515.7662     924.6351    0.120   0
       154    843.313    853.987 327.8125650 +28.7653611     4.20 0.0004537356  -8.3699  -9.2981   0.1035     5238.714     499.3243     919.6648    0.090   0
