#   1 NUMBER                 Running object number                                     
#   2 X_IMAGE                Object position along x                                    [pixel]
#   3 Y_IMAGE                Object position along y                                    [pixel]
#   4 ALPHA_J2000            Right ascension of barycenter (J2000)                      [deg]
#   5 DELTA_J2000            Declination of barycenter (J2000)                          [deg]
#   6 FWHM_IMAGE             FWHM assuming a gaussian core                              [pixel]
#   7 FWHM_WORLD             FWHM assuming a gaussian core                              [deg]
#   8 MAG_BEST               Best of MAG_AUTO and MAG_ISOCOR                            [mag]
#   9 MAG_APER               Fixed aperture magnitude vector                            [mag]
#  10 MAGERR_APER            RMS error vector for fixed aperture mag.                   [mag]
#  11 FLUX_APER              Flux vector within fixed circular aperture(s)              [count]
#  12 FLUXERR_APER           RMS error vector for aperture flux(es)                     [count]
#  13 BACKGROUND             Background at centroid position                            [count]
#  14 ELLIPTICITY            1 - B_IMAGE/A_IMAGE                                       
#  15 FLAGS                  Extraction flags                                          
         1    840.581     79.634 200.9201762 +36.1168505   133.59   0.01440724 -14.5044 -12.3759   0.0061      89199.9     499.8988     735.7267    0.609  16
         2    821.893      9.528 200.9228285 +36.1243409    78.80  0.008498569 -13.5192 -12.2705   0.0062     80944.02     465.6939     443.3714    0.777  24
         3    702.206    186.334 200.9384476 +36.1049665     4.87 0.0005250176 -15.5039 -15.5329   0.0007      1633724     1011.054     916.0783    0.090   4
         4    789.330    184.017 200.9268023 +36.1054690     4.89 0.0005272861 -15.0250 -15.0575   0.0009      1054360     855.9108     915.9521    0.087   0
         5    143.361    194.696 201.0131554 +36.1024161     4.41 0.0004760531 -13.2599 -13.3098   0.0029     210819.9     557.4543     867.7352    0.014   0
         6    565.802    192.814 200.9566731 +36.1038705     5.73 0.0006175552  -8.6408  -9.2564   0.0982      5041.35     455.7448     910.0219    0.166   0
         7    758.689    204.974 200.9308538 +36.1031247     3.75 0.0004039329  -8.5376  -9.3864   0.0872     5682.848     456.2877     916.8936    0.079   0
         8    354.727    256.591 200.9847528 +36.0963850     5.10 0.0005500672  -8.5656  -8.3794   0.2195     2247.868     454.3762     898.5741    0.342   0
         9    643.621    317.311 200.9459918 +36.0907006     4.60 0.0004965538 -10.9093 -11.0155   0.0199      25480.9      467.009     910.6619    0.123   0
        10    283.814    363.725 200.9939901 +36.0846455     8.49 0.0009160078  -9.3777  -9.4117   0.0852      5816.85     456.3483     889.2535    0.412   0
        11    220.614    425.585 201.0022971 +36.0778003     8.36 0.0009012872  -9.3061  -9.5117   0.0777     6377.994     456.5157     874.3832    0.325   0
        12     49.158    474.503 201.0251022 +36.0720225     5.28 0.0005692497  -9.1105  -9.3662   0.0888     5577.956     456.2302     831.7524    0.182   0
        13    162.727    515.194 201.0098289 +36.0679843     4.26 0.0004590892 -12.9973 -13.0459   0.0035     165339.5     536.6704     856.2004    0.068   0
        14    916.435    884.224 200.9082928 +36.0304834     3.34  0.000359938  -8.4508  99.0000  99.0000     -16149.4     451.0042     745.4318    0.192  16
        15    885.007    852.999 200.9125590 +36.0337531     3.70 0.0003988874  -9.0578 -10.9043   0.0220     22999.05     465.5663      805.735    0.012   0
        16    726.887    548.405 200.9343520 +36.0660742     5.97 0.0006439615  -8.2698  -8.7396   0.1577     3132.007     454.8879     903.1448    0.270   0
        17    133.286    866.561 201.0129548 +36.0300846     7.63 0.0008225925  -8.9410  -8.9981   0.1244     3974.225     455.3505     771.9598    0.341   0
        18    244.774    704.915 200.9984298 +36.0478128     4.38 0.0004725332 -10.2677 -10.2460   0.0398     12542.55     460.0434     840.8835    0.098   0
        19     70.550    758.054 201.0215866 +36.0415732     6.75 0.0007278496  -8.7300  -8.8913   0.1372      3601.67     455.1332     791.7575    0.382   0
        20    554.408    710.387 200.9570438 +36.0481390     3.95 0.0004261179  -9.8297 -10.0119   0.0493     10110.67     458.5679     874.6885    0.183   0
        21    561.042    689.573 200.9562037 +36.0503983     5.64 0.0006078487 -10.2388 -10.3349   0.0367     13613.26     460.5744     880.1814    0.041   0
        22    788.634    581.860 200.9260262 +36.0626532     4.09 0.0004414838 -10.3520 -10.4840   0.0321     15617.65     461.7492     901.6981    0.088   0
        23    509.208    656.540 200.9632038 +36.0538010     3.75 0.0004048117 -10.2000 -10.3394   0.0366     13670.34     460.5927     881.8624    0.077   0
        24    168.218    559.842 201.0089925 +36.0631960     1.28 0.0001384113  -7.1637  -7.3251   0.5787      851.194     453.5558     851.7986    0.248   0
        25    886.446    672.131 200.9127583 +36.0532214     7.75 0.0008355727 -10.2652 -10.7452   0.0254     19864.46     463.9551     839.3542    0.042   0
        26    884.397    936.818 200.9124591 +36.0247312     4.20 0.0004524712  -9.4271 -10.9567   0.0210     24135.74      466.089     786.8743    0.649   0
