#   1 NUMBER                 Running object number                                     
#   2 X_IMAGE                Object position along x                                    [pixel]
#   3 Y_IMAGE                Object position along y                                    [pixel]
#   4 ALPHA_J2000            Right ascension of barycenter (J2000)                      [deg]
#   5 DELTA_J2000            Declination of barycenter (J2000)                          [deg]
#   6 FWHM_IMAGE             FWHM assuming a gaussian core                              [pixel]
#   7 FWHM_WORLD             FWHM assuming a gaussian core                              [deg]
#   8 MAG_BEST               Best of MAG_AUTO and MAG_ISOCOR                            [mag]
#   9 MAG_APER               Fixed aperture magnitude vector                            [mag]
#  10 MAGERR_APER            RMS error vector for fixed aperture mag.                   [mag]
#  11 FLUX_APER              Flux vector within fixed circular aperture(s)              [count]
#  12 FLUXERR_APER           RMS error vector for aperture flux(es)                     [count]
#  13 BACKGROUND             Background at centroid position                            [count]
#  14 ELLIPTICITY            1 - B_IMAGE/A_IMAGE                                       
#  15 FLAGS                  Extraction flags                                          
         1    192.660     30.847 200.8675981 +36.1252097    33.55  0.003607893 -13.6955 -13.1514   0.0100     182211.6     1684.186     1386.557    0.378  19
         2    147.230     82.786 200.8736403 +36.1195670    68.97  0.007416592 -14.7147 -13.0078   0.0114     159627.1     1680.414     3082.274    0.814  19
         3     11.615     79.752 200.8918476 +36.1195752    69.17  0.007438133 -14.7500 -14.0559   0.0043     419140.2     1657.516     128.5834    0.578  24
         4    135.617     11.278 200.8752771 +36.1271643    89.82  0.009658683 -16.0878 -14.8844   0.0021     898966.6     1720.534    -409.2936    0.747  24
         5     66.216    110.269 200.8844847 +36.1164488    30.16  0.003242728  99.0000  99.0000  99.0000    -14051.66     1657.199     1935.676    0.501   2
         6     86.834    120.955 200.8817055 +36.1153574    36.60  0.003935449 -13.5455 -12.8320   0.0134     135764.2     1677.369     2834.649    0.633   3
         7    378.967     92.113 200.8425235 +36.1191048     4.45 0.0004785132 -11.0174  99.0000  99.0000    -9307.873     1657.058     3996.628    0.111   0
         8     78.061    162.352 200.8828375 +36.1109233    26.75   0.00287668 -13.0127 -12.6393   0.0160     113687.3     1673.937     3636.319    0.498   1
         9    310.191    267.147 200.8515703 +36.1002856     4.49 0.0004830642 -12.5009 -12.5530   0.0173     105001.2     1672.871     4203.184    0.119   0
        10    689.802    431.012 200.8004635 +36.0836727     4.18 0.0004492998  -9.7251  -9.9356   0.1910     9424.211     1657.823     3894.716    0.192   0
        11   1024.350    447.231 200.7555605 +36.0826820     4.01 0.0004313545  -9.7788  99.0000  99.0000    -5136.236     1400.644     3172.075    0.168  16
        12    719.882    495.955 200.7963638 +36.0768155     4.68 0.0005034055 -11.1065 -11.2539   0.0569     31736.71     1662.026     3748.316    0.160   0
        13     80.897    767.523 200.8817914 +36.0464069   166.69    0.0179246 -16.3614 -13.1364   0.0102     179701.4     1683.997     3446.979    0.953  50
        14     78.181    539.491 200.8824064 +36.0707133    51.44   0.00553095 -14.1159 -13.1151   0.0104     176216.7     1683.526     3614.356    0.771  51
        15     77.514    409.125 200.8826393 +36.0846113   101.12   0.01087405 -15.7606  99.0000  99.0000            0            0      3649.11    0.899  51
        16     75.756    263.814 200.8830350 +36.1001001    85.95  0.009242504  99.0000  99.0000  99.0000            0            0      3630.78    0.791  50
        17    596.963    864.885 200.8124840 +36.0372053     5.23 0.0005626291 -10.2590 -10.6385   0.1001     18005.93     1659.819     3375.428    0.082   0
        18     88.997    998.823 200.8804514 +36.0217648     4.67 0.0005018954 -10.9959 -12.2363   0.0231     78435.38     1668.338     3211.109    0.589   0
        19    655.757    980.847 200.8044848 +36.0249732     5.49 0.0005908208 -10.6801 -11.0104   0.0711     25360.04     1661.067     2991.847    0.300   0
