#   1 NUMBER                 Running object number                                     
#   2 X_IMAGE                Object position along x                                    [pixel]
#   3 Y_IMAGE                Object position along y                                    [pixel]
#   4 ALPHA_J2000            Right ascension of barycenter (J2000)                      [deg]
#   5 DELTA_J2000            Declination of barycenter (J2000)                          [deg]
#   6 FWHM_IMAGE             FWHM assuming a gaussian core                              [pixel]
#   7 FWHM_WORLD             FWHM assuming a gaussian core                              [deg]
#   8 MAG_BEST               Best of MAG_AUTO and MAG_ISOCOR                            [mag]
#   9 MAG_APER               Fixed aperture magnitude vector                            [mag]
#  10 MAGERR_APER            RMS error vector for fixed aperture mag.                   [mag]
#  11 FLUX_APER              Flux vector within fixed circular aperture(s)              [count]
#  12 FLUXERR_APER           RMS error vector for aperture flux(es)                     [count]
#  13 BACKGROUND             Background at centroid position                            [count]
#  14 ELLIPTICITY            1 - B_IMAGE/A_IMAGE                                       
#  15 FLAGS                  Extraction flags                                          
         1     10.792     80.665 200.8918956 +36.1192371    66.26  0.007154202 -13.8068 -13.0070   0.0059     159511.4     865.3717     383.3682    0.599  24
         2    143.232     87.534 200.8741178 +36.1188764    44.87  0.004844827 -13.3294 -12.0846   0.0140     68208.03     881.9964     1565.499    0.723   0
         3    192.453     30.519 200.8676108 +36.1251475    33.34  0.003599741 -13.0193 -12.1143   0.0137     70097.15     882.6033     862.1302    0.233  17
         4    135.805     11.094 200.8752434 +36.1270755    87.67  0.009465789 -15.0389 -13.8213   0.0030     337678.3     919.0218     196.5048    0.745  24
         5    290.452     31.990 200.8544611 +36.1252666     3.81 0.0004116501  -9.7177  99.0000  99.0000    -75791.99     862.4219      1225.44    0.193   0
         6     65.446    109.504 200.8845150 +36.1162922    21.55  0.002326984  -9.4603  99.0000  99.0000    -12284.44     862.4707     1071.983    0.580   0
         7     74.911    251.156 200.8830040 +36.1010863    48.11  0.005194463 -14.0445 -12.1594   0.0131     73073.26      883.422     1701.982    0.655   2
         8    377.744     87.481 200.8426589 +36.1195450     4.11 0.0004435507 -11.3165 -11.1663   0.0323     29277.12     870.9883     1778.132    0.030   0
         9    539.462     94.968 200.8209525 +36.1191922     6.36 0.0006867261  -9.6106  -9.4488   0.1559     6018.904     864.2623     1823.971    0.199   0
        10     77.588    396.231 200.8823983 +36.0854929    35.70  0.003854449 -14.0185 -11.9650   0.0156     61093.27     879.6426     1721.477    0.608   0
        11    729.789    203.240 200.7952490 +36.1080761     7.24 0.0007820632 -10.4129 -10.7995   0.0452     20883.87      868.285     1832.945    0.372   0
        12     77.606    327.419 200.8825129 +36.0928929    32.15   0.00347064 -13.9642 -11.8919   0.0167     57116.95      878.392     1731.663    0.713   2
        13    309.014    262.634 200.8515881 +36.1005160     3.91 0.0004222616 -12.7173 -12.7772   0.0076     129087.4     898.8997      1927.38    0.056   0
        14    973.283    279.331 200.7624719 +36.1005601     1.35 0.0001458287  -9.2540  -9.4490   0.1559     6019.883      864.287     1655.987    0.029   0
        15    972.950    287.072 200.7625047 +36.0997268     1.33 0.0001437969  -8.3120  -8.9148   0.2548     3680.498      863.415     1652.903    0.031   0
        16     77.506    484.433 200.8822592 +36.0760077    29.50  0.003184626 -12.8592 -11.9038   0.0165     57746.81     878.9783      1709.25    0.729   3
        17     79.078    680.649 200.8817149 +36.0549117    58.15  0.006278431 -14.8891 -12.1403   0.0134     71798.34      883.085     1673.451    0.805  18
        18    689.372    426.777 200.8003148 +36.0839258     3.58 0.0003869578  -9.9849 -10.1341   0.0831     11314.66     865.5984     1814.669    0.100   0
        19     77.235    526.023 200.8822248 +36.0715345    12.63  0.001363209 -13.8566 -12.4277   0.0103     93557.02     888.9868     1695.034    0.677   0
        20    330.821    440.515 200.8483691 +36.0814485     3.82 0.0004123129  -9.0663  -9.6174   0.1335     7030.178     864.5061     1914.954    0.235   0
        21   1024.711    443.544 200.7553236 +36.0830405     4.00  0.000431521 -10.2699 -10.0309   0.0765     10288.55      725.049     1537.615    0.095  16
        22    719.599    492.042 200.7961583 +36.0769908     3.50 0.0003779365 -11.3450 -11.4556   0.0248     38214.83     873.1403     1757.354    0.045   0
        23     83.391    901.738 200.8807613 +36.0311488    43.68  0.004716095 -14.2860 -12.0659   0.0143     67043.41     881.6185     1557.204    0.656   2
        24    355.175   1009.891 200.8441648 +36.0202877     2.87  0.000309674  -8.5889  -8.3335   0.4350     2154.693     863.0219     1648.571    0.184   0
        25    655.619    976.785 200.8039641 +36.0246856     3.63 0.0003924496 -10.6153 -10.7833   0.0458     20573.69     868.0261     1478.402    0.104   0
        26    307.670    938.686 200.8506474 +36.0278112     3.46 0.0003736101  -8.3613  -8.8669   0.2663     3521.752     863.5641     1712.847    0.375   0
        27    366.459    972.500 200.8427146 +36.0243403     8.33 0.0008998614  -9.6891  -9.6826   0.1258     7464.978     864.5588     1673.454    0.671   0
        28    185.488    800.797 200.8672502 +36.0422940     2.83 0.0003053221  -9.0921 -10.0304   0.0914     10283.57     865.3492     1825.368    0.234   0
        29    596.615    860.905 200.8120558 +36.0369837     3.49 0.0003766468 -10.3415 -10.5918   0.0546      17247.1     867.4556      1621.03    0.105   0
        30     82.395    812.114 200.8810469 +36.0407838    54.24  0.005856538 -14.9983 -12.0454   0.0145     65787.29     881.2623     1621.733    0.818   2
        31    636.431    881.235 200.8066876 +36.0349078     3.33 0.0003596375  -9.0328  -8.6706   0.3190     2939.163     863.2248     1573.695    0.055   0
