#   1 NUMBER                 Running object number                                     
#   2 X_IMAGE                Object position along x                                    [pixel]
#   3 Y_IMAGE                Object position along y                                    [pixel]
#   4 ALPHA_J2000            Right ascension of barycenter (J2000)                      [deg]
#   5 DELTA_J2000            Declination of barycenter (J2000)                          [deg]
#   6 FWHM_IMAGE             FWHM assuming a gaussian core                              [pixel]
#   7 FWHM_WORLD             FWHM assuming a gaussian core                              [deg]
#   8 MAG_BEST               Best of MAG_AUTO and MAG_ISOCOR                            [mag]
#   9 MAG_APER               Fixed aperture magnitude vector                            [mag]
#  10 MAGERR_APER            RMS error vector for fixed aperture mag.                   [mag]
#  11 FLUX_APER              Flux vector within fixed circular aperture(s)              [count]
#  12 FLUXERR_APER           RMS error vector for aperture flux(es)                     [count]
#  13 BACKGROUND             Background at centroid position                            [count]
#  14 ELLIPTICITY            1 - B_IMAGE/A_IMAGE                                       
#  15 FLAGS                  Extraction flags                                          
         1    852.134     88.584 200.9156413 +36.1177627   114.97   0.01242875 -15.6062 -13.4605   0.0035       242219     788.6473     1075.484    0.503  19
         2    817.272     46.127 200.9203867 +36.1222231    74.36  0.008038013 -14.2594 -12.8975   0.0057     144206.2     757.0148     737.4088    0.813  19
         3    827.165     10.328 200.9190943 +36.1260933    94.49   0.01021485 -14.2808 -13.3188   0.0038     212584.8     741.1748     295.1092    0.807  24
         4    114.649     81.147 201.0150144 +36.1164679     7.17 0.0007753561 -10.9665 -11.5729   0.0184     42574.29     722.5352     1242.904    0.558   0
         5    362.222     78.191 200.9816620 +36.1174971     3.68 0.0003975498  -9.5703 -11.4968   0.0197     39692.62     721.2429     1318.834    0.717   0
         6    158.392     77.815 201.0091251 +36.1169520     3.43 0.0003708965  -9.4804 -11.4564   0.0205      38244.7     720.7998     1245.123    0.410   0
         7    173.875     80.123 201.0070361 +36.1167490     4.51 0.0004872073 -10.1486 -11.4992   0.0197     39781.03     721.7056      1264.83    0.218   0
         8    235.267     85.589 200.9987578 +36.1163391     5.97 0.0006455361 -10.7075 -11.5038   0.0196      39951.2     721.6663     1331.281    0.596   0
         9    216.207     81.613 201.0013308 +36.1167110     3.17 0.0003431357  -9.6507 -11.5768   0.0184     42730.62      722.354     1296.404    0.419   0
        10    381.511     83.499 200.9790566 +36.1169824     3.65 0.0003940975 -10.1116 -11.4858   0.0199     39294.39     721.5566     1359.542    0.026   2
        11    341.343     83.093 200.9844691 +36.1169112     5.87  0.000634353 -10.3832 -11.4150   0.0213     36812.69      720.598     1348.013    0.592   0
        12     84.604     85.211 201.0190571 +36.1159447     3.45 0.0003724524  -9.6137 -11.4886   0.0199     39393.68     721.1785     1257.425    0.418   0
        13    195.327     86.835 201.0041375 +36.1160903     3.95  0.000427346  -9.7234 -11.4719   0.0202      38794.9     721.2853     1319.175    0.619   0
        14    145.196     88.383 201.0108896 +36.1157795     3.44 0.0003722486  -9.6396 -11.4697   0.0202     38716.21     720.8847     1301.107    0.419   0
        15    678.296    202.455 200.9389314 +36.1050538     7.30 0.0007891798 -15.3087 -15.3007   0.0009      1319091     1077.206     1513.288    0.028   0
        16    765.578    200.135 200.9271759 +36.1055473     7.33  0.000792588 -14.8407 -14.8363   0.0012     860068.8     964.8115     1514.887    0.019   0
        17    118.379    211.242 201.0143474 +36.1025143     7.39  0.000798766 -13.0494 -13.0597   0.0050     167452.1     764.4308     1372.947    0.056   0
        18    619.832    333.714 200.9466536 +36.0907998     8.42 0.0009097002 -10.8265 -10.8695   0.0349     22273.72     715.4767     1500.539    0.034   0
        19    137.365    532.398 201.0113853 +36.0680963     7.33 0.0007925446 -12.7619 -12.7777   0.0063     129147.3     751.6861     1348.039    0.057   0
        20    883.397    851.721 200.9105728 +36.0359335   123.82   0.01338485 -15.1485 -11.9230   0.0135     58776.34     728.0223     1249.109    0.946  16
        21    764.604    598.808 200.9268509 +36.0627506     8.52 0.0009213624  -9.9911 -10.0020   0.0771     10018.66     711.0223     1486.141    0.163   0
        22    882.598   1011.195 200.9105016 +36.0188132     3.45 0.0003728995  -7.7926 -11.4806   0.0200     39106.72     721.1577     1170.971    0.416   1
        23    484.635    673.456 200.9644571 +36.0539494     9.01 0.0009744844  -9.9719 -10.0489   0.0739     10460.52     711.3768     1424.652    0.175   0
        24    529.887    727.893 200.9583003 +36.0482344     3.94  0.000425415  -9.2308  -9.5388   0.1179     6539.145     710.0373     1404.996    0.280   0
        25    219.583    722.864 201.0000781 +36.0478887     9.30  0.001005244  -9.8345  -9.7714   0.0952      8101.68     710.5075     1307.041    0.174   0
