#   1 NUMBER                 Running object number                                     
#   2 X_IMAGE                Object position along x                                    [pixel]
#   3 Y_IMAGE                Object position along y                                    [pixel]
#   4 ALPHA_J2000            Right ascension of barycenter (J2000)                      [deg]
#   5 DELTA_J2000            Declination of barycenter (J2000)                          [deg]
#   6 FWHM_IMAGE             FWHM assuming a gaussian core                              [pixel]
#   7 FWHM_WORLD             FWHM assuming a gaussian core                              [deg]
#   8 MAG_BEST               Best of MAG_AUTO and MAG_ISOCOR                            [mag]
#   9 MAG_APER               Fixed aperture magnitude vector                            [mag]
#  10 MAGERR_APER            RMS error vector for fixed aperture mag.                   [mag]
#  11 FLUX_APER              Flux vector within fixed circular aperture(s)              [count]
#  12 FLUXERR_APER           RMS error vector for aperture flux(es)                     [count]
#  13 BACKGROUND             Background at centroid position                            [count]
#  14 ELLIPTICITY            1 - B_IMAGE/A_IMAGE                                       
#  15 FLAGS                  Extraction flags                                          
         1    906.990     57.768 327.6826101 +28.9631644     1.09 0.0001176093  -7.3757  -8.2198   0.1430     1940.493      255.463     546.0856    0.121   0
         2    979.055     84.663 327.6736375 +28.9604299     1.12 0.0001214252  -6.7293  -7.3870   0.3067     901.1761     254.5297     544.2791    0.076   0
         3    866.545     96.214 327.6875238 +28.9589268     1.04 0.0001126004  -8.3117  -8.7438   0.0887     3144.247     256.7304     546.3386    0.064   0
         4    218.174    200.711 327.7674500 +28.9461473     7.38 0.0007969238  -9.4328  -9.4895   0.0451     6249.014     259.7292     550.7863    0.269   0
         5    156.593    298.118 327.7748327 +28.9354999     7.85 0.0008476612  -9.1651  -9.2410   0.0565     4970.542     258.4816     549.6699    0.220   0
         6    642.130    370.323 327.7146409 +28.9288570     2.81 0.0003034837  -7.8332  -8.0325   0.1698     1633.063     255.2618     547.4759    0.296   0
         7    581.978    388.182 327.7220355 +28.9267918     3.95 0.0004264525  -7.7410  -7.8500   0.2006     1380.375     254.9142     547.6802    0.511   0
         8    521.079    536.277 327.7292195 +28.9106838     7.99 0.0008629979  -8.4579  -8.6610   0.0956     2913.441     256.5411      547.333    0.178   0
         9    269.569    714.338 327.7598860 +28.8908963     6.03 0.0006515821  -9.1855  -9.3672   0.0504     5582.948     259.1154     545.7358    0.063   0
        10    293.552    682.154 327.7569980 +28.8944227     5.91 0.0006383866 -10.6478 -10.7191   0.0152     19393.53     272.1074     545.8165    0.064   0
        11    896.528    502.030 327.6828929 +28.9152452     6.70 0.0007241574 -10.3847 -10.4371   0.0195     14956.23      267.986     544.6335    0.132   0
        12     18.290    463.343 327.7915359 +28.9173575     6.64 0.0007170521  -9.5292  -9.5866   0.0414      6833.54     260.3192     543.7008    0.266   0
        13    724.793    814.635 327.7034022 +28.8811481     6.67 0.0007203003  -8.9605  -9.2633   0.0553     5073.546      258.539     544.3287    0.049   0
        14    743.623    824.589 327.7010527 +28.8801185     6.12 0.0006609947 -10.7481 -10.7921   0.0143     20741.54     273.2232     543.9924    0.094   0
        15    557.618    737.109 327.7242381 +28.8891179     6.93 0.0007488658  -8.9600  -8.9822   0.0714     3916.231     257.4882     545.7538    0.136   0
        16    219.964    636.084 327.7662005 +28.8992152     5.92 0.0006390141 -11.1737 -11.2257   0.0099     30922.53     282.4819     546.7005    0.094   0
        17    517.604    561.136 327.7295913 +28.9079958     8.34 0.0009014247  -8.9618  -9.1113   0.0635     4410.965     257.9328     547.0986    0.188   0
        18    203.477    563.876 327.7684086 +28.9069607     6.38 0.0006890532  -8.0965  -8.6129   0.0999      2787.03      256.425     547.1848    0.467   0
