#   1 NUMBER                 Running object number                                     
#   2 X_IMAGE                Object position along x                                    [pixel]
#   3 Y_IMAGE                Object position along y                                    [pixel]
#   4 ALPHA_J2000            Right ascension of barycenter (J2000)                      [deg]
#   5 DELTA_J2000            Declination of barycenter (J2000)                          [deg]
#   6 FWHM_IMAGE             FWHM assuming a gaussian core                              [pixel]
#   7 FWHM_WORLD             FWHM assuming a gaussian core                              [deg]
#   8 MAG_BEST               Best of MAG_AUTO and MAG_ISOCOR                            [mag]
#   9 MAG_APER               Fixed aperture magnitude vector                            [mag]
#  10 MAGERR_APER            RMS error vector for fixed aperture mag.                   [mag]
#  11 FLUX_APER              Flux vector within fixed circular aperture(s)              [count]
#  12 FLUXERR_APER           RMS error vector for aperture flux(es)                     [count]
#  13 BACKGROUND             Background at centroid position                            [count]
#  14 ELLIPTICITY            1 - B_IMAGE/A_IMAGE                                       
#  15 FLAGS                  Extraction flags                                          
         1    833.917    201.086 238.0212022 +33.0285657   217.72   0.02337487 -16.6782 -13.0583   0.0075     167229.3     1159.475     1991.615    0.907  24
         2    457.289    117.375 238.0697661 +33.0365207     7.48 0.0008031589 -14.2245 -14.2624   0.0026     506960.2     1230.606     2167.787    0.195   0
         3    434.492    191.258 238.0725529 +33.0285589     7.75 0.0008320694 -10.3570 -10.3426   0.0892     13709.54      1126.11     2247.312    0.364   0
         4     59.100    246.199 238.1206855 +33.0216706     9.75  0.001046678 -10.7920 -10.8822   0.0543     22536.42     1127.656     2022.305    0.330   0
         5    174.351    266.239 238.1058358 +33.0198407     6.93 0.0007440213 -11.8286 -11.8867   0.0217     56841.12     1135.645     2171.622    0.259   0
         6    261.003    294.005 238.0946464 +33.0171057     0.00            0  -8.8218  -9.8258   0.1434     8517.304     1124.512     2271.342    0.019   0
         7    490.316    356.672 238.0650596 +33.0110193     6.09 0.0006534451 -12.4388 -12.4519   0.0130     95665.27     1144.159      2409.73    0.174   0
         8      2.392    427.688 238.1276087 +33.0021084     5.64 0.0006055911 -10.6808 -10.8247   0.0438     21374.43     861.5376     2112.497    0.435  24
         9    706.922    780.970 238.0364244 +32.9662205     5.56  0.000596543 -11.2462 -11.3431   0.0356     34453.73     1130.579     2494.396    0.091   0
        10    888.542    888.408 238.0128996 +32.9552081    54.97  0.005901124 -15.0089 -13.3385   0.0059     216470.3     1170.014     563.1396    0.142  17
        11    840.909    830.404 238.0191247 +32.9612863    72.10  0.007740192 -14.5371 -13.7248   0.0042       308972     1189.705     1773.998    0.445  18
        12    799.690    800.599 238.0244738 +32.9643655    39.51  0.004241525 -13.4139 -12.4200   0.0134     92896.87     1143.305     2342.211    0.570   3
        13    665.437    779.571 238.0417548 +32.9662606     4.73 0.0005075331  -9.9297 -10.8391   0.0565     21659.56     1127.747     2495.967    0.236   0
        14    714.348    770.671 238.0354902 +32.9673414     5.47 0.0005871984 -10.4976 -10.6048   0.0701     17454.43     1126.751     2495.113    0.131   0
        15    712.191    678.841 238.0359410 +32.9771558     6.32 0.0006784348 -10.9908 -11.1400   0.0429     28575.27     1129.058     2493.942    0.177   0
        16     99.903    777.081 238.1143865 +32.9650114     5.94 0.0006373345 -12.2050 -12.1063   0.0178     69583.04     1138.352     2231.716    0.130   0
        17    721.986    644.142 238.0347486 +32.9808922     5.78  0.000620074 -11.4269 -11.5146   0.0305     40348.57     1131.882     2480.319    0.158   0
        18    719.138    881.271 238.0346660 +32.9555267     3.68  0.000394781  -9.5130  99.0000  99.0000    -95821.34     1122.967     1858.102    0.102   0
