#   1 NUMBER                 Running object number                                     
#   2 X_IMAGE                Object position along x                                    [pixel]
#   3 Y_IMAGE                Object position along y                                    [pixel]
#   4 ALPHA_J2000            Right ascension of barycenter (J2000)                      [deg]
#   5 DELTA_J2000            Declination of barycenter (J2000)                          [deg]
#   6 FWHM_IMAGE             FWHM assuming a gaussian core                              [pixel]
#   7 FWHM_WORLD             FWHM assuming a gaussian core                              [deg]
#   8 MAG_BEST               Best of MAG_AUTO and MAG_ISOCOR                            [mag]
#   9 MAG_APER               Fixed aperture magnitude vector                            [mag]
#  10 MAGERR_APER            RMS error vector for fixed aperture mag.                   [mag]
#  11 FLUX_APER              Flux vector within fixed circular aperture(s)              [count]
#  12 FLUXERR_APER           RMS error vector for aperture flux(es)                     [count]
#  13 BACKGROUND             Background at centroid position                            [count]
#  14 ELLIPTICITY            1 - B_IMAGE/A_IMAGE                                       
#  15 FLAGS                  Extraction flags                                          
         1    840.231     79.905 200.9166907 +36.1187314   136.20   0.01465355 -14.6416 -12.5314   0.0056     102932.1     529.9417     774.5415    0.606  16
         2    825.464      9.524 200.9188001 +36.1262511    86.98  0.009357837 -13.5411 -12.4009   0.0059     91275.71     492.4921     438.1034    0.811  24
         3    183.825     80.173 201.0042177 +36.1168534     1.33 0.0001435482  -8.5424 -10.6518   0.0291     18227.79     488.3237     870.6399    0.238   0
         4    678.473    203.657 200.9380104 +36.1049878     5.89 0.0006332588 -15.4847 -15.5131   0.0007      1604078     1015.584      978.014    0.103   4
         5    765.692    201.280 200.9263868 +36.1054861     5.04 0.0005423615 -15.0099 -15.0423   0.0009      1039701     865.5989     979.8072    0.090   0
         6    118.519    212.410 201.0126449 +36.1024607     4.80 0.0005162318 -13.2338 -13.2780   0.0031       204747     575.9623     915.7888    0.046   0
         7    541.499    210.431 200.9562582 +36.1038762     4.80 0.0005162042  -8.6871  -9.3453   0.0956      5471.75     481.8297     971.7139    0.299   0
         8    330.722    274.406 200.9842255 +36.0964078     5.06 0.0005443766  -8.6012  -8.5137   0.2050     2543.787     480.1866     956.2975    0.102   0
         9    619.763    334.876 200.9455712 +36.0907277     4.61 0.0004962555 -10.8655 -10.9762   0.0217     24575.22      491.589     971.6622    0.084   0
        10    259.037    381.016 200.9935580 +36.0847513     7.80 0.0008392299  -9.3582  -9.3652   0.0939     5573.063     481.7611     943.4638    0.182   0
        11    195.291    443.974 201.0019218 +36.0778060     7.25 0.0007800926  -9.0394  -9.1562   0.1137     4596.918     481.3082     924.1628    0.219   0
        12     23.697    492.556 201.0246868 +36.0720938     5.19 0.0005580154  -9.0988  -9.0719   0.1229     4253.459     481.1703     874.0692    0.154   0
        13    137.560    533.497 201.0094262 +36.0680238     4.70   0.00050583 -12.9662 -13.0026   0.0038     158871.6     555.6815     902.3536    0.123   0
        14    407.391    934.803 200.9726393 +36.0256838     2.05 0.0002203712  -8.1658  -8.6822   0.1756     2970.881     480.3683     839.8942    0.411   0
        15    882.164    942.835 200.9093887 +36.0261483     3.94 0.0004234377  -9.3921 -11.1138   0.0192     27894.69     493.2742     834.8441    0.258   0
        16    891.799    902.564 200.9081849 +36.0305009     4.44 0.0004777444 -11.0431 -11.1336   0.0189     28408.88     493.3901     826.2103    0.071   0
        17    381.994    901.534 200.9760908 +36.0291857     1.15 0.0001239938  -8.5257  -8.7357   0.1672     3121.015      480.568     848.2734    0.178   0
        18    107.433    885.703 201.0126935 +36.0301026     5.76 0.0006196653  -8.9804  -9.1274   0.1168       4476.6     481.2592     788.6644    0.256   0
        19    881.547    879.264 200.9095966 +36.0329756     5.23 0.0005621891  -9.9785 -11.0634   0.0201     26629.82       492.58     853.2005    0.689   0
        20    885.123    795.000 200.9092871 +36.0420374     5.54 0.0005963384 -10.0030 -11.0451   0.0204     26183.47     492.3798     867.3307    0.448   0
        21     45.040    776.647 201.0212363 +36.0416379     5.38 0.0005790741  -8.5281  -8.6959   0.1735     3008.584       480.55     822.0961    0.220   0
        22    530.014    728.637 200.9567288 +36.0481767     4.02 0.0004328155  -9.6831  -9.6947   0.0695     7548.853     482.7853     926.1829    0.121   0
        23    625.021    729.020 200.9440707 +36.0484022     1.14 0.0001229708  -7.7240  -8.7500   0.1650     3162.285     480.4139     931.4086    0.015   0
        24    882.693    727.002 200.9097456 +36.0493353     4.26 0.0004584517  -9.4377 -10.9619   0.0220     24253.42     491.3461     887.4382    0.088   0
        25    219.709    723.498 200.9980798 +36.0478488     4.74 0.0005103549 -10.2546 -10.2839   0.0406     12988.83     485.7945     881.9109    0.166   0
        26    536.608    707.809 200.9558930 +36.0504327     5.87 0.0006316395 -10.1144 -10.1403   0.0463     11379.43      484.631     931.7819    0.056   0
        27    882.867    852.249 200.9094743 +36.0358813     4.55 0.0004895941  -9.6729 -11.0552   0.0202     26427.97     492.4644     858.4933    0.533   0
        28    887.987    812.003 200.9088720 +36.0402188     4.81 0.0005178221  -9.5502 -11.0051   0.0212     25238.08     491.7412     857.0264    0.613   0
        29    882.376    743.123 200.9097558 +36.0476027     4.73 0.0005088912  -9.6417 -10.9706   0.0218      24448.7     491.5642     886.2902    0.479   0
        30    764.662    599.752 200.9257255 +36.0626780     4.06  0.000436836 -10.3438 -10.4372   0.0353     14957.84     486.6068     962.1421    0.120   0
        31    484.796    674.721 200.9628638 +36.0538412     3.99 0.0004289879 -10.1445 -10.1912   0.0442      11925.6     485.0598     935.5149    0.143   0
        32    884.332    955.337 200.9090751 +36.0248113     6.25  0.000672287 -10.4126 -11.1378   0.0188     28519.14     493.6301     828.6741    0.305   2
        33    862.699    690.017 200.9124828 +36.0532531     4.24 0.0004558474  -8.6275 -10.1041   0.0478     11006.65     484.7198     938.4569    0.078   0
        34    886.272    979.747 200.9087684 +36.0221944     4.28  0.000460666  -9.5423 -11.0508   0.0203     26321.29     492.4498     819.8386    0.609   0
        35    703.202    566.288 200.9339826 +36.0661018     4.11 0.0004417958  -8.5429  -8.9652   0.1355     3855.548      480.896      962.962    0.081   0
