#   1 NUMBER                 Running object number                                     
#   2 X_IMAGE                Object position along x                                    [pixel]
#   3 Y_IMAGE                Object position along y                                    [pixel]
#   4 ALPHA_J2000            Right ascension of barycenter (J2000)                      [deg]
#   5 DELTA_J2000            Declination of barycenter (J2000)                          [deg]
#   6 FWHM_IMAGE             FWHM assuming a gaussian core                              [pixel]
#   7 FWHM_WORLD             FWHM assuming a gaussian core                              [deg]
#   8 MAG_BEST               Best of MAG_AUTO and MAG_ISOCOR                            [mag]
#   9 MAG_APER               Fixed aperture magnitude vector                            [mag]
#  10 MAGERR_APER            RMS error vector for fixed aperture mag.                   [mag]
#  11 FLUX_APER              Flux vector within fixed circular aperture(s)              [count]
#  12 FLUXERR_APER           RMS error vector for aperture flux(es)                     [count]
#  13 BACKGROUND             Background at centroid position                            [count]
#  14 ELLIPTICITY            1 - B_IMAGE/A_IMAGE                                       
#  15 FLAGS                  Extraction flags                                          
         1    854.339     34.471 327.8151833 +28.9631529     7.13 0.0007704084 -11.7351 -11.7700   0.0085     51048.98      400.109     641.9293    0.204   0
         2    425.455     85.407 327.8680915 +28.9566156     6.75  0.000729526 -13.0983 -13.1312   0.0029     178849.9     473.2331     694.2111    0.209   2
         3    444.157     98.685 327.8657464 +28.9552302     6.72 0.0007264144 -12.9403 -12.9830   0.0032     156029.4     461.1025     697.5172    0.218   2
         4     44.216     88.842 327.9152218 +28.9552979     6.28 0.0006780994 -11.1725 -11.2231   0.0136     30848.07     387.2223     642.1282    0.189   0
         5    197.583    127.276 327.8961626 +28.9515376     6.89 0.0007444886 -13.4299 -13.4621   0.0023     242579.8     505.8113     680.7823    0.219   0
         6    747.498     97.865 327.8282411 +28.9560600     7.42 0.0008020411  -9.4440  -9.3573   0.0727     5532.429     370.5895     705.7763    0.336   0
         7     82.981     94.183 327.9104152 +28.9548192     5.13  0.000554203  -8.5823  -9.1446   0.0883     4548.117     369.7499     659.4872    0.209   0
         8    470.314    100.713 327.8625072 +28.9550759     7.46 0.0008059551  -8.7536  -9.0612   0.0953     4212.082     369.6565     698.9825    0.270   0
         9    493.109    121.688 327.8596371 +28.9528707     8.23 0.0008890925  -8.7917  -8.8139   0.1195     3353.908     369.1272     701.7021    0.397   0
        10    166.456    120.333 327.9000285 +28.9522086     7.55 0.0008156922  -8.9453  -9.2928   0.0771     5213.392     370.3331     677.2955    0.332   0
        11    470.539    129.359 327.8624088 +28.9519882     6.96 0.0007517112  -9.3159  -9.3500   0.0732     5495.656     370.5338     701.4455    0.301   0
        12    707.094    201.922 327.8329840 +28.9447439     5.92 0.0006392571 -11.7867 -11.8405   0.0080     54476.97     402.2357     714.7087    0.161   0
        13    172.408    195.526 327.8991048 +28.9441173     6.87  0.000741841 -10.4482 -10.4880   0.0261     15675.42     377.3094     686.0478    0.274   0
        14    585.555    215.490 327.8479773 +28.9429849     6.02 0.0006506736 -11.7819 -11.8328   0.0081     54088.52     402.0132     711.9395    0.175   0
        15     68.619    202.796 327.9119180 +28.9430743     3.43 0.0003707336  -7.7556  -8.1992   0.2098     1904.139     367.9372     678.4431    0.415   0
        16    436.943    235.299 327.8663015 +28.9404847     5.96 0.0006443243 -12.1609 -12.2108   0.0059     76619.43      415.761     706.7361    0.175   0
        17    298.898    237.568 327.8833621 +28.9398992     6.06 0.0006541403  -9.5202  -9.5633   0.0603     6688.203     371.3786     699.7533    0.221   0
        18    855.295    273.753 327.8144881 +28.9373592     6.42 0.0006930396 -10.3971 -10.5097   0.0256     15991.11      377.579     669.0832    0.211   0
        19    602.835    298.865 327.8456372 +28.9340388     5.54 0.0005985328 -12.3782 -12.4245   0.0050     93286.06     425.6917     717.8956    0.132   0
        20    751.318    303.143 327.8272711 +28.9339391     5.58 0.0006027828 -10.0211 -10.0385   0.0392     10360.79     373.8529     718.8726    0.234   0
        21    261.001    294.006 327.8879069 +28.9337210     0.00            0  -8.7524  -9.0782   0.0938     4278.229     369.6292     703.6334    0.005   0
        22    567.681    332.220 327.8499013 +28.9303570     5.50 0.0005941527 -11.9833 -12.0286   0.0068     64782.53        408.6     718.6444    0.142   0
        23    499.510    343.492 327.8583007 +28.9289748     5.59 0.0006039746 -11.0785 -11.1308   0.0148     28334.75     385.6752     717.7918    0.131   0
        24    493.960    367.188 327.8589285 +28.9264066     5.55 0.0005992444 -10.5684 -10.5894   0.0239     17209.12     378.3041     719.2866    0.164   0
        25    143.711    354.141 327.9022557 +28.9269464     6.83 0.0007373369  -9.3492  -9.5809   0.0593     6797.427     371.4624     701.2824    0.212   0
        26    328.288    369.077 327.8794027 +28.9257946     8.26 0.0008924687  -9.8971  -9.9668   0.0418     9698.403     373.4402     714.9444    0.305   0
        27    686.386    377.984 327.8351160 +28.9257130     5.41 0.0005846453  -8.2945  -8.4019   0.1743     2294.842     368.2542      722.312    0.511   0
        28    550.827    385.826 327.8518534 +28.9245367     5.60 0.0006048114  -9.4429  -9.6290   0.0568       7105.3     371.5876     721.5375    0.199   2
        29    548.299    388.321 327.8521598 +28.9242615     2.09 0.0002260494  -8.1087  -9.2280   0.0819      4911.21     370.1599     721.6353    0.031   3
        30    328.657    390.357 327.8793045 +28.9235015     5.34 0.0005766667  -8.7541  -9.1497   0.0879      4569.41     369.9187     716.6387    0.315   0
        31    358.943    397.751 327.8755425 +28.9227793     5.54 0.0005980036  -8.7178  -8.9185   0.1086     3693.278     369.3055     718.4062    0.368   0
        32    266.596    426.415 327.8868860 +28.9194606     5.35 0.0005775734 -12.4681 -12.5274   0.0046     102559.4     430.9443     716.0341    0.136   0
        33    860.371    421.978 327.8135032 +28.9213918     5.42  0.000585752 -10.8606 -10.9477   0.0174     23938.45     382.7353     686.0112    0.125   0
        34    477.495    415.825 327.8608441 +28.9211229     5.42 0.0005850563  -8.9106  -9.1631   0.0868     4626.439     369.9469     721.2521    0.199   0
        35    503.500    425.975 327.8576049 +28.9200925     4.93 0.0005325998  -8.2295  -8.8535   0.1153     3478.625     369.1911     722.2017    0.637   0
        36    748.264    497.417 327.8271775 +28.9129878     5.17 0.0005585884 -12.1613 -12.2255   0.0058     77663.53     416.4066     724.1336    0.098   0
        37    583.565    923.715 327.8464920 +28.8666292     3.40 0.0003668876  -7.2087  99.0000  99.0000    -26025.02     323.5184     605.2681    0.360  16
        38    667.480    582.859 327.8369543 +28.9035803     4.98 0.0005381428 -10.9444 -11.0194   0.0163     25572.28       383.92     724.1877    0.095   0
        39    301.690    548.463 327.8822454 +28.9063902     4.98 0.0005380567 -12.3270 -12.3911   0.0051     90457.88     424.0364     720.6625    0.125   2
        40    696.320    554.871 327.8334580 +28.9066677     4.97 0.0005368607 -11.7431 -11.7932   0.0083     52152.66     400.8265     724.1856    0.105   0
        41    858.184    513.173 327.8135537 +28.9115552     5.25 0.0005669789 -11.7951 -11.8333   0.0081     54117.17     401.8889      702.511    0.126   0
        42    806.040    512.153 327.8200010 +28.9115391     7.64 0.0008252266  -8.9318 -10.0972   0.0372     10936.72     374.2175     722.0116    0.224   1
        43    305.264    489.874 327.8819491 +28.9127152     5.08 0.0005487887 -13.5264 -13.5654   0.0021     266786.6      517.652     720.4437    0.106   0
        44    863.245    486.385 327.8129929 +28.9144552     5.23 0.0005651266  -9.6059  -9.2737   0.0785     5122.324     370.2305     700.5448    0.109   0
        45    504.706    482.503 327.8573171 +28.9140013     5.10 0.0005512923 -11.0854 -11.1679   0.0143     29319.23     386.3818     722.6175    0.119   0
        46    223.554    452.645 327.8921407 +28.9165260     5.38  0.000581165 -11.1817 -11.2464   0.0134     31517.64     387.7132     715.1722    0.156   0
        47    672.183    797.729 327.8358504 +28.8804274     4.77 0.0005155636 -10.8358 -10.8742   0.0185     22371.65     381.8002     724.9224    0.087   0
        48     59.918    887.775 327.9112732 +28.8692089     4.34 0.0004683339 -11.1350 -10.6999   0.0216     19052.43     379.5704     659.1175    0.019   0
        49    583.535    907.104 327.8465363 +28.8684200     4.18 0.0004512499 -11.7579 -11.3373   0.0123     34269.36     389.5128     633.5457    0.069   0
        50    846.361    588.876 327.8148325 +28.9033654     5.49 0.0005928843  -9.9813 -10.1621   0.0350     11610.11     374.6467     708.5119    0.035   0
        51    236.382    882.731 327.8894849 +28.8701925     4.50 0.0004856358 -12.8961 -12.8775   0.0035     141577.2     453.1739     677.8007    0.031   0
        52    403.754    812.526 327.8689801 +28.8781749     4.72 0.0005093524  -9.6192  -9.6725   0.0546     7396.062     371.8138     717.1957    0.157   0
        53    359.485    878.587 327.8742864 +28.8709439     4.14 0.0004468809  -8.7743  99.0000  99.0000    -8685.855     366.8072     685.1988    0.066   0
        54     54.071    821.453 327.9121621 +28.8763440     4.89 0.0005286978 -10.2580 -10.3586   0.0294      13913.2     376.1501     693.1665    0.045   0
        55    448.754    850.913 327.8633257 +28.8741473     4.67 0.0005045441 -12.1772 -12.2350   0.0058     78345.72     416.8434     710.5853    0.054   0
        56    853.190    821.244 327.8134287 +28.8783310    31.38  0.003390155 -12.3666 -11.1747   0.0142     29502.82     386.3331     658.4098    0.634   2
        57    163.310    841.555 327.8986154 +28.8744497     5.02 0.0005418775  -9.7613  -9.9479   0.0425      9531.05     373.2772     699.8813    0.089   0
        58    711.621    834.972 327.8308871 +28.8765083     6.63 0.0007165586  -8.3251  -7.4570   0.4151      961.201     367.4099       711.16    0.057   0
        59    571.722    819.580 327.8482096 +28.8778267     4.69  0.000506913 -12.7432 -12.7897   0.0037     130576.2     447.0468     718.1967    0.062   0
        60     38.855    797.774 327.9141016 +28.8788586     4.94 0.0005337656  -8.7610  -8.9262   0.1078     3719.457     369.3747     696.1578    0.178   0
        61    464.457    767.841 327.8615899 +28.8831415     5.73 0.0006185884  -8.5104  -8.5567   0.1513     2646.625     368.6273     722.0116    0.231   0
        62    794.648    760.122 327.8208097 +28.8847789     5.50 0.0005936978  -9.5872  -9.7204   0.0523      7729.48     372.0789     722.8329    0.043   0
        63    791.721    621.180 327.8215072 +28.8997507     6.24 0.0006737562  -8.2240  -8.5632   0.1504     2662.539      368.638     723.9354    0.377   0
        64    105.186    687.873 327.9061814 +28.8908724     4.89 0.0005285573 -10.6612 -10.7291   0.0211     19571.66     379.9323     706.7644    0.100   0
        65    166.630    698.174 327.8985631 +28.8899151     5.75  0.000620921  -8.3589  -8.6084   0.1442     2775.673     368.6631     712.4603    0.433   0
        66    532.445    706.609 327.8533393 +28.8899094     4.77 0.0005156492 -13.1858 -13.2342   0.0027     196649.2     482.5209     723.8941    0.052   0
        67    599.917    644.092 327.8451545 +28.8968142     5.45 0.0005886254  -9.5145  -9.5475   0.0612     6591.574     371.2828      724.762    0.092   0
        68    248.044    658.956 327.8886007 +28.8943454     5.65 0.0006105657  -9.3659  -9.4879   0.0646     6239.481     371.0969     718.3633    0.080   0
        69    796.888    684.546 327.8207155 +28.8929319     4.78 0.0005168699 -13.4058 -13.4464   0.0023     239083.3     504.0877      724.163    0.052   0
        70    651.800    644.548 327.8387419 +28.8968916     5.11 0.0005521792 -10.4391 -10.5373   0.0250     16402.28     377.7101     724.4993    0.139   0
        71    810.999    564.342 327.8192621 +28.9059248     4.98 0.0005384086 -11.5331 -11.6330   0.0096     44997.26     396.2136      720.259    0.079   0
        72    617.984    599.525 327.8430306 +28.9016629     5.97 0.0006450409  -8.4567  -8.6697   0.1364     2936.719     368.8343     724.2598    0.447   0
        73    743.797    606.240 327.8274659 +28.9012451     4.94 0.0005336356 -11.7874 -11.8443   0.0080     54667.11     402.2593     724.1487    0.093   0
        74    901.171    606.178 327.8080172 +28.9016322     4.59 0.0004960449  -9.8032  99.0000  99.0000    -4936.651      366.776      649.915    0.120   0
        75    892.966    525.603 327.8092251 +28.9102989     4.96 0.0005363205  -8.1790  99.0000  99.0000       -13930     366.7034     657.4947    0.215   0
        76    307.248    526.793 327.8816123 +28.9087401     5.27 0.0005688184 -10.5482 -10.6499   0.0226     18195.58     378.9856      720.605    0.114   0
        77     15.009    592.740 327.9175639 +28.9009024     4.24 0.0004577747  -7.9847  -7.9230   0.2701     1476.376     367.1801     696.5449    0.054   0
        78    360.206    566.596 327.8749688 +28.9045800     5.69 0.0006146924  -9.1878  -9.3021   0.0765     5258.192     370.2914     721.2157    0.250   0
        79    300.851    564.298 327.8823099 +28.9046809     5.00 0.0005399704 -10.2296 -10.4692   0.0266     15405.12     377.1807     720.7116    0.142   3
        80    797.960    537.513 327.8209384 +28.9087855     5.04 0.0005444284 -14.8756 -14.8969   0.0009     909373.8     767.6309     723.8716    0.085   0
