#   1 NUMBER                 Running object number                                     
#   2 X_IMAGE                Object position along x                                    [pixel]
#   3 Y_IMAGE                Object position along y                                    [pixel]
#   4 ALPHA_J2000            Right ascension of barycenter (J2000)                      [deg]
#   5 DELTA_J2000            Declination of barycenter (J2000)                          [deg]
#   6 FWHM_IMAGE             FWHM assuming a gaussian core                              [pixel]
#   7 FWHM_WORLD             FWHM assuming a gaussian core                              [deg]
#   8 MAG_BEST               Best of MAG_AUTO and MAG_ISOCOR                            [mag]
#   9 MAG_APER               Fixed aperture magnitude vector                            [mag]
#  10 MAGERR_APER            RMS error vector for fixed aperture mag.                   [mag]
#  11 FLUX_APER              Flux vector within fixed circular aperture(s)              [count]
#  12 FLUXERR_APER           RMS error vector for aperture flux(es)                     [count]
#  13 BACKGROUND             Background at centroid position                            [count]
#  14 ELLIPTICITY            1 - B_IMAGE/A_IMAGE                                       
#  15 FLAGS                  Extraction flags                                          
         1    840.611     80.251 238.0189158 +32.9329703   137.46   0.01476833 -14.7066 -12.6239   0.0053     112091.5     550.9581     780.2113    0.607  16
         2    824.852      9.703 238.0210687 +32.9404772    86.88   0.00933397 -13.6698 -12.5174   0.0055       101620     514.5533     414.3363    0.802  24
         3     51.176     38.478 238.1204354 +32.9353618     2.41 0.0002593204  -7.7988  99.0000  99.0000    -211.0886     497.5029     743.6505    0.219   0
         4    493.293     43.842 238.0636130 +32.9359615     5.15 0.0005537546  -9.5432  99.0000  99.0000    -4549.521     497.4747     817.6713    0.067   0
         5     66.297    114.019 238.1183464 +32.9273207     4.84 0.0005197341 -13.8044 -13.8468   0.0020     345728.7     648.3945     918.5359    0.043   0
         6    731.080    123.467 238.0329113 +32.9280634     5.04  0.000541627 -10.1998  -8.8603   0.1549     3500.278     499.2727     1003.044    0.075   0
         7    752.952    128.057 238.0300926 +32.9276290     4.64 0.0004981475  -9.8841  99.0000  99.0000    -3838.189     497.4888     1003.087    0.051   0
         8    373.689    144.517 238.0787928 +32.9248759     8.41 0.0009035604  -9.7490  -9.6374   0.0760     7160.483     501.0323     986.2839    0.385   0
         9    701.960    191.419 238.0365285 +32.9207180     5.37 0.0005765524 -11.8434 -11.9252   0.0097     58896.66     526.1876     1003.605    0.026   0
        10    323.900    186.379 238.0851107 +32.9202657     4.99 0.0005360828  -9.7943  -9.8717   0.0614     8885.667      501.976     981.1064    0.060   0
        11    478.919    183.447 238.0651996 +32.9209882     6.25 0.0006713055  -9.0807  -9.3712   0.0970     5603.755     500.3529     996.4091    0.159   0
        12    113.512    255.238 238.1120084 +32.9123390     4.71 0.0005064464 -13.7780 -13.8212   0.0021     337663.4     645.2122     935.3317    0.068   0
        13    763.174    276.148 238.0285093 +32.9118119     4.71 0.0005065552 -12.1909 -12.2562   0.0073     79890.15     536.1214     1004.003    0.054   0
        14    235.377    275.217 238.0963148 +32.9105266     9.09 0.0009765279 -10.2173 -10.2907   0.0419     13070.19     503.8474     966.7939    0.356   0
        15    582.255    327.019 238.0516574 +32.9058989     4.58 0.0004917487 -11.2873 -11.4176   0.0152     36900.64     515.7125      996.185    0.058   0
        16      7.401    316.493 238.1255212 +32.9055012     6.63 0.0007121337  -8.8142  -8.3518   0.2186     2191.404     441.2039     903.2334    0.174  16
        17    288.734    340.714 238.0893363 +32.9036612     4.63 0.0004969955 -11.1162 -11.1787   0.0188     29612.79     512.2084     976.3779    0.064   0
        18     44.671    344.097 238.1206803 +32.9026481     5.29 0.0005685412  -9.1987  -9.3033   0.1032     5263.877      500.169     912.6759    0.113   0
        19    451.884    381.619 238.0683024 +32.8997158     4.51 0.0004847539 -10.8379 -10.9441   0.0232     23858.56      509.351     987.1682    0.090   0
        20    512.503    432.496 238.0604214 +32.8944319     4.42  0.000475203 -12.1420 -12.1771   0.0078        74273     533.6662     988.4239    0.079   0
        21    159.861    449.712 238.1056817 +32.8916574     4.69 0.0005036401  -9.8463  -9.8395   0.0632     8626.204     501.8607     940.0798    0.096   0
        22    543.666    457.524 238.0563724 +32.8918360     5.64 0.0006062977  -8.9701  -9.1194   0.1221     4443.742     499.7169     988.8185    0.243   0
        23    271.314    491.646 238.0912876 +32.8874676     4.43  0.000475559 -12.4374 -12.4865   0.0060     98760.96     544.9271     963.6183    0.071   0
        24     14.806    492.757 238.1242286 +32.8866638     5.18 0.0005563376 -10.4858 -10.4860   0.0350     15645.38     503.7771     891.7711    0.191   0
        25    441.499    499.247 238.0694164 +32.8871041     4.59 0.0004936245  -9.6700  -9.6338   0.0762     7137.345     501.0487     981.6119    0.114   0
        26    780.538    512.764 238.0258484 +32.8865425     5.52 0.0005935087  -8.6036  -8.9332   0.1449     3743.556     499.3805     991.4886    0.201   0
        27    886.420    946.011 238.0114698 +32.8404646    10.26  0.001102227 -11.4628 -11.1735   0.0189     29471.32     511.8659     840.0836    0.598   2
        28    514.243   1022.947 238.0591007 +32.8312674     3.93 0.0004221954  -8.7213  -8.1309   0.2656     1787.958     437.3399     841.2237    0.114  16
        29    801.718   1016.882 238.0222140 +32.8326641     4.03 0.0004324929  -9.8853  -9.6375   0.0746     7161.323     491.8506     879.6996    0.117  16
        30    258.600    848.200 238.0922437 +32.8492883     3.42 0.0003676462  -8.2242  -8.9027   0.1489       3639.7      499.062     866.2188    0.412   0
        31    887.282    752.288 238.0117078 +32.8611923     4.41 0.0004738732  -9.5275 -10.9436   0.0232     23846.47       509.29     891.6952    0.758   0
        32      3.187    738.148 238.1252452 +32.8603798     5.20 0.0005581838  -9.1953 -10.1552   0.0374     11536.71     396.9725     868.3077    0.430  16
        33    379.609    720.184 238.0769496 +32.8633042     2.72 0.0002927595  -8.1109  -9.1732   0.1162     4669.652     499.6477     933.1042    0.398   0
        34    596.031    716.312 238.0491689 +32.8642865     2.76 0.0002960596  -8.2897  -8.6971   0.1799     3012.019      498.972     956.8745    0.098   0
        35    382.201    699.117 238.0766564 +32.8655649     4.35 0.0004674782 -12.7784 -12.8282   0.0045     135297.3     561.3018     940.2833    0.070   0
        36    630.523    696.174 238.0447773 +32.8665309     4.10 0.0004400379  -8.4984  -8.7334   0.1740     3114.345     499.0794     964.3373    0.255   0
        37    883.646    809.441 238.0120717 +32.8550685     7.42 0.0007976588 -10.7217 -11.1649   0.0190      29239.5     511.9852     882.9766    0.745   0
        38    860.785    789.765 238.0150422 +32.8571147     4.63 0.0004978441 -11.9800 -12.1217   0.0082     70579.42     531.7225      934.079    0.133   0
        39    633.096    780.778 238.0442912 +32.8574863     5.21 0.0005600234  -8.6026  -8.9655   0.1407      3856.41      499.465     940.5063    0.074   0
        40      3.716    748.766 238.1251566 +32.8592453     8.13  0.000873374  -9.6238  -9.9599   0.0454     9637.829     402.5635      860.884    0.224  16
        41    303.178    755.000 238.0866972 +32.8593774     4.42 0.0004743606 -10.8454 -10.8771   0.0246     22429.64     508.4288     911.0589    0.131   0
        42    721.255    708.184 238.0331052 +32.8654819     9.81   0.00105446 -10.0606 -10.0558   0.0519     10527.44     502.7373     966.9034    0.313   0
        43    909.856    622.416 238.0090428 +32.8751448     4.12 0.0004428345 -11.0378 -10.3334   0.0403     13594.75     504.2742      855.257    0.070   0
        44    884.581    856.794 238.0118664 +32.8500048     6.20 0.0006658914 -10.5161 -11.2171   0.0181      30677.7     512.4411     865.7184    0.644   2
        45    883.216    831.909 238.0120865 +32.8526636     6.15 0.0006610163 -10.2934 -11.1243   0.0197     28164.82     511.4875     878.0496    0.226   0
        46    131.741    630.609 238.1089463 +32.8722292     5.07 0.0005442969  -9.9700 -10.1416   0.0480      11392.8     503.1257     905.6768    0.148   0
        47    811.814    865.078 238.0211931 +32.8489310     4.05  0.000434735 -12.7985 -12.8497   0.0044     137994.8     562.5518     924.3896    0.054   0
        48    882.880    890.606 238.0120239 +32.8463830     4.76  0.000511233  -9.8593 -11.2173   0.0181     30683.41     512.5942     860.1256    0.695   0
        49    883.503    907.724 238.0119131 +32.8445532     7.62 0.0008189636 -10.9131 -11.2285   0.0180     31002.23     512.8589     853.1361    0.520   2
        50    303.003    905.981 238.0864342 +32.8432244     3.45 0.0003702539  -6.9181  -7.5401   0.5210      1037.64     497.7849     848.1999    0.005   0
        51    881.496    879.016 238.0122225 +32.8476194     4.98 0.0005347387 -10.0261 -11.2206   0.0181     30777.64     512.7357     867.9521    0.374   0
        52    360.105   1003.156 238.0789215 +32.8329792     4.28 0.0004592933  -8.6314  -8.4346   0.2290     2365.032     498.7039       817.43    0.218   0
